Subject 108 in condition 4, using samples from subject 104
Training Condition: 1
Task: 0
Rule: [[[220, 300], [[2000, 0], [0, 9000]]], [[380, 300], [[2000, 0], [0, 9000]]]]
Noise: 0
CATA=0
CATB=1
Sample keys: 122 120
Resp keys: 309 307
Dim direction: 0 0
Dim minimum: 15 69
Test order: [5, 0, 2, 4, 3, 7, 1, 6]
108 4 1 0 0 1 142 341 0 11837 
108 4 1 0 0 1 439 599 1 2391 
108 4 1 0 0 1 34 526 0 5457 
108 4 1 0 0 1 65 126 0 6194 
108 4 1 0 0 1 445 257 1 5977 
108 4 1 0 0 1 524 0 1 4536 
108 4 1 0 0 1 497 403 1 4217 
108 4 1 0 0 1 191 599 0 6075 
108 4 1 0 0 1 580 599 1 2162 
108 4 1 0 0 1 0 180 0 4130 
108 4 1 0 0 1 599 0 1 1569 
108 4 1 0 0 1 0 0 0 3994 
108 4 1 0 0 1 174 420 0 3088 
108 4 1 0 0 1 287 396 0 3065 
108 4 1 0 0 1 342 390 1 4609 
108 4 1 0 0 1 517 45 1 2354 
108 4 1 0 0 2 183 549 1 5912 2 
108 4 1 0 0 2 183 183 1 3375 2 
108 4 1 0 0 2 249 249 1 1605 2 
108 4 1 0 0 2 183 516 0 5455 2 
108 4 1 0 0 2 283 449 0 2957 2 
108 4 1 0 0 2 449 516 1 4509 2 
108 4 1 0 0 2 449 383 1 2395 2 
108 4 1 0 0 2 183 416 0 4248 2 
108 4 1 0 0 2 316 416 1 1966 2 
108 4 1 0 0 2 416 50 1 2646 2 
108 4 1 0 0 2 116 216 0 3535 2 
108 4 1 0 0 2 449 149 1 2681 2 
108 4 1 0 0 2 116 249 0 2264 2 
108 4 1 0 0 2 416 83 1 3667 2 
108 4 1 0 0 2 482 83 1 1072 2 
108 4 1 0 0 2 416 316 1 4102 2 
108 4 1 0 0 2 449 183 1 1516 2 
108 4 1 0 0 2 349 349 1 1578 2 
108 4 1 0 0 2 482 482 1 2996 2 
108 4 1 0 0 2 316 383 1 7177 2 
108 4 1 0 0 2 50 549 0 3117 3 
108 4 1 0 0 2 216 316 0 5342 2 
108 4 1 0 0 2 83 116 0 3234 3 
108 4 1 0 0 2 383 383 1 2437 2 
108 4 1 0 0 2 549 283 1 1301 2 
108 4 1 0 0 2 216 183 1 6269 2 
108 4 1 0 0 2 249 83 1 1944 2 
108 4 1 0 0 2 116 516 0 2810 2 
108 4 1 0 0 2 549 116 1 1359 2 
108 4 1 0 0 2 183 316 0 3627 3 
108 4 1 0 0 2 116 283 0 1859 3 
108 4 1 0 0 2 316 50 1 4841 2 
108 4 1 0 0 1 105 428 0 1814 
108 4 1 0 0 1 433 427 1 6545 
108 4 1 0 0 1 123 60 0 2746 
108 4 1 0 0 1 0 0 0 1066 
108 4 1 0 0 1 103 0 0 1810 
108 4 1 0 0 1 599 143 1 984 
108 4 1 0 0 1 438 253 1 1257 
108 4 1 0 0 1 553 509 1 1912 
108 4 1 0 0 1 124 59 0 1505 
108 4 1 0 0 1 0 72 0 1656 
108 4 1 0 0 1 0 100 0 737 
108 4 1 0 0 1 0 599 0 729 
108 4 1 0 0 1 251 3 0 6611 
108 4 1 0 0 1 165 258 0 2409 
108 4 1 0 0 1 475 104 1 699 
108 4 1 0 0 1 564 293 1 1472 
108 4 1 0 0 2 83 482 0 2555 3 
108 4 1 0 0 2 482 183 1 3312 3 
108 4 1 0 0 2 83 549 0 1508 3 
108 4 1 0 0 2 183 283 0 5072 3 
108 4 1 0 0 2 249 116 1 6643 2 
108 4 1 0 0 2 116 83 0 2722 3 
108 4 1 0 0 2 316 249 1 3196 3 
108 4 1 0 0 2 83 416 0 1983 3 
108 4 1 0 0 2 416 149 1 4568 3 
108 4 1 0 0 2 249 283 1 5770 3 
108 4 1 0 0 2 482 116 1 1312 3 
108 4 1 0 0 2 416 116 1 1274 3 
108 4 1 0 0 2 83 316 0 2613 3 
108 4 1 0 0 2 50 449 0 2906 3 
108 4 1 0 0 2 416 416 1 3295 3 
108 4 1 0 0 2 216 549 0 3200 2 
108 4 1 0 0 2 516 50 1 1879 3 
108 4 1 0 0 2 449 349 1 1833 3 
108 4 1 0 0 2 316 516 1 4333 3 
108 4 1 0 0 2 116 149 0 1020 2 
108 4 1 0 0 2 83 516 0 1385 3 
108 4 1 0 0 2 283 50 1 2612 3 
108 4 1 0 0 2 216 383 0 1985 3 
108 4 1 0 0 2 383 549 1 1931 3 
108 4 1 0 0 2 549 216 1 1472 3 
108 4 1 0 0 2 482 449 1 2010 3 
108 4 1 0 0 2 316 549 1 1470 3 
108 4 1 0 0 2 516 283 1 956 3 
108 4 1 0 0 2 283 183 1 2825 3 
108 4 1 0 0 2 183 216 0 1010 2 
108 4 1 0 0 2 349 416 1 1604 3 
108 4 1 0 0 2 482 316 1 1487 3 
108 4 1 0 0 1 491 235 1 7812 
108 4 1 0 0 1 0 493 0 1050 
108 4 1 0 0 1 54 216 0 1065 
108 4 1 0 0 1 94 94 0 1409 
108 4 1 0 0 1 255 499 0 3434 
108 4 1 0 0 1 0 520 0 1464 
108 4 1 0 0 1 468 35 1 4665 
108 4 1 0 0 1 186 567 0 5698 
108 4 1 0 0 1 435 570 1 1505 
108 4 1 0 0 1 312 473 1 2721 
108 4 1 0 0 1 333 452 1 706 
108 4 1 0 0 1 289 97 0 3775 
108 4 1 0 0 1 440 141 1 1471 
108 4 1 0 0 1 203 481 0 3866 
108 4 1 0 0 1 401 432 1 1545 
108 4 1 0 0 1 425 33 1 1015 
108 4 1 0 0 2 283 383 0 5451 2 
108 4 1 0 0 2 482 149 1 2014 3 
108 4 1 0 0 2 482 50 1 1262 3 
108 4 1 0 0 2 416 349 1 1464 3 
108 4 1 0 0 2 449 449 1 1330 3 
108 4 1 0 0 2 83 349 0 1652 3 
108 4 1 0 0 2 249 183 0 2395 3 
108 4 1 0 0 2 216 449 0 2673 3 
108 4 1 0 0 2 149 249 0 1073 3 
108 4 1 0 0 2 183 349 0 843 3 
108 4 1 0 0 2 216 349 0 2845 3 
108 4 1 0 0 2 349 516 1 3064 3 
108 4 1 0 0 2 549 383 1 1087 3 
108 4 1 0 0 2 449 116 1 3952 4 
108 4 1 0 0 2 316 283 1 5897 3 
108 4 1 0 0 2 416 249 1 2295 3 
108 4 1 0 0 2 149 116 0 1893 3 
108 4 1 0 0 2 83 83 0 1571 4 
108 4 1 0 0 2 349 83 0 5147 3 
108 4 1 0 0 2 83 149 0 1490 3 
108 4 1 0 0 2 50 149 0 1612 3 
108 4 1 0 0 2 183 383 0 2077 4 
108 4 1 0 0 2 383 83 1 1338 4 
108 4 1 0 0 2 416 482 0 1146 3 
108 4 1 0 0 2 549 316 1 4111 3 
108 4 1 0 0 2 149 83 0 1592 3 
108 4 1 0 0 2 116 316 0 1189 3 
108 4 1 0 0 2 516 383 1 3315 4 
108 4 1 0 0 2 449 83 1 1429 4 
108 4 1 0 0 2 283 216 1 4323 3 
108 4 1 0 0 2 83 449 0 1107 3 
108 4 1 0 0 2 349 383 1 3155 4 
108 4 1 0 0 1 50 0 0 3740 
108 4 1 0 0 1 0 240 0 721 
108 4 1 0 0 1 574 206 1 2457 
108 4 1 0 0 1 599 0 1 1138 
108 4 1 0 0 1 187 543 0 3799 
108 4 1 0 0 1 308 525 1 4240 
108 4 1 0 0 1 390 536 1 1193 
108 4 1 0 0 1 320 454 1 3042 
108 4 1 0 0 1 350 343 1 1144 
108 4 1 0 0 1 251 88 0 2097 
108 4 1 0 0 1 384 317 1 1394 
108 4 1 0 0 1 599 294 1 849 
108 4 1 0 0 1 524 526 1 1096 
108 4 1 0 0 1 540 514 1 993 
108 4 1 0 0 1 368 573 1 1257 
108 4 1 0 0 1 344 591 1 690 
108 4 1 0 0 2 449 482 1 3379 4 
108 4 1 0 0 2 349 50 0 8167 3 
108 4 1 0 0 2 116 349 0 1513 3 
108 4 1 0 0 2 383 249 1 4295 4 
108 4 1 0 0 2 83 216 0 1198 3 
108 4 1 0 0 2 383 482 1 6831 3 
108 4 1 0 0 2 516 83 1 5616 3 
108 4 1 0 0 2 83 249 0 1146 3 
108 4 1 0 0 2 216 216 0 9535 3 
108 4 1 0 0 2 83 383 0 905 3 
108 4 1 0 0 2 516 416 1 2814 4 
108 4 1 0 0 2 416 549 1 3058 3 
108 4 1 0 0 2 449 249 1 1282 3 
108 4 1 0 0 2 516 316 1 1270 3 
108 4 1 0 0 2 216 249 0 2878 3 
108 4 1 0 0 2 249 383 0 1171 3 
108 4 1 0 0 2 149 449 0 1260 3 
108 4 1 0 0 2 183 149 0 2162 3 
108 4 1 0 0 2 549 249 1 947 4 
108 4 1 0 0 2 216 516 0 1627 3 
108 4 1 0 0 2 516 516 1 1620 3 
108 4 1 0 0 2 549 549 1 1081 3 
108 4 1 0 0 2 316 83 0 3254 3 
108 4 1 0 0 2 449 283 1 1375 3 
108 4 1 0 0 2 283 283 0 2739 3 
108 4 1 0 0 2 283 516 0 1672 3 
108 4 1 0 0 2 416 383 1 1836 3 
108 4 1 0 0 2 116 183 0 1006 3 
108 4 1 0 0 2 216 116 0 1514 4 
108 4 1 0 0 2 283 316 0 7047 3 
108 4 1 0 0 2 416 283 1 959 4 
108 4 1 0 0 2 149 416 0 1148 3 
108 4 1 0 0 1 264 359 0 9490 
108 4 1 0 0 1 336 272 1 1321 
108 4 1 0 0 1 266 18 0 9033 
108 4 1 0 0 1 348 191 1 1290 
108 4 1 0 0 1 252 365 0 6578 
108 4 1 0 0 1 229 507 0 978 
108 4 1 0 0 1 242 374 0 954 
108 4 1 0 0 1 350 371 1 1393 
108 4 1 0 0 1 261 512 0 1330 
108 4 1 0 0 1 276 516 0 634 
108 4 1 0 0 1 289 252 0 1016 
108 4 1 0 0 1 382 439 1 929 
108 4 1 0 0 1 377 556 1 890 
108 4 1 0 0 1 318 390 1 1418 
108 4 1 0 0 1 327 530 1 1178 
108 4 1 0 0 1 249 492 0 1058 
108 4 1 0 0 2 316 449 1 3030 3 
108 4 1 0 0 2 149 149 0 2108 3 
108 4 1 0 0 2 50 50 0 1167 4 
108 4 1 0 0 2 183 83 0 1737 4 
108 4 1 0 0 2 549 83 1 1376 4 
108 4 1 0 0 2 149 482 0 1185 4 
108 4 1 0 0 2 183 449 0 3611 4 
108 4 1 0 0 2 516 149 1 1129 4 
108 4 1 0 0 2 383 416 1 8751 3 
108 4 1 0 0 2 283 149 0 2214 4 
108 4 1 0 0 2 349 482 1 4498 3 
108 4 1 0 0 2 449 50 1 1127 3 
108 4 1 0 0 2 116 383 0 1290 4 
108 4 1 0 0 2 50 516 0 1289 4 
108 4 1 0 0 2 383 449 1 3925 4 
108 4 1 0 0 2 383 516 1 1259 4 
108 4 1 0 0 2 249 549 0 1090 3 
108 4 1 0 0 2 549 416 1 1731 4 
108 4 1 0 0 2 383 50 1 4365 3 
108 4 1 0 0 2 283 482 0 1717 4 
108 4 1 0 0 2 549 183 1 1213 4 
108 4 1 0 0 2 449 316 1 2426 3 
108 4 1 0 0 2 449 216 1 1221 3 
108 4 1 0 0 2 383 149 1 2039 3 
108 4 1 0 0 2 482 349 1 1205 3 
108 4 1 0 0 2 149 283 0 1557 4 
108 4 1 0 0 2 50 416 0 1059 4 
108 4 1 0 0 2 283 416 0 1652 4 
108 4 1 0 0 2 349 216 0 1022 4 
108 4 1 0 0 2 283 83 0 1405 4 
108 4 1 0 0 2 216 83 0 1124 4 
108 4 1 0 0 2 83 183 0 1101 4 
108 4 1 0 0 1 253 207 0 2965 
108 4 1 0 0 1 306 258 1 5417 
108 4 1 0 0 1 220 66 0 3993 
108 4 1 0 0 1 173 287 0 1328 
108 4 1 0 0 1 98 518 0 705 
108 4 1 0 0 1 336 106 1 8265 
108 4 1 0 0 1 237 356 0 3225 
108 4 1 0 0 1 336 349 1 2992 
108 4 1 0 0 1 234 316 0 2314 
108 4 1 0 0 1 383 157 1 2185 
108 4 1 0 0 1 357 347 1 1592 
108 4 1 0 0 1 305 140 1 1978 
108 4 1 0 0 1 386 422 1 1010 
108 4 1 0 0 1 258 395 0 2714 
108 4 1 0 0 1 240 294 0 1656 
108 4 1 0 0 1 272 472 0 7776 
108 4 1 0 0 2 283 349 0 4488 3 
108 4 1 0 0 2 216 149 0 1062 3 
108 4 1 0 0 2 50 283 0 952 3 
108 4 1 0 0 2 383 116 1 6786 4 
108 4 1 0 0 2 316 149 0 8417 3 
108 4 1 0 0 2 116 116 0 1033 3 
108 4 1 0 0 2 183 249 0 7090 3 
108 4 1 0 0 2 516 349 1 1242 4 
108 4 1 0 0 2 349 449 1 4551 3 
108 4 1 0 0 2 316 116 1 2131 3 
108 4 1 0 0 2 149 383 0 1157 3 
108 4 1 0 0 2 249 50 0 5407 4 
108 4 1 0 0 2 383 349 1 2238 3 
108 4 1 0 0 2 249 216 0 4413 3 
108 4 1 0 0 2 482 216 1 1126 4 
108 4 1 0 0 2 249 416 0 2518 3 
108 4 1 0 0 2 516 449 1 960 4 
108 4 1 0 0 2 149 183 0 842 3 
108 4 1 0 0 2 149 349 0 1187 4 
108 4 1 0 0 2 516 249 1 954 4 
108 4 1 0 0 2 116 482 0 1739 4 
108 4 1 0 0 2 116 416 0 1145 4 
108 4 1 0 0 2 516 216 1 942 4 
108 4 1 0 0 2 383 316 1 4580 4 
108 4 1 0 0 2 50 83 0 916 4 
108 4 1 0 0 2 249 316 0 6471 3 
108 4 1 0 0 2 349 149 1 2023 4 
108 4 1 0 0 2 549 516 1 1043 4 
108 4 1 0 0 2 549 449 1 1253 4 
108 4 1 0 0 2 482 383 1 777 4 
108 4 1 0 0 2 549 50 1 935 4 
108 4 1 0 0 2 149 549 0 1300 3 
108 4 1 0 0 1 120 413 0 1603 
108 4 1 0 0 1 198 599 0 802 
108 4 1 0 0 1 195 599 0 1138 
108 4 1 0 0 1 351 360 1 2162 
108 4 1 0 0 1 599 318 1 674 
108 4 1 0 0 1 449 407 1 970 
108 4 1 0 0 1 428 473 1 1128 
108 4 1 0 0 1 433 155 1 1104 
108 4 1 0 0 1 275 410 0 3928 
108 4 1 0 0 1 389 250 1 1040 
108 4 1 0 0 1 307 50 1 2136 
108 4 1 0 0 1 288 305 0 1816 
108 4 1 0 0 1 363 364 1 5474 
108 4 1 0 0 1 352 22 1 1233 
108 4 1 0 0 1 394 273 1 698 
108 4 1 0 0 1 309 197 1 6800 
108 4 1 0 0 2 183 50 0 1179 3 
108 4 1 0 0 2 283 249 0 1332 4 
108 4 1 0 0 2 149 316 0 1035 4 
108 4 1 0 0 2 516 482 1 951 4 
108 4 1 0 0 2 50 316 0 1347 4 
108 4 1 0 0 2 249 516 0 1534 4 
108 4 1 0 0 2 316 349 0 1086 4 
108 4 1 0 0 2 383 216 1 3297 4 
108 4 1 0 0 2 383 183 1 4357 4 
108 4 1 0 0 2 283 116 0 5062 3 
108 4 1 0 0 2 416 516 1 1419 4 
108 4 1 0 0 2 249 349 0 1145 3 
108 4 1 0 0 2 149 516 0 1007 4 
108 4 1 0 0 2 183 116 0 904 4 
108 4 1 0 0 2 482 249 1 3871 4 
108 4 1 0 0 2 316 316 1 7555 3 
108 4 1 0 0 2 516 183 1 1452 4 
108 4 1 0 0 2 316 216 0 2952 3 
108 4 1 0 0 2 50 482 0 1384 4 
108 4 1 0 0 2 516 549 1 1559 4 
108 4 1 0 0 2 216 50 0 2717 3 
108 4 1 0 0 2 216 416 0 1318 3 
108 4 1 0 0 2 416 449 1 1433 4 
108 4 1 0 0 2 249 149 0 3403 3 
108 4 1 0 0 2 50 249 0 1000 4 
108 4 1 0 0 2 416 216 1 1263 4 
108 4 1 0 0 2 416 183 1 1226 4 
108 4 1 0 0 2 149 50 0 1748 4 
108 4 1 0 0 2 482 516 1 1796 4 
108 4 1 0 0 2 449 549 1 1197 4 
108 4 1 0 0 2 349 116 1 2117 4 
108 4 1 0 0 2 216 482 0 1206 4 
108 4 1 0 0 1 456 599 1 2733 
108 4 1 0 0 1 269 599 0 3658 
108 4 1 0 0 1 398 599 1 793 
108 4 1 0 0 1 244 599 0 1210 
108 4 1 0 0 1 289 599 0 1626 
108 4 1 0 0 1 267 433 0 1034 
108 4 1 0 0 1 373 153 1 2049 
108 4 1 0 0 1 318 509 1 1113 
108 4 1 0 0 1 339 100 1 1745 
108 4 1 0 0 1 339 264 1 1481 
108 4 1 0 0 1 296 424 0 5074 
108 4 1 0 0 1 274 431 0 1377 
108 4 1 0 0 1 255 64 0 913 
108 4 1 0 0 1 317 60 1 2657 
108 4 1 0 0 1 320 431 1 1393 
108 4 1 0 0 1 299 429 0 2858 
108 4 1 0 0 2 349 283 1 10204 3 
108 4 1 0 0 2 116 549 0 1804 4 
108 4 1 0 0 2 283 549 0 7922 3 
108 4 1 0 0 2 482 549 1 1099 4 
108 4 1 0 0 2 316 482 0 4015 3 
108 4 1 0 0 2 482 416 1 929 4 
108 4 1 0 0 2 349 249 1 4422 4 
108 4 1 0 0 2 83 283 0 980 4 
108 4 1 0 0 2 50 183 0 846 4 
108 4 1 0 0 2 349 316 0 8169 4 
108 4 1 0 0 2 50 383 0 791 4 
108 4 1 0 0 2 50 216 0 733 4 
108 4 1 0 0 2 349 549 1 22845 3 
108 4 1 0 0 2 50 116 0 1034 4 
108 4 1 0 0 2 83 50 0 788 4 
108 4 1 0 0 2 316 183 1 16350 3 
108 4 1 0 0 2 549 482 1 1050 4 
108 4 1 0 0 2 482 283 1 991 4 
108 4 1 0 0 2 116 449 0 2444 4 
108 4 1 0 0 2 516 116 1 1074 4 
108 4 1 0 0 2 249 449 0 2760 3 
108 4 1 0 0 2 149 216 0 973 4 
108 4 1 0 0 2 183 482 0 1083 4 
108 4 1 0 0 2 249 482 0 886 4 
108 4 1 0 0 2 116 50 0 973 4 
108 4 1 0 0 2 349 183 1 8222 4 
108 4 1 0 0 2 549 349 1 809 4 
108 4 1 0 0 2 50 349 0 935 4 
108 4 1 0 0 2 449 416 1 1431 4 
108 4 1 0 0 2 549 149 1 864 4 
108 4 1 0 0 2 383 283 1 1012 4 
108 4 1 0 0 2 216 283 0 1365 3 
