Subject 36 in condition 4, using samples from subject 32
Training Condition: 1
Task: 0
Rule: [[[220, 300], [[2000, 0], [0, 9000]]], [[380, 300], [[2000, 0], [0, 9000]]]]
Noise: 0
CATA=0
CATB=1
Sample keys: 120 122
Resp keys: 307 309
Dim direction: 0 0
Dim minimum: 85 88
Test order: [3, 7, 2, 5, 1, 4, 0, 6]
36 4 1 0 0 1 513 73 1 9262 
36 4 1 0 0 1 514 585 1 5897 
36 4 1 0 0 1 103 67 0 4897 
36 4 1 0 0 1 105 598 0 3409 
36 4 1 0 0 1 549 482 1 7640 
36 4 1 0 0 1 14 166 0 6913 
36 4 1 0 0 1 599 182 1 3561 
36 4 1 0 0 1 0 376 0 6937 
36 4 1 0 0 1 335 599 1 6505 
36 4 1 0 0 1 127 88 0 3730 
36 4 1 0 0 1 431 599 1 3897 
36 4 1 0 0 1 157 484 0 4912 
36 4 1 0 0 1 181 410 0 9272 
36 4 1 0 0 1 379 6 1 3001 
36 4 1 0 0 1 0 46 0 5346 
36 4 1 0 0 1 599 567 1 1881 
36 4 1 0 0 2 50 516 0 8265 4 
36 4 1 0 0 2 482 349 1 10332 5 
36 4 1 0 0 2 383 516 1 5786 3 
36 4 1 0 0 2 183 83 0 3146 3 
36 4 1 0 0 2 149 149 0 6174 3 
36 4 1 0 0 2 449 316 1 9455 4 
36 4 1 0 0 2 283 83 1 7326 3 
36 4 1 0 0 2 449 50 1 2876 5 
36 4 1 0 0 2 383 449 1 2887 4 
36 4 1 0 0 2 216 83 0 2315 5 
36 4 1 0 0 2 516 149 1 3450 5 
36 4 1 0 0 2 283 482 0 5105 2 
36 4 1 0 0 2 349 482 1 4166 3 
36 4 1 0 0 2 149 482 0 7999 4 
36 4 1 0 0 2 449 216 1 3109 3 
36 4 1 0 0 2 283 149 0 4621 2 
36 4 1 0 0 2 349 216 1 8724 4 
36 4 1 0 0 2 316 449 0 15994 3 
36 4 1 0 0 2 549 83 1 5510 5 
36 4 1 0 0 2 50 50 0 3750 5 
36 4 1 0 0 2 549 416 1 3120 5 
36 4 1 0 0 2 383 149 1 12039 4 
36 4 1 0 0 2 116 383 0 1592 5 
36 4 1 0 0 2 549 183 1 1634 5 
36 4 1 0 0 2 83 183 0 3395 5 
36 4 1 0 0 2 183 449 0 12318 4 
36 4 1 0 0 2 149 283 0 3638 4 
36 4 1 0 0 2 249 549 0 6171 2 
36 4 1 0 0 2 50 416 0 2015 5 
36 4 1 0 0 2 383 416 1 5335 4 
36 4 1 0 0 2 383 50 1 2925 4 
36 4 1 0 0 2 283 416 0 5583 2 
36 4 1 0 0 1 235 580 0 26310 
36 4 1 0 0 1 291 415 0 12780 
36 4 1 0 0 1 458 588 1 11505 
36 4 1 0 0 1 399 82 1 6321 
36 4 1 0 0 1 335 117 1 12802 
36 4 1 0 0 1 316 266 1 15864 
36 4 1 0 0 1 272 280 0 13857 
36 4 1 0 0 1 516 51 1 5873 
36 4 1 0 0 1 346 512 1 9961 
36 4 1 0 0 1 0 263 0 1408 
36 4 1 0 0 1 206 599 0 6906 
36 4 1 0 0 1 0 467 0 1305 
36 4 1 0 0 1 599 0 1 1041 
36 4 1 0 0 1 499 508 1 1335 
36 4 1 0 0 1 0 299 0 3665 
36 4 1 0 0 1 0 527 0 712 
36 4 1 0 0 2 116 482 0 5870 5 
36 4 1 0 0 2 249 216 0 8254 3 
36 4 1 0 0 2 549 516 1 2048 5 
36 4 1 0 0 2 183 249 0 6160 5 
36 4 1 0 0 2 482 383 1 2139 5 
36 4 1 0 0 2 482 216 1 2414 5 
36 4 1 0 0 2 116 416 0 2827 5 
36 4 1 0 0 2 149 349 0 6318 5 
36 4 1 0 0 2 116 116 0 1200 5 
36 4 1 0 0 2 516 449 1 1549 5 
36 4 1 0 0 2 516 249 1 1443 5 
36 4 1 0 0 2 516 349 1 5245 5 
36 4 1 0 0 2 50 83 0 2286 5 
36 4 1 0 0 2 349 149 1 6800 4 
36 4 1 0 0 2 249 316 0 8953 3 
36 4 1 0 0 2 283 349 0 10194 3 
36 4 1 0 0 2 549 50 1 9732 5 
36 4 1 0 0 2 249 50 0 6239 3 
36 4 1 0 0 2 149 549 0 3696 4 
36 4 1 0 0 2 549 449 1 1251 5 
36 4 1 0 0 2 50 283 0 1124 5 
36 4 1 0 0 2 383 116 1 5186 4 
36 4 1 0 0 2 216 149 0 10453 4 
36 4 1 0 0 2 316 116 1 6040 4 
36 4 1 0 0 2 249 416 0 67055 1 
36 4 1 0 0 2 383 316 1 28097 5 
36 4 1 0 0 2 516 216 1 4881 5 
36 4 1 0 0 2 316 149 1 7837 3 
36 4 1 0 0 2 383 349 1 2464 4 
36 4 1 0 0 2 349 449 1 3752 4 
36 4 1 0 0 2 149 383 0 999 5 
36 4 1 0 0 2 149 183 0 1832 5 
36 4 1 0 0 1 301 8 1 17917 
36 4 1 0 0 1 238 283 0 5561 
36 4 1 0 0 1 252 516 0 14137 
36 4 1 0 0 1 261 210 0 5936 
36 4 1 0 0 1 424 599 1 4024 
36 4 1 0 0 1 257 40 0 6858 
36 4 1 0 0 1 311 357 1 8001 
36 4 1 0 0 1 205 208 0 1440 
36 4 1 0 0 1 309 420 1 1721 
36 4 1 0 0 1 227 580 0 1953 
36 4 1 0 0 1 234 494 0 1561 
36 4 1 0 0 1 383 413 1 1551 
36 4 1 0 0 1 331 3 1 1128 
36 4 1 0 0 1 215 470 0 1056 
36 4 1 0 0 1 250 251 0 1681 
36 4 1 0 0 1 0 344 0 649 
36 4 1 0 0 2 349 516 1 5548 5 
36 4 1 0 0 2 216 449 0 1803 5 
36 4 1 0 0 2 116 316 0 743 5 
36 4 1 0 0 2 482 50 1 1233 5 
36 4 1 0 0 2 516 383 1 1376 5 
36 4 1 0 0 2 349 383 1 3932 5 
36 4 1 0 0 2 283 383 0 23977 3 
36 4 1 0 0 2 449 116 1 1536 5 
36 4 1 0 0 2 349 83 1 1299 5 
36 4 1 0 0 2 383 83 1 2101 4 
36 4 1 0 0 2 549 316 1 1924 5 
36 4 1 0 0 2 549 383 1 1072 5 
36 4 1 0 0 2 183 349 0 1205 5 
36 4 1 0 0 2 83 83 0 717 5 
36 4 1 0 0 2 216 349 0 2747 4 
36 4 1 0 0 2 83 149 0 934 5 
36 4 1 0 0 2 416 482 1 1605 5 
36 4 1 0 0 2 283 216 0 9344 3 
36 4 1 0 0 2 83 449 0 1278 5 
36 4 1 0 0 2 50 149 0 585 5 
36 4 1 0 0 2 416 249 1 1026 5 
36 4 1 0 0 2 249 183 0 4082 4 
36 4 1 0 0 2 149 83 0 1155 5 
36 4 1 0 0 2 149 116 0 901 5 
36 4 1 0 0 2 149 249 0 618 5 
36 4 1 0 0 2 316 283 1 10188 4 
36 4 1 0 0 2 416 349 1 1277 5 
36 4 1 0 0 2 482 149 1 725 5 
36 4 1 0 0 2 83 349 0 1326 5 
36 4 1 0 0 2 449 83 1 4569 5 
36 4 1 0 0 2 449 449 1 2313 5 
36 4 1 0 0 2 183 383 0 5107 5 
36 4 1 0 0 1 126 0 0 1237 
36 4 1 0 0 1 25 448 0 1225 
36 4 1 0 0 1 599 599 1 656 
36 4 1 0 0 1 380 81 1 841 
36 4 1 0 0 1 0 562 0 857 
36 4 1 0 0 1 83 183 0 1009 
36 4 1 0 0 1 599 490 1 889 
36 4 1 0 0 1 427 203 1 769 
36 4 1 0 0 1 0 498 0 1313 
36 4 1 0 0 1 61 44 0 1544 
36 4 1 0 0 1 411 497 1 1191 
36 4 1 0 0 1 264 230 0 15649 
36 4 1 0 0 1 383 423 1 648 
36 4 1 0 0 1 76 99 0 801 
36 4 1 0 0 1 343 446 1 1929 
36 4 1 0 0 1 0 132 0 4114 
36 4 1 0 0 2 316 416 1 8083 5 
36 4 1 0 0 2 116 249 0 1455 5 
36 4 1 0 0 2 183 183 0 967 5 
36 4 1 0 0 2 549 283 1 1277 5 
36 4 1 0 0 2 416 316 1 1966 5 
36 4 1 0 0 2 183 416 0 1483 5 
36 4 1 0 0 2 449 149 1 1038 5 
36 4 1 0 0 2 116 516 0 819 5 
36 4 1 0 0 2 216 183 0 2624 5 
36 4 1 0 0 2 416 83 1 1164 5 
36 4 1 0 0 2 482 83 1 846 5 
36 4 1 0 0 2 183 316 0 1490 5 
36 4 1 0 0 2 416 50 1 966 5 
36 4 1 0 0 2 449 516 1 1561 5 
36 4 1 0 0 2 249 249 0 3836 5 
36 4 1 0 0 2 349 349 1 1381 5 
36 4 1 0 0 2 249 83 0 4664 5 
36 4 1 0 0 2 116 283 0 903 5 
36 4 1 0 0 2 549 116 1 2266 5 
36 4 1 0 0 2 183 516 0 1005 5 
36 4 1 0 0 2 283 449 0 17694 3 
36 4 1 0 0 2 449 383 1 2077 5 
36 4 1 0 0 2 183 549 0 1889 5 
36 4 1 0 0 2 316 50 1 2282 4 
36 4 1 0 0 2 216 316 0 2550 5 
36 4 1 0 0 2 116 216 0 917 5 
36 4 1 0 0 2 482 482 1 5413 3 
36 4 1 0 0 2 316 383 1 6554 5 
36 4 1 0 0 2 383 383 1 1507 5 
36 4 1 0 0 2 449 183 1 3278 5 
36 4 1 0 0 2 83 116 0 2439 5 
36 4 1 0 0 2 50 549 0 796 5 
36 4 1 0 0 1 128 483 0 1125 
36 4 1 0 0 1 233 136 0 856 
36 4 1 0 0 1 251 258 0 618 
36 4 1 0 0 1 299 91 0 16089 
36 4 1 0 0 1 345 259 1 1114 
36 4 1 0 0 1 444 186 1 577 
36 4 1 0 0 1 300 435 1 600 
36 4 1 0 0 1 369 3 1 592 
36 4 1 0 0 1 359 92 1 602 
36 4 1 0 0 1 294 144 0 857 
36 4 1 0 0 1 261 377 0 649 
36 4 1 0 0 1 342 439 1 1017 
36 4 1 0 0 1 63 111 0 626 
36 4 1 0 0 1 303 541 1 1624 
36 4 1 0 0 1 357 486 1 801 
36 4 1 0 0 1 319 518 1 895 
36 4 1 0 0 2 50 249 0 2031 5 
36 4 1 0 0 2 416 216 1 1323 5 
36 4 1 0 0 2 249 349 0 3477 4 
36 4 1 0 0 2 482 249 1 1267 5 
36 4 1 0 0 2 183 50 0 2532 5 
36 4 1 0 0 2 216 50 0 2019 5 
36 4 1 0 0 2 416 516 1 1721 5 
36 4 1 0 0 2 50 482 0 983 5 
36 4 1 0 0 2 149 50 0 4373 5 
36 4 1 0 0 2 216 482 0 1734 5 
36 4 1 0 0 2 316 316 1 8495 5 
36 4 1 0 0 2 383 183 1 1556 5 
36 4 1 0 0 2 416 183 1 772 5 
36 4 1 0 0 2 316 216 1 950 5 
36 4 1 0 0 2 283 249 0 10262 5 
36 4 1 0 0 2 516 549 1 1162 5 
36 4 1 0 0 2 516 183 1 927 5 
36 4 1 0 0 2 416 449 1 1357 5 
36 4 1 0 0 2 482 516 1 1036 5 
36 4 1 0 0 2 349 116 1 3857 5 
36 4 1 0 0 2 149 316 0 825 5 
36 4 1 0 0 2 183 116 0 1583 5 
36 4 1 0 0 2 149 516 0 2243 5 
36 4 1 0 0 2 283 116 0 8911 5 
36 4 1 0 0 2 516 482 1 2878 5 
36 4 1 0 0 2 316 349 1 22587 3 
36 4 1 0 0 2 249 516 0 5868 4 
36 4 1 0 0 2 249 149 0 4838 5 
36 4 1 0 0 2 50 316 0 704 5 
36 4 1 0 0 2 216 416 0 965 5 
36 4 1 0 0 2 383 216 1 1835 5 
36 4 1 0 0 2 449 549 1 823 5 
36 4 1 0 0 1 229 0 0 1093 
36 4 1 0 0 1 101 102 0 625 
36 4 1 0 0 1 564 189 1 793 
36 4 1 0 0 1 120 387 0 961 
36 4 1 0 0 1 574 274 1 968 
36 4 1 0 0 1 390 343 1 681 
36 4 1 0 0 1 339 275 1 630 
36 4 1 0 0 1 505 599 1 647 
36 4 1 0 0 1 40 0 0 818 
36 4 1 0 0 1 409 446 1 832 
36 4 1 0 0 1 12 0 0 608 
36 4 1 0 0 1 346 599 1 712 
36 4 1 0 0 1 533 0 1 730 
36 4 1 0 0 1 205 599 0 761 
36 4 1 0 0 1 528 155 1 922 
36 4 1 0 0 1 51 149 0 857 
36 4 1 0 0 2 216 249 0 2910 5 
36 4 1 0 0 2 216 216 0 3673 5 
36 4 1 0 0 2 149 449 0 833 5 
36 4 1 0 0 2 383 482 1 2291 5 
36 4 1 0 0 2 416 383 1 1793 4 
36 4 1 0 0 2 149 416 0 1572 5 
36 4 1 0 0 2 449 482 1 1758 5 
36 4 1 0 0 2 349 50 1 4912 5 
36 4 1 0 0 2 449 249 1 1357 5 
36 4 1 0 0 2 283 316 0 5004 5 
36 4 1 0 0 2 416 283 1 2271 5 
36 4 1 0 0 2 83 383 0 941 5 
36 4 1 0 0 2 516 316 1 922 5 
36 4 1 0 0 2 283 516 0 3770 5 
36 4 1 0 0 2 216 516 0 820 5 
36 4 1 0 0 2 516 416 1 1273 5 
36 4 1 0 0 2 549 549 1 781 5 
36 4 1 0 0 2 83 216 0 1380 5 
36 4 1 0 0 2 116 183 0 1012 5 
36 4 1 0 0 2 516 516 1 1841 5 
36 4 1 0 0 2 549 249 1 1005 5 
36 4 1 0 0 2 249 383 0 1680 5 
36 4 1 0 0 2 216 116 0 966 5 
36 4 1 0 0 2 416 549 1 778 5 
36 4 1 0 0 2 516 83 1 872 5 
36 4 1 0 0 2 316 83 1 12044 5 
36 4 1 0 0 2 83 249 0 781 5 
36 4 1 0 0 2 116 349 0 653 5 
36 4 1 0 0 2 283 283 1 2054 5 
36 4 1 0 0 2 383 249 1 939 5 
36 4 1 0 0 2 449 283 1 829 5 
36 4 1 0 0 2 183 149 0 993 5 
36 4 1 0 0 1 345 0 1 2284 
36 4 1 0 0 1 445 599 1 849 
36 4 1 0 0 1 321 0 1 617 
36 4 1 0 0 1 437 599 1 562 
36 4 1 0 0 1 125 114 0 848 
36 4 1 0 0 1 352 264 1 624 
36 4 1 0 0 1 322 599 1 672 
36 4 1 0 0 1 86 0 0 810 
36 4 1 0 0 1 592 43 1 1009 
36 4 1 0 0 1 321 335 1 575 
36 4 1 0 0 1 335 599 1 656 
36 4 1 0 0 1 396 417 1 577 
36 4 1 0 0 1 449 403 1 961 
36 4 1 0 0 1 115 107 0 873 
36 4 1 0 0 1 385 97 1 1176 
36 4 1 0 0 1 549 599 1 656 
36 4 1 0 0 2 116 149 0 1743 5 
36 4 1 0 0 2 316 549 1 6461 5 
36 4 1 0 0 2 482 183 1 1209 5 
36 4 1 0 0 2 83 316 0 888 5 
36 4 1 0 0 2 516 283 1 1882 5 
36 4 1 0 0 2 183 283 0 938 5 
36 4 1 0 0 2 83 549 0 632 5 
36 4 1 0 0 2 249 116 0 5049 5 
36 4 1 0 0 2 416 116 1 813 5 
36 4 1 0 0 2 83 482 0 522 5 
36 4 1 0 0 2 283 50 0 4191 3 
36 4 1 0 0 2 482 449 1 1929 5 
36 4 1 0 0 2 83 516 0 2730 5 
36 4 1 0 0 2 183 216 0 1005 5 
36 4 1 0 0 2 249 283 0 3518 5 
36 4 1 0 0 2 216 549 0 851 5 
36 4 1 0 0 2 482 316 1 1009 5 
36 4 1 0 0 2 316 516 1 5721 4 
36 4 1 0 0 2 449 349 1 2713 5 
36 4 1 0 0 2 416 416 1 1164 5 
36 4 1 0 0 2 383 549 1 1853 5 
36 4 1 0 0 2 50 449 0 1326 5 
36 4 1 0 0 2 116 83 0 2901 5 
36 4 1 0 0 2 349 416 1 3986 5 
36 4 1 0 0 2 316 249 1 8694 5 
36 4 1 0 0 2 283 183 0 6788 5 
36 4 1 0 0 2 549 216 1 1270 5 
36 4 1 0 0 2 482 116 1 1640 5 
36 4 1 0 0 2 516 50 1 696 5 
36 4 1 0 0 2 216 383 0 714 5 
36 4 1 0 0 2 416 149 1 1716 5 
36 4 1 0 0 2 83 416 0 895 5 
36 4 1 0 0 1 371 339 1 1206 
36 4 1 0 0 1 474 278 1 905 
36 4 1 0 0 1 512 512 1 689 
36 4 1 0 0 1 24 34 0 688 
36 4 1 0 0 1 452 544 1 937 
36 4 1 0 0 1 599 216 1 625 
36 4 1 0 0 1 0 85 0 593 
36 4 1 0 0 1 599 5 1 610 
36 4 1 0 0 1 0 287 0 744 
36 4 1 0 0 1 595 461 1 584 
36 4 1 0 0 1 0 556 0 1026 
36 4 1 0 0 1 599 506 1 754 
36 4 1 0 0 1 361 356 1 736 
36 4 1 0 0 1 430 130 1 744 
36 4 1 0 0 1 392 544 1 849 
36 4 1 0 0 1 263 236 0 704 
36 4 1 0 0 2 249 482 0 6367 5 
36 4 1 0 0 2 482 416 1 2870 5 
36 4 1 0 0 2 83 283 0 841 5 
36 4 1 0 0 2 50 349 0 596 5 
36 4 1 0 0 2 50 116 0 734 5 
36 4 1 0 0 2 183 482 0 1138 5 
36 4 1 0 0 2 50 183 0 712 5 
36 4 1 0 0 2 549 482 1 759 5 
36 4 1 0 0 2 549 149 1 751 5 
36 4 1 0 0 2 116 449 0 884 5 
36 4 1 0 0 2 482 283 1 774 5 
36 4 1 0 0 2 316 183 1 8920 5 
36 4 1 0 0 2 549 349 1 2365 5 
36 4 1 0 0 2 283 549 0 3849 5 
36 4 1 0 0 2 349 183 1 1988 5 
36 4 1 0 0 2 316 482 1 8457 4 
36 4 1 0 0 2 349 283 1 2043 5 
36 4 1 0 0 2 149 216 0 920 5 
36 4 1 0 0 2 516 116 1 1014 5 
36 4 1 0 0 2 116 549 0 898 5 
36 4 1 0 0 2 383 283 1 3456 5 
36 4 1 0 0 2 116 50 0 919 5 
36 4 1 0 0 2 83 50 0 845 5 
36 4 1 0 0 2 349 249 1 3253 5 
36 4 1 0 0 2 449 416 1 981 5 
36 4 1 0 0 2 249 449 0 2183 5 
36 4 1 0 0 2 482 549 1 3380 5 
36 4 1 0 0 2 50 216 0 8671 5 
36 4 1 0 0 2 216 283 0 2134 5 
36 4 1 0 0 2 349 549 1 1533 5 
36 4 1 0 0 2 349 316 1 3013 5 
36 4 1 0 0 2 50 383 0 776 5 
