Subject 77 in condition 5, using samples from subject 73
Training Condition: 1
Task: 0
Rule: [[[300, 220], [[9000, 0], [0, 2000]]], [[300, 380], [[9000, 0], [0, 2000]]]]
Noise: 0
CATA=0
CATB=1
Sample keys: 122 120
Resp keys: 309 307
Dim direction: 1 1
Dim minimum: 34 55
Test order: [4, 6, 2, 1, 7, 0, 3, 5]
77 5 1 0 1 1 0 447 1 6757 
77 5 1 0 1 1 3 308 1 7162 
77 5 1 0 1 1 0 67 0 4571 
77 5 1 0 1 1 599 469 1 3609 
77 5 1 0 1 1 599 129 0 6690 
77 5 1 0 1 1 589 62 0 2891 
77 5 1 0 1 1 46 0 0 2906 
77 5 1 0 1 1 62 599 1 3531 
77 5 1 0 1 1 599 497 1 2579 
77 5 1 0 1 1 599 335 1 2738 
77 5 1 0 1 1 599 599 1 2242 
77 5 1 0 1 1 275 168 0 3026 
77 5 1 0 1 1 599 593 1 5786 
77 5 1 0 1 1 599 599 1 2131 
77 5 1 0 1 1 520 599 1 2082 
77 5 1 0 1 1 205 0 0 2617 
77 5 1 0 1 2 449 283 1 6375 4 
77 5 1 0 1 2 316 83 0 3708 5 
77 5 1 0 1 2 283 516 1 4170 3 
77 5 1 0 1 2 449 249 1 11112 2 
77 5 1 0 1 2 216 249 1 9401 3 
77 5 1 0 1 2 516 316 1 2172 3 
77 5 1 0 1 2 149 449 1 2680 5 
77 5 1 0 1 2 249 383 1 1903 5 
77 5 1 0 1 2 116 349 1 2252 5 
77 5 1 0 1 2 216 116 0 1993 5 
77 5 1 0 1 2 183 149 0 1988 5 
77 5 1 0 1 2 549 249 1 3768 4 
77 5 1 0 1 2 83 216 1 5084 4 
77 5 1 0 1 2 416 383 1 1383 4 
77 5 1 0 1 2 516 416 1 1708 5 
77 5 1 0 1 2 83 249 1 5227 3 
77 5 1 0 1 2 416 549 0 2718 4 
77 5 1 0 1 2 516 83 0 2277 5 
77 5 1 0 1 2 116 183 0 1884 5 
77 5 1 0 1 2 283 316 1 5444 3 
77 5 1 0 1 2 416 283 1 6558 3 
77 5 1 0 1 2 516 516 1 6185 3 
77 5 1 0 1 2 449 482 1 2422 4 
77 5 1 0 1 2 216 216 1 4115 3 
77 5 1 0 1 2 383 482 1 1999 5 
77 5 1 0 1 2 549 549 1 3412 3 
77 5 1 0 1 2 149 416 1 2662 4 
77 5 1 0 1 2 283 283 1 1562 3 
77 5 1 0 1 2 383 249 1 1924 3 
77 5 1 0 1 2 83 383 1 4038 4 
77 5 1 0 1 2 349 50 0 2199 5 
77 5 1 0 1 2 216 516 1 1692 4 
77 5 1 0 1 1 0 507 1 9531 
77 5 1 0 1 1 0 599 1 2592 
77 5 1 0 1 1 0 347 1 2641 
77 5 1 0 1 1 29 65 0 5376 
77 5 1 0 1 1 334 258 0 7385 
77 5 1 0 1 1 358 35 0 2666 
77 5 1 0 1 1 227 477 1 1882 
77 5 1 0 1 1 599 308 1 4242 
77 5 1 0 1 1 599 576 1 2059 
77 5 1 0 1 1 599 578 1 1747 
77 5 1 0 1 1 599 0 0 4321 
77 5 1 0 1 1 599 180 0 1218 
77 5 1 0 1 1 381 599 1 1498 
77 5 1 0 1 1 278 363 1 954 
77 5 1 0 1 1 370 256 0 986 
77 5 1 0 1 1 55 160 0 1273 
77 5 1 0 1 2 116 549 1 3619 5 
77 5 1 0 1 2 349 249 0 5174 4 
77 5 1 0 1 2 316 482 1 1515 5 
77 5 1 0 1 2 50 183 0 2621 5 
77 5 1 0 1 2 383 283 1 7678 4 
77 5 1 0 1 2 50 349 1 2874 4 
77 5 1 0 1 2 482 416 1 1791 5 
77 5 1 0 1 2 349 549 1 1439 5 
77 5 1 0 1 2 349 183 0 3383 5 
77 5 1 0 1 2 283 549 1 1541 5 
77 5 1 0 1 2 50 216 0 6402 4 
77 5 1 0 1 2 549 149 0 2777 5 
77 5 1 0 1 2 349 316 1 1483 5 
77 5 1 0 1 2 449 416 1 1574 5 
77 5 1 0 1 2 482 283 1 1430 5 
77 5 1 0 1 2 83 50 0 1416 5 
77 5 1 0 1 2 50 116 0 1099 5 
77 5 1 0 1 2 316 183 0 1871 5 
77 5 1 0 1 2 116 449 1 2007 5 
77 5 1 0 1 2 116 50 0 1562 5 
77 5 1 0 1 2 249 449 1 3257 5 
77 5 1 0 1 2 83 283 1 4105 5 
77 5 1 0 1 2 516 116 0 1608 5 
77 5 1 0 1 2 183 482 1 1158 5 
77 5 1 0 1 2 249 482 1 879 5 
77 5 1 0 1 2 216 283 1 1285 5 
77 5 1 0 1 2 50 383 1 901 5 
77 5 1 0 1 2 149 216 1 8340 3 
77 5 1 0 1 2 349 283 1 1854 4 
77 5 1 0 1 2 482 549 1 1154 4 
77 5 1 0 1 2 549 349 1 2461 4 
77 5 1 0 1 2 549 482 1 1108 5 
77 5 1 0 1 1 599 224 0 4356 
77 5 1 0 1 1 596 40 0 1698 
77 5 1 0 1 1 599 535 1 1627 
77 5 1 0 1 1 599 599 1 1129 
77 5 1 0 1 1 599 392 1 1514 
77 5 1 0 1 1 325 594 1 1482 
77 5 1 0 1 1 298 432 1 818 
77 5 1 0 1 1 323 216 0 3347 
77 5 1 0 1 1 351 50 0 850 
77 5 1 0 1 1 237 599 1 1468 
77 5 1 0 1 1 402 488 1 826 
77 5 1 0 1 1 0 224 0 2051 
77 5 1 0 1 1 14 599 1 4945 
77 5 1 0 1 1 0 126 0 938 
77 5 1 0 1 1 0 0 0 1603 
77 5 1 0 1 1 0 599 1 1563 
77 5 1 0 1 2 116 316 1 3461 4 
77 5 1 0 1 2 449 116 0 1596 5 
77 5 1 0 1 2 516 383 1 2105 5 
77 5 1 0 1 2 383 83 0 2402 5 
77 5 1 0 1 2 283 216 0 4171 5 
77 5 1 0 1 2 216 349 1 1475 5 
77 5 1 0 1 2 416 349 1 1422 5 
77 5 1 0 1 2 416 482 1 1080 5 
77 5 1 0 1 2 216 449 1 1146 5 
77 5 1 0 1 2 183 383 1 986 5 
77 5 1 0 1 2 83 83 0 1285 5 
77 5 1 0 1 2 349 516 1 1102 5 
77 5 1 0 1 2 416 249 0 7927 5 
77 5 1 0 1 2 549 316 1 6947 3 
77 5 1 0 1 2 349 383 1 2126 5 
77 5 1 0 1 2 283 383 1 994 5 
77 5 1 0 1 2 449 449 1 1066 5 
77 5 1 0 1 2 149 249 0 6739 4 
77 5 1 0 1 2 149 83 0 1815 5 
77 5 1 0 1 2 482 149 0 1826 5 
77 5 1 0 1 2 449 83 0 1370 5 
77 5 1 0 1 2 249 183 0 2673 5 
77 5 1 0 1 2 149 116 0 1093 5 
77 5 1 0 1 2 50 149 0 1014 5 
77 5 1 0 1 2 183 349 1 1635 5 
77 5 1 0 1 2 349 83 0 2253 5 
77 5 1 0 1 2 83 349 1 5493 4 
77 5 1 0 1 2 83 449 1 1488 5 
77 5 1 0 1 2 549 383 1 1541 5 
77 5 1 0 1 2 482 50 0 3009 5 
77 5 1 0 1 2 316 283 1 3886 4 
77 5 1 0 1 2 83 149 0 2409 5 
77 5 1 0 1 1 2 321 1 4110 
77 5 1 0 1 1 8 222 0 3635 
77 5 1 0 1 1 599 330 1 1676 
77 5 1 0 1 1 599 221 0 3851 
77 5 1 0 1 1 443 127 0 1211 
77 5 1 0 1 1 443 70 0 1148 
77 5 1 0 1 1 599 237 0 1666 
77 5 1 0 1 1 573 372 1 1049 
77 5 1 0 1 1 195 118 0 3257 
77 5 1 0 1 1 0 256 0 1289 
77 5 1 0 1 1 0 297 0 946 
77 5 1 0 1 1 0 416 1 1097 
77 5 1 0 1 1 0 270 0 864 
77 5 1 0 1 1 0 64 0 1002 
77 5 1 0 1 1 0 0 0 762 
77 5 1 0 1 1 248 309 1 9737 
77 5 1 0 1 2 249 349 1 4647 5 
77 5 1 0 1 2 50 482 1 1420 5 
77 5 1 0 1 2 283 249 0 1862 5 
77 5 1 0 1 2 516 482 1 1337 5 
77 5 1 0 1 2 183 50 0 1100 5 
77 5 1 0 1 2 316 349 1 1419 5 
77 5 1 0 1 2 383 183 0 2253 5 
77 5 1 0 1 2 316 216 0 1627 5 
77 5 1 0 1 2 482 249 0 1731 5 
77 5 1 0 1 2 249 516 1 1912 5 
77 5 1 0 1 2 516 183 0 1382 5 
77 5 1 0 1 2 416 183 0 1232 5 
77 5 1 0 1 2 416 516 1 1300 5 
77 5 1 0 1 2 449 549 1 5126 5 
77 5 1 0 1 2 149 516 1 982 5 
77 5 1 0 1 2 183 116 0 1263 5 
77 5 1 0 1 2 383 216 0 1907 5 
77 5 1 0 1 2 216 416 1 1451 5 
77 5 1 0 1 2 149 50 0 1126 5 
77 5 1 0 1 2 482 516 1 1179 5 
77 5 1 0 1 2 516 549 1 1801 5 
77 5 1 0 1 2 416 449 1 1181 5 
77 5 1 0 1 2 149 316 1 1787 5 
77 5 1 0 1 2 416 216 0 1978 5 
77 5 1 0 1 2 50 249 0 1644 5 
77 5 1 0 1 2 216 482 1 1164 5 
77 5 1 0 1 2 50 316 1 2650 5 
77 5 1 0 1 2 216 50 0 1968 5 
77 5 1 0 1 2 316 316 0 10803 4 
77 5 1 0 1 2 283 116 0 1581 5 
77 5 1 0 1 2 349 116 0 1286 5 
77 5 1 0 1 2 249 149 0 1009 5 
77 5 1 0 1 1 0 60 0 1465 
77 5 1 0 1 1 413 474 1 1099 
77 5 1 0 1 1 61 251 0 7803 
77 5 1 0 1 1 0 321 1 5971 
77 5 1 0 1 1 34 26 0 1026 
77 5 1 0 1 1 599 310 1 3171 
77 5 1 0 1 1 319 246 0 1866 
77 5 1 0 1 1 591 206 0 2330 
77 5 1 0 1 1 74 84 0 1123 
77 5 1 0 1 1 571 300 0 1211 
77 5 1 0 1 1 248 379 1 1627 
77 5 1 0 1 1 559 116 0 1034 
77 5 1 0 1 1 156 344 1 1810 
77 5 1 0 1 1 573 241 0 1763 
77 5 1 0 1 1 171 321 1 2776 
77 5 1 0 1 1 162 0 0 1018 
77 5 1 0 1 2 116 116 0 2383 5 
77 5 1 0 1 2 116 482 1 1651 5 
77 5 1 0 1 2 383 349 1 3216 5 
77 5 1 0 1 2 516 349 1 4614 5 
77 5 1 0 1 2 116 416 1 1554 5 
77 5 1 0 1 2 149 383 1 1806 5 
77 5 1 0 1 2 50 83 0 1438 5 
77 5 1 0 1 2 149 549 1 2827 5 
77 5 1 0 1 2 249 416 1 1783 5 
77 5 1 0 1 2 249 50 0 1278 5 
77 5 1 0 1 2 50 283 0 5076 5 
77 5 1 0 1 2 249 216 0 2612 5 
77 5 1 0 1 2 383 316 1 4315 5 
77 5 1 0 1 2 516 449 1 3195 5 
77 5 1 0 1 2 349 149 0 1342 5 
77 5 1 0 1 2 249 316 1 2402 5 
77 5 1 0 1 2 383 116 0 1343 5 
77 5 1 0 1 2 316 149 0 1401 5 
77 5 1 0 1 2 482 216 0 6770 4 
77 5 1 0 1 2 316 116 0 1196 5 
77 5 1 0 1 2 516 216 0 1470 5 
77 5 1 0 1 2 149 349 1 2731 5 
77 5 1 0 1 2 516 249 1 19260 2 
77 5 1 0 1 2 549 50 0 2430 5 
77 5 1 0 1 2 349 449 1 1258 5 
77 5 1 0 1 2 482 383 1 1257 5 
77 5 1 0 1 2 549 449 1 1284 5 
77 5 1 0 1 2 216 149 0 1914 5 
77 5 1 0 1 2 149 183 0 1883 5 
77 5 1 0 1 2 549 516 1 1690 5 
77 5 1 0 1 2 283 349 1 1491 5 
77 5 1 0 1 2 183 249 0 4999 4 
77 5 1 0 1 1 6 240 0 5252 
77 5 1 0 1 1 0 264 0 1370 
77 5 1 0 1 1 2 299 0 1122 
77 5 1 0 1 1 0 0 0 1130 
77 5 1 0 1 1 318 258 0 1201 
77 5 1 0 1 1 57 315 1 3404 
77 5 1 0 1 1 208 273 0 1090 
77 5 1 0 1 1 101 304 1 1249 
77 5 1 0 1 1 255 165 0 1346 
77 5 1 0 1 1 450 84 0 1697 
77 5 1 0 1 1 427 62 0 963 
77 5 1 0 1 1 195 293 0 2170 
77 5 1 0 1 1 417 269 0 1448 
77 5 1 0 1 1 341 337 1 1859 
77 5 1 0 1 1 136 377 1 1698 
77 5 1 0 1 1 182 303 1 1530 
77 5 1 0 1 2 83 482 1 3012 5 
77 5 1 0 1 2 316 516 1 1387 5 
77 5 1 0 1 2 482 316 1 11721 3 
77 5 1 0 1 2 216 549 1 2059 5 
77 5 1 0 1 2 249 283 0 3753 4 
77 5 1 0 1 2 482 183 0 2251 4 
77 5 1 0 1 2 482 116 0 1823 5 
77 5 1 0 1 2 416 116 0 2402 5 
77 5 1 0 1 2 449 349 1 1739 5 
77 5 1 0 1 2 83 416 1 1116 5 
77 5 1 0 1 2 50 449 1 1235 5 
77 5 1 0 1 2 516 283 1 5355 3 
77 5 1 0 1 2 83 549 1 1444 5 
77 5 1 0 1 2 549 216 0 2294 5 
77 5 1 0 1 2 83 516 1 1807 5 
77 5 1 0 1 2 383 549 1 1018 5 
77 5 1 0 1 2 416 416 1 1183 5 
77 5 1 0 1 2 482 449 1 935 5 
77 5 1 0 1 2 283 183 0 2463 5 
77 5 1 0 1 2 316 549 1 1156 5 
77 5 1 0 1 2 183 216 0 1028 5 
77 5 1 0 1 2 316 249 0 3495 4 
77 5 1 0 1 2 283 50 0 1453 5 
77 5 1 0 1 2 116 149 0 923 5 
77 5 1 0 1 2 83 316 1 8928 4 
77 5 1 0 1 2 116 83 0 1419 5 
77 5 1 0 1 2 349 416 1 1559 5 
77 5 1 0 1 2 516 50 0 1717 5 
77 5 1 0 1 2 249 116 0 1335 5 
77 5 1 0 1 2 183 283 1 10560 3 
77 5 1 0 1 2 416 149 0 2367 5 
77 5 1 0 1 2 216 383 1 3650 5 
77 5 1 0 1 1 0 101 0 2428 
77 5 1 0 1 1 54 243 0 4411 
77 5 1 0 1 1 231 343 1 1394 
77 5 1 0 1 1 96 266 0 995 
77 5 1 0 1 1 62 293 0 833 
77 5 1 0 1 1 442 299 0 2536 
77 5 1 0 1 1 565 371 1 1145 
77 5 1 0 1 1 262 574 1 1050 
77 5 1 0 1 1 465 34 0 1026 
77 5 1 0 1 1 138 596 1 1609 
77 5 1 0 1 1 153 296 0 2289 
77 5 1 0 1 1 195 332 1 1778 
77 5 1 0 1 1 369 325 1 1424 
77 5 1 0 1 1 138 308 1 1440 
77 5 1 0 1 1 100 250 0 1794 
77 5 1 0 1 1 60 254 0 2123 
77 5 1 0 1 2 149 149 0 3376 5 
77 5 1 0 1 2 149 482 1 1652 5 
77 5 1 0 1 2 383 149 0 2928 5 
77 5 1 0 1 2 216 83 0 1186 5 
77 5 1 0 1 2 50 416 1 1512 5 
77 5 1 0 1 2 516 149 0 1657 5 
77 5 1 0 1 2 283 482 1 1234 5 
77 5 1 0 1 2 283 416 1 1339 5 
77 5 1 0 1 2 316 449 1 1173 5 
77 5 1 0 1 2 349 482 1 916 5 
77 5 1 0 1 2 383 50 0 1516 5 
77 5 1 0 1 2 349 216 0 4174 5 
77 5 1 0 1 2 50 516 1 1277 5 
77 5 1 0 1 2 482 349 1 4475 5 
77 5 1 0 1 2 549 416 1 1152 5 
77 5 1 0 1 2 183 83 0 1455 5 
77 5 1 0 1 2 383 449 1 1869 5 
77 5 1 0 1 2 116 383 1 4369 5 
77 5 1 0 1 2 83 183 0 1772 5 
77 5 1 0 1 2 449 316 0 8581 4 
77 5 1 0 1 2 383 516 1 2662 5 
77 5 1 0 1 2 149 283 0 3254 5 
77 5 1 0 1 2 283 83 0 1505 5 
77 5 1 0 1 2 249 549 1 3631 5 
77 5 1 0 1 2 50 50 0 1327 5 
77 5 1 0 1 2 549 183 0 1637 5 
77 5 1 0 1 2 283 149 0 2287 5 
77 5 1 0 1 2 449 50 0 1293 5 
77 5 1 0 1 2 383 416 1 1218 5 
77 5 1 0 1 2 549 83 0 1483 5 
77 5 1 0 1 2 449 216 0 1799 5 
77 5 1 0 1 2 183 449 1 1209 5 
77 5 1 0 1 1 211 116 0 1686 
77 5 1 0 1 1 345 104 0 713 
77 5 1 0 1 1 577 392 1 1067 
77 5 1 0 1 1 137 73 0 1011 
77 5 1 0 1 1 313 402 1 1859 
77 5 1 0 1 1 102 439 1 1252 
77 5 1 0 1 1 290 324 1 2155 
77 5 1 0 1 1 548 448 1 1473 
77 5 1 0 1 1 574 290 0 3267 
77 5 1 0 1 1 400 235 0 1370 
77 5 1 0 1 1 373 572 1 1762 
77 5 1 0 1 1 597 199 0 1569 
77 5 1 0 1 1 301 9 0 4560 
77 5 1 0 1 1 577 146 0 1714 
77 5 1 0 1 1 597 459 1 1289 
77 5 1 0 1 1 536 216 0 1553 
77 5 1 0 1 2 416 50 0 3154 5 
77 5 1 0 1 2 316 383 1 1796 5 
77 5 1 0 1 2 416 316 0 18507 4 
77 5 1 0 1 2 482 482 1 1325 5 
77 5 1 0 1 2 116 249 0 8688 5 
77 5 1 0 1 2 183 416 1 2776 5 
77 5 1 0 1 2 216 183 0 1350 5 
77 5 1 0 1 2 449 183 0 1274 5 
77 5 1 0 1 2 449 383 1 1218 5 
77 5 1 0 1 2 283 449 1 1066 5 
77 5 1 0 1 2 449 149 0 1220 5 
77 5 1 0 1 2 416 83 0 1034 5 
77 5 1 0 1 2 549 116 0 994 5 
77 5 1 0 1 2 249 249 0 1866 5 
77 5 1 0 1 2 183 316 1 7039 3 
77 5 1 0 1 2 316 50 0 2160 5 
77 5 1 0 1 2 183 549 1 1729 5 
77 5 1 0 1 2 83 116 0 2155 5 
77 5 1 0 1 2 50 549 1 1674 5 
77 5 1 0 1 2 349 349 1 3839 5 
77 5 1 0 1 2 383 383 1 1162 5 
77 5 1 0 1 2 116 516 1 1748 5 
77 5 1 0 1 2 316 416 1 989 5 
77 5 1 0 1 2 116 283 0 4297 5 
77 5 1 0 1 2 449 516 1 1258 5 
77 5 1 0 1 2 549 283 0 3100 5 
77 5 1 0 1 2 183 183 0 2236 5 
77 5 1 0 1 2 216 316 0 1905 5 
77 5 1 0 1 2 116 216 0 4908 5 
77 5 1 0 1 2 183 516 1 1966 5 
77 5 1 0 1 2 482 83 0 1589 5 
77 5 1 0 1 2 249 83 0 861 5 
