Subject 92 in condition 4, using samples from subject 88
Training Condition: 1
Task: 0
Rule: [[[220, 300], [[2000, 0], [0, 9000]]], [[380, 300], [[2000, 0], [0, 9000]]]]
Noise: 0
CATA=0
CATB=1
Sample keys: 122 120
Resp keys: 309 307
Dim direction: 0 0
Dim minimum: 42 47
Test order: [5, 7, 6, 1, 2, 3, 0, 4]
92 4 1 0 0 1 273 499 0 6246 
92 4 1 0 0 1 260 414 0 3826 
92 4 1 0 0 1 218 575 0 2785 
92 4 1 0 0 1 76 93 0 3768 
92 4 1 0 0 1 375 208 1 3257 
92 4 1 0 0 1 597 154 1 4721 
92 4 1 0 0 1 0 87 0 6778 
92 4 1 0 0 1 71 599 0 3498 
92 4 1 0 0 1 563 599 1 4481 
92 4 1 0 0 1 599 12 1 6185 
92 4 1 0 0 1 37 179 0 5872 
92 4 1 0 0 1 599 426 1 1690 
92 4 1 0 0 1 81 26 0 3970 
92 4 1 0 0 1 584 24 1 1915 
92 4 1 0 0 1 190 156 0 3329 
92 4 1 0 0 1 260 146 0 1736 
92 4 1 0 0 2 549 283 1 5483 3 
92 4 1 0 0 2 116 216 0 4337 3 
92 4 1 0 0 2 183 183 1 5912 2 
92 4 1 0 0 2 249 249 0 6047 3 
92 4 1 0 0 2 349 349 1 6416 2 
92 4 1 0 0 2 116 249 0 5774 2 
92 4 1 0 0 2 416 50 1 3334 3 
92 4 1 0 0 2 482 83 1 3317 3 
92 4 1 0 0 2 50 549 0 6255 2 
92 4 1 0 0 2 83 116 0 3077 2 
92 4 1 0 0 2 116 516 1 3561 2 
92 4 1 0 0 2 416 316 0 6008 2 
92 4 1 0 0 2 183 516 0 9131 2 
92 4 1 0 0 2 549 116 1 3779 3 
92 4 1 0 0 2 216 316 0 3166 3 
92 4 1 0 0 2 316 383 0 6103 3 
92 4 1 0 0 2 316 50 0 3587 3 
92 4 1 0 0 2 116 283 0 13173 2 
92 4 1 0 0 2 449 183 0 8404 2 
92 4 1 0 0 2 183 416 1 6347 2 
92 4 1 0 0 2 216 183 0 4964 2 
92 4 1 0 0 2 183 549 1 4247 2 
92 4 1 0 0 2 416 83 1 2829 3 
92 4 1 0 0 2 449 149 1 13034 2 
92 4 1 0 0 2 383 383 1 2452 4 
92 4 1 0 0 2 183 316 0 3837 2 
92 4 1 0 0 2 449 516 1 3852 2 
92 4 1 0 0 2 283 449 0 11079 2 
92 4 1 0 0 2 249 83 0 2469 2 
92 4 1 0 0 2 316 416 0 2319 2 
92 4 1 0 0 2 449 383 1 2114 3 
92 4 1 0 0 2 482 482 1 10942 2 
92 4 1 0 0 1 99 599 0 33974 
92 4 1 0 0 1 445 540 1 3153 
92 4 1 0 0 1 276 550 0 6283 
92 4 1 0 0 1 452 182 1 2617 
92 4 1 0 0 1 14 273 0 7978 
92 4 1 0 0 1 17 26 0 1922 
92 4 1 0 0 1 587 32 1 3329 
92 4 1 0 0 1 270 550 0 7641 
92 4 1 0 0 1 207 204 0 6025 
92 4 1 0 0 1 535 379 1 4737 
92 4 1 0 0 1 264 379 0 2536 
92 4 1 0 0 1 343 377 1 2202 
92 4 1 0 0 1 176 463 0 3906 
92 4 1 0 0 1 291 0 0 4769 
92 4 1 0 0 1 370 213 1 2944 
92 4 1 0 0 1 182 208 0 1833 
92 4 1 0 0 2 249 316 0 17187 2 
92 4 1 0 0 2 249 416 0 5863 2 
92 4 1 0 0 2 183 249 0 1699 2 
92 4 1 0 0 2 216 149 0 1323 2 
92 4 1 0 0 2 516 216 1 4464 2 
92 4 1 0 0 2 249 216 1 4653 2 
92 4 1 0 0 2 149 349 0 8205 2 
92 4 1 0 0 2 149 383 0 13133 2 
92 4 1 0 0 2 549 50 1 3432 3 
92 4 1 0 0 2 116 482 0 5759 3 
92 4 1 0 0 2 316 149 1 5122 3 
92 4 1 0 0 2 50 83 0 2195 3 
92 4 1 0 0 2 50 283 0 1690 3 
92 4 1 0 0 2 549 449 1 5811 3 
92 4 1 0 0 2 383 349 0 5675 2 
92 4 1 0 0 2 516 449 1 2143 3 
92 4 1 0 0 2 149 183 1 6663 2 
92 4 1 0 0 2 383 316 1 7741 2 
92 4 1 0 0 2 349 149 0 5638 2 
92 4 1 0 0 2 516 349 1 1686 3 
92 4 1 0 0 2 516 249 1 1284 3 
92 4 1 0 0 2 283 349 0 25672 2 
92 4 1 0 0 2 383 116 1 1636 3 
92 4 1 0 0 2 316 116 0 2655 2 
92 4 1 0 0 2 249 50 0 2330 2 
92 4 1 0 0 2 349 449 1 2049 3 
92 4 1 0 0 2 482 216 1 2467 3 
92 4 1 0 0 2 549 516 1 5598 3 
92 4 1 0 0 2 149 549 1 15334 2 
92 4 1 0 0 2 482 383 1 2050 2 
92 4 1 0 0 2 116 116 0 5226 3 
92 4 1 0 0 2 116 416 0 3220 3 
92 4 1 0 0 1 114 242 0 29684 
92 4 1 0 0 1 494 226 1 4953 
92 4 1 0 0 1 155 542 0 8826 
92 4 1 0 0 1 403 530 1 1641 
92 4 1 0 0 1 200 31 0 14890 
92 4 1 0 0 1 40 400 0 2368 
92 4 1 0 0 1 298 387 0 7553 
92 4 1 0 0 1 383 385 1 1610 
92 4 1 0 0 1 548 375 1 1392 
92 4 1 0 0 1 336 141 1 2375 
92 4 1 0 0 1 296 565 0 3409 
92 4 1 0 0 1 321 130 1 4273 
92 4 1 0 0 1 288 296 0 3954 
92 4 1 0 0 1 368 193 1 6185 
92 4 1 0 0 1 530 41 1 2482 
92 4 1 0 0 1 273 5 0 9625 
92 4 1 0 0 2 116 549 1 13391 1 
92 4 1 0 0 2 482 549 1 14621 1 
92 4 1 0 0 2 316 482 0 6890 1 
92 4 1 0 0 2 50 216 0 10941 2 
92 4 1 0 0 2 349 183 0 5180 1 
92 4 1 0 0 2 50 349 0 3103 1 
92 4 1 0 0 2 349 283 0 6506 1 
92 4 1 0 0 2 316 183 0 2969 1 
92 4 1 0 0 2 116 449 0 4853 1 
92 4 1 0 0 2 50 116 0 1727 1 
92 4 1 0 0 2 50 183 0 1930 1 
92 4 1 0 0 2 216 283 0 3301 1 
92 4 1 0 0 2 549 149 1 2776 2 
92 4 1 0 0 2 83 50 0 8680 1 
92 4 1 0 0 2 349 549 1 5987 2 
92 4 1 0 0 2 549 482 1 5205 3 
92 4 1 0 0 2 149 216 0 4290 2 
92 4 1 0 0 2 349 316 0 3171 2 
92 4 1 0 0 2 349 249 0 5460 2 
92 4 1 0 0 2 549 349 1 2125 3 
92 4 1 0 0 2 116 50 0 3960 1 
92 4 1 0 0 2 383 283 0 4814 1 
92 4 1 0 0 2 249 482 1 8708 1 
92 4 1 0 0 2 516 116 1 4221 3 
92 4 1 0 0 2 83 283 0 3192 3 
92 4 1 0 0 2 482 416 1 5320 2 
92 4 1 0 0 2 482 283 1 5055 2 
92 4 1 0 0 2 283 549 1 10638 2 
92 4 1 0 0 2 50 383 0 2706 2 
92 4 1 0 0 2 183 482 0 6923 2 
92 4 1 0 0 2 249 449 0 2810 2 
92 4 1 0 0 2 449 416 1 2860 2 
92 4 1 0 0 1 195 259 0 5146 
92 4 1 0 0 1 328 378 1 9697 
92 4 1 0 0 1 301 226 1 8577 
92 4 1 0 0 1 243 515 0 5650 
92 4 1 0 0 1 298 163 0 4074 
92 4 1 0 0 1 393 564 1 3411 
92 4 1 0 0 1 339 285 1 6754 
92 4 1 0 0 1 269 366 0 3921 
92 4 1 0 0 1 426 170 1 1328 
92 4 1 0 0 1 140 279 0 1378 
92 4 1 0 0 1 277 263 0 4482 
92 4 1 0 0 1 289 128 0 1592 
92 4 1 0 0 1 375 79 1 2929 
92 4 1 0 0 1 228 220 0 1089 
92 4 1 0 0 1 352 200 1 1330 
92 4 1 0 0 1 471 0 1 1689 
92 4 1 0 0 2 416 516 1 6552 3 
92 4 1 0 0 2 183 50 0 4096 3 
92 4 1 0 0 2 349 116 0 3568 2 
92 4 1 0 0 2 216 416 0 3454 2 
92 4 1 0 0 2 183 116 0 1383 2 
92 4 1 0 0 2 482 516 1 1969 3 
92 4 1 0 0 2 516 482 1 949 3 
92 4 1 0 0 2 50 316 0 2182 3 
92 4 1 0 0 2 149 50 0 4282 3 
92 4 1 0 0 2 449 549 1 1365 3 
92 4 1 0 0 2 249 349 0 4419 3 
92 4 1 0 0 2 249 516 0 3806 3 
92 4 1 0 0 2 283 249 0 3211 3 
92 4 1 0 0 2 416 216 1 1217 3 
92 4 1 0 0 2 416 183 1 1781 3 
92 4 1 0 0 2 416 449 0 2326 3 
92 4 1 0 0 2 149 316 0 9169 2 
92 4 1 0 0 2 316 316 0 3288 2 
92 4 1 0 0 2 50 482 0 3163 3 
92 4 1 0 0 2 516 183 1 2153 3 
92 4 1 0 0 2 482 249 1 1593 3 
92 4 1 0 0 2 216 50 1 6019 2 
92 4 1 0 0 2 149 516 0 5705 2 
92 4 1 0 0 2 50 249 0 1761 3 
92 4 1 0 0 2 516 549 1 1743 3 
92 4 1 0 0 2 316 216 1 3591 2 
92 4 1 0 0 2 249 149 1 2085 2 
92 4 1 0 0 2 216 482 1 2791 2 
92 4 1 0 0 2 283 116 1 10277 2 
92 4 1 0 0 2 316 349 1 2783 2 
92 4 1 0 0 2 383 216 1 8594 2 
92 4 1 0 0 2 383 183 1 4416 2 
92 4 1 0 0 1 178 184 0 8435 
92 4 1 0 0 1 447 599 1 3898 
92 4 1 0 0 1 264 307 0 4937 
92 4 1 0 0 1 353 23 1 1617 
92 4 1 0 0 1 351 33 1 1441 
92 4 1 0 0 1 261 16 0 7841 
92 4 1 0 0 1 357 298 1 1954 
92 4 1 0 0 1 315 537 1 2033 
92 4 1 0 0 1 280 585 0 4835 
92 4 1 0 0 1 305 326 1 2248 
92 4 1 0 0 1 275 48 0 4881 
92 4 1 0 0 1 341 74 1 1682 
92 4 1 0 0 1 313 145 1 2136 
92 4 1 0 0 1 286 414 0 2546 
92 4 1 0 0 1 338 515 1 6850 
92 4 1 0 0 1 336 233 1 3402 
92 4 1 0 0 2 449 449 1 4351 3 
92 4 1 0 0 2 316 283 0 6894 2 
92 4 1 0 0 2 349 516 1 3597 2 
92 4 1 0 0 2 482 50 1 2503 2 
92 4 1 0 0 2 449 116 1 5582 2 
92 4 1 0 0 2 482 149 0 8563 2 
92 4 1 0 0 2 216 449 0 4009 2 
92 4 1 0 0 2 416 249 1 4164 2 
92 4 1 0 0 2 549 383 1 2814 2 
92 4 1 0 0 2 183 383 0 3088 2 
92 4 1 0 0 2 416 482 1 2266 2 
92 4 1 0 0 2 183 349 0 2135 2 
92 4 1 0 0 2 516 383 1 4994 2 
92 4 1 0 0 2 83 149 0 4526 3 
92 4 1 0 0 2 216 349 0 6239 2 
92 4 1 0 0 2 249 183 0 4131 2 
92 4 1 0 0 2 116 316 0 2021 2 
92 4 1 0 0 2 283 216 0 4406 2 
92 4 1 0 0 2 449 83 1 4983 2 
92 4 1 0 0 2 549 316 1 2939 2 
92 4 1 0 0 2 83 349 0 1641 2 
92 4 1 0 0 2 283 383 0 3416 2 
92 4 1 0 0 2 149 249 0 1616 2 
92 4 1 0 0 2 149 116 0 6744 2 
92 4 1 0 0 2 383 83 1 2784 2 
92 4 1 0 0 2 50 149 0 8810 2 
92 4 1 0 0 2 83 83 0 3723 2 
92 4 1 0 0 2 416 349 1 4514 2 
92 4 1 0 0 2 349 83 1 12554 2 
92 4 1 0 0 2 83 449 0 3902 2 
92 4 1 0 0 2 149 83 0 17850 2 
92 4 1 0 0 2 349 383 0 6439 2 
92 4 1 0 0 1 341 182 1 18086 
92 4 1 0 0 1 286 515 0 31074 
92 4 1 0 0 1 295 488 0 4898 
92 4 1 0 0 1 354 46 1 2698 
92 4 1 0 0 1 314 266 1 12217 
92 4 1 0 0 1 312 4 1 2443 
92 4 1 0 0 1 278 48 0 2721 
92 4 1 0 0 1 289 391 0 3177 
92 4 1 0 0 1 320 145 1 3266 
92 4 1 0 0 1 310 349 1 3651 
92 4 1 0 0 1 300 462 1 1410 
92 4 1 0 0 1 322 19 1 1858 
92 4 1 0 0 1 309 348 1 1331 
92 4 1 0 0 1 295 90 0 5138 
92 4 1 0 0 1 338 517 1 7072 
92 4 1 0 0 1 281 517 0 9913 
92 4 1 0 0 2 383 516 0 11573 2 
92 4 1 0 0 2 383 50 0 10598 2 
92 4 1 0 0 2 283 482 0 6279 2 
92 4 1 0 0 2 482 349 1 2840 1 
92 4 1 0 0 2 249 549 0 15179 1 
92 4 1 0 0 2 116 383 1 9001 1 
92 4 1 0 0 2 183 83 0 5210 1 
92 4 1 0 0 2 383 416 1 1754 1 
92 4 1 0 0 2 549 183 1 1963 1 
92 4 1 0 0 2 449 50 0 4046 1 
92 4 1 0 0 2 83 183 0 2490 1 
92 4 1 0 0 2 383 149 1 19689 1 
92 4 1 0 0 2 349 216 0 4649 1 
92 4 1 0 0 2 549 83 1 1209 2 
92 4 1 0 0 2 216 83 0 5088 2 
92 4 1 0 0 2 283 83 1 4766 1 
92 4 1 0 0 2 183 449 0 2527 1 
92 4 1 0 0 2 383 449 1 1356 1 
92 4 1 0 0 2 149 283 0 1177 1 
92 4 1 0 0 2 349 482 1 5056 1 
92 4 1 0 0 2 283 416 0 4560 1 
92 4 1 0 0 2 549 416 1 1358 1 
92 4 1 0 0 2 449 216 1 4542 1 
92 4 1 0 0 2 149 149 0 3002 1 
92 4 1 0 0 2 50 416 0 1321 1 
92 4 1 0 0 2 449 316 1 5459 1 
92 4 1 0 0 2 50 516 0 7849 1 
92 4 1 0 0 2 50 50 0 3220 1 
92 4 1 0 0 2 149 482 1 1944 1 
92 4 1 0 0 2 516 149 1 2011 1 
92 4 1 0 0 2 283 149 0 2949 1 
92 4 1 0 0 2 316 449 0 3208 1 
92 4 1 0 0 1 338 132 1 22718 
92 4 1 0 0 1 289 568 0 12097 
92 4 1 0 0 1 292 245 0 4216 
92 4 1 0 0 1 316 539 1 7625 
92 4 1 0 0 1 309 321 1 5522 
92 4 1 0 0 1 315 527 1 1857 
92 4 1 0 0 1 304 226 1 1347 
92 4 1 0 0 1 323 19 1 1378 
92 4 1 0 0 1 334 63 1 1169 
92 4 1 0 0 1 288 470 0 2114 
92 4 1 0 0 1 138 522 0 1643 
92 4 1 0 0 1 390 536 1 1554 
92 4 1 0 0 1 308 295 1 1305 
92 4 1 0 0 1 294 362 0 2545 
92 4 1 0 0 1 326 302 1 3946 
92 4 1 0 0 1 282 142 0 1728 
92 4 1 0 0 2 316 249 0 7535 1 
92 4 1 0 0 2 50 449 1 2707 1 
92 4 1 0 0 2 449 349 1 9113 1 
92 4 1 0 0 2 482 449 1 1956 1 
92 4 1 0 0 2 416 416 0 2169 1 
92 4 1 0 0 2 183 283 1 2230 1 
92 4 1 0 0 2 482 116 1 6519 1 
92 4 1 0 0 2 183 216 0 3911 1 
92 4 1 0 0 2 116 149 0 7076 1 
92 4 1 0 0 2 83 516 1 5726 1 
92 4 1 0 0 2 383 549 1 1588 1 
92 4 1 0 0 2 416 116 0 1882 1 
92 4 1 0 0 2 416 149 0 867 1 
92 4 1 0 0 2 249 116 0 2523 1 
92 4 1 0 0 2 482 316 1 913 1 
92 4 1 0 0 2 83 482 0 4414 1 
92 4 1 0 0 2 216 383 0 1783 1 
92 4 1 0 0 2 83 549 1 1691 1 
92 4 1 0 0 2 316 549 1 2022 1 
92 4 1 0 0 2 516 283 1 2070 1 
92 4 1 0 0 2 316 516 1 1990 1 
92 4 1 0 0 2 283 183 0 2126 1 
92 4 1 0 0 2 83 316 0 890 1 
92 4 1 0 0 2 83 416 0 2368 1 
92 4 1 0 0 2 349 416 0 3056 1 
92 4 1 0 0 2 516 50 1 1521 1 
92 4 1 0 0 2 549 216 1 1503 1 
92 4 1 0 0 2 482 183 1 1627 1 
92 4 1 0 0 2 283 50 0 4031 1 
92 4 1 0 0 2 249 283 0 3804 1 
92 4 1 0 0 2 116 83 0 3941 1 
92 4 1 0 0 2 216 549 0 4060 1 
92 4 1 0 0 1 288 161 0 7133 
92 4 1 0 0 1 311 125 1 4744 
92 4 1 0 0 1 279 100 0 2794 
92 4 1 0 0 1 320 94 1 2200 
92 4 1 0 0 1 309 503 1 10392 
92 4 1 0 0 1 298 542 0 4818 
92 4 1 0 0 1 301 232 1 3946 
92 4 1 0 0 1 530 481 1 1369 
92 4 1 0 0 1 315 574 1 5170 
92 4 1 0 0 1 309 310 1 1626 
92 4 1 0 0 1 324 387 1 1266 
92 4 1 0 0 1 345 487 1 1104 
92 4 1 0 0 1 313 99 1 1585 
92 4 1 0 0 1 311 156 1 1385 
92 4 1 0 0 1 272 407 0 3209 
92 4 1 0 0 1 401 392 1 1935 
92 4 1 0 0 2 516 83 1 3418 2 
92 4 1 0 0 2 116 183 0 3741 1 
92 4 1 0 0 2 316 83 1 3747 1 
92 4 1 0 0 2 183 149 0 1866 1 
92 4 1 0 0 2 516 316 1 3167 1 
92 4 1 0 0 2 83 383 0 5721 1 
92 4 1 0 0 2 516 416 0 3860 1 
92 4 1 0 0 2 383 482 1 1727 1 
92 4 1 0 0 2 416 283 1 1763 1 
92 4 1 0 0 2 149 416 0 843 1 
92 4 1 0 0 2 449 283 1 2460 1 
92 4 1 0 0 2 149 449 1 5464 1 
92 4 1 0 0 2 283 516 1 891 1 
92 4 1 0 0 2 383 249 1 3206 1 
92 4 1 0 0 2 283 316 0 6960 1 
92 4 1 0 0 2 116 349 0 949 1 
92 4 1 0 0 2 249 383 0 5054 1 
92 4 1 0 0 2 449 249 1 1405 1 
92 4 1 0 0 2 549 549 1 2874 1 
92 4 1 0 0 2 449 482 1 2231 1 
92 4 1 0 0 2 83 249 0 1172 1 
92 4 1 0 0 2 216 116 0 5008 1 
92 4 1 0 0 2 283 283 1 2419 1 
92 4 1 0 0 2 216 216 0 3021 1 
92 4 1 0 0 2 83 216 0 812 1 
92 4 1 0 0 2 516 516 1 1614 1 
92 4 1 0 0 2 216 516 1 4995 1 
92 4 1 0 0 2 416 383 1 9656 2 
92 4 1 0 0 2 416 549 0 3783 2 
92 4 1 0 0 2 216 249 0 6062 2 
92 4 1 0 0 2 349 50 1 3513 2 
92 4 1 0 0 2 549 249 1 1133 2 
