Subject 109 in condition 5, using samples from subject 105
Training Condition: 1
Task: 0
Rule: [[[300, 220], [[9000, 0], [0, 2000]]], [[300, 380], [[9000, 0], [0, 2000]]]]
Noise: 0
CATA=1
CATB=0
Sample keys: 122 120
Resp keys: 307 309
Dim direction: 1 0
Dim minimum: 84 50
Test order: [6, 4, 2, 1, 7, 5, 0, 3]
109 5 1 0 1 1 575 187 0 2310 
109 5 1 0 1 1 231 189 0 1256 
109 5 1 0 1 1 247 79 0 1313 
109 5 1 0 1 1 354 548 1 1041 
109 5 1 0 1 1 469 463 1 937 
109 5 1 0 1 1 487 0 0 1033 
109 5 1 0 1 1 0 584 1 1169 
109 5 1 0 1 1 0 187 0 1336 
109 5 1 0 1 1 0 547 1 1136 
109 5 1 0 1 1 595 550 1 1432 
109 5 1 0 1 1 599 411 1 1368 
109 5 1 0 1 1 105 405 1 1105 
109 5 1 0 1 1 599 330 1 1120 
109 5 1 0 1 1 73 252 0 1640 
109 5 1 0 1 1 577 0 0 1288 
109 5 1 0 1 1 181 545 1 1207 
109 5 1 0 1 2 116 50 0 4618 3 
109 5 1 0 1 2 383 283 1 4278 3 
109 5 1 0 1 2 549 482 1 4059 3 
109 5 1 0 1 2 349 549 0 5897 3 
109 5 1 0 1 2 516 116 1 2640 3 
109 5 1 0 1 2 50 383 0 4891 3 
109 5 1 0 1 2 50 183 0 2588 3 
109 5 1 0 1 2 83 283 0 2752 3 
109 5 1 0 1 2 482 549 1 4309 3 
109 5 1 0 1 2 316 482 1 3274 3 
109 5 1 0 1 2 316 183 1 2957 3 
109 5 1 0 1 2 116 449 0 1574 3 
109 5 1 0 1 2 549 349 1 2238 3 
109 5 1 0 1 2 249 482 1 2283 3 
109 5 1 0 1 2 482 283 1 2297 3 
109 5 1 0 1 2 83 50 0 1728 3 
109 5 1 0 1 2 549 149 1 2607 3 
109 5 1 0 1 2 449 416 1 3262 3 
109 5 1 0 1 2 183 482 1 4197 3 
109 5 1 0 1 2 349 249 1 1500 3 
109 5 1 0 1 2 349 183 1 2016 3 
109 5 1 0 1 2 116 549 0 1508 3 
109 5 1 0 1 2 216 283 0 1274 3 
109 5 1 0 1 2 50 116 0 1039 3 
109 5 1 0 1 2 50 216 0 3357 3 
109 5 1 0 1 2 50 349 0 1648 3 
109 5 1 0 1 2 149 216 1 1726 3 
109 5 1 0 1 2 349 316 1 1664 3 
109 5 1 0 1 2 249 449 1 1515 3 
109 5 1 0 1 2 482 416 1 1060 3 
109 5 1 0 1 2 283 549 1 2020 3 
109 5 1 0 1 2 349 283 1 1143 3 
109 5 1 0 1 1 599 189 0 1380 
109 5 1 0 1 1 599 548 1 1777 
109 5 1 0 1 1 0 185 0 1944 
109 5 1 0 1 1 58 0 0 1817 
109 5 1 0 1 1 578 599 1 1609 
109 5 1 0 1 1 599 328 1 1647 
109 5 1 0 1 1 541 280 0 1368 
109 5 1 0 1 1 205 327 1 2135 
109 5 1 0 1 1 0 190 0 1153 
109 5 1 0 1 1 311 437 1 1242 
109 5 1 0 1 1 533 599 1 928 
109 5 1 0 1 1 599 0 0 1856 
109 5 1 0 1 1 599 369 1 1344 
109 5 1 0 1 1 419 311 1 1330 
109 5 1 0 1 1 262 288 0 1394 
109 5 1 0 1 1 172 548 1 1129 
109 5 1 0 1 2 149 416 1 3245 4 
109 5 1 0 1 2 383 249 0 2693 2 
109 5 1 0 1 2 116 349 1 3542 3 
109 5 1 0 1 2 283 316 0 2832 4 
109 5 1 0 1 2 249 383 1 2501 4 
109 5 1 0 1 2 383 482 1 1729 3 
109 5 1 0 1 2 516 516 1 3116 3 
109 5 1 0 1 2 516 83 0 1867 4 
109 5 1 0 1 2 283 516 1 1768 3 
109 5 1 0 1 2 216 116 0 2490 4 
109 5 1 0 1 2 516 316 0 4261 2 
109 5 1 0 1 2 549 249 0 1381 2 
109 5 1 0 1 2 83 249 0 1634 2 
109 5 1 0 1 2 83 216 0 1037 2 
109 5 1 0 1 2 516 416 1 1260 3 
109 5 1 0 1 2 549 549 1 4038 4 
109 5 1 0 1 2 349 50 0 1450 3 
109 5 1 0 1 2 149 449 1 1278 3 
109 5 1 0 1 2 216 216 0 1803 3 
109 5 1 0 1 2 216 516 1 1179 3 
109 5 1 0 1 2 116 183 0 2478 3 
109 5 1 0 1 2 183 149 0 1216 3 
109 5 1 0 1 2 283 283 0 1756 3 
109 5 1 0 1 2 449 482 1 1084 3 
109 5 1 0 1 2 416 549 1 1046 3 
109 5 1 0 1 2 83 383 1 1112 3 
109 5 1 0 1 2 416 283 0 1560 3 
109 5 1 0 1 2 449 249 0 1159 3 
109 5 1 0 1 2 416 383 1 1037 3 
109 5 1 0 1 2 449 283 0 1622 3 
109 5 1 0 1 2 216 249 0 1100 3 
109 5 1 0 1 2 316 83 0 1230 3 
109 5 1 0 1 1 599 590 1 1734 
109 5 1 0 1 1 0 42 0 2231 
109 5 1 0 1 1 599 0 0 1369 
109 5 1 0 1 1 599 315 1 2353 
109 5 1 0 1 1 577 286 0 1839 
109 5 1 0 1 1 506 591 1 1513 
109 5 1 0 1 1 91 472 1 1193 
109 5 1 0 1 1 225 0 0 1768 
109 5 1 0 1 1 598 358 1 3832 
109 5 1 0 1 1 0 199 0 3520 
109 5 1 0 1 1 107 292 0 929 
109 5 1 0 1 1 599 312 1 2152 
109 5 1 0 1 1 101 290 0 3185 
109 5 1 0 1 1 491 106 0 1960 
109 5 1 0 1 1 0 392 1 3295 
109 5 1 0 1 1 599 150 0 1177 
109 5 1 0 1 2 249 183 0 4775 5 
109 5 1 0 1 2 283 216 0 1747 5 
109 5 1 0 1 2 449 116 0 1320 5 
109 5 1 0 1 2 283 383 1 2357 5 
109 5 1 0 1 2 50 149 0 1222 5 
109 5 1 0 1 2 216 349 1 4690 3 
109 5 1 0 1 2 216 449 1 2805 5 
109 5 1 0 1 2 83 449 1 2942 5 
109 5 1 0 1 2 316 283 0 10050 3 
109 5 1 0 1 2 416 349 1 2376 3 
109 5 1 0 1 2 482 149 0 1897 3 
109 5 1 0 1 2 416 249 0 1246 3 
109 5 1 0 1 2 449 83 0 1316 3 
109 5 1 0 1 2 549 383 1 1315 3 
109 5 1 0 1 2 183 349 1 1776 3 
109 5 1 0 1 2 149 116 0 1068 3 
109 5 1 0 1 2 83 83 0 3102 4 
109 5 1 0 1 2 83 349 1 4815 4 
109 5 1 0 1 2 416 482 1 1325 4 
109 5 1 0 1 2 183 383 1 1406 4 
109 5 1 0 1 2 516 383 1 979 4 
109 5 1 0 1 2 349 83 0 1266 4 
109 5 1 0 1 2 349 516 1 1193 4 
109 5 1 0 1 2 349 383 1 1170 4 
109 5 1 0 1 2 549 316 1 1684 4 
109 5 1 0 1 2 149 249 0 1531 4 
109 5 1 0 1 2 449 449 1 1284 4 
109 5 1 0 1 2 83 149 0 1307 4 
109 5 1 0 1 2 116 316 1 2924 4 
109 5 1 0 1 2 482 50 0 1642 4 
109 5 1 0 1 2 149 83 0 1161 4 
109 5 1 0 1 2 383 83 0 1482 4 
109 5 1 0 1 1 156 287 0 4707 
109 5 1 0 1 1 582 367 1 1833 
109 5 1 0 1 1 0 519 1 1120 
109 5 1 0 1 1 599 177 0 1081 
109 5 1 0 1 1 0 1 0 1415 
109 5 1 0 1 1 599 224 0 1664 
109 5 1 0 1 1 32 194 0 984 
109 5 1 0 1 1 95 599 1 1056 
109 5 1 0 1 1 0 504 1 831 
109 5 1 0 1 1 518 599 1 1192 
109 5 1 0 1 1 9 313 1 9423 
109 5 1 0 1 1 158 599 1 1944 
109 5 1 0 1 1 0 238 0 2129 
109 5 1 0 1 1 595 599 1 1321 
109 5 1 0 1 1 515 3 0 1503 
109 5 1 0 1 1 0 599 1 1696 
109 5 1 0 1 2 516 549 1 3967 5 
109 5 1 0 1 2 50 482 1 1199 5 
109 5 1 0 1 2 383 216 0 1542 4 
109 5 1 0 1 2 216 416 1 1907 5 
109 5 1 0 1 2 516 183 0 2396 5 
109 5 1 0 1 2 249 516 1 1271 5 
109 5 1 0 1 2 316 349 1 6236 3 
109 5 1 0 1 2 416 449 1 1471 5 
109 5 1 0 1 2 183 50 0 1458 5 
109 5 1 0 1 2 449 549 1 1233 5 
109 5 1 0 1 2 283 116 0 1504 5 
109 5 1 0 1 2 216 482 1 1494 5 
109 5 1 0 1 2 516 482 1 1558 5 
109 5 1 0 1 2 283 249 0 1204 5 
109 5 1 0 1 2 482 249 0 1331 5 
109 5 1 0 1 2 149 50 0 1991 5 
109 5 1 0 1 2 349 116 0 1182 5 
109 5 1 0 1 2 249 149 0 1262 5 
109 5 1 0 1 2 316 216 0 968 5 
109 5 1 0 1 2 383 183 0 1106 5 
109 5 1 0 1 2 416 183 0 942 5 
109 5 1 0 1 2 249 349 1 2150 5 
109 5 1 0 1 2 149 516 1 1342 5 
109 5 1 0 1 2 216 50 0 1467 5 
109 5 1 0 1 2 482 516 1 1262 5 
109 5 1 0 1 2 316 316 0 14133 3 
109 5 1 0 1 2 149 316 0 5997 3 
109 5 1 0 1 2 416 516 1 1313 3 
109 5 1 0 1 2 183 116 0 1431 3 
109 5 1 0 1 2 416 216 0 1171 3 
109 5 1 0 1 2 50 316 0 5411 3 
109 5 1 0 1 2 50 249 0 1144 3 
109 5 1 0 1 1 599 301 1 3283 
109 5 1 0 1 1 581 278 0 1897 
109 5 1 0 1 1 431 327 1 1185 
109 5 1 0 1 1 170 287 0 969 
109 5 1 0 1 1 202 318 1 2537 
109 5 1 0 1 1 294 302 1 1793 
109 5 1 0 1 1 254 307 1 1250 
109 5 1 0 1 1 26 289 0 2065 
109 5 1 0 1 1 174 298 0 1456 
109 5 1 0 1 1 67 392 1 823 
109 5 1 0 1 1 238 173 0 777 
109 5 1 0 1 1 343 417 1 777 
109 5 1 0 1 1 500 311 1 863 
109 5 1 0 1 1 96 294 0 2984 
109 5 1 0 1 1 550 223 0 1113 
109 5 1 0 1 1 31 599 1 849 
109 5 1 0 1 2 149 549 1 2468 5 
109 5 1 0 1 2 549 516 1 2097 5 
109 5 1 0 1 2 149 383 1 1889 5 
109 5 1 0 1 2 283 349 1 1545 5 
109 5 1 0 1 2 183 249 0 1666 5 
109 5 1 0 1 2 216 149 0 1663 5 
109 5 1 0 1 2 316 149 0 939 5 
109 5 1 0 1 2 50 283 0 1780 5 
109 5 1 0 1 2 482 383 1 1553 5 
109 5 1 0 1 2 50 83 0 1701 5 
109 5 1 0 1 2 249 50 0 2320 5 
109 5 1 0 1 2 149 349 1 1387 5 
109 5 1 0 1 2 316 116 0 1107 5 
109 5 1 0 1 2 249 416 1 1214 5 
109 5 1 0 1 2 516 249 0 1894 5 
109 5 1 0 1 2 349 449 1 1034 5 
109 5 1 0 1 2 149 183 0 2608 5 
109 5 1 0 1 2 116 482 1 1662 5 
109 5 1 0 1 2 349 149 0 1909 5 
109 5 1 0 1 2 516 349 1 2424 5 
109 5 1 0 1 2 249 216 0 1227 5 
109 5 1 0 1 2 383 349 1 1777 5 
109 5 1 0 1 2 383 316 0 1977 5 
109 5 1 0 1 2 116 416 1 1290 5 
109 5 1 0 1 2 549 449 1 2262 5 
109 5 1 0 1 2 482 216 0 1076 5 
109 5 1 0 1 2 249 316 1 3142 5 
109 5 1 0 1 2 549 50 0 1678 5 
109 5 1 0 1 2 516 449 1 1498 5 
109 5 1 0 1 2 116 116 0 1076 5 
109 5 1 0 1 2 516 216 0 1730 5 
109 5 1 0 1 2 383 116 0 1079 5 
109 5 1 0 1 1 440 311 1 7580 
109 5 1 0 1 1 519 296 0 2040 
109 5 1 0 1 1 599 0 0 1848 
109 5 1 0 1 1 500 599 1 1607 
109 5 1 0 1 1 231 184 0 743 
109 5 1 0 1 1 599 333 1 1537 
109 5 1 0 1 1 599 0 0 1530 
109 5 1 0 1 1 552 360 1 1033 
109 5 1 0 1 1 538 314 1 2856 
109 5 1 0 1 1 55 287 0 1778 
109 5 1 0 1 1 355 273 0 897 
109 5 1 0 1 1 599 101 0 1073 
109 5 1 0 1 1 0 599 1 1169 
109 5 1 0 1 1 0 524 1 810 
109 5 1 0 1 1 599 235 0 4329 
109 5 1 0 1 1 303 595 1 1313 
109 5 1 0 1 2 249 83 0 2261 5 
109 5 1 0 1 2 416 50 0 1433 5 
109 5 1 0 1 2 116 216 0 5803 5 
109 5 1 0 1 2 83 116 0 1390 5 
109 5 1 0 1 2 183 316 0 4231 5 
109 5 1 0 1 2 316 50 0 1118 5 
109 5 1 0 1 2 183 549 1 1133 5 
109 5 1 0 1 2 116 283 0 2782 5 
109 5 1 0 1 2 416 83 0 1091 5 
109 5 1 0 1 2 416 316 0 1201 5 
109 5 1 0 1 2 482 83 0 1082 5 
109 5 1 0 1 2 283 449 1 1178 5 
109 5 1 0 1 2 316 383 1 1127 5 
109 5 1 0 1 2 183 416 1 1133 5 
109 5 1 0 1 2 116 516 1 940 5 
109 5 1 0 1 2 349 349 1 1551 5 
109 5 1 0 1 2 216 183 0 1050 5 
109 5 1 0 1 2 482 482 1 1329 5 
109 5 1 0 1 2 249 249 0 1680 5 
109 5 1 0 1 2 316 416 1 1406 5 
109 5 1 0 1 2 449 383 1 1032 5 
109 5 1 0 1 2 116 249 0 1262 5 
109 5 1 0 1 2 383 383 1 1438 5 
109 5 1 0 1 2 216 316 0 3663 5 
109 5 1 0 1 2 549 283 0 980 5 
109 5 1 0 1 2 449 183 0 929 5 
109 5 1 0 1 2 183 183 0 1655 5 
109 5 1 0 1 2 183 516 1 1076 5 
109 5 1 0 1 2 549 116 0 1104 5 
109 5 1 0 1 2 50 549 1 2098 5 
109 5 1 0 1 2 449 149 0 1647 5 
109 5 1 0 1 2 449 516 1 1071 5 
109 5 1 0 1 1 599 384 1 1869 
109 5 1 0 1 1 599 20 0 1087 
109 5 1 0 1 1 598 62 0 887 
109 5 1 0 1 1 355 224 0 1063 
109 5 1 0 1 1 289 6 0 865 
109 5 1 0 1 1 357 27 0 1072 
109 5 1 0 1 1 367 287 0 1936 
109 5 1 0 1 1 381 111 0 664 
109 5 1 0 1 1 467 441 1 888 
109 5 1 0 1 1 311 128 0 832 
109 5 1 0 1 1 0 54 0 1176 
109 5 1 0 1 1 397 9 0 817 
109 5 1 0 1 1 327 384 1 1975 
109 5 1 0 1 1 194 112 0 1024 
109 5 1 0 1 1 328 239 0 2977 
109 5 1 0 1 1 316 124 0 5648 
109 5 1 0 1 2 516 283 0 4732 4 
109 5 1 0 1 2 482 116 0 1798 4 
109 5 1 0 1 2 116 83 0 1213 4 
109 5 1 0 1 2 216 383 1 1171 4 
109 5 1 0 1 2 416 149 0 923 4 
109 5 1 0 1 2 83 482 1 2207 5 
109 5 1 0 1 2 183 216 0 1326 5 
109 5 1 0 1 2 549 216 0 4366 5 
109 5 1 0 1 2 83 416 1 3223 5 
109 5 1 0 1 2 349 416 1 3108 5 
109 5 1 0 1 2 482 183 0 4688 5 
109 5 1 0 1 2 316 249 0 1281 5 
109 5 1 0 1 2 316 549 1 1236 5 
109 5 1 0 1 2 316 516 1 1152 5 
109 5 1 0 1 2 482 316 0 5300 3 
109 5 1 0 1 2 116 149 0 1521 5 
109 5 1 0 1 2 383 549 1 1457 5 
109 5 1 0 1 2 50 449 1 1195 5 
109 5 1 0 1 2 416 116 0 2586 5 
109 5 1 0 1 2 482 449 1 1290 5 
109 5 1 0 1 2 416 416 1 3067 4 
109 5 1 0 1 2 216 549 1 1449 5 
109 5 1 0 1 2 283 50 0 3520 4 
109 5 1 0 1 2 83 516 1 3864 5 
109 5 1 0 1 2 249 116 0 1255 5 
109 5 1 0 1 2 283 183 0 5453 5 
109 5 1 0 1 2 83 549 1 1193 5 
109 5 1 0 1 2 249 283 0 2968 3 
109 5 1 0 1 2 183 283 0 1065 3 
109 5 1 0 1 2 516 50 0 2380 3 
109 5 1 0 1 2 83 316 0 5342 3 
109 5 1 0 1 2 449 349 1 1976 3 
109 5 1 0 1 1 203 339 1 2716 
109 5 1 0 1 1 370 0 0 1345 
109 5 1 0 1 1 246 599 1 3536 
109 5 1 0 1 1 164 521 1 713 
109 5 1 0 1 1 253 599 1 769 
109 5 1 0 1 1 485 80 0 1840 
109 5 1 0 1 1 368 275 0 1240 
109 5 1 0 1 1 193 329 1 2416 
109 5 1 0 1 1 376 580 1 1266 
109 5 1 0 1 1 28 473 1 1616 
109 5 1 0 1 1 358 599 1 1337 
109 5 1 0 1 1 133 147 0 2152 
109 5 1 0 1 1 372 428 1 1392 
109 5 1 0 1 1 240 339 1 2049 
109 5 1 0 1 1 26 63 0 1008 
109 5 1 0 1 1 208 235 0 896 
109 5 1 0 1 2 516 149 0 3136 5 
109 5 1 0 1 2 249 549 1 2015 5 
109 5 1 0 1 2 283 149 0 1785 5 
109 5 1 0 1 2 283 416 1 1978 5 
109 5 1 0 1 2 549 183 0 1598 5 
109 5 1 0 1 2 349 216 0 1333 5 
109 5 1 0 1 2 216 83 0 1146 5 
109 5 1 0 1 2 149 283 0 3170 4 
109 5 1 0 1 2 183 449 1 1835 5 
109 5 1 0 1 2 149 149 0 1310 5 
109 5 1 0 1 2 482 349 1 5869 3 
109 5 1 0 1 2 383 50 0 1170 5 
109 5 1 0 1 2 183 83 0 1239 5 
109 5 1 0 1 2 283 83 0 1096 5 
109 5 1 0 1 2 50 516 1 1269 5 
109 5 1 0 1 2 449 316 0 3960 5 
109 5 1 0 1 2 549 416 1 1184 5 
109 5 1 0 1 2 383 149 0 2331 5 
109 5 1 0 1 2 50 416 1 1835 5 
109 5 1 0 1 2 449 216 0 1189 5 
109 5 1 0 1 2 349 482 1 1138 5 
109 5 1 0 1 2 50 50 0 2189 5 
109 5 1 0 1 2 283 482 1 1596 5 
109 5 1 0 1 2 83 183 0 1086 5 
109 5 1 0 1 2 549 83 0 1343 5 
109 5 1 0 1 2 383 449 1 1137 5 
109 5 1 0 1 2 149 482 1 1108 5 
109 5 1 0 1 2 116 383 1 2833 5 
109 5 1 0 1 2 383 416 1 1115 5 
109 5 1 0 1 2 383 516 1 1036 5 
109 5 1 0 1 2 449 50 0 2415 5 
109 5 1 0 1 2 316 449 1 1081 5 
