Subject 13 in condition 5, using samples from subject 9
Training Condition: 1
Task: 0
Rule: [[[300, 220], [[9000, 0], [0, 2000]]], [[300, 380], [[9000, 0], [0, 2000]]]]
Noise: 0
CATA=0
CATB=1
Sample keys: 122 120
Resp keys: 307 309
Dim direction: 1 0
Dim minimum: 22 43
Test order: [0, 7, 4, 2, 6, 1, 3, 5]
13 5 1 0 1 1 127 8 0 12246 
13 5 1 0 1 1 26 420 1 8152 
13 5 1 0 1 1 599 406 1 5873 
13 5 1 0 1 1 0 328 1 4505 
13 5 1 0 1 1 599 35 0 4153 
13 5 1 0 1 1 0 0 0 2504 
13 5 1 0 1 1 377 206 0 6528 
13 5 1 0 1 1 560 303 1 3264 
13 5 1 0 1 1 0 116 0 2121 
13 5 1 0 1 1 465 552 1 4354 
13 5 1 0 1 1 300 599 1 6434 
13 5 1 0 1 1 269 69 0 6801 
13 5 1 0 1 1 308 311 1 2337 
13 5 1 0 1 1 118 521 1 2250 
13 5 1 0 1 1 508 0 0 1352 
13 5 1 0 1 1 563 572 1 2832 
13 5 1 0 1 2 449 349 1 4283 5 
13 5 1 0 1 2 482 449 1 3037 5 
13 5 1 0 1 2 316 516 1 2460 5 
13 5 1 0 1 2 516 50 0 3309 5 
13 5 1 0 1 2 83 416 1 2670 5 
13 5 1 0 1 2 116 83 0 3297 5 
13 5 1 0 1 2 316 549 1 2046 5 
13 5 1 0 1 2 183 216 0 11168 3 
13 5 1 0 1 2 416 149 0 3724 5 
13 5 1 0 1 2 83 482 1 2950 5 
13 5 1 0 1 2 482 316 1 1857 5 
13 5 1 0 1 2 549 216 1 6211 3 
13 5 1 0 1 2 283 50 0 2262 5 
13 5 1 0 1 2 83 549 1 2619 5 
13 5 1 0 1 2 249 283 1 1711 5 
13 5 1 0 1 2 50 449 1 2701 5 
13 5 1 0 1 2 83 516 1 1845 5 
13 5 1 0 1 2 316 249 1 1562 5 
13 5 1 0 1 2 249 116 0 2204 5 
13 5 1 0 1 2 349 416 1 1100 5 
13 5 1 0 1 2 183 283 1 1070 5 
13 5 1 0 1 2 416 416 1 767 5 
13 5 1 0 1 2 216 383 1 604 5 
13 5 1 0 1 2 283 183 0 1950 5 
13 5 1 0 1 2 83 316 1 2646 5 
13 5 1 0 1 2 216 549 1 850 5 
13 5 1 0 1 2 482 183 0 1670 5 
13 5 1 0 1 2 116 149 0 3114 3 
13 5 1 0 1 2 516 283 1 2145 5 
13 5 1 0 1 2 383 549 1 1658 4 
13 5 1 0 1 2 416 116 0 3868 5 
13 5 1 0 1 2 482 116 0 845 5 
13 5 1 0 1 1 219 481 1 10773 
13 5 1 0 1 1 261 0 0 3527 
13 5 1 0 1 1 37 423 1 7105 
13 5 1 0 1 1 0 75 0 4290 
13 5 1 0 1 1 489 212 0 6633 
13 5 1 0 1 1 599 264 0 3585 
13 5 1 0 1 1 592 3 0 5824 
13 5 1 0 1 1 16 384 1 3263 
13 5 1 0 1 1 0 63 0 1088 
13 5 1 0 1 1 50 75 0 2650 
13 5 1 0 1 1 522 320 1 3562 
13 5 1 0 1 1 599 404 1 6096 
13 5 1 0 1 1 573 49 0 9746 
13 5 1 0 1 1 0 416 1 1105 
13 5 1 0 1 1 0 15 0 904 
13 5 1 0 1 1 307 208 0 2121 
13 5 1 0 1 2 349 449 1 4229 5 
13 5 1 0 1 2 383 349 1 2187 5 
13 5 1 0 1 2 249 50 0 1144 5 
13 5 1 0 1 2 249 416 1 964 5 
13 5 1 0 1 2 116 116 0 1125 5 
13 5 1 0 1 2 50 283 1 4997 5 
13 5 1 0 1 2 249 216 0 2536 5 
13 5 1 0 1 2 149 549 1 4596 5 
13 5 1 0 1 2 50 83 0 1681 5 
13 5 1 0 1 2 216 149 0 1845 5 
13 5 1 0 1 2 116 482 1 1354 5 
13 5 1 0 1 2 383 116 0 2032 5 
13 5 1 0 1 2 549 516 1 1586 5 
13 5 1 0 1 2 549 50 0 1203 5 
13 5 1 0 1 2 482 383 1 1241 5 
13 5 1 0 1 2 149 183 0 5354 5 
13 5 1 0 1 2 549 449 1 1916 5 
13 5 1 0 1 2 283 349 1 1061 5 
13 5 1 0 1 2 316 149 0 7601 4 
13 5 1 0 1 2 349 149 0 1514 4 
13 5 1 0 1 2 482 216 0 1487 4 
13 5 1 0 1 2 249 316 1 2281 4 
13 5 1 0 1 2 516 349 1 1934 4 
13 5 1 0 1 2 516 449 1 3205 4 
13 5 1 0 1 2 149 349 1 911 4 
13 5 1 0 1 2 183 249 1 3359 5 
13 5 1 0 1 2 516 249 1 9708 4 
13 5 1 0 1 2 516 216 0 1671 5 
13 5 1 0 1 2 149 383 1 2189 5 
13 5 1 0 1 2 316 116 0 1630 5 
13 5 1 0 1 2 383 316 1 1226 5 
13 5 1 0 1 2 116 416 1 975 5 
13 5 1 0 1 1 98 0 0 5702 
13 5 1 0 1 1 0 445 1 2689 
13 5 1 0 1 1 516 571 1 3737 
13 5 1 0 1 1 599 419 1 4607 
13 5 1 0 1 1 599 0 0 5224 
13 5 1 0 1 1 599 214 0 1272 
13 5 1 0 1 1 599 571 1 1273 
13 5 1 0 1 1 0 464 1 824 
13 5 1 0 1 1 0 0 0 711 
13 5 1 0 1 1 514 270 0 11712 
13 5 1 0 1 1 489 294 0 1433 
13 5 1 0 1 1 547 288 0 1280 
13 5 1 0 1 1 515 138 0 2328 
13 5 1 0 1 1 56 483 1 4272 
13 5 1 0 1 1 281 599 1 1498 
13 5 1 0 1 1 214 260 0 13514 
13 5 1 0 1 2 216 516 1 2103 5 
13 5 1 0 1 2 383 249 0 1767 5 
13 5 1 0 1 2 83 249 1 2344 4 
13 5 1 0 1 2 383 482 1 1440 5 
13 5 1 0 1 2 516 416 1 2383 5 
13 5 1 0 1 2 349 50 0 1534 5 
13 5 1 0 1 2 116 349 1 918 5 
13 5 1 0 1 2 283 316 1 2884 5 
13 5 1 0 1 2 149 416 1 718 5 
13 5 1 0 1 2 516 516 1 1396 5 
13 5 1 0 1 2 549 549 1 686 5 
13 5 1 0 1 2 549 249 0 1470 5 
13 5 1 0 1 2 416 549 1 689 5 
13 5 1 0 1 2 516 316 0 3245 5 
13 5 1 0 1 2 516 83 0 1510 5 
13 5 1 0 1 2 183 149 0 1937 5 
13 5 1 0 1 2 216 249 1 2243 3 
13 5 1 0 1 2 216 216 0 10946 4 
13 5 1 0 1 2 83 216 1 7798 5 
13 5 1 0 1 2 83 383 1 913 5 
13 5 1 0 1 2 216 116 0 1017 5 
13 5 1 0 1 2 449 249 0 3100 5 
13 5 1 0 1 2 449 283 1 1794 5 
13 5 1 0 1 2 116 183 0 3857 5 
13 5 1 0 1 2 316 83 0 1074 5 
13 5 1 0 1 2 283 516 1 1429 5 
13 5 1 0 1 2 283 283 1 1099 5 
13 5 1 0 1 2 149 449 1 773 5 
13 5 1 0 1 2 416 283 1 760 5 
13 5 1 0 1 2 416 383 1 903 5 
13 5 1 0 1 2 449 482 1 710 5 
13 5 1 0 1 2 249 383 1 708 5 
13 5 1 0 1 1 0 354 1 9221 
13 5 1 0 1 1 12 524 1 1137 
13 5 1 0 1 1 0 0 0 865 
13 5 1 0 1 1 1 110 0 705 
13 5 1 0 1 1 552 426 1 897 
13 5 1 0 1 1 552 0 0 1810 
13 5 1 0 1 1 599 32 0 984 
13 5 1 0 1 1 599 543 1 832 
13 5 1 0 1 1 480 225 0 1776 
13 5 1 0 1 1 284 189 0 1024 
13 5 1 0 1 1 200 279 0 6152 
13 5 1 0 1 1 4 293 0 3534 
13 5 1 0 1 1 208 544 1 1057 
13 5 1 0 1 1 376 599 1 952 
13 5 1 0 1 1 599 599 1 688 
13 5 1 0 1 1 0 230 0 4033 
13 5 1 0 1 2 416 482 1 2031 5 
13 5 1 0 1 2 449 449 1 1048 5 
13 5 1 0 1 2 449 83 0 827 5 
13 5 1 0 1 2 549 316 0 3742 2 
13 5 1 0 1 2 482 50 0 1332 5 
13 5 1 0 1 2 549 383 1 1346 5 
13 5 1 0 1 2 149 249 0 4029 4 
13 5 1 0 1 2 149 83 0 1357 5 
13 5 1 0 1 2 50 149 0 1787 5 
13 5 1 0 1 2 249 183 0 2589 5 
13 5 1 0 1 2 516 383 1 1241 5 
13 5 1 0 1 2 183 383 1 712 5 
13 5 1 0 1 2 116 316 1 827 5 
13 5 1 0 1 2 482 149 0 1122 5 
13 5 1 0 1 2 83 83 0 1712 5 
13 5 1 0 1 2 83 449 1 1432 5 
13 5 1 0 1 2 83 149 0 1954 5 
13 5 1 0 1 2 449 116 0 1487 5 
13 5 1 0 1 2 316 283 1 6392 3 
13 5 1 0 1 2 183 349 1 1250 3 
13 5 1 0 1 2 416 249 0 2288 5 
13 5 1 0 1 2 349 516 1 1382 5 
13 5 1 0 1 2 83 349 1 938 5 
13 5 1 0 1 2 283 216 0 2540 3 
13 5 1 0 1 2 349 383 1 1305 5 
13 5 1 0 1 2 416 349 1 942 5 
13 5 1 0 1 2 349 83 0 1034 5 
13 5 1 0 1 2 216 449 1 934 5 
13 5 1 0 1 2 283 383 1 695 5 
13 5 1 0 1 2 383 83 0 831 5 
13 5 1 0 1 2 149 116 0 1150 5 
13 5 1 0 1 2 216 349 1 927 5 
13 5 1 0 1 1 435 506 1 2933 
13 5 1 0 1 1 395 599 1 968 
13 5 1 0 1 1 499 260 0 5008 
13 5 1 0 1 1 362 143 0 1479 
13 5 1 0 1 1 453 102 0 889 
13 5 1 0 1 1 379 311 1 6777 
13 5 1 0 1 1 162 321 1 3089 
13 5 1 0 1 1 562 200 0 1312 
13 5 1 0 1 1 134 89 0 760 
13 5 1 0 1 1 210 266 0 1745 
13 5 1 0 1 1 5 275 0 3161 
13 5 1 0 1 1 599 23 0 1346 
13 5 1 0 1 1 599 356 1 1146 
13 5 1 0 1 1 0 496 1 736 
13 5 1 0 1 1 123 599 1 1904 
13 5 1 0 1 1 204 216 0 1426 
13 5 1 0 1 2 549 149 0 2737 5 
13 5 1 0 1 2 83 50 0 968 5 
13 5 1 0 1 2 50 216 0 4173 3 
13 5 1 0 1 2 349 249 0 2725 3 
13 5 1 0 1 2 482 416 1 1416 5 
13 5 1 0 1 2 83 283 0 4143 3 
13 5 1 0 1 2 116 549 1 2151 5 
13 5 1 0 1 2 316 183 0 2208 5 
13 5 1 0 1 2 50 383 1 1278 5 
13 5 1 0 1 2 482 283 0 2411 3 
13 5 1 0 1 2 549 349 0 1445 3 
13 5 1 0 1 2 183 482 1 1134 5 
13 5 1 0 1 2 549 482 1 681 5 
13 5 1 0 1 2 449 416 1 554 5 
13 5 1 0 1 2 50 116 0 862 5 
13 5 1 0 1 2 216 283 1 1090 5 
13 5 1 0 1 2 383 283 0 1913 3 
13 5 1 0 1 2 50 183 0 1041 5 
13 5 1 0 1 2 50 349 1 2127 5 
13 5 1 0 1 2 349 549 1 762 5 
13 5 1 0 1 2 482 549 1 622 5 
13 5 1 0 1 2 116 449 1 700 5 
13 5 1 0 1 2 283 549 1 526 5 
13 5 1 0 1 2 249 482 1 578 5 
13 5 1 0 1 2 149 216 0 1979 4 
13 5 1 0 1 2 516 116 0 1226 5 
13 5 1 0 1 2 316 482 1 1044 5 
13 5 1 0 1 2 349 283 0 1364 4 
13 5 1 0 1 2 116 50 0 1103 5 
13 5 1 0 1 2 349 183 0 1240 5 
13 5 1 0 1 2 349 316 0 1428 5 
13 5 1 0 1 2 249 449 1 969 5 
13 5 1 0 1 1 440 0 0 31805 
13 5 1 0 1 1 228 419 1 1239 
13 5 1 0 1 1 585 303 1 3273 
13 5 1 0 1 1 560 147 0 872 
13 5 1 0 1 1 0 598 1 2728 
13 5 1 0 1 1 0 223 0 921 
13 5 1 0 1 1 531 146 0 1042 
13 5 1 0 1 1 466 287 0 697 
13 5 1 0 1 1 417 337 1 1129 
13 5 1 0 1 1 0 311 1 953 
13 5 1 0 1 1 0 537 1 808 
13 5 1 0 1 1 0 102 0 696 
13 5 1 0 1 1 0 599 1 928 
13 5 1 0 1 1 0 599 1 656 
13 5 1 0 1 1 567 214 0 1592 
13 5 1 0 1 1 174 155 0 1328 
13 5 1 0 1 2 316 349 1 3804 5 
13 5 1 0 1 2 249 516 1 940 5 
13 5 1 0 1 2 183 50 0 929 5 
13 5 1 0 1 2 50 316 1 1627 5 
13 5 1 0 1 2 50 249 1 2282 5 
13 5 1 0 1 2 216 482 1 762 5 
13 5 1 0 1 2 249 149 0 919 5 
13 5 1 0 1 2 416 449 1 1209 5 
13 5 1 0 1 2 482 516 1 636 5 
13 5 1 0 1 2 283 249 0 1455 4 
13 5 1 0 1 2 183 116 0 1012 5 
13 5 1 0 1 2 482 249 0 2814 5 
13 5 1 0 1 2 149 516 1 809 5 
13 5 1 0 1 2 283 116 0 798 5 
13 5 1 0 1 2 249 349 1 3112 4 
13 5 1 0 1 2 216 50 0 958 5 
13 5 1 0 1 2 383 183 0 1006 5 
13 5 1 0 1 2 316 316 0 1403 4 
13 5 1 0 1 2 383 216 0 1494 5 
13 5 1 0 1 2 516 183 0 784 5 
13 5 1 0 1 2 149 50 0 795 5 
13 5 1 0 1 2 516 482 1 867 5 
13 5 1 0 1 2 416 216 0 672 5 
13 5 1 0 1 2 416 516 1 955 5 
13 5 1 0 1 2 50 482 1 739 5 
13 5 1 0 1 2 216 416 1 727 5 
13 5 1 0 1 2 316 216 0 1286 4 
13 5 1 0 1 2 449 549 1 891 5 
13 5 1 0 1 2 349 116 0 960 5 
13 5 1 0 1 2 516 549 1 947 5 
13 5 1 0 1 2 149 316 1 2088 4 
13 5 1 0 1 2 416 183 0 838 5 
13 5 1 0 1 1 582 218 0 3789 
13 5 1 0 1 1 318 0 0 1072 
13 5 1 0 1 1 455 337 1 4319 
13 5 1 0 1 1 586 577 1 913 
13 5 1 0 1 1 598 327 1 2682 
13 5 1 0 1 1 599 198 0 2298 
13 5 1 0 1 1 0 169 0 809 
13 5 1 0 1 1 0 556 1 769 
13 5 1 0 1 1 378 116 0 6928 
13 5 1 0 1 1 167 222 0 1450 
13 5 1 0 1 1 188 457 1 722 
13 5 1 0 1 1 367 486 1 761 
13 5 1 0 1 1 433 279 0 3112 
13 5 1 0 1 1 246 306 1 3578 
13 5 1 0 1 1 599 148 0 863 
13 5 1 0 1 1 24 357 1 1511 
13 5 1 0 1 2 549 416 1 2447 5 
13 5 1 0 1 2 383 449 1 605 5 
13 5 1 0 1 2 216 83 0 996 5 
13 5 1 0 1 2 283 482 1 1085 5 
13 5 1 0 1 2 383 149 0 1098 5 
13 5 1 0 1 2 283 416 1 1208 5 
13 5 1 0 1 2 549 83 0 778 5 
13 5 1 0 1 2 50 50 0 984 5 
13 5 1 0 1 2 482 349 1 799 5 
13 5 1 0 1 2 383 416 1 715 5 
13 5 1 0 1 2 50 416 1 752 5 
13 5 1 0 1 2 249 549 1 653 5 
13 5 1 0 1 2 283 83 0 872 5 
13 5 1 0 1 2 50 516 1 1349 5 
13 5 1 0 1 2 283 149 0 892 5 
13 5 1 0 1 2 116 383 1 3502 5 
13 5 1 0 1 2 349 482 1 838 5 
13 5 1 0 1 2 383 50 0 764 5 
13 5 1 0 1 2 449 50 0 708 5 
13 5 1 0 1 2 316 449 1 1040 5 
13 5 1 0 1 2 183 449 1 631 5 
13 5 1 0 1 2 449 316 1 4093 4 
13 5 1 0 1 2 83 183 0 939 5 
13 5 1 0 1 2 149 482 1 939 5 
13 5 1 0 1 2 349 216 0 1391 5 
13 5 1 0 1 2 549 183 0 739 5 
13 5 1 0 1 2 149 149 0 966 5 
13 5 1 0 1 2 449 216 0 872 5 
13 5 1 0 1 2 516 149 0 602 5 
13 5 1 0 1 2 183 83 0 1015 5 
13 5 1 0 1 2 149 283 1 2397 4 
13 5 1 0 1 2 383 516 0 4523 1 
13 5 1 0 1 1 503 370 1 12500 
13 5 1 0 1 1 588 121 0 737 
13 5 1 0 1 1 29 340 1 1233 
13 5 1 0 1 1 234 249 0 896 
13 5 1 0 1 1 349 267 0 808 
13 5 1 0 1 1 110 569 1 551 
13 5 1 0 1 1 110 212 0 576 
13 5 1 0 1 1 103 244 0 559 
13 5 1 0 1 1 432 65 0 841 
13 5 1 0 1 1 374 0 0 801 
13 5 1 0 1 1 18 472 1 567 
13 5 1 0 1 1 161 258 0 680 
13 5 1 0 1 1 476 418 1 1056 
13 5 1 0 1 1 424 357 1 880 
13 5 1 0 1 1 141 292 0 2216 
13 5 1 0 1 1 187 545 1 559 
13 5 1 0 1 2 50 549 1 1629 5 
13 5 1 0 1 2 482 482 1 658 5 
13 5 1 0 1 2 549 283 0 1906 4 
13 5 1 0 1 2 183 516 1 809 5 
13 5 1 0 1 2 416 50 0 1032 5 
13 5 1 0 1 2 316 416 1 2936 5 
13 5 1 0 1 2 449 383 1 962 5 
13 5 1 0 1 2 116 516 1 691 5 
13 5 1 0 1 2 183 416 1 696 5 
13 5 1 0 1 2 183 316 1 1452 5 
13 5 1 0 1 2 549 116 0 719 5 
13 5 1 0 1 2 383 383 1 971 5 
13 5 1 0 1 2 349 349 1 607 5 
13 5 1 0 1 2 249 83 0 970 5 
13 5 1 0 1 2 249 249 0 1305 4 
13 5 1 0 1 2 416 83 0 1111 5 
13 5 1 0 1 2 116 283 1 1493 5 
13 5 1 0 1 2 216 183 0 799 5 
13 5 1 0 1 2 449 183 0 753 5 
13 5 1 0 1 2 416 316 0 3120 4 
13 5 1 0 1 2 183 549 1 773 4 
13 5 1 0 1 2 482 83 0 1434 5 
13 5 1 0 1 2 449 516 1 1238 5 
13 5 1 0 1 2 116 249 1 6222 5 
13 5 1 0 1 2 316 383 1 708 5 
13 5 1 0 1 2 283 449 1 718 5 
13 5 1 0 1 2 83 116 0 715 5 
13 5 1 0 1 2 116 216 0 1466 4 
13 5 1 0 1 2 316 50 0 1091 5 
13 5 1 0 1 2 449 149 0 1679 5 
13 5 1 0 1 2 183 183 0 739 5 
13 5 1 0 1 2 216 316 1 2695 4 
