Subject 5 in condition 5, using samples from subject 1
Training Condition: 1
Task: 0
Rule: [[[300, 220], [[9000, 0], [0, 2000]]], [[300, 380], [[9000, 0], [0, 2000]]]]
Noise: 0
CATA=0
CATB=1
Sample keys: 122 120
Resp keys: 309 307
Dim direction: 0 1
Dim minimum: 18 63
Test order: [5, 7, 3, 6, 0, 2, 1, 4]
5 5 1 0 1 1 76 57 0 6492 
5 5 1 0 1 1 509 420 1 2791 
5 5 1 0 1 1 25 0 0 2040 
5 5 1 0 1 1 526 261 0 3409 
5 5 1 0 1 1 279 198 0 2306 
5 5 1 0 1 1 30 504 1 1802 
5 5 1 0 1 1 599 208 0 1688 
5 5 1 0 1 1 599 89 0 2305 
5 5 1 0 1 1 0 201 0 2281 
5 5 1 0 1 1 0 89 0 961 
5 5 1 0 1 1 0 260 0 1232 
5 5 1 0 1 1 599 61 0 2225 
5 5 1 0 1 1 131 574 1 3250 
5 5 1 0 1 1 54 405 1 938 
5 5 1 0 1 1 5 386 1 1433 
5 5 1 0 1 1 249 0 0 5426 
5 5 1 0 1 2 116 216 0 3978 3 
5 5 1 0 1 2 116 516 1 4122 4 
5 5 1 0 1 2 216 316 1 5628 2 
5 5 1 0 1 2 383 383 1 3174 4 
5 5 1 0 1 2 249 83 0 3727 1 
5 5 1 0 1 2 349 349 1 4683 4 
5 5 1 0 1 2 482 482 1 3491 3 
5 5 1 0 1 2 416 83 0 3136 5 
5 5 1 0 1 2 482 83 0 2500 5 
5 5 1 0 1 2 183 316 1 2722 4 
5 5 1 0 1 2 83 116 0 15697 3 
5 5 1 0 1 2 183 183 0 4936 3 
5 5 1 0 1 2 449 383 1 3233 4 
5 5 1 0 1 2 316 416 1 2200 3 
5 5 1 0 1 2 50 549 1 5716 3 
5 5 1 0 1 2 183 549 1 1654 3 
5 5 1 0 1 2 116 283 1 5694 3 
5 5 1 0 1 2 216 183 0 3189 4 
5 5 1 0 1 2 449 516 1 4357 3 
5 5 1 0 1 2 316 383 1 1712 3 
5 5 1 0 1 2 549 283 0 3676 2 
5 5 1 0 1 2 283 449 0 4558 3 
5 5 1 0 1 2 249 249 0 9342 3 
5 5 1 0 1 2 416 316 1 6332 3 
5 5 1 0 1 2 116 249 0 2768 3 
5 5 1 0 1 2 416 50 0 3023 4 
5 5 1 0 1 2 449 183 0 1659 4 
5 5 1 0 1 2 183 416 1 3002 4 
5 5 1 0 1 2 183 516 1 1638 4 
5 5 1 0 1 2 549 116 0 6285 3 
5 5 1 0 1 2 449 149 0 1568 3 
5 5 1 0 1 2 316 50 0 1696 3 
5 5 1 0 1 1 346 56 0 2404 
5 5 1 0 1 1 101 161 0 1929 
5 5 1 0 1 1 19 252 0 1417 
5 5 1 0 1 1 226 423 1 2545 
5 5 1 0 1 1 230 510 1 1201 
5 5 1 0 1 1 304 393 1 1049 
5 5 1 0 1 1 94 544 1 1846 
5 5 1 0 1 1 599 63 0 1690 
5 5 1 0 1 1 599 238 0 1353 
5 5 1 0 1 1 592 416 1 2265 
5 5 1 0 1 1 0 475 1 1025 
5 5 1 0 1 1 172 362 1 753 
5 5 1 0 1 1 66 0 0 2480 
5 5 1 0 1 1 175 599 1 1898 
5 5 1 0 1 1 220 0 0 4297 
5 5 1 0 1 1 0 599 1 4568 
5 5 1 0 1 2 116 482 1 7191 4 
5 5 1 0 1 2 149 349 1 2244 4 
5 5 1 0 1 2 249 216 0 2124 4 
5 5 1 0 1 2 482 383 1 4988 4 
5 5 1 0 1 2 549 516 1 4809 4 
5 5 1 0 1 2 116 116 0 2830 4 
5 5 1 0 1 2 383 316 1 12337 3 
5 5 1 0 1 2 149 549 1 3186 4 
5 5 1 0 1 2 383 116 0 2590 5 
5 5 1 0 1 2 516 216 0 1845 5 
5 5 1 0 1 2 482 216 0 1817 5 
5 5 1 0 1 2 216 149 0 1924 5 
5 5 1 0 1 2 516 449 1 8286 3 
5 5 1 0 1 2 349 149 0 3128 3 
5 5 1 0 1 2 249 416 1 9082 3 
5 5 1 0 1 2 50 283 1 4283 3 
5 5 1 0 1 2 383 349 1 3355 3 
5 5 1 0 1 2 516 349 1 1636 3 
5 5 1 0 1 2 183 249 1 2107 3 
5 5 1 0 1 2 316 149 0 1421 3 
5 5 1 0 1 2 549 449 1 2360 4 
5 5 1 0 1 2 283 349 1 4709 3 
5 5 1 0 1 2 149 383 1 4190 3 
5 5 1 0 1 2 549 50 0 2929 4 
5 5 1 0 1 2 516 249 0 1569 4 
5 5 1 0 1 2 349 449 1 2055 4 
5 5 1 0 1 2 116 416 1 2511 4 
5 5 1 0 1 2 249 50 0 4247 3 
5 5 1 0 1 2 249 316 1 8059 2 
5 5 1 0 1 2 316 116 0 2891 4 
5 5 1 0 1 2 50 83 0 2034 4 
5 5 1 0 1 2 149 183 0 1566 4 
5 5 1 0 1 1 64 424 1 4997 
5 5 1 0 1 1 599 436 1 1464 
5 5 1 0 1 1 0 58 0 3584 
5 5 1 0 1 1 599 65 0 1625 
5 5 1 0 1 1 149 95 0 1193 
5 5 1 0 1 1 37 182 0 2288 
5 5 1 0 1 1 253 349 1 2057 
5 5 1 0 1 1 0 599 1 4632 
5 5 1 0 1 1 156 0 0 3121 
5 5 1 0 1 1 587 473 1 1736 
5 5 1 0 1 1 117 431 1 1121 
5 5 1 0 1 1 380 392 1 1184 
5 5 1 0 1 1 210 244 0 2663 
5 5 1 0 1 1 56 0 0 2857 
5 5 1 0 1 1 117 316 1 1473 
5 5 1 0 1 1 588 362 1 1112 
5 5 1 0 1 2 149 482 1 2547 3 
5 5 1 0 1 2 50 516 1 5266 3 
5 5 1 0 1 2 383 516 1 1349 3 
5 5 1 0 1 2 183 83 0 1578 3 
5 5 1 0 1 2 283 482 1 1106 3 
5 5 1 0 1 2 449 216 0 4526 4 
5 5 1 0 1 2 249 549 1 1179 3 
5 5 1 0 1 2 83 183 0 3350 4 
5 5 1 0 1 2 449 316 1 5109 2 
5 5 1 0 1 2 349 482 1 5152 3 
5 5 1 0 1 2 549 183 0 1622 3 
5 5 1 0 1 2 283 416 1 3129 3 
5 5 1 0 1 2 516 149 0 4486 3 
5 5 1 0 1 2 383 416 0 5167 1 
5 5 1 0 1 2 316 449 1 2411 3 
5 5 1 0 1 2 549 83 0 3174 3 
5 5 1 0 1 2 149 149 0 1584 3 
5 5 1 0 1 2 283 149 0 1648 4 
5 5 1 0 1 2 349 216 0 2239 4 
5 5 1 0 1 2 50 50 1 3503 4 
5 5 1 0 1 2 149 283 0 4040 3 
5 5 1 0 1 2 50 416 0 3041 3 
5 5 1 0 1 2 449 50 1 2949 3 
5 5 1 0 1 2 549 416 1 4848 3 
5 5 1 0 1 2 183 449 1 1183 3 
5 5 1 0 1 2 383 149 0 1124 3 
5 5 1 0 1 2 383 50 0 2719 3 
5 5 1 0 1 2 216 83 0 943 3 
5 5 1 0 1 2 116 383 1 1168 3 
5 5 1 0 1 2 482 349 1 1943 4 
5 5 1 0 1 2 283 83 0 6159 3 
5 5 1 0 1 2 383 449 1 1274 4 
5 5 1 0 1 1 312 430 1 4917 
5 5 1 0 1 1 0 395 1 938 
5 5 1 0 1 1 599 410 1 792 
5 5 1 0 1 1 347 47 0 3864 
5 5 1 0 1 1 599 58 0 953 
5 5 1 0 1 1 0 49 0 728 
5 5 1 0 1 1 410 373 1 1511 
5 5 1 0 1 1 298 263 0 9616 
5 5 1 0 1 1 500 343 1 6040 
5 5 1 0 1 1 0 490 1 1432 
5 5 1 0 1 1 184 599 1 1791 
5 5 1 0 1 1 140 599 1 1223 
5 5 1 0 1 1 191 595 1 904 
5 5 1 0 1 1 320 367 1 1089 
5 5 1 0 1 1 172 396 1 704 
5 5 1 0 1 1 184 459 1 745 
5 5 1 0 1 2 349 183 0 2240 3 
5 5 1 0 1 2 549 482 1 1208 3 
5 5 1 0 1 2 316 482 1 834 3 
5 5 1 0 1 2 516 116 0 1094 4 
5 5 1 0 1 2 349 549 1 1725 4 
5 5 1 0 1 2 50 349 1 5161 4 
5 5 1 0 1 2 482 416 1 1101 4 
5 5 1 0 1 2 50 116 0 2156 4 
5 5 1 0 1 2 83 50 0 6903 4 
5 5 1 0 1 2 349 316 1 2999 4 
5 5 1 0 1 2 116 50 0 5282 3 
5 5 1 0 1 2 283 549 1 1150 3 
5 5 1 0 1 2 149 216 0 10085 3 
5 5 1 0 1 2 50 383 0 5327 3 
5 5 1 0 1 2 449 416 1 4486 3 
5 5 1 0 1 2 549 149 0 1479 4 
5 5 1 0 1 2 116 449 1 3569 4 
5 5 1 0 1 2 183 482 1 1015 4 
5 5 1 0 1 2 349 249 0 7160 2 
5 5 1 0 1 2 116 549 1 4070 3 
5 5 1 0 1 2 482 549 1 1046 3 
5 5 1 0 1 2 482 283 1 4176 3 
5 5 1 0 1 2 349 283 1 1231 3 
5 5 1 0 1 2 50 216 0 2288 3 
5 5 1 0 1 2 549 349 1 1461 3 
5 5 1 0 1 2 216 283 1 984 3 
5 5 1 0 1 2 249 482 1 1080 3 
5 5 1 0 1 2 316 183 0 1849 3 
5 5 1 0 1 2 50 183 0 1153 3 
5 5 1 0 1 2 249 449 1 1854 3 
5 5 1 0 1 2 83 283 0 1962 3 
5 5 1 0 1 2 383 283 1 2817 3 
5 5 1 0 1 1 209 419 1 7121 
5 5 1 0 1 1 89 519 1 3232 
5 5 1 0 1 1 598 397 1 1226 
5 5 1 0 1 1 0 398 1 1097 
5 5 1 0 1 1 541 52 0 2337 
5 5 1 0 1 1 0 46 0 711 
5 5 1 0 1 1 157 586 1 4825 
5 5 1 0 1 1 152 402 1 1288 
5 5 1 0 1 1 269 534 1 673 
5 5 1 0 1 1 300 233 0 4112 
5 5 1 0 1 1 123 313 1 8217 
5 5 1 0 1 1 440 173 0 2409 
5 5 1 0 1 1 254 596 1 8402 
5 5 1 0 1 1 46 256 0 3097 
5 5 1 0 1 1 319 322 1 1465 
5 5 1 0 1 1 311 362 1 1392 
5 5 1 0 1 2 316 249 1 10496 1 
5 5 1 0 1 2 50 449 0 1760 1 
5 5 1 0 1 2 416 149 0 4474 1 
5 5 1 0 1 2 116 83 0 1774 1 
5 5 1 0 1 2 116 149 0 1059 1 
5 5 1 0 1 2 482 449 1 2128 1 
5 5 1 0 1 2 516 50 0 2925 1 
5 5 1 0 1 2 283 183 0 3133 1 
5 5 1 0 1 2 216 383 1 1013 1 
5 5 1 0 1 2 449 349 1 745 1 
5 5 1 0 1 2 349 416 1 764 1 
5 5 1 0 1 2 416 416 1 2168 1 
5 5 1 0 1 2 516 283 1 2308 1 
5 5 1 0 1 2 482 316 1 907 1 
5 5 1 0 1 2 249 116 0 1221 1 
5 5 1 0 1 2 183 216 0 2423 1 
5 5 1 0 1 2 416 116 0 1067 1 
5 5 1 0 1 2 549 216 0 945 1 
5 5 1 0 1 2 316 549 1 1119 1 
5 5 1 0 1 2 83 516 1 985 1 
5 5 1 0 1 2 183 283 0 9668 1 
5 5 1 0 1 2 482 183 0 1201 1 
5 5 1 0 1 2 249 283 1 3536 1 
5 5 1 0 1 2 482 116 0 1198 1 
5 5 1 0 1 2 316 516 1 1716 1 
5 5 1 0 1 2 83 416 1 848 1 
5 5 1 0 1 2 383 549 1 1041 1 
5 5 1 0 1 2 83 316 1 911 1 
5 5 1 0 1 2 83 482 1 1084 1 
5 5 1 0 1 2 283 50 0 4224 1 
5 5 1 0 1 2 216 549 1 1150 1 
5 5 1 0 1 2 83 549 1 4406 1 
5 5 1 0 1 1 440 53 0 2173 
5 5 1 0 1 1 599 61 0 1377 
5 5 1 0 1 1 0 47 0 1137 
5 5 1 0 1 1 519 566 1 3320 
5 5 1 0 1 1 497 400 1 1009 
5 5 1 0 1 1 0 404 1 1170 
5 5 1 0 1 1 83 599 1 2065 
5 5 1 0 1 1 599 463 1 1112 
5 5 1 0 1 1 73 351 1 1364 
5 5 1 0 1 1 382 599 1 1833 
5 5 1 0 1 1 288 87 0 4769 
5 5 1 0 1 1 138 0 0 3952 
5 5 1 0 1 1 49 500 1 1346 
5 5 1 0 1 1 346 278 0 2847 
5 5 1 0 1 1 301 354 1 5969 
5 5 1 0 1 1 338 70 0 6234 
5 5 1 0 1 2 149 249 1 6445 1 
5 5 1 0 1 2 416 249 0 2200 1 
5 5 1 0 1 2 50 149 0 2034 1 
5 5 1 0 1 2 183 383 1 1649 1 
5 5 1 0 1 2 549 383 1 1138 1 
5 5 1 0 1 2 83 83 0 2958 1 
5 5 1 0 1 2 349 516 1 1374 2 
5 5 1 0 1 2 149 83 0 2144 1 
5 5 1 0 1 2 83 149 0 1420 1 
5 5 1 0 1 2 83 449 1 1481 1 
5 5 1 0 1 2 249 183 0 1539 1 
5 5 1 0 1 2 83 349 1 5505 1 
5 5 1 0 1 2 449 116 0 1198 1 
5 5 1 0 1 2 482 50 0 2185 1 
5 5 1 0 1 2 283 216 0 2263 1 
5 5 1 0 1 2 349 83 0 1286 1 
5 5 1 0 1 2 416 349 1 2500 1 
5 5 1 0 1 2 216 449 1 1099 1 
5 5 1 0 1 2 116 316 0 9518 1 
5 5 1 0 1 2 316 283 1 5417 2 
5 5 1 0 1 2 449 449 1 1167 2 
5 5 1 0 1 2 216 349 1 2974 2 
5 5 1 0 1 2 149 116 0 1084 1 
5 5 1 0 1 2 416 482 1 1329 2 
5 5 1 0 1 2 383 83 0 2503 1 
5 5 1 0 1 2 349 383 1 1390 2 
5 5 1 0 1 2 549 316 1 4836 2 
5 5 1 0 1 2 449 83 0 1194 1 
5 5 1 0 1 2 183 349 1 8649 2 
5 5 1 0 1 2 516 383 1 1320 2 
5 5 1 0 1 2 283 383 0 3581 1 
5 5 1 0 1 2 482 149 0 1255 1 
5 5 1 0 1 1 457 56 0 2765 
5 5 1 0 1 1 522 408 1 1593 
5 5 1 0 1 1 0 404 1 985 
5 5 1 0 1 1 0 35 0 969 
5 5 1 0 1 1 57 353 1 4489 
5 5 1 0 1 1 477 281 0 16346 
5 5 1 0 1 1 407 54 0 1554 
5 5 1 0 1 1 253 414 1 3411 
5 5 1 0 1 1 183 50 0 906 
5 5 1 0 1 1 378 492 1 1608 
5 5 1 0 1 1 446 360 1 1553 
5 5 1 0 1 1 433 558 1 1241 
5 5 1 0 1 1 577 184 0 1481 
5 5 1 0 1 1 182 61 0 1106 
5 5 1 0 1 1 302 471 1 1937 
5 5 1 0 1 1 369 586 1 2344 
5 5 1 0 1 2 283 249 0 3542 2 
5 5 1 0 1 2 183 50 0 3362 2 
5 5 1 0 1 2 482 516 1 1284 2 
5 5 1 0 1 2 316 349 1 2073 2 
5 5 1 0 1 2 416 449 1 932 2 
5 5 1 0 1 2 482 249 0 1417 2 
5 5 1 0 1 2 349 116 0 1156 2 
5 5 1 0 1 2 249 149 0 686 2 
5 5 1 0 1 2 183 116 0 723 2 
5 5 1 0 1 2 149 516 1 895 2 
5 5 1 0 1 2 149 50 0 1497 2 
5 5 1 0 1 2 216 50 0 815 2 
5 5 1 0 1 2 216 416 1 1810 2 
5 5 1 0 1 2 516 549 1 1109 2 
5 5 1 0 1 2 50 249 1 2420 2 
5 5 1 0 1 2 50 316 1 1089 2 
5 5 1 0 1 2 316 316 1 1269 2 
5 5 1 0 1 2 316 216 0 1399 2 
5 5 1 0 1 2 416 183 0 1565 2 
5 5 1 0 1 2 216 482 1 1117 2 
5 5 1 0 1 2 449 549 1 837 2 
5 5 1 0 1 2 249 516 1 838 2 
5 5 1 0 1 2 383 183 0 1003 2 
5 5 1 0 1 2 383 216 0 795 2 
5 5 1 0 1 2 249 349 1 3615 2 
5 5 1 0 1 2 149 316 0 3272 2 
5 5 1 0 1 2 516 183 0 1160 2 
5 5 1 0 1 2 516 482 1 925 2 
5 5 1 0 1 2 416 516 1 732 2 
5 5 1 0 1 2 416 216 0 2092 2 
5 5 1 0 1 2 50 482 1 1027 2 
5 5 1 0 1 2 283 116 0 2506 2 
5 5 1 0 1 1 439 417 1 2556 
5 5 1 0 1 1 599 420 1 567 
5 5 1 0 1 1 231 47 0 7624 
5 5 1 0 1 1 598 42 0 2295 
5 5 1 0 1 1 12 176 0 3657 
5 5 1 0 1 1 365 14 0 8247 
5 5 1 0 1 1 152 416 1 2543 
5 5 1 0 1 1 480 524 1 1890 
5 5 1 0 1 1 438 494 1 1026 
5 5 1 0 1 1 519 122 0 4929 
5 5 1 0 1 1 98 65 0 2088 
5 5 1 0 1 1 595 291 0 1536 
5 5 1 0 1 1 457 489 1 1336 
5 5 1 0 1 1 378 548 1 1518 
5 5 1 0 1 1 83 562 1 1305 
5 5 1 0 1 1 334 275 0 2490 
5 5 1 0 1 2 116 349 0 3231 1 
5 5 1 0 1 2 416 283 0 1457 1 
5 5 1 0 1 2 283 516 1 1547 2 
5 5 1 0 1 2 149 449 1 1137 2 
5 5 1 0 1 2 216 116 0 1050 2 
5 5 1 0 1 2 516 83 0 2428 2 
5 5 1 0 1 2 283 316 0 2178 2 
5 5 1 0 1 2 83 383 1 2009 2 
5 5 1 0 1 2 449 249 0 1550 2 
5 5 1 0 1 2 516 516 1 1181 2 
5 5 1 0 1 2 416 549 1 795 2 
5 5 1 0 1 2 416 383 1 1335 2 
5 5 1 0 1 2 83 216 0 1834 2 
5 5 1 0 1 2 116 183 0 906 2 
5 5 1 0 1 2 183 149 0 938 2 
5 5 1 0 1 2 516 416 1 1072 2 
5 5 1 0 1 2 216 216 0 2175 2 
5 5 1 0 1 2 149 416 1 1153 2 
5 5 1 0 1 2 216 516 1 1354 2 
5 5 1 0 1 2 283 283 1 2204 2 
5 5 1 0 1 2 216 249 1 1344 2 
5 5 1 0 1 2 83 249 0 2083 2 
5 5 1 0 1 2 549 249 0 1663 2 
5 5 1 0 1 2 516 316 1 3469 2 
5 5 1 0 1 2 316 83 0 1383 2 
5 5 1 0 1 2 549 549 1 1841 2 
5 5 1 0 1 2 383 249 0 2025 2 
5 5 1 0 1 2 449 482 1 956 2 
5 5 1 0 1 2 349 50 0 2413 2 
5 5 1 0 1 2 249 383 1 1375 2 
5 5 1 0 1 2 383 482 1 797 2 
5 5 1 0 1 2 449 283 0 9735 2 
