Subject 53 in condition 5, using samples from subject 49
Training Condition: 1
Task: 0
Rule: [[[300, 220], [[9000, 0], [0, 2000]]], [[300, 380], [[9000, 0], [0, 2000]]]]
Noise: 0
CATA=1
CATB=0
Sample keys: 120 122
Resp keys: 309 307
Dim direction: 1 0
Dim minimum: 100 86
Test order: [6, 7, 2, 5, 1, 4, 0, 3]
53 5 1 0 1 1 172 18 0 4486 
53 5 1 0 1 1 599 15 0 3056 
53 5 1 0 1 1 0 25 0 5049 
53 5 1 0 1 1 354 377 1 2513 
53 5 1 0 1 1 599 391 1 1481 
53 5 1 0 1 1 0 388 1 1377 
53 5 1 0 1 1 237 599 1 1450 
53 5 1 0 1 1 202 599 1 1561 
53 5 1 0 1 1 399 585 1 2280 
53 5 1 0 1 1 599 599 1 1624 
53 5 1 0 1 1 332 205 0 1185 
53 5 1 0 1 1 525 181 0 1169 
53 5 1 0 1 1 58 212 0 1472 
53 5 1 0 1 1 212 25 0 1296 
53 5 1 0 1 1 125 360 1 2032 
53 5 1 0 1 1 74 599 1 1231 
53 5 1 0 1 2 50 383 1 3340 5 
53 5 1 0 1 2 183 482 1 2102 5 
53 5 1 0 1 2 549 482 1 2374 4 
53 5 1 0 1 2 50 216 0 2504 5 
53 5 1 0 1 2 449 416 1 3080 5 
53 5 1 0 1 2 83 283 0 1276 5 
53 5 1 0 1 2 216 283 0 2540 5 
53 5 1 0 1 2 516 116 0 1930 4 
53 5 1 0 1 2 50 349 1 1709 5 
53 5 1 0 1 2 249 449 1 2578 4 
53 5 1 0 1 2 349 549 1 1601 5 
53 5 1 0 1 2 482 283 0 1263 5 
53 5 1 0 1 2 349 183 0 1159 5 
53 5 1 0 1 2 83 50 0 1227 5 
53 5 1 0 1 2 349 316 0 1824 5 
53 5 1 0 1 2 116 549 1 2142 4 
53 5 1 0 1 2 116 449 1 1334 5 
53 5 1 0 1 2 116 50 0 1179 5 
53 5 1 0 1 2 549 149 0 1044 5 
53 5 1 0 1 2 50 116 0 1060 5 
53 5 1 0 1 2 50 183 0 949 5 
53 5 1 0 1 2 149 216 0 1024 5 
53 5 1 0 1 2 349 283 0 946 5 
53 5 1 0 1 2 482 416 1 1320 4 
53 5 1 0 1 2 482 549 1 1052 4 
53 5 1 0 1 2 283 549 1 1032 4 
53 5 1 0 1 2 316 183 1 2485 1 
53 5 1 0 1 2 349 249 0 2618 3 
53 5 1 0 1 2 249 482 1 1785 4 
53 5 1 0 1 2 549 349 0 2579 4 
53 5 1 0 1 2 316 482 1 3775 5 
53 5 1 0 1 2 383 283 0 1294 5 
53 5 1 0 1 1 0 380 1 4380 
53 5 1 0 1 1 86 22 0 1606 
53 5 1 0 1 1 428 324 1 6176 
53 5 1 0 1 1 548 365 1 1031 
53 5 1 0 1 1 528 2 0 1976 
53 5 1 0 1 1 586 134 0 3081 
53 5 1 0 1 1 530 599 1 2641 
53 5 1 0 1 1 399 599 1 960 
53 5 1 0 1 1 384 373 1 1097 
53 5 1 0 1 1 406 219 0 802 
53 5 1 0 1 1 386 151 0 656 
53 5 1 0 1 1 384 544 1 801 
53 5 1 0 1 1 454 554 1 576 
53 5 1 0 1 1 120 206 0 1056 
53 5 1 0 1 1 455 599 1 889 
53 5 1 0 1 1 596 179 0 650 
53 5 1 0 1 2 383 316 0 1783 5 
53 5 1 0 1 2 149 383 1 1735 4 
53 5 1 0 1 2 183 249 0 1899 5 
53 5 1 0 1 2 116 116 0 2404 5 
53 5 1 0 1 2 482 216 0 1258 5 
53 5 1 0 1 2 149 183 1 1921 4 
53 5 1 0 1 2 116 416 1 2658 4 
53 5 1 0 1 2 216 149 0 1021 5 
53 5 1 0 1 2 149 349 1 2805 4 
53 5 1 0 1 2 349 149 0 1048 5 
53 5 1 0 1 2 383 349 1 3693 2 
53 5 1 0 1 2 116 482 0 4852 5 
53 5 1 0 1 2 482 383 1 1715 4 
53 5 1 0 1 2 349 449 1 1266 5 
53 5 1 0 1 2 249 316 1 1783 4 
53 5 1 0 1 2 516 449 1 1574 5 
53 5 1 0 1 2 549 449 1 3469 5 
53 5 1 0 1 2 249 216 0 1029 5 
53 5 1 0 1 2 549 516 1 1144 5 
53 5 1 0 1 2 383 116 0 930 5 
53 5 1 0 1 2 50 83 0 897 5 
53 5 1 0 1 2 516 249 0 1401 4 
53 5 1 0 1 2 549 50 0 1072 5 
53 5 1 0 1 2 516 349 1 1278 4 
53 5 1 0 1 2 316 149 0 968 5 
53 5 1 0 1 2 149 549 1 2441 3 
53 5 1 0 1 2 249 50 0 1025 5 
53 5 1 0 1 2 516 216 0 1059 5 
53 5 1 0 1 2 283 349 1 1322 4 
53 5 1 0 1 2 50 283 0 901 5 
53 5 1 0 1 2 316 116 0 1006 5 
53 5 1 0 1 2 249 416 1 1740 4 
53 5 1 0 1 1 228 379 1 7236 
53 5 1 0 1 1 583 397 1 784 
53 5 1 0 1 1 583 22 0 641 
53 5 1 0 1 1 403 24 0 585 
53 5 1 0 1 1 599 18 0 530 
53 5 1 0 1 1 296 599 1 777 
53 5 1 0 1 1 599 0 0 2735 
53 5 1 0 1 1 571 367 1 2809 
53 5 1 0 1 1 321 340 1 1072 
53 5 1 0 1 1 123 293 0 1872 
53 5 1 0 1 1 394 343 1 1761 
53 5 1 0 1 1 296 338 1 1519 
53 5 1 0 1 1 432 310 1 720 
53 5 1 0 1 1 416 270 0 1367 
53 5 1 0 1 1 272 290 0 2744 
53 5 1 0 1 1 496 316 1 1920 
53 5 1 0 1 2 249 183 1 3650 4 
53 5 1 0 1 2 216 349 1 1337 4 
53 5 1 0 1 2 416 349 1 1039 4 
53 5 1 0 1 2 83 149 0 1034 5 
53 5 1 0 1 2 83 83 0 976 5 
53 5 1 0 1 2 349 383 1 1155 4 
53 5 1 0 1 2 516 383 1 995 4 
53 5 1 0 1 2 183 349 1 1299 4 
53 5 1 0 1 2 416 482 0 1258 4 
53 5 1 0 1 2 349 83 0 960 5 
53 5 1 0 1 2 349 516 1 1602 4 
53 5 1 0 1 2 149 116 0 1148 4 
53 5 1 0 1 2 83 349 1 2630 4 
53 5 1 0 1 2 416 249 0 1121 5 
53 5 1 0 1 2 149 249 0 1906 5 
53 5 1 0 1 2 116 316 0 890 5 
53 5 1 0 1 2 149 83 0 959 4 
53 5 1 0 1 2 216 449 1 938 4 
53 5 1 0 1 2 50 149 1 1064 4 
53 5 1 0 1 2 283 216 0 1391 5 
53 5 1 0 1 2 549 316 1 1977 5 
53 5 1 0 1 2 449 116 1 961 5 
53 5 1 0 1 2 83 449 1 2048 4 
53 5 1 0 1 2 482 50 0 1101 5 
53 5 1 0 1 2 283 383 1 964 4 
53 5 1 0 1 2 449 449 1 873 4 
53 5 1 0 1 2 383 83 0 1066 5 
53 5 1 0 1 2 482 149 1 814 5 
53 5 1 0 1 2 316 283 0 861 5 
53 5 1 0 1 2 549 383 1 1115 4 
53 5 1 0 1 2 183 383 1 1723 4 
53 5 1 0 1 2 449 83 0 986 5 
53 5 1 0 1 1 599 330 1 3285 
53 5 1 0 1 1 210 336 1 926 
53 5 1 0 1 1 218 291 0 2279 
53 5 1 0 1 1 569 309 1 969 
53 5 1 0 1 1 452 288 0 873 
53 5 1 0 1 1 597 329 1 2538 
53 5 1 0 1 1 599 300 0 1633 
53 5 1 0 1 1 599 276 0 689 
53 5 1 0 1 1 569 334 1 759 
53 5 1 0 1 1 402 306 1 1016 
53 5 1 0 1 1 584 322 1 697 
53 5 1 0 1 1 361 352 1 759 
53 5 1 0 1 1 265 294 0 1383 
53 5 1 0 1 1 242 310 1 865 
53 5 1 0 1 1 357 290 0 5161 
53 5 1 0 1 1 354 321 1 2192 
53 5 1 0 1 2 116 216 0 1263 5 
53 5 1 0 1 2 249 83 1 1516 4 
53 5 1 0 1 2 116 516 1 1122 4 
53 5 1 0 1 2 549 116 0 838 5 
53 5 1 0 1 2 416 83 0 1462 5 
53 5 1 0 1 2 349 349 1 1127 4 
53 5 1 0 1 2 316 50 0 978 5 
53 5 1 0 1 2 549 283 1 679 4 
53 5 1 0 1 2 50 549 0 1246 5 
53 5 1 0 1 2 116 249 1 3544 3 
53 5 1 0 1 2 183 549 1 1146 5 
53 5 1 0 1 2 216 183 0 883 4 
53 5 1 0 1 2 416 316 1 975 5 
53 5 1 0 1 2 482 83 0 663 4 
53 5 1 0 1 2 416 50 1 610 5 
53 5 1 0 1 2 216 316 0 731 4 
53 5 1 0 1 2 183 516 1 898 4 
53 5 1 0 1 2 249 249 0 1022 5 
53 5 1 0 1 2 482 482 1 595 4 
53 5 1 0 1 2 316 416 0 863 4 
53 5 1 0 1 2 183 316 1 1710 5 
53 5 1 0 1 2 83 116 1 2195 3 
53 5 1 0 1 2 449 383 1 645 5 
53 5 1 0 1 2 116 283 1 808 5 
53 5 1 0 1 2 316 383 0 765 4 
53 5 1 0 1 2 449 183 0 601 4 
53 5 1 0 1 2 449 149 0 636 4 
53 5 1 0 1 2 383 383 1 2087 5 
53 5 1 0 1 2 183 183 1 726 5 
53 5 1 0 1 2 183 416 1 1079 5 
53 5 1 0 1 2 283 449 1 740 4 
53 5 1 0 1 2 449 516 1 613 5 
53 5 1 0 1 1 37 0 0 3941 
53 5 1 0 1 1 106 253 0 911 
53 5 1 0 1 1 151 348 1 888 
53 5 1 0 1 1 535 300 1 720 
53 5 1 0 1 1 394 338 1 719 
53 5 1 0 1 1 448 353 1 664 
53 5 1 0 1 1 8 309 1 729 
53 5 1 0 1 1 234 300 1 625 
53 5 1 0 1 1 109 253 0 1959 
53 5 1 0 1 1 522 265 0 720 
53 5 1 0 1 1 536 315 1 1745 
53 5 1 0 1 1 159 273 0 920 
53 5 1 0 1 1 393 298 0 1144 
53 5 1 0 1 1 249 340 1 887 
53 5 1 0 1 1 138 305 1 800 
53 5 1 0 1 1 266 314 1 1008 
53 5 1 0 1 2 149 50 0 2886 5 
53 5 1 0 1 2 50 316 0 947 5 
53 5 1 0 1 2 249 149 1 761 4 
53 5 1 0 1 2 216 50 1 656 4 
53 5 1 0 1 2 416 216 1 601 4 
53 5 1 0 1 2 516 482 1 1042 4 
53 5 1 0 1 2 283 249 1 665 4 
53 5 1 0 1 2 416 516 1 688 4 
53 5 1 0 1 2 216 416 0 1122 5 
53 5 1 0 1 2 316 216 0 882 5 
53 5 1 0 1 2 449 549 1 686 4 
53 5 1 0 1 2 516 549 1 1715 5 
53 5 1 0 1 2 183 50 1 1840 4 
53 5 1 0 1 2 416 449 1 958 5 
53 5 1 0 1 2 316 316 0 847 4 
53 5 1 0 1 2 249 349 1 716 5 
53 5 1 0 1 2 183 116 0 648 5 
53 5 1 0 1 2 482 516 1 655 4 
53 5 1 0 1 2 416 183 0 1557 4 
53 5 1 0 1 2 216 482 1 1512 4 
53 5 1 0 1 2 516 183 1 1232 5 
53 5 1 0 1 2 349 116 0 844 4 
53 5 1 0 1 2 316 349 1 896 5 
53 5 1 0 1 2 383 183 1 885 4 
53 5 1 0 1 2 383 216 1 1238 5 
53 5 1 0 1 2 482 249 1 822 5 
53 5 1 0 1 2 149 516 1 1573 5 
53 5 1 0 1 2 283 116 1 1311 5 
53 5 1 0 1 2 50 482 0 2136 4 
53 5 1 0 1 2 149 316 0 2844 5 
53 5 1 0 1 2 50 249 0 971 5 
53 5 1 0 1 2 249 516 0 3349 5 
53 5 1 0 1 1 77 322 1 1678 
53 5 1 0 1 1 29 199 0 969 
53 5 1 0 1 1 359 216 0 728 
53 5 1 0 1 1 408 347 1 890 
53 5 1 0 1 1 354 324 1 937 
53 5 1 0 1 1 321 306 1 728 
53 5 1 0 1 1 161 279 0 690 
53 5 1 0 1 1 565 312 1 879 
53 5 1 0 1 1 251 254 0 672 
53 5 1 0 1 1 382 310 1 688 
53 5 1 0 1 1 67 287 0 698 
53 5 1 0 1 1 207 308 1 616 
53 5 1 0 1 1 0 323 1 1305 
53 5 1 0 1 1 57 293 0 697 
53 5 1 0 1 1 113 277 0 1088 
53 5 1 0 1 1 0 318 1 792 
53 5 1 0 1 2 549 549 1 993 4 
53 5 1 0 1 2 283 316 0 915 5 
53 5 1 0 1 2 183 149 1 1041 4 
53 5 1 0 1 2 216 116 1 2448 5 
53 5 1 0 1 2 316 83 0 844 5 
53 5 1 0 1 2 416 549 0 1377 4 
53 5 1 0 1 2 83 216 0 1789 4 
53 5 1 0 1 2 216 249 1 1324 5 
53 5 1 0 1 2 283 516 1 702 5 
53 5 1 0 1 2 216 516 1 1582 5 
53 5 1 0 1 2 216 216 1 855 5 
53 5 1 0 1 2 116 183 1 648 5 
53 5 1 0 1 2 449 249 1 1510 5 
53 5 1 0 1 2 516 83 0 1389 5 
53 5 1 0 1 2 416 383 1 1583 5 
53 5 1 0 1 2 83 249 0 1950 5 
53 5 1 0 1 2 116 349 1 841 5 
53 5 1 0 1 2 149 416 0 746 5 
53 5 1 0 1 2 416 283 1 750 4 
53 5 1 0 1 2 449 482 1 1635 4 
53 5 1 0 1 2 149 449 1 1384 4 
53 5 1 0 1 2 516 416 1 1403 4 
53 5 1 0 1 2 383 482 1 750 4 
53 5 1 0 1 2 249 383 1 2108 5 
53 5 1 0 1 2 383 249 1 721 4 
53 5 1 0 1 2 549 249 1 1197 5 
53 5 1 0 1 2 449 283 0 693 5 
53 5 1 0 1 2 83 383 1 878 5 
53 5 1 0 1 2 516 516 0 780 5 
53 5 1 0 1 2 283 283 1 1123 5 
53 5 1 0 1 2 516 316 0 660 4 
53 5 1 0 1 2 349 50 1 534 5 
53 5 1 0 1 1 345 324 1 2061 
53 5 1 0 1 1 310 327 1 832 
53 5 1 0 1 1 32 336 1 609 
53 5 1 0 1 1 303 259 0 912 
53 5 1 0 1 1 9 278 0 599 
53 5 1 0 1 1 362 234 0 720 
53 5 1 0 1 1 589 340 1 761 
53 5 1 0 1 1 108 300 0 1048 
53 5 1 0 1 1 210 340 1 760 
53 5 1 0 1 1 410 290 0 585 
53 5 1 0 1 1 584 344 1 625 
53 5 1 0 1 1 217 304 1 1049 
53 5 1 0 1 1 546 250 0 648 
53 5 1 0 1 1 87 329 1 1129 
53 5 1 0 1 1 0 308 1 816 
53 5 1 0 1 1 0 297 0 594 
53 5 1 0 1 2 83 549 1 782 5 
53 5 1 0 1 2 349 416 1 688 5 
53 5 1 0 1 2 83 516 1 883 5 
53 5 1 0 1 2 549 216 0 1485 4 
53 5 1 0 1 2 416 416 0 643 4 
53 5 1 0 1 2 283 183 0 514 4 
53 5 1 0 1 2 283 50 0 2639 5 
53 5 1 0 1 2 482 116 1 1706 5 
53 5 1 0 1 2 516 50 0 685 4 
53 5 1 0 1 2 216 383 1 1230 5 
53 5 1 0 1 2 183 216 0 660 4 
53 5 1 0 1 2 316 516 0 1028 5 
53 5 1 0 1 2 316 249 1 768 5 
53 5 1 0 1 2 216 549 1 733 5 
53 5 1 0 1 2 316 549 0 631 4 
53 5 1 0 1 2 482 449 1 997 5 
53 5 1 0 1 2 83 482 0 1349 5 
53 5 1 0 1 2 416 149 1 1248 5 
53 5 1 0 1 2 83 316 1 690 5 
53 5 1 0 1 2 249 116 0 890 4 
53 5 1 0 1 2 50 449 1 701 5 
53 5 1 0 1 2 383 549 0 729 4 
53 5 1 0 1 2 183 283 0 936 4 
53 5 1 0 1 2 416 116 0 778 4 
53 5 1 0 1 2 482 316 1 764 5 
53 5 1 0 1 2 482 183 0 638 4 
53 5 1 0 1 2 249 283 1 708 5 
53 5 1 0 1 2 83 416 0 722 4 
53 5 1 0 1 2 116 83 1 397 5 
53 5 1 0 1 2 116 149 0 707 4 
53 5 1 0 1 2 516 283 1 479 5 
53 5 1 0 1 2 449 349 0 611 4 
53 5 1 0 1 1 443 294 0 1108 
53 5 1 0 1 1 330 321 1 985 
53 5 1 0 1 1 0 317 1 738 
53 5 1 0 1 1 0 267 0 857 
53 5 1 0 1 1 0 202 0 880 
53 5 1 0 1 1 0 207 0 745 
53 5 1 0 1 1 2 330 1 615 
53 5 1 0 1 1 315 301 1 953 
53 5 1 0 1 1 599 259 0 794 
53 5 1 0 1 1 599 296 0 760 
53 5 1 0 1 1 206 298 0 1464 
53 5 1 0 1 1 325 307 1 1632 
53 5 1 0 1 1 389 252 0 847 
53 5 1 0 1 1 393 288 0 1281 
53 5 1 0 1 1 297 301 1 801 
53 5 1 0 1 1 321 305 1 776 
53 5 1 0 1 2 283 416 0 1669 5 
53 5 1 0 1 2 349 482 1 1040 5 
53 5 1 0 1 2 449 316 0 707 4 
53 5 1 0 1 2 283 482 0 860 5 
53 5 1 0 1 2 50 516 1 658 4 
53 5 1 0 1 2 116 383 0 1813 5 
53 5 1 0 1 2 549 183 1 791 5 
53 5 1 0 1 2 183 83 0 683 4 
53 5 1 0 1 2 149 482 0 728 5 
53 5 1 0 1 2 283 83 1 1127 4 
53 5 1 0 1 2 449 50 0 2529 4 
53 5 1 0 1 2 383 516 1 3529 4 
53 5 1 0 1 2 516 149 1 915 5 
53 5 1 0 1 2 383 449 1 947 5 
53 5 1 0 1 2 549 416 1 925 5 
53 5 1 0 1 2 249 549 0 485 4 
53 5 1 0 1 2 482 349 1 604 5 
53 5 1 0 1 2 383 149 1 1042 5 
53 5 1 0 1 2 216 83 0 682 4 
53 5 1 0 1 2 50 416 1 784 4 
53 5 1 0 1 2 383 50 0 308 5 
53 5 1 0 1 2 50 50 1 645 5 
53 5 1 0 1 2 549 83 1 469 5 
53 5 1 0 1 2 149 149 1 481 5 
53 5 1 0 1 2 83 183 1 521 5 
53 5 1 0 1 2 283 149 1 706 5 
53 5 1 0 1 2 449 216 1 1152 4 
53 5 1 0 1 2 316 449 0 333 4 
53 5 1 0 1 2 149 283 0 298 4 
53 5 1 0 1 2 349 216 0 1085 5 
53 5 1 0 1 2 383 416 1 716 5 
53 5 1 0 1 2 183 449 0 414 4 
