Subject 60 in condition 4, using samples from subject 56
Training Condition: 1
Task: 0
Rule: [[[220, 300], [[2000, 0], [0, 9000]]], [[380, 300], [[2000, 0], [0, 9000]]]]
Noise: 0
CATA=0
CATB=1
Sample keys: 120 122
Resp keys: 309 307
Dim direction: 1 0
Dim minimum: 53 45
Test order: [0, 6, 2, 5, 1, 3, 7, 4]
60 4 1 0 0 1 210 1 0 2645 
60 4 1 0 0 1 122 138 0 5368 
60 4 1 0 0 1 65 451 0 5793 
60 4 1 0 0 1 571 141 1 8176 
60 4 1 0 0 1 494 0 1 6407 
60 4 1 0 0 1 395 129 1 8113 
60 4 1 0 0 1 42 140 0 4353 
60 4 1 0 0 1 140 346 0 3952 
60 4 1 0 0 1 599 0 1 2185 
60 4 1 0 0 1 599 526 1 2641 
60 4 1 0 0 1 599 36 1 2464 
60 4 1 0 0 1 599 387 1 3624 
60 4 1 0 0 1 599 86 1 2849 
60 4 1 0 0 1 599 137 1 3136 
60 4 1 0 0 1 599 492 1 3089 
60 4 1 0 0 1 599 105 1 2370 
60 4 1 0 0 2 183 216 0 5288 4 
60 4 1 0 0 2 83 416 0 7548 5 
60 4 1 0 0 2 449 349 1 3214 4 
60 4 1 0 0 2 416 149 1 4585 4 
60 4 1 0 0 2 216 383 0 7463 2 
60 4 1 0 0 2 283 183 1 6033 3 
60 4 1 0 0 2 83 516 0 2885 5 
60 4 1 0 0 2 83 549 0 3183 4 
60 4 1 0 0 2 316 516 1 8627 4 
60 4 1 0 0 2 516 50 1 2023 5 
60 4 1 0 0 2 283 50 1 3989 4 
60 4 1 0 0 2 516 283 1 2968 5 
60 4 1 0 0 2 183 283 1 6304 2 
60 4 1 0 0 2 249 116 1 2444 3 
60 4 1 0 0 2 416 416 1 4113 4 
60 4 1 0 0 2 549 216 1 2617 5 
60 4 1 0 0 2 216 549 1 4013 3 
60 4 1 0 0 2 416 116 1 3056 4 
60 4 1 0 0 2 316 549 1 2068 4 
60 4 1 0 0 2 249 283 1 3856 3 
60 4 1 0 0 2 50 449 0 3145 5 
60 4 1 0 0 2 116 83 0 2704 5 
60 4 1 0 0 2 349 416 1 3115 4 
60 4 1 0 0 2 482 183 1 1912 5 
60 4 1 0 0 2 383 549 1 3012 5 
60 4 1 0 0 2 83 482 0 3856 4 
60 4 1 0 0 2 482 316 1 2759 5 
60 4 1 0 0 2 116 149 0 6429 3 
60 4 1 0 0 2 482 116 1 1661 5 
60 4 1 0 0 2 83 316 0 2668 5 
60 4 1 0 0 2 316 249 1 2301 4 
60 4 1 0 0 2 482 449 1 1399 5 
60 4 1 0 0 1 599 152 1 1598 
60 4 1 0 0 1 595 120 1 1729 
60 4 1 0 0 1 599 93 1 3385 
60 4 1 0 0 1 598 108 1 2393 
60 4 1 0 0 1 583 51 1 3402 
60 4 1 0 0 1 598 14 1 1984 
60 4 1 0 0 1 592 0 1 1840 
60 4 1 0 0 1 599 0 1 2370 
60 4 1 0 0 1 599 0 1 2183 
60 4 1 0 0 1 599 0 1 2289 
60 4 1 0 0 1 599 81 1 2968 
60 4 1 0 0 1 599 66 1 1544 
60 4 1 0 0 1 598 141 1 3097 
60 4 1 0 0 1 599 142 1 1415 
60 4 1 0 0 1 599 181 1 2136 
60 4 1 0 0 1 599 62 1 1873 
60 4 1 0 0 2 50 349 0 4033 5 
60 4 1 0 0 2 549 349 0 10660 2 
60 4 1 0 0 2 249 482 0 4228 4 
60 4 1 0 0 2 183 482 0 3133 5 
60 4 1 0 0 2 116 549 0 3980 4 
60 4 1 0 0 2 349 249 0 5317 5 
60 4 1 0 0 2 50 216 0 1947 5 
60 4 1 0 0 2 316 183 0 8920 4 
60 4 1 0 0 2 316 482 0 3240 4 
60 4 1 0 0 2 482 416 1 7046 1 
60 4 1 0 0 2 482 549 1 4222 3 
60 4 1 0 0 2 50 383 0 2215 5 
60 4 1 0 0 2 283 549 0 3540 3 
60 4 1 0 0 2 116 50 0 6537 4 
60 4 1 0 0 2 482 283 1 5394 3 
60 4 1 0 0 2 116 449 0 5257 4 
60 4 1 0 0 2 549 482 1 2625 4 
60 4 1 0 0 2 516 116 1 2289 5 
60 4 1 0 0 2 549 149 1 2775 5 
60 4 1 0 0 2 249 449 0 2930 4 
60 4 1 0 0 2 50 116 0 3336 4 
60 4 1 0 0 2 50 183 0 2622 5 
60 4 1 0 0 2 349 283 0 3961 4 
60 4 1 0 0 2 216 283 0 2209 4 
60 4 1 0 0 2 449 416 0 5031 3 
60 4 1 0 0 2 83 50 0 2159 5 
60 4 1 0 0 2 149 216 0 2627 4 
60 4 1 0 0 2 349 316 0 4829 4 
60 4 1 0 0 2 349 549 0 7156 3 
60 4 1 0 0 2 349 183 0 5069 3 
60 4 1 0 0 2 383 283 0 4012 3 
60 4 1 0 0 2 83 283 0 1610 5 
60 4 1 0 0 1 190 374 0 2845 
60 4 1 0 0 1 585 599 1 1745 
60 4 1 0 0 1 260 82 0 7216 
60 4 1 0 0 1 448 187 1 11778 
60 4 1 0 0 1 51 85 0 5639 
60 4 1 0 0 1 69 0 0 4713 
60 4 1 0 0 1 125 563 0 4392 
60 4 1 0 0 1 387 0 1 4744 
60 4 1 0 0 1 378 597 1 4818 
60 4 1 0 0 1 542 94 1 3113 
60 4 1 0 0 1 561 599 1 3464 
60 4 1 0 0 1 170 190 0 5760 
60 4 1 0 0 1 236 59 0 6425 
60 4 1 0 0 1 10 532 0 4799 
60 4 1 0 0 1 403 154 1 4680 
60 4 1 0 0 1 284 159 0 4392 
60 4 1 0 0 2 383 83 1 6776 3 
60 4 1 0 0 2 416 349 0 7031 2 
60 4 1 0 0 2 249 183 0 5801 3 
60 4 1 0 0 2 50 149 0 4554 5 
60 4 1 0 0 2 516 383 0 5834 3 
60 4 1 0 0 2 349 383 0 5652 3 
60 4 1 0 0 2 83 83 0 6252 5 
60 4 1 0 0 2 283 216 0 2971 3 
60 4 1 0 0 2 149 249 0 4281 4 
60 4 1 0 0 2 83 149 0 5940 3 
60 4 1 0 0 2 449 83 1 3490 5 
60 4 1 0 0 2 449 449 0 4169 2 
60 4 1 0 0 2 116 316 0 4582 5 
60 4 1 0 0 2 482 50 1 2837 4 
60 4 1 0 0 2 183 383 0 6943 4 
60 4 1 0 0 2 83 449 0 4771 4 
60 4 1 0 0 2 416 482 0 7936 2 
60 4 1 0 0 2 149 116 0 2643 3 
60 4 1 0 0 2 149 83 0 9042 2 
60 4 1 0 0 2 349 516 0 5843 4 
60 4 1 0 0 2 416 249 0 4398 4 
60 4 1 0 0 2 549 383 0 3678 2 
60 4 1 0 0 2 216 449 0 3749 4 
60 4 1 0 0 2 83 349 0 -7039 5 
60 4 1 0 0 2 316 283 0 3718 4 
60 4 1 0 0 2 349 83 1 4046 3 
60 4 1 0 0 2 216 349 0 3826 4 
60 4 1 0 0 2 482 149 1 2067 5 
60 4 1 0 0 2 449 116 1 2194 5 
60 4 1 0 0 2 183 349 0 2205 4 
60 4 1 0 0 2 549 316 0 6214 2 
60 4 1 0 0 2 283 383 0 4144 4 
60 4 1 0 0 1 127 0 0 9101 
60 4 1 0 0 1 547 235 1 5008 
60 4 1 0 0 1 70 184 0 7057 
60 4 1 0 0 1 599 56 1 4832 
60 4 1 0 0 1 599 460 1 3856 
60 4 1 0 0 1 599 18 1 3258 
60 4 1 0 0 1 599 242 1 2393 
60 4 1 0 0 1 0 51 0 4505 
60 4 1 0 0 1 236 599 0 4905 
60 4 1 0 0 1 599 43 1 2170 
60 4 1 0 0 1 0 586 0 2858 
60 4 1 0 0 1 5 48 0 1473 
60 4 1 0 0 1 15 599 0 2001 
60 4 1 0 0 1 0 235 0 2152 
60 4 1 0 0 1 354 599 1 8785 
60 4 1 0 0 1 599 294 1 1960 
60 4 1 0 0 2 383 383 0 6386 3 
60 4 1 0 0 2 183 416 0 2733 4 
60 4 1 0 0 2 482 482 0 15326 1 
60 4 1 0 0 2 349 349 0 5834 2 
60 4 1 0 0 2 249 249 0 5802 3 
60 4 1 0 0 2 116 283 0 3477 4 
60 4 1 0 0 2 216 183 0 6315 3 
60 4 1 0 0 2 183 183 0 5244 4 
60 4 1 0 0 2 183 516 0 5349 4 
60 4 1 0 0 2 416 316 0 13842 1 
60 4 1 0 0 2 116 216 0 7174 4 
60 4 1 0 0 2 283 449 0 8599 1 
60 4 1 0 0 2 449 516 0 10964 3 
60 4 1 0 0 2 416 83 1 3161 5 
60 4 1 0 0 2 316 383 0 3491 3 
60 4 1 0 0 2 183 316 0 5312 5 
60 4 1 0 0 2 416 50 1 2558 5 
60 4 1 0 0 2 449 183 0 8761 1 
60 4 1 0 0 2 249 83 1 5506 1 
60 4 1 0 0 2 482 83 1 2391 5 
60 4 1 0 0 2 50 549 0 3523 4 
60 4 1 0 0 2 549 283 1 3360 4 
60 4 1 0 0 2 549 116 1 1680 5 
60 4 1 0 0 2 316 50 1 6828 2 
60 4 1 0 0 2 316 416 0 3579 4 
60 4 1 0 0 2 216 316 0 2290 4 
60 4 1 0 0 2 183 549 0 7020 1 
60 4 1 0 0 2 449 149 1 2458 5 
60 4 1 0 0 2 449 383 0 4573 3 
60 4 1 0 0 2 116 516 0 1981 5 
60 4 1 0 0 2 83 116 0 2388 4 
60 4 1 0 0 2 116 249 0 2171 4 
60 4 1 0 0 1 0 399 0 4989 
60 4 1 0 0 1 0 301 0 4712 
60 4 1 0 0 1 599 0 1 4026 
60 4 1 0 0 1 354 267 1 13761 
60 4 1 0 0 1 261 115 0 7152 
60 4 1 0 0 1 375 185 1 6856 
60 4 1 0 0 1 458 0 1 3544 
60 4 1 0 0 1 0 186 0 4040 
60 4 1 0 0 1 599 409 1 2832 
60 4 1 0 0 1 576 0 1 1462 
60 4 1 0 0 1 106 237 0 4487 
60 4 1 0 0 1 69 332 0 2337 
60 4 1 0 0 1 127 0 0 2969 
60 4 1 0 0 1 400 599 1 3208 
60 4 1 0 0 1 172 0 0 3848 
60 4 1 0 0 1 525 597 1 1682 
60 4 1 0 0 2 249 349 0 12887 3 
60 4 1 0 0 2 216 50 1 7783 1 
60 4 1 0 0 2 316 349 1 6566 3 
60 4 1 0 0 2 216 482 0 9292 2 
60 4 1 0 0 2 349 116 1 4310 5 
60 4 1 0 0 2 416 183 1 3267 5 
60 4 1 0 0 2 516 183 1 3427 5 
60 4 1 0 0 2 149 316 0 4314 3 
60 4 1 0 0 2 416 216 1 3581 5 
60 4 1 0 0 2 482 249 1 4301 5 
60 4 1 0 0 2 149 50 0 5065 4 
60 4 1 0 0 2 416 449 1 6260 2 
60 4 1 0 0 2 416 516 1 14813 1 
60 4 1 0 0 2 50 249 0 2103 5 
60 4 1 0 0 2 50 316 0 1978 5 
60 4 1 0 0 2 249 516 0 5321 2 
60 4 1 0 0 2 449 549 1 3186 4 
60 4 1 0 0 2 383 216 1 3083 4 
60 4 1 0 0 2 249 149 0 8813 2 
60 4 1 0 0 2 149 516 0 6593 2 
60 4 1 0 0 2 482 516 1 5432 2 
60 4 1 0 0 2 383 183 1 5569 4 
60 4 1 0 0 2 516 482 1 4871 4 
60 4 1 0 0 2 283 116 1 4695 3 
60 4 1 0 0 2 216 416 0 6407 2 
60 4 1 0 0 2 283 249 1 6974 3 
60 4 1 0 0 2 183 116 0 5803 3 
60 4 1 0 0 2 50 482 0 3029 5 
60 4 1 0 0 2 316 316 0 3744 3 
60 4 1 0 0 2 516 549 1 2082 5 
60 4 1 0 0 2 183 50 0 3584 3 
60 4 1 0 0 2 316 216 1 10751 4 
60 4 1 0 0 1 561 248 1 10198 
60 4 1 0 0 1 186 599 0 8290 
60 4 1 0 0 1 104 227 0 5480 
60 4 1 0 0 1 213 599 0 5319 
60 4 1 0 0 1 582 103 1 2960 
60 4 1 0 0 1 250 441 0 4074 
60 4 1 0 0 1 31 0 0 2792 
60 4 1 0 0 1 224 599 0 4746 
60 4 1 0 0 1 16 0 0 2072 
60 4 1 0 0 1 422 599 1 12330 
60 4 1 0 0 1 467 0 1 4520 
60 4 1 0 0 1 575 599 1 2351 
60 4 1 0 0 1 84 0 0 1207 
60 4 1 0 0 1 273 599 0 7528 
60 4 1 0 0 1 291 111 0 3753 
60 4 1 0 0 1 196 599 0 3319 
60 4 1 0 0 2 216 83 0 6635 3 
60 4 1 0 0 2 349 482 0 8111 2 
60 4 1 0 0 2 549 416 1 2807 5 
60 4 1 0 0 2 283 482 0 9057 3 
60 4 1 0 0 2 50 516 0 1899 5 
60 4 1 0 0 2 149 283 0 2224 5 
60 4 1 0 0 2 316 449 0 19698 1 
60 4 1 0 0 2 549 83 1 1690 5 
60 4 1 0 0 2 449 316 1 2919 4 
60 4 1 0 0 2 183 83 0 5201 5 
60 4 1 0 0 2 116 383 0 3699 4 
60 4 1 0 0 2 383 50 1 4225 3 
60 4 1 0 0 2 283 416 0 5130 4 
60 4 1 0 0 2 449 50 1 2779 4 
60 4 1 0 0 2 516 149 1 1890 5 
60 4 1 0 0 2 383 416 0 8285 2 
60 4 1 0 0 2 449 216 1 6627 2 
60 4 1 0 0 2 383 516 0 6038 3 
60 4 1 0 0 2 83 183 0 1616 5 
60 4 1 0 0 2 349 216 1 10559 1 
60 4 1 0 0 2 50 50 0 2192 5 
60 4 1 0 0 2 50 416 0 1744 5 
60 4 1 0 0 2 283 149 1 7841 1 
60 4 1 0 0 2 249 549 1 7168 2 
60 4 1 0 0 2 549 183 1 1614 5 
60 4 1 0 0 2 183 449 0 2479 4 
60 4 1 0 0 2 149 482 0 2524 4 
60 4 1 0 0 2 149 149 0 2125 5 
60 4 1 0 0 2 482 349 1 5347 2 
60 4 1 0 0 2 383 449 0 8987 1 
60 4 1 0 0 2 383 149 1 5470 3 
60 4 1 0 0 2 283 83 1 4778 2 
60 4 1 0 0 1 423 599 1 17038 
60 4 1 0 0 1 5 193 0 2089 
60 4 1 0 0 1 428 599 1 3897 
60 4 1 0 0 1 328 0 1 5641 
60 4 1 0 0 1 566 599 1 2199 
60 4 1 0 0 1 398 0 1 2560 
60 4 1 0 0 1 11 599 0 3400 
60 4 1 0 0 1 271 0 0 6912 
60 4 1 0 0 1 557 599 1 1992 
60 4 1 0 0 1 21 0 0 2352 
60 4 1 0 0 1 232 599 0 7791 
60 4 1 0 0 1 573 0 1 1160 
60 4 1 0 0 1 508 599 1 1056 
60 4 1 0 0 1 561 0 1 992 
60 4 1 0 0 1 197 538 0 3751 
60 4 1 0 0 1 160 0 0 2153 
60 4 1 0 0 2 383 349 0 10952 2 
60 4 1 0 0 2 116 416 0 3485 5 
60 4 1 0 0 2 516 216 1 4656 3 
60 4 1 0 0 2 183 249 0 5550 3 
60 4 1 0 0 2 149 549 0 5893 2 
60 4 1 0 0 2 516 349 1 3615 3 
60 4 1 0 0 2 516 249 1 2544 5 
60 4 1 0 0 2 149 383 0 6654 3 
60 4 1 0 0 2 249 316 0 5792 2 
60 4 1 0 0 2 50 83 0 7742 3 
60 4 1 0 0 2 149 183 0 12183 2 
60 4 1 0 0 2 516 449 1 2899 4 
60 4 1 0 0 2 316 149 1 4723 4 
60 4 1 0 0 2 383 316 1 7445 3 
60 4 1 0 0 2 482 216 1 3823 4 
60 4 1 0 0 2 549 50 1 1431 5 
60 4 1 0 0 2 283 349 0 3537 2 
60 4 1 0 0 2 249 216 0 3494 2 
60 4 1 0 0 2 316 116 1 4401 4 
60 4 1 0 0 2 149 349 0 3607 3 
60 4 1 0 0 2 249 416 0 4555 4 
60 4 1 0 0 2 349 449 0 3235 3 
60 4 1 0 0 2 349 149 1 2640 4 
60 4 1 0 0 2 216 149 1 3276 3 
60 4 1 0 0 2 249 50 1 6420 2 
60 4 1 0 0 2 482 383 1 2802 4 
60 4 1 0 0 2 116 482 0 3012 4 
60 4 1 0 0 2 383 116 1 3289 3 
60 4 1 0 0 2 50 283 0 2382 5 
60 4 1 0 0 2 116 116 1 7379 1 
60 4 1 0 0 2 549 449 1 1939 4 
60 4 1 0 0 2 549 516 1 2590 5 
60 4 1 0 0 1 180 599 0 6379 
60 4 1 0 0 1 560 483 1 1656 
60 4 1 0 0 1 551 42 1 2768 
60 4 1 0 0 1 168 599 0 4762 
60 4 1 0 0 1 482 0 1 5369 
60 4 1 0 0 1 379 599 1 6449 
60 4 1 0 0 1 166 0 0 4554 
60 4 1 0 0 1 402 421 1 11217 
60 4 1 0 0 1 382 262 1 4241 
60 4 1 0 0 1 207 0 0 3335 
60 4 1 0 0 1 177 599 0 3454 
60 4 1 0 0 1 546 0 1 1161 
60 4 1 0 0 1 120 599 0 4177 
60 4 1 0 0 1 506 0 1 1689 
60 4 1 0 0 1 259 599 0 5842 
60 4 1 0 0 1 580 0 1 944 
60 4 1 0 0 2 449 249 1 2631 4 
60 4 1 0 0 2 516 316 1 2149 4 
60 4 1 0 0 2 216 116 0 5606 1 
60 4 1 0 0 2 283 516 0 6731 2 
60 4 1 0 0 2 83 249 0 5042 4 
60 4 1 0 0 2 549 549 1 1670 5 
60 4 1 0 0 2 283 283 1 7368 3 
60 4 1 0 0 2 216 516 0 8346 1 
60 4 1 0 0 2 516 416 1 2408 5 
60 4 1 0 0 2 149 416 0 4524 3 
60 4 1 0 0 2 416 383 1 2991 4 
60 4 1 0 0 2 249 383 1 4711 2 
60 4 1 0 0 2 349 50 1 5567 4 
60 4 1 0 0 2 283 316 0 5281 2 
60 4 1 0 0 2 416 283 1 2940 5 
60 4 1 0 0 2 83 216 0 3343 4 
60 4 1 0 0 2 149 449 0 3559 4 
60 4 1 0 0 2 316 83 1 5469 3 
60 4 1 0 0 2 183 149 1 7613 2 
60 4 1 0 0 2 383 482 1 3167 4 
60 4 1 0 0 2 449 482 1 1738 4 
60 4 1 0 0 2 216 216 0 4794 2 
60 4 1 0 0 2 416 549 1 10821 2 
60 4 1 0 0 2 516 83 1 2758 4 
60 4 1 0 0 2 516 516 1 2534 5 
60 4 1 0 0 2 449 283 1 2123 5 
60 4 1 0 0 2 216 249 0 3626 2 
60 4 1 0 0 2 549 249 1 1434 5 
60 4 1 0 0 2 83 383 0 3380 4 
60 4 1 0 0 2 116 183 0 3340 5 
60 4 1 0 0 2 383 249 1 3093 4 
60 4 1 0 0 2 116 349 0 3148 3 
