Subject 69 in condition 5, using samples from subject 65
Training Condition: 1
Task: 0
Rule: [[[300, 220], [[9000, 0], [0, 2000]]], [[300, 380], [[9000, 0], [0, 2000]]]]
Noise: 0
CATA=1
CATB=0
Sample keys: 122 120
Resp keys: 307 309
Dim direction: 1 1
Dim minimum: 73 56
Test order: [6, 3, 2, 7, 4, 1, 0, 5]
69 5 1 0 1 1 572 25 0 4846 
69 5 1 0 1 1 599 353 1 1608 
69 5 1 0 1 1 38 15 0 1575 
69 5 1 0 1 1 63 415 1 1583 
69 5 1 0 1 1 0 599 1 6551 
69 5 1 0 1 1 119 260 0 2496 
69 5 1 0 1 1 147 238 0 1473 
69 5 1 0 1 1 599 213 0 3232 
69 5 1 0 1 1 69 122 0 1233 
69 5 1 0 1 1 302 449 1 1258 
69 5 1 0 1 1 153 99 0 984 
69 5 1 0 1 1 5 369 1 1064 
69 5 1 0 1 1 384 92 0 1080 
69 5 1 0 1 1 413 599 1 2826 
69 5 1 0 1 1 80 87 0 1225 
69 5 1 0 1 1 249 599 1 1328 
69 5 1 0 1 2 116 549 0 3127 5 
69 5 1 0 1 2 249 482 0 2697 4 
69 5 1 0 1 2 549 149 0 3320 4 
69 5 1 0 1 2 516 116 0 1485 4 
69 5 1 0 1 2 349 249 0 2582 1 
69 5 1 0 1 2 83 283 1 1918 5 
69 5 1 0 1 2 549 349 0 1685 4 
69 5 1 0 1 2 149 216 1 1281 5 
69 5 1 0 1 2 116 50 0 1345 5 
69 5 1 0 1 2 482 283 0 2274 4 
69 5 1 0 1 2 83 50 0 1115 5 
69 5 1 0 1 2 183 482 0 4454 3 
69 5 1 0 1 2 349 549 0 1310 4 
69 5 1 0 1 2 349 283 1 1438 4 
69 5 1 0 1 2 116 449 1 1212 5 
69 5 1 0 1 2 549 482 0 12020 2 
69 5 1 0 1 2 349 183 1 2528 5 
69 5 1 0 1 2 50 216 1 1095 5 
69 5 1 0 1 2 482 416 1 2538 3 
69 5 1 0 1 2 50 183 1 1799 5 
69 5 1 0 1 2 349 316 1 1569 5 
69 5 1 0 1 2 50 116 1 909 5 
69 5 1 0 1 2 449 416 1 1524 4 
69 5 1 0 1 2 482 549 0 1751 4 
69 5 1 0 1 2 50 383 1 828 5 
69 5 1 0 1 2 383 283 1 2929 4 
69 5 1 0 1 2 216 283 1 910 5 
69 5 1 0 1 2 50 349 1 764 5 
69 5 1 0 1 2 283 549 0 1498 4 
69 5 1 0 1 2 316 183 1 967 4 
69 5 1 0 1 2 249 449 1 1040 4 
69 5 1 0 1 2 316 482 0 1157 4 
69 5 1 0 1 1 258 394 1 2749 
69 5 1 0 1 1 312 295 0 3025 
69 5 1 0 1 1 599 174 0 1201 
69 5 1 0 1 1 0 591 1 2679 
69 5 1 0 1 1 261 58 0 1618 
69 5 1 0 1 1 231 297 0 1794 
69 5 1 0 1 1 396 532 1 2656 
69 5 1 0 1 1 291 374 1 1217 
69 5 1 0 1 1 537 380 1 705 
69 5 1 0 1 1 518 413 1 775 
69 5 1 0 1 1 591 229 0 1208 
69 5 1 0 1 1 557 474 1 1448 
69 5 1 0 1 1 580 178 0 1016 
69 5 1 0 1 1 423 512 1 953 
69 5 1 0 1 1 437 104 0 1097 
69 5 1 0 1 1 379 599 1 905 
69 5 1 0 1 2 549 416 0 3933 4 
69 5 1 0 1 2 349 216 0 3202 4 
69 5 1 0 1 2 449 216 0 812 4 
69 5 1 0 1 2 549 83 1 2461 5 
69 5 1 0 1 2 83 183 1 2494 5 
69 5 1 0 1 2 283 416 0 1251 4 
69 5 1 0 1 2 283 149 0 960 4 
69 5 1 0 1 2 349 482 1 1122 4 
69 5 1 0 1 2 383 149 0 1062 4 
69 5 1 0 1 2 149 149 1 1589 4 
69 5 1 0 1 2 549 183 0 1653 5 
69 5 1 0 1 2 283 83 0 2746 3 
69 5 1 0 1 2 383 516 1 1931 4 
69 5 1 0 1 2 149 283 1 1442 5 
69 5 1 0 1 2 516 149 0 1335 4 
69 5 1 0 1 2 316 449 0 1950 4 
69 5 1 0 1 2 50 50 1 2988 1 
69 5 1 0 1 2 50 416 1 2208 5 
69 5 1 0 1 2 383 416 0 2365 4 
69 5 1 0 1 2 449 316 0 1483 4 
69 5 1 0 1 2 116 383 1 1345 4 
69 5 1 0 1 2 149 482 0 2330 5 
69 5 1 0 1 2 283 482 1 1245 4 
69 5 1 0 1 2 249 549 1 1133 4 
69 5 1 0 1 2 183 83 0 1224 4 
69 5 1 0 1 2 216 83 0 780 4 
69 5 1 0 1 2 50 516 0 1144 4 
69 5 1 0 1 2 183 449 0 1701 4 
69 5 1 0 1 2 449 50 1 1482 4 
69 5 1 0 1 2 383 449 0 1644 4 
69 5 1 0 1 2 482 349 0 845 4 
69 5 1 0 1 2 383 50 1 1224 4 
69 5 1 0 1 1 261 555 1 4344 
69 5 1 0 1 1 30 273 0 2527 
69 5 1 0 1 1 599 580 1 2849 
69 5 1 0 1 1 104 497 1 1952 
69 5 1 0 1 1 426 505 1 1671 
69 5 1 0 1 1 46 132 0 1136 
69 5 1 0 1 1 468 198 0 1097 
69 5 1 0 1 1 357 599 1 1072 
69 5 1 0 1 1 554 170 0 4136 
69 5 1 0 1 1 245 548 1 1096 
69 5 1 0 1 1 150 319 1 1513 
69 5 1 0 1 1 230 15 0 1697 
69 5 1 0 1 1 567 497 1 1538 
69 5 1 0 1 1 344 308 1 4249 
69 5 1 0 1 1 572 170 0 1585 
69 5 1 0 1 1 93 235 0 1490 
69 5 1 0 1 2 383 83 1 2370 4 
69 5 1 0 1 2 549 316 0 1198 4 
69 5 1 0 1 2 549 383 0 1193 4 
69 5 1 0 1 2 149 116 1 1676 5 
69 5 1 0 1 2 83 449 1 1302 5 
69 5 1 0 1 2 149 83 0 1672 5 
69 5 1 0 1 2 482 149 0 1706 4 
69 5 1 0 1 2 83 149 1 4749 5 
69 5 1 0 1 2 283 383 0 2358 4 
69 5 1 0 1 2 349 383 0 818 4 
69 5 1 0 1 2 283 216 0 1182 4 
69 5 1 0 1 2 416 482 1 1244 5 
69 5 1 0 1 2 449 116 0 2871 4 
69 5 1 0 1 2 149 249 1 4128 5 
69 5 1 0 1 2 349 83 0 1372 4 
69 5 1 0 1 2 216 349 1 1687 5 
69 5 1 0 1 2 449 83 1 1928 4 
69 5 1 0 1 2 83 83 0 1338 4 
69 5 1 0 1 2 183 349 1 1313 5 
69 5 1 0 1 2 482 50 1 1322 5 
69 5 1 0 1 2 416 349 0 1539 5 
69 5 1 0 1 2 349 516 1 2613 4 
69 5 1 0 1 2 183 383 1 1428 5 
69 5 1 0 1 2 416 249 0 1178 4 
69 5 1 0 1 2 116 316 1 1096 5 
69 5 1 0 1 2 449 449 0 1094 4 
69 5 1 0 1 2 249 183 0 1175 4 
69 5 1 0 1 2 316 283 0 1417 5 
69 5 1 0 1 2 216 449 1 2007 4 
69 5 1 0 1 2 50 149 1 2066 4 
69 5 1 0 1 2 83 349 1 893 5 
69 5 1 0 1 2 516 383 0 1834 5 
69 5 1 0 1 1 72 370 1 1430 
69 5 1 0 1 1 265 327 1 1112 
69 5 1 0 1 1 524 286 0 3033 
69 5 1 0 1 1 235 273 0 1848 
69 5 1 0 1 1 105 317 1 1097 
69 5 1 0 1 1 548 331 1 2016 
69 5 1 0 1 1 1 222 0 1399 
69 5 1 0 1 1 227 293 0 1168 
69 5 1 0 1 1 118 402 1 920 
69 5 1 0 1 1 137 599 1 1040 
69 5 1 0 1 1 308 228 0 1090 
69 5 1 0 1 1 87 558 1 841 
69 5 1 0 1 1 35 79 0 2024 
69 5 1 0 1 1 357 594 1 1111 
69 5 1 0 1 1 125 159 0 1040 
69 5 1 0 1 1 588 200 0 842 
69 5 1 0 1 2 549 516 1 4448 4 
69 5 1 0 1 2 249 50 0 1384 4 
69 5 1 0 1 2 482 216 0 2234 5 
69 5 1 0 1 2 116 482 0 2148 5 
69 5 1 0 1 2 383 349 0 1775 5 
69 5 1 0 1 2 316 116 0 4749 5 
69 5 1 0 1 2 149 383 1 1284 4 
69 5 1 0 1 2 249 416 0 3084 5 
69 5 1 0 1 2 549 449 1 1162 5 
69 5 1 0 1 2 149 183 1 1577 5 
69 5 1 0 1 2 516 216 0 1173 5 
69 5 1 0 1 2 482 383 0 942 5 
69 5 1 0 1 2 516 449 0 1027 5 
69 5 1 0 1 2 50 83 0 973 5 
69 5 1 0 1 2 249 216 0 1746 5 
69 5 1 0 1 2 349 149 0 961 5 
69 5 1 0 1 2 316 149 0 715 5 
69 5 1 0 1 2 383 116 0 995 5 
69 5 1 0 1 2 349 449 0 983 5 
69 5 1 0 1 2 149 349 1 1054 5 
69 5 1 0 1 2 516 249 0 1327 5 
69 5 1 0 1 2 516 349 1 1546 4 
69 5 1 0 1 2 183 249 1 1967 5 
69 5 1 0 1 2 549 50 0 2090 4 
69 5 1 0 1 2 116 416 1 1526 5 
69 5 1 0 1 2 283 349 0 1455 5 
69 5 1 0 1 2 116 116 1 1918 5 
69 5 1 0 1 2 249 316 0 2180 5 
69 5 1 0 1 2 149 549 0 1703 4 
69 5 1 0 1 2 383 316 0 1949 5 
69 5 1 0 1 2 216 149 1 2838 5 
69 5 1 0 1 2 50 283 1 1153 5 
69 5 1 0 1 1 546 87 0 2101 
69 5 1 0 1 1 291 192 0 2482 
69 5 1 0 1 1 261 375 1 1322 
69 5 1 0 1 1 482 338 1 969 
69 5 1 0 1 1 156 346 1 969 
69 5 1 0 1 1 293 345 1 1145 
69 5 1 0 1 1 438 354 1 985 
69 5 1 0 1 1 388 170 0 1984 
69 5 1 0 1 1 432 213 0 872 
69 5 1 0 1 1 218 441 1 2434 
69 5 1 0 1 1 425 334 1 1483 
69 5 1 0 1 1 151 599 1 1049 
69 5 1 0 1 1 46 496 1 888 
69 5 1 0 1 1 323 182 0 1985 
69 5 1 0 1 1 64 222 0 840 
69 5 1 0 1 1 352 33 0 937 
69 5 1 0 1 2 449 482 1 2014 5 
69 5 1 0 1 2 216 516 1 1933 5 
69 5 1 0 1 2 349 50 0 3942 4 
69 5 1 0 1 2 416 549 0 2559 4 
69 5 1 0 1 2 516 416 1 1553 5 
69 5 1 0 1 2 83 216 1 1155 5 
69 5 1 0 1 2 316 83 0 1152 4 
69 5 1 0 1 2 283 316 0 2651 5 
69 5 1 0 1 2 216 116 1 2262 5 
69 5 1 0 1 2 449 283 0 1345 5 
69 5 1 0 1 2 283 283 0 2729 5 
69 5 1 0 1 2 283 516 1 1898 5 
69 5 1 0 1 2 449 249 0 1256 5 
69 5 1 0 1 2 83 383 1 1062 5 
69 5 1 0 1 2 183 149 0 1079 5 
69 5 1 0 1 2 216 216 0 815 5 
69 5 1 0 1 2 416 283 1 1105 5 
69 5 1 0 1 2 116 349 0 977 5 
69 5 1 0 1 2 416 383 0 847 5 
69 5 1 0 1 2 83 249 1 1193 5 
69 5 1 0 1 2 516 83 0 1407 4 
69 5 1 0 1 2 549 549 0 2055 5 
69 5 1 0 1 2 383 482 1 1403 5 
69 5 1 0 1 2 149 449 1 1526 5 
69 5 1 0 1 2 549 249 0 851 5 
69 5 1 0 1 2 383 249 0 685 5 
69 5 1 0 1 2 249 383 1 1317 5 
69 5 1 0 1 2 116 183 1 1128 5 
69 5 1 0 1 2 216 249 0 794 5 
69 5 1 0 1 2 516 516 0 877 5 
69 5 1 0 1 2 516 316 1 772 5 
69 5 1 0 1 2 149 416 1 804 5 
69 5 1 0 1 1 349 0 0 4221 
69 5 1 0 1 1 439 375 1 1407 
69 5 1 0 1 1 522 246 0 1698 
69 5 1 0 1 1 58 279 0 1233 
69 5 1 0 1 1 46 61 0 921 
69 5 1 0 1 1 470 263 0 945 
69 5 1 0 1 1 315 317 1 945 
69 5 1 0 1 1 335 252 0 905 
69 5 1 0 1 1 276 37 0 945 
69 5 1 0 1 1 24 599 1 1673 
69 5 1 0 1 1 385 388 1 897 
69 5 1 0 1 1 464 445 1 952 
69 5 1 0 1 1 576 48 0 976 
69 5 1 0 1 1 448 599 1 1008 
69 5 1 0 1 1 546 0 0 976 
69 5 1 0 1 1 26 475 1 848 
69 5 1 0 1 2 283 116 0 1521 5 
69 5 1 0 1 2 216 482 1 2313 5 
69 5 1 0 1 2 383 183 0 1387 5 
69 5 1 0 1 2 416 516 0 1617 5 
69 5 1 0 1 2 216 50 1 1109 5 
69 5 1 0 1 2 416 216 0 1105 5 
69 5 1 0 1 2 50 482 0 1636 5 
69 5 1 0 1 2 249 349 0 1612 5 
69 5 1 0 1 2 149 516 0 1471 5 
69 5 1 0 1 2 482 249 0 1059 5 
69 5 1 0 1 2 50 249 1 1007 5 
69 5 1 0 1 2 482 516 0 874 5 
69 5 1 0 1 2 516 183 0 989 5 
69 5 1 0 1 2 249 516 0 1437 5 
69 5 1 0 1 2 516 482 1 1119 5 
69 5 1 0 1 2 416 449 0 1243 5 
69 5 1 0 1 2 316 316 0 745 5 
69 5 1 0 1 2 283 249 1 927 5 
69 5 1 0 1 2 149 50 0 1618 5 
69 5 1 0 1 2 449 549 0 953 5 
69 5 1 0 1 2 183 50 0 1104 5 
69 5 1 0 1 2 149 316 1 1658 5 
69 5 1 0 1 2 416 183 0 960 5 
69 5 1 0 1 2 383 216 0 711 5 
69 5 1 0 1 2 50 316 1 939 5 
69 5 1 0 1 2 316 349 0 757 5 
69 5 1 0 1 2 216 416 0 1239 5 
69 5 1 0 1 2 316 216 0 887 5 
69 5 1 0 1 2 183 116 0 858 5 
69 5 1 0 1 2 349 116 0 958 5 
69 5 1 0 1 2 516 549 1 837 5 
69 5 1 0 1 2 249 149 0 745 5 
69 5 1 0 1 1 205 574 1 21483 
69 5 1 0 1 1 519 206 0 1847 
69 5 1 0 1 1 555 239 0 849 
69 5 1 0 1 1 163 92 0 1017 
69 5 1 0 1 1 185 338 1 839 
69 5 1 0 1 1 582 204 0 1146 
69 5 1 0 1 1 18 518 1 873 
69 5 1 0 1 1 131 0 0 1041 
69 5 1 0 1 1 33 0 0 721 
69 5 1 0 1 1 82 543 1 2754 
69 5 1 0 1 1 243 181 0 833 
69 5 1 0 1 1 22 523 1 672 
69 5 1 0 1 1 71 74 0 897 
69 5 1 0 1 1 274 599 1 889 
69 5 1 0 1 1 597 145 0 752 
69 5 1 0 1 1 231 590 1 1008 
69 5 1 0 1 2 216 383 1 2627 5 
69 5 1 0 1 2 482 449 1 850 5 
69 5 1 0 1 2 316 516 1 753 5 
69 5 1 0 1 2 183 283 0 909 5 
69 5 1 0 1 2 50 449 1 1282 5 
69 5 1 0 1 2 283 183 0 718 5 
69 5 1 0 1 2 83 549 1 854 5 
69 5 1 0 1 2 516 283 0 1403 5 
69 5 1 0 1 2 283 50 0 730 5 
69 5 1 0 1 2 216 549 1 664 5 
69 5 1 0 1 2 549 216 1 698 5 
69 5 1 0 1 2 116 149 0 685 5 
69 5 1 0 1 2 349 416 1 764 5 
69 5 1 0 1 2 249 283 0 826 5 
69 5 1 0 1 2 83 416 1 837 5 
69 5 1 0 1 2 482 116 0 643 5 
69 5 1 0 1 2 482 183 0 761 5 
69 5 1 0 1 2 183 216 0 600 5 
69 5 1 0 1 2 83 316 1 1050 5 
69 5 1 0 1 2 416 116 0 708 5 
69 5 1 0 1 2 316 249 0 809 5 
69 5 1 0 1 2 416 416 1 808 5 
69 5 1 0 1 2 83 516 1 813 5 
69 5 1 0 1 2 249 116 0 719 5 
69 5 1 0 1 2 116 83 0 767 5 
69 5 1 0 1 2 383 549 1 813 5 
69 5 1 0 1 2 516 50 0 1274 5 
69 5 1 0 1 2 482 316 0 851 5 
69 5 1 0 1 2 416 149 0 982 5 
69 5 1 0 1 2 83 482 1 731 5 
69 5 1 0 1 2 316 549 1 615 5 
69 5 1 0 1 2 449 349 0 910 5 
69 5 1 0 1 1 595 214 0 2694 
69 5 1 0 1 1 598 129 0 848 
69 5 1 0 1 1 236 346 1 825 
69 5 1 0 1 1 525 407 1 834 
69 5 1 0 1 1 238 394 1 720 
69 5 1 0 1 1 581 9 0 889 
69 5 1 0 1 1 379 232 0 1024 
69 5 1 0 1 1 275 316 1 880 
69 5 1 0 1 1 406 256 0 761 
69 5 1 0 1 1 12 347 1 850 
69 5 1 0 1 1 152 0 0 1040 
69 5 1 0 1 1 368 204 0 753 
69 5 1 0 1 1 249 183 0 608 
69 5 1 0 1 1 434 599 1 736 
69 5 1 0 1 1 460 183 0 592 
69 5 1 0 1 1 450 483 1 1097 
69 5 1 0 1 2 416 316 1 2224 5 
69 5 1 0 1 2 449 149 0 844 5 
69 5 1 0 1 2 416 50 0 794 5 
69 5 1 0 1 2 482 482 1 738 5 
69 5 1 0 1 2 549 116 0 583 5 
69 5 1 0 1 2 449 183 0 1349 5 
69 5 1 0 1 2 316 416 1 624 5 
69 5 1 0 1 2 549 283 1 1054 5 
69 5 1 0 1 2 183 549 1 789 5 
69 5 1 0 1 2 283 449 1 769 5 
69 5 1 0 1 2 116 216 0 886 5 
69 5 1 0 1 2 83 116 0 648 5 
69 5 1 0 1 2 216 183 0 605 5 
69 5 1 0 1 2 116 283 1 739 5 
69 5 1 0 1 2 449 383 1 806 5 
69 5 1 0 1 2 216 316 1 682 5 
69 5 1 0 1 2 383 383 1 714 5 
69 5 1 0 1 2 249 83 0 625 5 
69 5 1 0 1 2 183 516 1 752 5 
69 5 1 0 1 2 416 83 0 665 5 
69 5 1 0 1 2 116 249 1 1779 5 
69 5 1 0 1 2 249 249 1 1082 5 
69 5 1 0 1 2 50 549 1 854 5 
69 5 1 0 1 2 449 516 1 913 5 
69 5 1 0 1 2 183 316 1 772 5 
69 5 1 0 1 2 349 349 1 773 5 
69 5 1 0 1 2 116 516 1 726 5 
69 5 1 0 1 2 316 383 1 591 5 
69 5 1 0 1 2 183 416 1 483 5 
69 5 1 0 1 2 183 183 0 542 5 
69 5 1 0 1 2 316 50 0 607 5 
69 5 1 0 1 2 482 83 0 597 5 
