Subject 0 in condition 0
Training Condition: 3
Task: 0
Rule: [[[220, 300], [[2000, 0], [0, 9000]]], [[380, 300], [[2000, 0], [0, 9000]]]]
Noise: 0
CATA=1
CATB=0
Sample keys: 122 120
Resp keys: 307 309
Dim direction: 0 0
Dim minimum: 46 89
Test order: [6, 4, 1, 7, 0, 5, 3, 2]
0 0 3 0 0 1 321 183 1 3221 
0 0 3 0 0 1 0 166 0 1280 
0 0 3 0 0 1 282 508 0 3248 
0 0 3 0 0 1 0 363 0 1242 
0 0 3 0 0 1 258 185 0 2976 
0 0 3 0 0 1 0 71 0 3608 
0 0 3 0 0 1 287 7 0 1378 
0 0 3 0 0 1 0 0 0 904 
0 0 3 0 0 1 0 515 0 1617 
0 0 3 0 0 1 575 511 1 880 
0 0 3 0 0 1 599 551 1 992 
0 0 3 0 0 1 556 424 1 800 
0 0 3 0 0 1 507 301 1 633 
0 0 3 0 0 1 351 105 1 617 
0 0 3 0 0 1 0 430 0 865 
0 0 3 0 0 1 550 462 1 601 
0 0 3 0 0 2 249 449 1 3094 3 
0 0 3 0 0 2 50 116 0 1381 3 
0 0 3 0 0 2 50 383 0 1602 3 
0 0 3 0 0 2 449 416 1 1488 3 
0 0 3 0 0 2 549 149 1 1324 3 
0 0 3 0 0 2 482 283 1 896 3 
0 0 3 0 0 2 283 549 1 1576 3 
0 0 3 0 0 2 549 349 1 934 3 
0 0 3 0 0 2 216 283 0 1113 3 
0 0 3 0 0 2 249 482 0 997 3 
0 0 3 0 0 2 50 183 0 700 3 
0 0 3 0 0 2 50 349 0 580 3 
0 0 3 0 0 2 83 50 0 597 3 
0 0 3 0 0 2 349 183 1 811 3 
0 0 3 0 0 2 149 216 0 1144 3 
0 0 3 0 0 2 349 249 1 806 3 
0 0 3 0 0 2 482 416 1 868 3 
0 0 3 0 0 2 116 549 0 799 3 
0 0 3 0 0 2 183 482 0 588 3 
0 0 3 0 0 2 549 482 1 842 3 
0 0 3 0 0 2 116 449 0 1183 3 
0 0 3 0 0 2 516 116 1 738 3 
0 0 3 0 0 2 116 50 0 739 3 
0 0 3 0 0 2 316 183 0 738 3 
0 0 3 0 0 2 482 549 1 722 3 
0 0 3 0 0 2 349 283 1 1310 3 
0 0 3 0 0 2 50 216 0 1012 3 
0 0 3 0 0 2 349 316 1 1629 3 
0 0 3 0 0 2 349 549 1 824 3 
0 0 3 0 0 2 316 482 1 651 3 
0 0 3 0 0 2 383 283 1 646 3 
0 0 3 0 0 2 83 283 0 1229 3 
0 0 3 0 0 1 599 483 1 1236 
0 0 3 0 0 1 310 514 1 673 
0 0 3 0 0 1 0 544 0 785 
0 0 3 0 0 1 96 566 0 730 
0 0 3 0 0 1 421 428 1 768 
0 0 3 0 0 1 586 184 1 817 
0 0 3 0 0 1 397 0 1 713 
0 0 3 0 0 1 129 0 0 1258 
0 0 3 0 0 1 240 241 0 569 
0 0 3 0 0 1 279 510 0 618 
0 0 3 0 0 1 550 52 1 698 
0 0 3 0 0 1 313 51 1 329 
0 0 3 0 0 1 260 282 0 913 
0 0 3 0 0 1 289 216 0 745 
0 0 3 0 0 1 331 120 1 1167 
0 0 3 0 0 1 328 599 1 945 
0 0 3 0 0 2 449 249 1 2896 4 
0 0 3 0 0 2 449 482 1 1342 4 
0 0 3 0 0 2 216 216 0 1037 4 
0 0 3 0 0 2 416 549 1 968 4 
0 0 3 0 0 2 249 383 0 918 4 
0 0 3 0 0 2 549 549 1 739 4 
0 0 3 0 0 2 283 316 1 986 4 
0 0 3 0 0 2 283 283 1 862 4 
0 0 3 0 0 2 516 316 1 965 4 
0 0 3 0 0 2 516 83 1 721 4 
0 0 3 0 0 2 216 116 0 897 4 
0 0 3 0 0 2 416 283 1 1001 4 
0 0 3 0 0 2 183 149 0 1895 4 
0 0 3 0 0 2 516 416 1 1083 4 
0 0 3 0 0 2 383 249 1 2584 4 
0 0 3 0 0 2 116 183 1 754 4 
0 0 3 0 0 2 349 50 1 718 4 
0 0 3 0 0 2 83 249 0 699 4 
0 0 3 0 0 2 83 216 0 645 4 
0 0 3 0 0 2 449 283 1 828 4 
0 0 3 0 0 2 316 83 1 1491 4 
0 0 3 0 0 2 283 516 1 947 4 
0 0 3 0 0 2 149 416 0 804 4 
0 0 3 0 0 2 516 516 1 661 4 
0 0 3 0 0 2 216 516 0 929 4 
0 0 3 0 0 2 116 349 0 880 4 
0 0 3 0 0 2 149 449 0 749 4 
0 0 3 0 0 2 383 482 1 836 4 
0 0 3 0 0 2 83 383 0 877 4 
0 0 3 0 0 2 416 383 1 834 4 
0 0 3 0 0 2 216 249 0 766 4 
0 0 3 0 0 2 549 249 1 860 4 
0 0 3 0 0 1 587 53 1 1260 
0 0 3 0 0 1 128 16 0 594 
0 0 3 0 0 1 580 447 1 705 
0 0 3 0 0 1 75 486 0 576 
0 0 3 0 0 1 334 181 1 1016 
0 0 3 0 0 1 325 359 1 937 
0 0 3 0 0 1 231 484 0 1097 
0 0 3 0 0 1 180 124 0 1249 
0 0 3 0 0 1 311 267 1 1024 
0 0 3 0 0 1 74 64 0 679 
0 0 3 0 0 1 34 599 0 697 
0 0 3 0 0 1 146 0 0 649 
0 0 3 0 0 1 352 470 1 707 
0 0 3 0 0 1 268 278 0 720 
0 0 3 0 0 1 416 327 1 1073 
0 0 3 0 0 1 317 599 1 770 
0 0 3 0 0 2 383 216 1 3165 4 
0 0 3 0 0 2 283 116 0 1799 4 
0 0 3 0 0 2 216 416 0 728 4 
0 0 3 0 0 2 416 216 1 731 4 
0 0 3 0 0 2 50 249 0 747 4 
0 0 3 0 0 2 149 50 0 940 4 
0 0 3 0 0 2 516 183 1 800 4 
0 0 3 0 0 2 416 183 1 1028 4 
0 0 3 0 0 2 183 116 0 1279 4 
0 0 3 0 0 2 482 249 1 896 4 
0 0 3 0 0 2 216 482 0 1212 4 
0 0 3 0 0 2 449 549 1 909 4 
0 0 3 0 0 2 416 449 1 596 4 
0 0 3 0 0 2 516 549 1 936 4 
0 0 3 0 0 2 316 216 0 986 4 
0 0 3 0 0 2 383 183 0 984 4 
0 0 3 0 0 2 183 50 0 1491 4 
0 0 3 0 0 2 349 116 0 1554 4 
0 0 3 0 0 2 249 349 0 1239 4 
0 0 3 0 0 2 416 516 1 900 4 
0 0 3 0 0 2 316 316 1 620 4 
0 0 3 0 0 2 316 349 1 521 4 
0 0 3 0 0 2 50 482 0 635 4 
0 0 3 0 0 2 249 516 0 1631 4 
0 0 3 0 0 2 482 516 1 697 4 
0 0 3 0 0 2 516 482 1 649 4 
0 0 3 0 0 2 249 149 1 563 4 
0 0 3 0 0 2 149 316 0 542 4 
0 0 3 0 0 2 149 516 0 765 4 
0 0 3 0 0 2 216 50 0 866 4 
0 0 3 0 0 2 50 316 0 659 4 
0 0 3 0 0 2 283 249 0 636 4 
0 0 3 0 0 1 351 599 1 1365 
0 0 3 0 0 1 322 239 1 1017 
0 0 3 0 0 1 281 240 0 1801 
0 0 3 0 0 1 314 599 1 913 
0 0 3 0 0 1 172 599 0 3337 
0 0 3 0 0 1 241 244 0 808 
0 0 3 0 0 1 256 599 0 585 
0 0 3 0 0 1 323 599 1 921 
0 0 3 0 0 1 328 241 1 720 
0 0 3 0 0 1 331 383 1 337 
0 0 3 0 0 1 271 452 0 575 
0 0 3 0 0 1 245 584 0 639 
0 0 3 0 0 1 376 575 1 785 
0 0 3 0 0 1 308 337 1 602 
0 0 3 0 0 1 328 599 1 914 
0 0 3 0 0 1 282 599 0 961 
0 0 3 0 0 2 116 116 0 6800 3 
0 0 3 0 0 2 516 349 1 964 3 
0 0 3 0 0 2 50 83 0 1005 3 
0 0 3 0 0 2 316 116 0 1305 3 
0 0 3 0 0 2 383 349 0 700 3 
0 0 3 0 0 2 149 349 0 1565 3 
0 0 3 0 0 2 349 449 1 644 3 
0 0 3 0 0 2 549 449 1 729 3 
0 0 3 0 0 2 116 416 0 667 3 
0 0 3 0 0 2 549 516 1 851 3 
0 0 3 0 0 2 516 216 1 629 3 
0 0 3 0 0 2 349 149 1 894 3 
0 0 3 0 0 2 249 50 1 1226 3 
0 0 3 0 0 2 50 283 0 976 3 
0 0 3 0 0 2 249 216 1 1376 3 
0 0 3 0 0 2 383 316 1 757 3 
0 0 3 0 0 2 116 482 0 1262 3 
0 0 3 0 0 2 249 416 1 902 3 
0 0 3 0 0 2 383 116 1 612 3 
0 0 3 0 0 2 149 183 0 1760 3 
0 0 3 0 0 2 149 549 0 718 3 
0 0 3 0 0 2 549 50 1 849 3 
0 0 3 0 0 2 216 149 0 1008 3 
0 0 3 0 0 2 482 216 1 1001 3 
0 0 3 0 0 2 316 149 1 978 3 
0 0 3 0 0 2 283 349 1 708 3 
0 0 3 0 0 2 149 383 1 2654 3 
0 0 3 0 0 2 516 249 1 1656 3 
0 0 3 0 0 2 249 316 0 1013 3 
0 0 3 0 0 2 183 249 0 978 3 
0 0 3 0 0 2 482 383 1 669 3 
0 0 3 0 0 2 516 449 1 670 3 
0 0 3 0 0 1 301 228 1 1541 
0 0 3 0 0 1 119 240 0 682 
0 0 3 0 0 1 177 239 0 642 
0 0 3 0 0 1 223 238 0 686 
0 0 3 0 0 1 272 242 0 321 
0 0 3 0 0 1 350 244 1 560 
0 0 3 0 0 1 306 243 1 920 
0 0 3 0 0 1 375 243 1 689 
0 0 3 0 0 1 207 245 0 738 
0 0 3 0 0 1 368 245 1 808 
0 0 3 0 0 1 334 241 1 697 
0 0 3 0 0 1 255 243 0 794 
0 0 3 0 0 1 487 236 1 1016 
0 0 3 0 0 1 326 244 1 738 
0 0 3 0 0 1 336 599 1 977 
0 0 3 0 0 1 291 599 0 1017 
0 0 3 0 0 2 383 549 1 2018 3 
0 0 3 0 0 2 83 482 0 745 3 
0 0 3 0 0 2 416 416 1 679 3 
0 0 3 0 0 2 482 449 1 797 3 
0 0 3 0 0 2 482 316 1 629 3 
0 0 3 0 0 2 83 416 0 668 3 
0 0 3 0 0 2 216 383 0 788 3 
0 0 3 0 0 2 83 316 0 518 3 
0 0 3 0 0 2 516 283 1 671 3 
0 0 3 0 0 2 349 416 1 727 3 
0 0 3 0 0 2 183 216 1 729 3 
0 0 3 0 0 2 549 216 1 788 3 
0 0 3 0 0 2 183 283 0 754 3 
0 0 3 0 0 2 283 50 0 800 3 
0 0 3 0 0 2 116 83 0 568 3 
0 0 3 0 0 2 249 283 1 1054 3 
0 0 3 0 0 2 316 516 1 1042 3 
0 0 3 0 0 2 50 449 0 657 3 
0 0 3 0 0 2 449 349 1 757 3 
0 0 3 0 0 2 316 549 0 1601 3 
0 0 3 0 0 2 416 116 1 3872 3 
0 0 3 0 0 2 249 116 1 1066 3 
0 0 3 0 0 2 482 116 1 844 3 
0 0 3 0 0 2 283 183 1 2047 3 
0 0 3 0 0 2 83 516 0 1175 3 
0 0 3 0 0 2 482 183 1 928 3 
0 0 3 0 0 2 216 549 0 982 3 
0 0 3 0 0 2 116 149 0 914 3 
0 0 3 0 0 2 83 549 0 848 3 
0 0 3 0 0 2 316 249 1 1447 3 
0 0 3 0 0 2 516 50 1 843 3 
0 0 3 0 0 2 416 149 1 651 3 
0 0 3 0 0 1 317 242 1 1069 
0 0 3 0 0 1 241 237 0 1522 
0 0 3 0 0 1 259 412 0 634 
0 0 3 0 0 1 237 328 0 776 
0 0 3 0 0 1 253 446 0 446 
0 0 3 0 0 1 302 50 1 1201 
0 0 3 0 0 1 297 239 0 961 
0 0 3 0 0 1 313 599 1 760 
0 0 3 0 0 1 290 250 0 1009 
0 0 3 0 0 1 289 246 0 713 
0 0 3 0 0 1 290 599 0 721 
0 0 3 0 0 1 303 599 1 794 
0 0 3 0 0 1 254 599 0 985 
0 0 3 0 0 1 363 232 1 784 
0 0 3 0 0 1 282 245 0 951 
0 0 3 0 0 1 319 240 1 969 
0 0 3 0 0 2 216 316 0 3520 3 
0 0 3 0 0 2 449 383 1 846 3 
0 0 3 0 0 2 50 549 0 762 3 
0 0 3 0 0 2 416 316 1 983 3 
0 0 3 0 0 2 449 149 1 731 3 
0 0 3 0 0 2 216 183 0 617 3 
0 0 3 0 0 2 116 283 0 807 3 
0 0 3 0 0 2 416 83 1 711 3 
0 0 3 0 0 2 116 249 0 697 3 
0 0 3 0 0 2 316 50 1 761 3 
0 0 3 0 0 2 449 516 1 1284 3 
0 0 3 0 0 2 349 349 0 1526 3 
0 0 3 0 0 2 549 283 1 1002 3 
0 0 3 0 0 2 416 50 1 582 3 
0 0 3 0 0 2 83 116 0 696 3 
0 0 3 0 0 2 549 116 1 1048 3 
0 0 3 0 0 2 482 482 1 941 3 
0 0 3 0 0 2 449 183 1 519 3 
0 0 3 0 0 2 183 316 0 667 3 
0 0 3 0 0 2 249 249 0 1995 3 
0 0 3 0 0 2 316 383 0 617 3 
0 0 3 0 0 2 183 183 0 1256 3 
0 0 3 0 0 2 383 383 1 663 3 
0 0 3 0 0 2 283 449 1 517 3 
0 0 3 0 0 2 316 416 1 509 3 
0 0 3 0 0 2 116 216 1 493 3 
0 0 3 0 0 2 183 549 0 635 3 
0 0 3 0 0 2 183 416 0 517 3 
0 0 3 0 0 2 482 83 1 648 3 
0 0 3 0 0 2 183 516 0 644 3 
0 0 3 0 0 2 249 83 1 994 3 
0 0 3 0 0 2 116 516 1 973 3 
0 0 3 0 0 1 300 520 0 2197 
0 0 3 0 0 1 391 242 1 1282 
0 0 3 0 0 1 401 505 1 617 
0 0 3 0 0 1 276 498 0 760 
0 0 3 0 0 1 388 224 1 863 
0 0 3 0 0 1 321 306 1 727 
0 0 3 0 0 1 374 393 1 295 
0 0 3 0 0 1 251 258 0 920 
0 0 3 0 0 1 327 535 1 872 
0 0 3 0 0 1 315 537 1 864 
0 0 3 0 0 1 291 589 0 1056 
0 0 3 0 0 1 272 7 0 760 
0 0 3 0 0 1 337 327 1 714 
0 0 3 0 0 1 230 560 0 1385 
0 0 3 0 0 1 295 288 0 610 
0 0 3 0 0 1 300 282 1 827 
0 0 3 0 0 2 149 149 0 2843 3 
0 0 3 0 0 2 50 416 0 694 3 
0 0 3 0 0 2 383 50 1 662 3 
0 0 3 0 0 2 349 216 1 521 3 
0 0 3 0 0 2 449 316 1 852 3 
0 0 3 0 0 2 516 149 1 625 3 
0 0 3 0 0 2 383 416 1 534 3 
0 0 3 0 0 2 549 416 1 854 3 
0 0 3 0 0 2 383 516 1 1485 3 
0 0 3 0 0 2 116 383 1 558 3 
0 0 3 0 0 2 149 283 0 723 3 
0 0 3 0 0 2 549 183 1 831 3 
0 0 3 0 0 2 283 416 1 5340 3 
0 0 3 0 0 2 149 482 0 666 3 
0 0 3 0 0 2 249 549 0 787 3 
0 0 3 0 0 2 316 449 1 1842 3 
0 0 3 0 0 2 549 83 1 658 3 
0 0 3 0 0 2 50 516 0 901 3 
0 0 3 0 0 2 183 449 0 806 3 
0 0 3 0 0 2 349 482 1 884 3 
0 0 3 0 0 2 449 216 1 663 3 
0 0 3 0 0 2 83 183 0 759 3 
0 0 3 0 0 2 50 50 0 719 3 
0 0 3 0 0 2 383 449 0 486 3 
0 0 3 0 0 2 183 83 0 1329 3 
0 0 3 0 0 2 482 349 1 1318 3 
0 0 3 0 0 2 449 50 1 549 3 
0 0 3 0 0 2 283 149 1 501 3 
0 0 3 0 0 2 216 83 1 543 3 
0 0 3 0 0 2 283 482 1 418 3 
0 0 3 0 0 2 283 83 1 424 3 
0 0 3 0 0 2 383 149 1 446 3 
0 0 3 0 0 1 202 549 0 1293 
0 0 3 0 0 1 262 387 0 720 
0 0 3 0 0 1 427 112 1 1168 
0 0 3 0 0 1 283 363 0 817 
0 0 3 0 0 1 343 131 1 944 
0 0 3 0 0 1 334 425 1 601 
0 0 3 0 0 1 350 73 1 504 
0 0 3 0 0 1 322 296 1 568 
0 0 3 0 0 1 229 310 0 767 
0 0 3 0 0 1 304 517 1 801 
0 0 3 0 0 1 256 402 0 817 
0 0 3 0 0 1 301 27 1 1313 
0 0 3 0 0 1 224 447 0 1329 
0 0 3 0 0 1 264 147 0 722 
0 0 3 0 0 1 256 437 0 369 
0 0 3 0 0 1 206 285 0 698 
0 0 3 0 0 2 482 50 0 2826 3 
0 0 3 0 0 2 83 83 0 775 3 
0 0 3 0 0 2 449 449 1 1656 3 
0 0 3 0 0 2 183 383 0 715 3 
0 0 3 0 0 2 416 349 1 782 3 
0 0 3 0 0 2 416 249 1 1133 3 
0 0 3 0 0 2 349 83 1 496 3 
0 0 3 0 0 2 149 83 0 957 3 
0 0 3 0 0 2 83 349 1 817 3 
0 0 3 0 0 2 449 116 1 1742 3 
0 0 3 0 0 2 416 482 1 620 3 
0 0 3 0 0 2 449 83 1 1214 3 
0 0 3 0 0 2 482 149 1 498 3 
0 0 3 0 0 2 516 383 1 548 3 
0 0 3 0 0 2 50 149 0 790 3 
0 0 3 0 0 2 149 249 0 778 3 
0 0 3 0 0 2 83 449 0 613 3 
0 0 3 0 0 2 83 149 0 623 3 
0 0 3 0 0 2 549 383 1 1618 3 
0 0 3 0 0 2 283 383 1 955 3 
0 0 3 0 0 2 383 83 1 784 3 
0 0 3 0 0 2 349 383 1 728 3 
0 0 3 0 0 2 316 283 1 648 3 
0 0 3 0 0 2 149 116 1 1247 3 
0 0 3 0 0 2 249 183 0 909 3 
0 0 3 0 0 2 549 316 1 821 3 
0 0 3 0 0 2 116 316 0 759 3 
0 0 3 0 0 2 283 216 0 756 3 
0 0 3 0 0 2 216 349 0 727 3 
0 0 3 0 0 2 349 516 1 1811 3 
0 0 3 0 0 2 216 449 0 1431 3 
0 0 3 0 0 2 183 349 0 807 3 
