Subject 12 in condition 0
Training Condition: 3
Task: 0
Rule: [[[220, 300], [[2000, 0], [0, 9000]]], [[380, 300], [[2000, 0], [0, 9000]]]]
Noise: 0
CATA=0
CATB=1
Sample keys: 122 120
Resp keys: 309 307
Dim direction: 1 0
Dim minimum: 49 68
Test order: [4, 2, 5, 7, 0, 6, 3, 1]
12 0 3 0 0 1 599 538 1 1533 
12 0 3 0 0 1 316 535 1 1071 
12 0 3 0 0 1 16 522 0 1088 
12 0 3 0 0 1 224 536 0 977 
12 0 3 0 0 1 584 160 1 1040 
12 0 3 0 0 1 551 43 1 823 
12 0 3 0 0 1 0 523 0 817 
12 0 3 0 0 1 0 164 0 768 
12 0 3 0 0 1 218 205 0 824 
12 0 3 0 0 1 1 292 0 864 
12 0 3 0 0 1 599 415 1 728 
12 0 3 0 0 1 599 187 1 681 
12 0 3 0 0 1 0 470 0 769 
12 0 3 0 0 1 72 158 0 681 
12 0 3 0 0 1 0 0 0 649 
12 0 3 0 0 1 599 1 1 785 
12 0 3 0 0 2 449 283 1 1656 2 
12 0 3 0 0 2 316 83 1 1522 3 
12 0 3 0 0 2 149 416 1 1676 4 
12 0 3 0 0 2 216 216 1 3208 3 
12 0 3 0 0 2 283 316 1 1257 2 
12 0 3 0 0 2 216 516 0 1618 1 
12 0 3 0 0 2 216 116 0 1431 1 
12 0 3 0 0 2 83 216 0 1115 1 
12 0 3 0 0 2 249 383 1 1360 2 
12 0 3 0 0 2 449 482 1 1003 3 
12 0 3 0 0 2 383 482 1 812 4 
12 0 3 0 0 2 416 283 1 1134 4 
12 0 3 0 0 2 349 50 1 1096 4 
12 0 3 0 0 2 383 249 1 1040 4 
12 0 3 0 0 2 516 316 1 2246 5 
12 0 3 0 0 2 516 516 1 796 5 
12 0 3 0 0 2 83 249 0 2466 1 
12 0 3 0 0 2 283 283 0 1401 2 
12 0 3 0 0 2 149 449 0 2076 4 
12 0 3 0 0 2 283 516 1 2004 4 
12 0 3 0 0 2 83 383 0 1188 4 
12 0 3 0 0 2 183 149 0 1290 4 
12 0 3 0 0 2 116 183 0 1117 4 
12 0 3 0 0 2 216 249 0 1269 4 
12 0 3 0 0 2 516 416 1 4783 4 
12 0 3 0 0 2 416 549 1 3162 4 
12 0 3 0 0 2 516 83 1 840 4 
12 0 3 0 0 2 449 249 1 772 4 
12 0 3 0 0 2 549 549 1 718 4 
12 0 3 0 0 2 416 383 1 1315 4 
12 0 3 0 0 2 116 349 0 1336 4 
12 0 3 0 0 2 549 249 1 1427 4 
12 0 3 0 0 1 599 439 1 1091 
12 0 3 0 0 1 5 356 0 769 
12 0 3 0 0 1 599 109 1 679 
12 0 3 0 0 1 297 77 0 713 
12 0 3 0 0 1 167 346 0 800 
12 0 3 0 0 1 356 0 1 921 
12 0 3 0 0 1 13 0 0 842 
12 0 3 0 0 1 36 472 0 866 
12 0 3 0 0 1 299 163 0 785 
12 0 3 0 0 1 373 20 1 769 
12 0 3 0 0 1 259 287 0 777 
12 0 3 0 0 1 405 352 1 1064 
12 0 3 0 0 1 511 8 1 1137 
12 0 3 0 0 1 556 299 1 687 
12 0 3 0 0 1 195 234 0 818 
12 0 3 0 0 1 379 580 1 2017 
12 0 3 0 0 2 83 449 0 1995 4 
12 0 3 0 0 2 449 449 1 2200 4 
12 0 3 0 0 2 149 116 0 3051 3 
12 0 3 0 0 2 116 316 0 1740 4 
12 0 3 0 0 2 216 449 0 1192 4 
12 0 3 0 0 2 283 383 0 1698 4 
12 0 3 0 0 2 183 383 0 933 4 
12 0 3 0 0 2 349 516 1 2382 3 
12 0 3 0 0 2 249 183 0 1471 4 
12 0 3 0 0 2 149 83 0 1355 4 
12 0 3 0 0 2 549 383 1 1051 4 
12 0 3 0 0 2 216 349 0 1760 4 
12 0 3 0 0 2 283 216 0 909 4 
12 0 3 0 0 2 349 383 0 863 4 
12 0 3 0 0 2 83 149 0 1232 4 
12 0 3 0 0 2 516 383 1 1032 4 
12 0 3 0 0 2 416 249 1 973 4 
12 0 3 0 0 2 549 316 1 689 4 
12 0 3 0 0 2 316 283 1 968 4 
12 0 3 0 0 2 183 349 0 1459 4 
12 0 3 0 0 2 349 83 1 1045 4 
12 0 3 0 0 2 50 149 0 1805 4 
12 0 3 0 0 2 482 149 1 1366 4 
12 0 3 0 0 2 449 83 1 880 4 
12 0 3 0 0 2 83 349 0 1166 3 
12 0 3 0 0 2 482 50 1 1983 4 
12 0 3 0 0 2 416 349 1 1378 4 
12 0 3 0 0 2 83 83 0 1498 4 
12 0 3 0 0 2 449 116 1 1927 4 
12 0 3 0 0 2 416 482 1 1551 4 
12 0 3 0 0 2 383 83 1 1330 4 
12 0 3 0 0 2 149 249 0 1766 4 
12 0 3 0 0 1 599 92 1 972 
12 0 3 0 0 1 599 376 1 649 
12 0 3 0 0 1 599 4 1 696 
12 0 3 0 0 1 394 390 1 776 
12 0 3 0 0 1 351 0 1 657 
12 0 3 0 0 1 449 582 1 729 
12 0 3 0 0 1 0 301 0 664 
12 0 3 0 0 1 106 538 0 633 
12 0 3 0 0 1 17 420 0 608 
12 0 3 0 0 1 379 155 1 816 
12 0 3 0 0 1 282 283 0 730 
12 0 3 0 0 1 239 0 0 705 
12 0 3 0 0 1 482 157 1 649 
12 0 3 0 0 1 236 160 0 823 
12 0 3 0 0 1 544 137 1 768 
12 0 3 0 0 1 166 599 0 737 
12 0 3 0 0 2 416 50 1 1811 3 
12 0 3 0 0 2 383 383 1 1590 4 
12 0 3 0 0 2 183 316 0 1080 3 
12 0 3 0 0 2 482 482 1 870 4 
12 0 3 0 0 2 216 183 0 1676 4 
12 0 3 0 0 2 316 383 1 1122 4 
12 0 3 0 0 2 249 249 0 1304 3 
12 0 3 0 0 2 116 216 0 1252 3 
12 0 3 0 0 2 116 283 0 1122 3 
12 0 3 0 0 2 249 83 0 1032 4 
12 0 3 0 0 2 549 283 1 872 4 
12 0 3 0 0 2 116 249 0 1005 4 
12 0 3 0 0 2 449 516 1 1268 4 
12 0 3 0 0 2 283 449 1 1592 4 
12 0 3 0 0 2 416 83 1 772 4 
12 0 3 0 0 2 183 516 0 976 4 
12 0 3 0 0 2 183 183 0 1204 4 
12 0 3 0 0 2 50 549 0 994 4 
12 0 3 0 0 2 549 116 1 802 4 
12 0 3 0 0 2 83 116 0 822 4 
12 0 3 0 0 2 449 149 1 774 4 
12 0 3 0 0 2 116 516 0 1037 4 
12 0 3 0 0 2 216 316 1 2358 4 
12 0 3 0 0 2 183 416 1 966 4 
12 0 3 0 0 2 449 383 1 645 4 
12 0 3 0 0 2 449 183 1 651 4 
12 0 3 0 0 2 416 316 1 1305 5 
12 0 3 0 0 2 482 83 1 594 5 
12 0 3 0 0 2 316 50 1 824 5 
12 0 3 0 0 2 183 549 1 882 5 
12 0 3 0 0 2 316 416 1 720 5 
12 0 3 0 0 2 349 349 1 654 5 
12 0 3 0 0 1 354 184 1 957 
12 0 3 0 0 1 16 327 0 775 
12 0 3 0 0 1 580 45 1 730 
12 0 3 0 0 1 226 303 0 721 
12 0 3 0 0 1 331 3 1 1025 
12 0 3 0 0 1 474 39 1 647 
12 0 3 0 0 1 410 393 1 472 
12 0 3 0 0 1 322 348 1 768 
12 0 3 0 0 1 273 0 0 729 
12 0 3 0 0 1 362 28 1 920 
12 0 3 0 0 1 0 599 0 697 
12 0 3 0 0 1 460 0 1 887 
12 0 3 0 0 1 282 0 0 1143 
12 0 3 0 0 1 413 292 1 729 
12 0 3 0 0 1 349 540 1 679 
12 0 3 0 0 1 224 599 0 744 
12 0 3 0 0 2 482 383 1 1362 5 
12 0 3 0 0 2 116 416 0 1199 3 
12 0 3 0 0 2 549 50 1 817 5 
12 0 3 0 0 2 316 149 1 1313 3 
12 0 3 0 0 2 149 183 0 1538 3 
12 0 3 0 0 2 549 449 1 812 5 
12 0 3 0 0 2 316 116 1 650 5 
12 0 3 0 0 2 383 116 1 1026 5 
12 0 3 0 0 2 383 349 1 566 5 
12 0 3 0 0 2 149 383 0 1830 3 
12 0 3 0 0 2 50 83 0 1162 5 
12 0 3 0 0 2 349 149 1 731 5 
12 0 3 0 0 2 383 316 1 1643 3 
12 0 3 0 0 2 283 349 1 901 3 
12 0 3 0 0 2 249 50 1 933 3 
12 0 3 0 0 2 349 449 1 977 3 
12 0 3 0 0 2 183 249 0 1868 2 
12 0 3 0 0 2 149 349 0 774 2 
12 0 3 0 0 2 216 149 0 876 2 
12 0 3 0 0 2 549 516 1 852 5 
12 0 3 0 0 2 116 482 0 1128 2 
12 0 3 0 0 2 149 549 0 918 2 
12 0 3 0 0 2 516 216 1 979 5 
12 0 3 0 0 2 116 116 1 4691 1 
12 0 3 0 0 2 249 416 1 2319 5 
12 0 3 0 0 2 482 216 1 1602 5 
12 0 3 0 0 2 249 316 1 1071 3 
12 0 3 0 0 2 516 449 1 897 5 
12 0 3 0 0 2 249 216 1 832 5 
12 0 3 0 0 2 50 283 0 1183 5 
12 0 3 0 0 2 516 349 1 960 5 
12 0 3 0 0 2 516 249 1 1226 4 
12 0 3 0 0 1 0 421 0 1557 
12 0 3 0 0 1 0 10 0 632 
12 0 3 0 0 1 599 519 1 592 
12 0 3 0 0 1 587 0 1 551 
12 0 3 0 0 1 204 517 0 791 
12 0 3 0 0 1 210 124 0 641 
12 0 3 0 0 1 191 0 0 592 
12 0 3 0 0 1 478 278 1 665 
12 0 3 0 0 1 323 533 1 682 
12 0 3 0 0 1 335 522 1 585 
12 0 3 0 0 1 205 500 0 665 
12 0 3 0 0 1 265 131 0 730 
12 0 3 0 0 1 355 0 1 1074 
12 0 3 0 0 1 385 391 1 2137 
12 0 3 0 0 1 358 278 1 721 
12 0 3 0 0 1 5 13 0 616 
12 0 3 0 0 2 116 83 0 1059 3 
12 0 3 0 0 2 216 549 0 1312 3 
12 0 3 0 0 2 516 50 1 1609 5 
12 0 3 0 0 2 83 549 0 1846 3 
12 0 3 0 0 2 83 316 0 1252 5 
12 0 3 0 0 2 349 416 1 848 5 
12 0 3 0 0 2 83 416 0 1574 3 
12 0 3 0 0 2 183 216 0 889 3 
12 0 3 0 0 2 482 316 1 1587 4 
12 0 3 0 0 2 283 183 1 1545 4 
12 0 3 0 0 2 383 549 1 762 4 
12 0 3 0 0 2 316 549 1 670 4 
12 0 3 0 0 2 482 183 1 921 4 
12 0 3 0 0 2 50 449 0 1352 2 
12 0 3 0 0 2 449 349 1 961 4 
12 0 3 0 0 2 249 116 0 1729 2 
12 0 3 0 0 2 549 216 1 848 4 
12 0 3 0 0 2 316 249 0 2140 1 
12 0 3 0 0 2 183 283 0 1092 1 
12 0 3 0 0 2 116 149 0 1223 4 
12 0 3 0 0 2 283 50 0 2588 4 
12 0 3 0 0 2 216 383 0 1202 4 
12 0 3 0 0 2 482 449 1 1094 5 
12 0 3 0 0 2 316 516 1 2011 5 
12 0 3 0 0 2 416 416 1 1257 3 
12 0 3 0 0 2 482 116 1 813 3 
12 0 3 0 0 2 83 516 0 895 3 
12 0 3 0 0 2 516 283 1 919 4 
12 0 3 0 0 2 83 482 0 821 4 
12 0 3 0 0 2 249 283 0 1077 4 
12 0 3 0 0 2 416 116 1 1011 3 
12 0 3 0 0 2 416 149 1 759 3 
12 0 3 0 0 1 22 446 0 1148 
12 0 3 0 0 1 599 0 1 655 
12 0 3 0 0 1 318 0 1 728 
12 0 3 0 0 1 324 377 1 696 
12 0 3 0 0 1 31 3 0 545 
12 0 3 0 0 1 391 136 1 536 
12 0 3 0 0 1 239 289 0 840 
12 0 3 0 0 1 254 458 0 921 
12 0 3 0 0 1 202 0 0 609 
12 0 3 0 0 1 379 79 1 824 
12 0 3 0 0 1 350 302 1 665 
12 0 3 0 0 1 96 87 0 769 
12 0 3 0 0 1 285 125 0 841 
12 0 3 0 0 1 395 380 1 898 
12 0 3 0 0 1 381 566 1 1098 
12 0 3 0 0 1 315 413 1 833 
12 0 3 0 0 2 316 482 1 1341 3 
12 0 3 0 0 2 50 383 0 2225 4 
12 0 3 0 0 2 349 316 1 1420 3 
12 0 3 0 0 2 116 549 0 1514 3 
12 0 3 0 0 2 349 283 1 1047 4 
12 0 3 0 0 2 549 482 1 1167 5 
12 0 3 0 0 2 149 216 0 1724 4 
12 0 3 0 0 2 482 416 1 1180 4 
12 0 3 0 0 2 449 416 1 2396 4 
12 0 3 0 0 2 116 50 0 899 2 
12 0 3 0 0 2 349 183 1 1378 4 
12 0 3 0 0 2 116 449 0 1878 4 
12 0 3 0 0 2 383 283 1 1477 2 
12 0 3 0 0 2 249 449 1 950 2 
12 0 3 0 0 2 50 349 0 1109 4 
12 0 3 0 0 2 216 283 0 1437 2 
12 0 3 0 0 2 482 549 1 993 4 
12 0 3 0 0 2 183 482 0 1434 2 
12 0 3 0 0 2 549 349 1 2099 5 
12 0 3 0 0 2 283 549 1 1483 2 
12 0 3 0 0 2 50 216 0 1306 5 
12 0 3 0 0 2 316 183 0 1830 1 
12 0 3 0 0 2 83 283 0 2167 5 
12 0 3 0 0 2 549 149 1 882 5 
12 0 3 0 0 2 349 549 1 1535 2 
12 0 3 0 0 2 349 249 1 934 3 
12 0 3 0 0 2 50 183 0 1169 4 
12 0 3 0 0 2 249 482 0 1980 3 
12 0 3 0 0 2 482 283 1 1048 4 
12 0 3 0 0 2 83 50 0 1260 4 
12 0 3 0 0 2 50 116 0 994 4 
12 0 3 0 0 2 516 116 1 866 4 
12 0 3 0 0 1 361 3 1 2381 
12 0 3 0 0 1 262 314 0 840 
12 0 3 0 0 1 236 0 0 911 
12 0 3 0 0 1 225 431 0 680 
12 0 3 0 0 1 197 455 0 601 
12 0 3 0 0 1 194 524 0 617 
12 0 3 0 0 1 355 308 1 704 
12 0 3 0 0 1 296 597 0 711 
12 0 3 0 0 1 508 334 1 672 
12 0 3 0 0 1 320 443 1 913 
12 0 3 0 0 1 222 460 0 856 
12 0 3 0 0 1 245 0 0 762 
12 0 3 0 0 1 320 0 1 825 
12 0 3 0 0 1 217 355 0 744 
12 0 3 0 0 1 367 385 1 673 
12 0 3 0 0 1 242 383 0 1154 
12 0 3 0 0 2 383 516 1 1615 2 
12 0 3 0 0 2 383 416 1 909 2 
12 0 3 0 0 2 50 50 0 1481 3 
12 0 3 0 0 2 349 216 0 2055 3 
12 0 3 0 0 2 116 383 0 2179 4 
12 0 3 0 0 2 283 149 0 1881 3 
12 0 3 0 0 2 283 482 1 1733 3 
12 0 3 0 0 2 383 149 1 1110 4 
12 0 3 0 0 2 183 83 0 2634 3 
12 0 3 0 0 2 283 83 0 1709 1 
12 0 3 0 0 2 149 283 0 1384 4 
12 0 3 0 0 2 383 50 1 1504 3 
12 0 3 0 0 2 449 216 1 878 3 
12 0 3 0 0 2 449 316 1 911 3 
12 0 3 0 0 2 183 449 0 1156 3 
12 0 3 0 0 2 449 50 1 1027 4 
12 0 3 0 0 2 149 149 0 1013 4 
12 0 3 0 0 2 50 416 0 1228 5 
12 0 3 0 0 2 349 482 1 1891 3 
12 0 3 0 0 2 549 83 1 997 4 
12 0 3 0 0 2 516 149 1 1009 4 
12 0 3 0 0 2 549 183 1 686 4 
12 0 3 0 0 2 50 516 0 1121 4 
12 0 3 0 0 2 283 416 0 998 4 
12 0 3 0 0 2 83 183 0 858 4 
12 0 3 0 0 2 482 349 1 987 4 
12 0 3 0 0 2 316 449 0 1492 3 
12 0 3 0 0 2 383 449 1 940 4 
12 0 3 0 0 2 549 416 1 810 4 
12 0 3 0 0 2 149 482 0 1032 3 
12 0 3 0 0 2 216 83 0 888 2 
12 0 3 0 0 2 249 549 0 789 2 
12 0 3 0 0 1 337 599 1 869 
12 0 3 0 0 1 163 528 0 672 
12 0 3 0 0 1 277 311 0 657 
12 0 3 0 0 1 261 592 0 697 
12 0 3 0 0 1 367 470 1 570 
12 0 3 0 0 1 314 382 1 584 
12 0 3 0 0 1 262 384 0 1049 
12 0 3 0 0 1 237 406 0 577 
12 0 3 0 0 1 362 488 1 697 
12 0 3 0 0 1 329 79 1 776 
12 0 3 0 0 1 195 480 0 648 
12 0 3 0 0 1 471 599 1 607 
12 0 3 0 0 1 342 0 1 656 
12 0 3 0 0 1 317 478 1 633 
12 0 3 0 0 1 360 39 1 713 
12 0 3 0 0 1 202 472 0 880 
12 0 3 0 0 2 216 416 0 1157 1 
12 0 3 0 0 2 516 482 1 822 3 
12 0 3 0 0 2 449 549 1 587 3 
12 0 3 0 0 2 416 183 1 721 3 
12 0 3 0 0 2 283 116 0 761 3 
12 0 3 0 0 2 349 116 1 768 3 
12 0 3 0 0 2 149 50 0 1366 3 
12 0 3 0 0 2 482 516 1 967 4 
12 0 3 0 0 2 249 349 0 1534 3 
12 0 3 0 0 2 183 50 0 1191 3 
12 0 3 0 0 2 516 549 1 1394 4 
12 0 3 0 0 2 249 516 0 830 4 
12 0 3 0 0 2 316 216 0 749 3 
12 0 3 0 0 2 149 316 0 1046 3 
12 0 3 0 0 2 316 349 0 1374 4 
12 0 3 0 0 2 383 216 1 911 4 
12 0 3 0 0 2 383 183 1 699 4 
12 0 3 0 0 2 249 149 0 1012 4 
12 0 3 0 0 2 316 316 0 693 4 
12 0 3 0 0 2 516 183 1 795 4 
12 0 3 0 0 2 50 482 0 857 4 
12 0 3 0 0 2 183 116 0 976 4 
12 0 3 0 0 2 50 316 0 1120 5 
12 0 3 0 0 2 416 216 0 1064 2 
12 0 3 0 0 2 149 516 0 1925 3 
12 0 3 0 0 2 482 249 1 925 4 
12 0 3 0 0 2 216 482 1 1039 3 
12 0 3 0 0 2 416 516 1 1550 4 
12 0 3 0 0 2 50 249 0 949 3 
12 0 3 0 0 2 283 249 0 925 4 
12 0 3 0 0 2 416 449 1 1335 4 
12 0 3 0 0 2 216 50 0 2985 3 
