Subject 13 in condition 1
Training Condition: 3
Task: 0
Rule: [[[300, 220], [[9000, 0], [0, 2000]]], [[300, 380], [[9000, 0], [0, 2000]]]]
Noise: 0
CATA=0
CATB=1
Sample keys: 122 120
Resp keys: 307 309
Dim direction: 1 0
Dim minimum: 61 67
Test order: [4, 0, 7, 5, 3, 2, 1, 6]
13 1 3 0 1 1 193 293 0 4948 
13 1 3 0 1 1 457 100 0 2840 
13 1 3 0 1 1 98 399 1 2321 
13 1 3 0 1 1 263 262 0 5993 
13 1 3 0 1 1 474 169 0 1690 
13 1 3 0 1 1 419 0 0 4247 
13 1 3 0 1 1 380 491 1 2368 
13 1 3 0 1 1 599 203 0 1199 
13 1 3 0 1 1 443 0 0 1024 
13 1 3 0 1 1 335 376 1 968 
13 1 3 0 1 1 333 219 0 784 
13 1 3 0 1 1 259 372 1 840 
13 1 3 0 1 1 294 411 1 793 
13 1 3 0 1 1 90 412 1 663 
13 1 3 0 1 1 177 297 0 961 
13 1 3 0 1 1 431 346 1 1936 
13 1 3 0 1 2 116 183 1 45388 3 
13 1 3 0 1 2 83 249 0 19123 3 
13 1 3 0 1 2 449 249 0 1915 3 
13 1 3 0 1 2 283 316 0 2088 3 
13 1 3 0 1 2 549 549 1 1158 3 
13 1 3 0 1 2 283 283 0 3741 2 
13 1 3 0 1 2 416 283 0 1904 2 
13 1 3 0 1 2 349 50 0 2905 4 
13 1 3 0 1 2 516 316 0 4357 2 
13 1 3 0 1 2 516 83 0 2356 5 
13 1 3 0 1 2 183 149 0 1250 5 
13 1 3 0 1 2 83 383 1 1473 2 
13 1 3 0 1 2 316 83 0 1455 5 
13 1 3 0 1 2 216 216 0 1924 3 
13 1 3 0 1 2 516 416 1 2107 5 
13 1 3 0 1 2 416 383 1 1270 5 
13 1 3 0 1 2 216 516 1 1103 5 
13 1 3 0 1 2 283 516 1 949 4 
13 1 3 0 1 2 449 283 0 2834 2 
13 1 3 0 1 2 83 216 0 1089 2 
13 1 3 0 1 2 149 416 1 1663 4 
13 1 3 0 1 2 516 516 1 2095 3 
13 1 3 0 1 2 216 116 0 1086 4 
13 1 3 0 1 2 149 449 1 1591 5 
13 1 3 0 1 2 449 482 1 2002 4 
13 1 3 0 1 2 416 549 1 1739 3 
13 1 3 0 1 2 383 249 0 1045 4 
13 1 3 0 1 2 383 482 1 1795 4 
13 1 3 0 1 2 216 249 0 1532 3 
13 1 3 0 1 2 549 249 0 1136 3 
13 1 3 0 1 2 249 383 0 3122 1 
13 1 3 0 1 2 116 349 1 1917 2 
13 1 3 0 1 1 159 437 1 5637 
13 1 3 0 1 1 555 549 1 1338 
13 1 3 0 1 1 83 354 1 849 
13 1 3 0 1 1 391 163 0 1536 
13 1 3 0 1 1 0 292 0 703 
13 1 3 0 1 1 555 380 1 754 
13 1 3 0 1 1 296 0 0 1096 
13 1 3 0 1 1 350 30 0 681 
13 1 3 0 1 1 283 330 1 633 
13 1 3 0 1 1 0 396 1 658 
13 1 3 0 1 1 529 599 1 578 
13 1 3 0 1 1 599 442 1 608 
13 1 3 0 1 1 599 158 0 808 
13 1 3 0 1 1 599 39 0 585 
13 1 3 0 1 1 569 441 1 681 
13 1 3 0 1 1 599 237 0 913 
13 1 3 0 1 2 83 316 0 3361 3 
13 1 3 0 1 2 216 383 1 2247 4 
13 1 3 0 1 2 482 116 0 1468 5 
13 1 3 0 1 2 416 416 1 1385 5 
13 1 3 0 1 2 183 283 0 3069 3 
13 1 3 0 1 2 349 416 1 2525 5 
13 1 3 0 1 2 383 549 1 1503 4 
13 1 3 0 1 2 216 549 1 1829 4 
13 1 3 0 1 2 416 149 0 949 5 
13 1 3 0 1 2 516 50 0 1272 5 
13 1 3 0 1 2 316 549 1 2614 3 
13 1 3 0 1 2 482 183 0 1056 5 
13 1 3 0 1 2 50 449 1 5978 5 
13 1 3 0 1 2 549 216 0 1871 3 
13 1 3 0 1 2 482 316 0 1236 3 
13 1 3 0 1 2 482 449 1 1318 5 
13 1 3 0 1 2 83 516 0 4723 1 
13 1 3 0 1 2 249 116 0 2990 5 
13 1 3 0 1 2 249 283 0 2435 3 
13 1 3 0 1 2 516 283 0 3807 3 
13 1 3 0 1 2 116 149 0 2580 5 
13 1 3 0 1 2 283 183 0 1136 4 
13 1 3 0 1 2 416 116 0 982 5 
13 1 3 0 1 2 316 516 1 1394 5 
13 1 3 0 1 2 449 349 1 1607 3 
13 1 3 0 1 2 83 482 1 1078 3 
13 1 3 0 1 2 283 50 0 1454 5 
13 1 3 0 1 2 183 216 0 1335 4 
13 1 3 0 1 2 83 416 1 905 3 
13 1 3 0 1 2 316 249 0 3514 3 
13 1 3 0 1 2 83 549 1 4918 3 
13 1 3 0 1 2 116 83 0 1150 5 
13 1 3 0 1 1 146 348 1 2589 
13 1 3 0 1 1 457 386 1 735 
13 1 3 0 1 1 343 3 0 672 
13 1 3 0 1 1 0 123 0 609 
13 1 3 0 1 1 0 130 0 563 
13 1 3 0 1 1 211 421 1 625 
13 1 3 0 1 1 131 257 0 825 
13 1 3 0 1 1 62 356 1 897 
13 1 3 0 1 1 113 99 0 1065 
13 1 3 0 1 1 599 408 1 952 
13 1 3 0 1 1 586 253 0 715 
13 1 3 0 1 1 463 258 0 721 
13 1 3 0 1 1 0 25 0 791 
13 1 3 0 1 1 379 397 1 759 
13 1 3 0 1 1 104 225 0 826 
13 1 3 0 1 1 466 530 1 816 
13 1 3 0 1 2 149 383 1 3665 4 
13 1 3 0 1 2 149 349 1 1642 4 
13 1 3 0 1 2 383 349 1 1451 4 
13 1 3 0 1 2 249 416 1 1944 4 
13 1 3 0 1 2 50 83 0 1048 5 
13 1 3 0 1 2 549 50 0 889 5 
13 1 3 0 1 2 549 516 1 1066 4 
13 1 3 0 1 2 516 449 1 1118 5 
13 1 3 0 1 2 249 50 0 987 5 
13 1 3 0 1 2 549 449 1 901 4 
13 1 3 0 1 2 482 216 1 913 5 
13 1 3 0 1 2 283 349 1 4243 4 
13 1 3 0 1 2 316 149 0 885 5 
13 1 3 0 1 2 183 249 0 1345 4 
13 1 3 0 1 2 249 216 0 1027 4 
13 1 3 0 1 2 116 482 1 1134 5 
13 1 3 0 1 2 383 316 0 2105 4 
13 1 3 0 1 2 349 449 1 2213 5 
13 1 3 0 1 2 149 549 1 1614 5 
13 1 3 0 1 2 349 149 0 867 5 
13 1 3 0 1 2 50 283 0 1100 4 
13 1 3 0 1 2 249 316 0 873 4 
13 1 3 0 1 2 149 183 0 989 4 
13 1 3 0 1 2 316 116 0 979 5 
13 1 3 0 1 2 383 116 0 813 5 
13 1 3 0 1 2 216 149 0 680 5 
13 1 3 0 1 2 516 349 0 1050 4 
13 1 3 0 1 2 116 416 0 2611 1 
13 1 3 0 1 2 116 116 0 1432 5 
13 1 3 0 1 2 516 216 0 870 5 
13 1 3 0 1 2 516 249 0 640 5 
13 1 3 0 1 2 482 383 1 1054 4 
13 1 3 0 1 1 270 333 1 1820 
13 1 3 0 1 1 142 70 0 737 
13 1 3 0 1 1 297 155 0 617 
13 1 3 0 1 1 156 68 0 562 
13 1 3 0 1 1 7 239 0 792 
13 1 3 0 1 1 389 120 0 720 
13 1 3 0 1 1 33 177 0 625 
13 1 3 0 1 1 256 472 1 1065 
13 1 3 0 1 1 0 543 1 759 
13 1 3 0 1 1 501 179 0 736 
13 1 3 0 1 1 599 308 1 808 
13 1 3 0 1 1 220 0 0 639 
13 1 3 0 1 1 153 281 0 727 
13 1 3 0 1 1 161 599 1 769 
13 1 3 0 1 1 185 241 0 793 
13 1 3 0 1 1 558 163 0 663 
13 1 3 0 1 2 116 516 1 3388 4 
13 1 3 0 1 2 216 183 0 1491 4 
13 1 3 0 1 2 183 416 1 1429 5 
13 1 3 0 1 2 482 482 1 1355 5 
13 1 3 0 1 2 316 416 1 889 5 
13 1 3 0 1 2 183 549 1 1403 4 
13 1 3 0 1 2 449 383 1 974 5 
13 1 3 0 1 2 249 83 0 1482 5 
13 1 3 0 1 2 83 116 0 2063 5 
13 1 3 0 1 2 183 316 1 1679 3 
13 1 3 0 1 2 416 83 0 1351 5 
13 1 3 0 1 2 183 183 0 1510 4 
13 1 3 0 1 2 50 549 1 1963 2 
13 1 3 0 1 2 316 50 0 1748 4 
13 1 3 0 1 2 283 449 1 2091 5 
13 1 3 0 1 2 383 383 1 2476 4 
13 1 3 0 1 2 449 149 0 1439 4 
13 1 3 0 1 2 116 249 0 2138 3 
13 1 3 0 1 2 349 349 0 1202 3 
13 1 3 0 1 2 449 183 0 1316 3 
13 1 3 0 1 2 416 316 1 2697 2 
13 1 3 0 1 2 549 283 0 1750 3 
13 1 3 0 1 2 549 116 0 2587 4 
13 1 3 0 1 2 449 516 1 1686 4 
13 1 3 0 1 2 183 516 1 2943 3 
13 1 3 0 1 2 249 249 0 1948 4 
13 1 3 0 1 2 216 316 0 895 4 
13 1 3 0 1 2 416 50 1 1343 4 
13 1 3 0 1 2 316 383 0 2249 4 
13 1 3 0 1 2 116 283 0 1504 4 
13 1 3 0 1 2 482 83 0 1982 4 
13 1 3 0 1 2 116 216 0 1334 3 
13 1 3 0 1 1 443 322 1 1420 
13 1 3 0 1 1 373 206 0 641 
13 1 3 0 1 1 0 581 1 626 
13 1 3 0 1 1 556 412 1 682 
13 1 3 0 1 1 535 490 1 626 
13 1 3 0 1 1 202 343 1 592 
13 1 3 0 1 1 381 532 1 631 
13 1 3 0 1 1 3 334 1 688 
13 1 3 0 1 1 448 539 1 650 
13 1 3 0 1 1 320 164 0 682 
13 1 3 0 1 1 265 271 0 593 
13 1 3 0 1 1 141 599 1 872 
13 1 3 0 1 1 30 281 0 785 
13 1 3 0 1 1 254 599 1 690 
13 1 3 0 1 1 0 188 0 600 
13 1 3 0 1 1 163 599 1 712 
13 1 3 0 1 2 116 383 1 5903 3 
13 1 3 0 1 2 383 449 1 1880 5 
13 1 3 0 1 2 149 283 1 1981 3 
13 1 3 0 1 2 316 449 1 1168 5 
13 1 3 0 1 2 283 149 0 1393 4 
13 1 3 0 1 2 216 83 0 1097 4 
13 1 3 0 1 2 283 83 0 875 5 
13 1 3 0 1 2 349 216 1 3185 3 
13 1 3 0 1 2 516 149 0 2498 3 
13 1 3 0 1 2 482 349 1 1160 3 
13 1 3 0 1 2 383 149 0 1700 4 
13 1 3 0 1 2 449 50 0 1039 4 
13 1 3 0 1 2 549 183 0 985 4 
13 1 3 0 1 2 50 50 0 793 4 
13 1 3 0 1 2 149 482 1 1408 3 
13 1 3 0 1 2 449 216 0 1735 3 
13 1 3 0 1 2 283 482 1 1258 3 
13 1 3 0 1 2 549 416 1 1618 5 
13 1 3 0 1 2 50 416 1 673 5 
13 1 3 0 1 2 183 83 0 1247 5 
13 1 3 0 1 2 249 549 1 1148 4 
13 1 3 0 1 2 149 149 0 1285 4 
13 1 3 0 1 2 349 482 1 865 4 
13 1 3 0 1 2 183 449 1 1976 5 
13 1 3 0 1 2 383 50 0 1174 4 
13 1 3 0 1 2 383 516 1 2086 4 
13 1 3 0 1 2 50 516 1 875 4 
13 1 3 0 1 2 283 416 1 679 4 
13 1 3 0 1 2 83 183 0 2019 3 
13 1 3 0 1 2 383 416 1 1347 4 
13 1 3 0 1 2 549 83 0 1175 5 
13 1 3 0 1 2 449 316 1 2748 3 
13 1 3 0 1 1 257 167 0 1621 
13 1 3 0 1 1 513 538 1 623 
13 1 3 0 1 1 65 82 0 728 
13 1 3 0 1 1 173 137 0 688 
13 1 3 0 1 1 509 331 1 673 
13 1 3 0 1 1 518 227 0 736 
13 1 3 0 1 1 511 592 1 711 
13 1 3 0 1 1 89 401 1 720 
13 1 3 0 1 1 353 23 0 697 
13 1 3 0 1 1 536 304 1 729 
13 1 3 0 1 1 231 111 0 712 
13 1 3 0 1 1 168 99 0 647 
13 1 3 0 1 1 145 364 1 705 
13 1 3 0 1 1 322 45 0 705 
13 1 3 0 1 1 593 424 1 721 
13 1 3 0 1 1 151 187 0 648 
13 1 3 0 1 2 183 349 1 6494 3 
13 1 3 0 1 2 449 116 0 2088 4 
13 1 3 0 1 2 383 83 0 1315 4 
13 1 3 0 1 2 482 149 0 1064 4 
13 1 3 0 1 2 149 249 0 1113 3 
13 1 3 0 1 2 349 83 0 1237 5 
13 1 3 0 1 2 482 50 0 965 4 
13 1 3 0 1 2 83 149 0 912 4 
13 1 3 0 1 2 283 216 0 1341 3 
13 1 3 0 1 2 549 383 1 1497 3 
13 1 3 0 1 2 416 349 1 1247 3 
13 1 3 0 1 2 349 383 1 1075 4 
13 1 3 0 1 2 83 449 1 877 5 
13 1 3 0 1 2 316 283 1 1345 2 
13 1 3 0 1 2 116 316 0 5593 2 
13 1 3 0 1 2 283 383 1 1962 3 
13 1 3 0 1 2 216 449 1 1387 5 
13 1 3 0 1 2 449 449 1 907 5 
13 1 3 0 1 2 416 249 0 1654 2 
13 1 3 0 1 2 149 83 0 1421 5 
13 1 3 0 1 2 83 349 1 2210 4 
13 1 3 0 1 2 149 116 0 1076 5 
13 1 3 0 1 2 249 183 0 916 4 
13 1 3 0 1 2 416 482 1 5110 5 
13 1 3 0 1 2 516 383 1 3314 4 
13 1 3 0 1 2 83 83 0 1017 5 
13 1 3 0 1 2 449 83 0 726 5 
13 1 3 0 1 2 216 349 1 4418 3 
13 1 3 0 1 2 549 316 0 2018 3 
13 1 3 0 1 2 50 149 1 5445 3 
13 1 3 0 1 2 183 383 1 3004 4 
13 1 3 0 1 2 349 516 1 1803 4 
13 1 3 0 1 1 598 520 1 1893 
13 1 3 0 1 1 352 209 0 663 
13 1 3 0 1 1 286 112 0 672 
13 1 3 0 1 1 596 0 0 649 
13 1 3 0 1 1 599 430 1 689 
13 1 3 0 1 1 105 64 0 640 
13 1 3 0 1 1 464 367 1 704 
13 1 3 0 1 1 280 0 0 792 
13 1 3 0 1 1 599 4 0 745 
13 1 3 0 1 1 369 0 0 681 
13 1 3 0 1 1 599 27 0 687 
13 1 3 0 1 1 527 0 0 568 
13 1 3 0 1 1 590 53 0 552 
13 1 3 0 1 1 431 366 1 648 
13 1 3 0 1 1 599 269 0 641 
13 1 3 0 1 1 93 599 1 968 
13 1 3 0 1 2 50 249 0 4363 2 
13 1 3 0 1 2 249 149 0 1051 3 
13 1 3 0 1 2 416 449 1 1216 5 
13 1 3 0 1 2 449 549 1 1578 4 
13 1 3 0 1 2 349 116 0 1754 5 
13 1 3 0 1 2 482 249 0 1606 4 
13 1 3 0 1 2 283 116 0 942 5 
13 1 3 0 1 2 316 316 0 1856 3 
13 1 3 0 1 2 416 516 1 1304 4 
13 1 3 0 1 2 149 316 0 1991 3 
13 1 3 0 1 2 516 183 0 1298 4 
13 1 3 0 1 2 416 183 0 991 4 
13 1 3 0 1 2 516 549 1 1545 3 
13 1 3 0 1 2 216 416 0 1332 4 
13 1 3 0 1 2 383 216 0 1369 4 
13 1 3 0 1 2 516 482 1 1174 4 
13 1 3 0 1 2 316 349 1 1571 4 
13 1 3 0 1 2 183 116 0 1072 5 
13 1 3 0 1 2 283 249 0 1635 4 
13 1 3 0 1 2 316 216 0 1123 4 
13 1 3 0 1 2 249 516 1 1110 3 
13 1 3 0 1 2 183 50 0 934 4 
13 1 3 0 1 2 482 516 1 1005 4 
13 1 3 0 1 2 149 516 1 762 4 
13 1 3 0 1 2 216 482 1 1018 4 
13 1 3 0 1 2 383 183 0 1081 4 
13 1 3 0 1 2 50 482 1 777 4 
13 1 3 0 1 2 149 50 0 845 4 
13 1 3 0 1 2 50 316 0 2770 3 
13 1 3 0 1 2 216 50 0 1110 3 
13 1 3 0 1 2 416 216 0 878 3 
13 1 3 0 1 2 249 349 0 962 3 
13 1 3 0 1 1 361 555 1 2213 
13 1 3 0 1 1 599 335 1 1521 
13 1 3 0 1 1 30 352 1 857 
13 1 3 0 1 1 544 261 0 1105 
13 1 3 0 1 1 349 576 1 1032 
13 1 3 0 1 1 496 337 1 1968 
13 1 3 0 1 1 499 184 0 793 
13 1 3 0 1 1 155 155 0 639 
13 1 3 0 1 1 263 438 1 977 
13 1 3 0 1 1 462 231 0 904 
13 1 3 0 1 1 183 263 0 928 
13 1 3 0 1 1 249 382 1 730 
13 1 3 0 1 1 188 407 1 871 
13 1 3 0 1 1 599 87 0 705 
13 1 3 0 1 1 0 553 1 1432 
13 1 3 0 1 1 206 328 1 752 
13 1 3 0 1 2 149 216 0 14425 3 
13 1 3 0 1 2 50 349 1 6062 3 
13 1 3 0 1 2 383 283 0 1351 4 
13 1 3 0 1 2 482 283 0 987 4 
13 1 3 0 1 2 349 549 1 1460 3 
13 1 3 0 1 2 549 482 0 783 3 
13 1 3 0 1 2 83 50 0 1319 4 
13 1 3 0 1 2 216 283 0 1046 4 
13 1 3 0 1 2 316 183 0 835 4 
13 1 3 0 1 2 183 482 1 884 3 
13 1 3 0 1 2 349 249 0 1094 4 
13 1 3 0 1 2 249 449 1 1496 4 
13 1 3 0 1 2 316 482 1 849 4 
13 1 3 0 1 2 50 116 0 1090 5 
13 1 3 0 1 2 50 216 0 1720 4 
13 1 3 0 1 2 349 183 0 4033 4 
13 1 3 0 1 2 482 549 1 7683 2 
13 1 3 0 1 2 482 416 1 1125 2 
13 1 3 0 1 2 349 283 0 1217 3 
13 1 3 0 1 2 83 283 0 1242 2 
13 1 3 0 1 2 50 383 0 1211 2 
13 1 3 0 1 2 283 549 1 899 3 
13 1 3 0 1 2 549 349 1 931 3 
13 1 3 0 1 2 449 416 1 3107 4 
13 1 3 0 1 2 50 183 0 1271 3 
13 1 3 0 1 2 249 482 1 1206 4 
13 1 3 0 1 2 349 316 1 2210 2 
13 1 3 0 1 2 116 449 1 1322 3 
13 1 3 0 1 2 516 116 0 1254 4 
13 1 3 0 1 2 116 549 1 2450 2 
13 1 3 0 1 2 116 50 0 1184 3 
13 1 3 0 1 2 549 149 0 1019 3 
