Subject 44 in condition 0
Training Condition: 3
Task: 0
Rule: [[[220, 300], [[2000, 0], [0, 9000]]], [[380, 300], [[2000, 0], [0, 9000]]]]
Noise: 0
CATA=1
CATB=0
Sample keys: 122 120
Resp keys: 307 309
Dim direction: 1 1
Dim minimum: 42 83
Test order: [6, 4, 5, 0, 7, 2, 1, 3]
44 0 3 0 0 1 273 499 0 7388 
44 0 3 0 0 1 260 414 0 2626 
44 0 3 0 0 1 218 575 0 2274 
44 0 3 0 0 1 76 93 0 2536 
44 0 3 0 0 1 375 208 1 1410 
44 0 3 0 0 1 597 154 1 1472 
44 0 3 0 0 1 0 87 0 1088 
44 0 3 0 0 1 71 599 0 1506 
44 0 3 0 0 1 563 599 1 898 
44 0 3 0 0 1 599 12 1 912 
44 0 3 0 0 1 37 179 0 922 
44 0 3 0 0 1 599 426 1 1315 
44 0 3 0 0 1 81 26 0 1450 
44 0 3 0 0 1 584 24 1 809 
44 0 3 0 0 1 190 156 0 1321 
44 0 3 0 0 1 260 146 0 1009 
44 0 3 0 0 2 50 183 0 3316 3 
44 0 3 0 0 2 316 482 0 2768 5 
44 0 3 0 0 2 549 482 1 1935 2 
44 0 3 0 0 2 482 283 1 2250 2 
44 0 3 0 0 2 116 50 0 2627 3 
44 0 3 0 0 2 449 416 1 1702 1 
44 0 3 0 0 2 549 149 1 2136 3 
44 0 3 0 0 2 83 283 0 3028 3 
44 0 3 0 0 2 50 216 0 2308 3 
44 0 3 0 0 2 183 482 0 1986 5 
44 0 3 0 0 2 349 316 0 3905 2 
44 0 3 0 0 2 249 449 0 1817 4 
44 0 3 0 0 2 549 349 1 3016 5 
44 0 3 0 0 2 83 50 0 2308 4 
44 0 3 0 0 2 482 416 1 2071 2 
44 0 3 0 0 2 50 116 0 1558 4 
44 0 3 0 0 2 516 116 1 1373 2 
44 0 3 0 0 2 383 283 0 2724 2 
44 0 3 0 0 2 349 183 0 4280 2 
44 0 3 0 0 2 50 383 0 1791 4 
44 0 3 0 0 2 283 549 0 1389 5 
44 0 3 0 0 2 349 549 0 853 5 
44 0 3 0 0 2 249 482 0 1212 5 
44 0 3 0 0 2 116 549 0 1764 3 
44 0 3 0 0 2 482 549 1 2676 2 
44 0 3 0 0 2 216 283 0 1508 4 
44 0 3 0 0 2 316 183 0 1740 3 
44 0 3 0 0 2 50 349 0 1766 3 
44 0 3 0 0 2 116 449 0 1285 4 
44 0 3 0 0 2 149 216 0 1543 3 
44 0 3 0 0 2 349 283 0 1824 5 
44 0 3 0 0 2 349 249 0 1886 3 
44 0 3 0 0 1 99 599 0 3915 
44 0 3 0 0 1 445 540 1 1370 
44 0 3 0 0 1 276 550 0 1978 
44 0 3 0 0 1 452 182 1 1361 
44 0 3 0 0 1 14 273 0 897 
44 0 3 0 0 1 17 26 0 1626 
44 0 3 0 0 1 587 32 1 1170 
44 0 3 0 0 1 270 550 0 1880 
44 0 3 0 0 1 207 204 0 1107 
44 0 3 0 0 1 535 379 1 1274 
44 0 3 0 0 1 264 379 0 920 
44 0 3 0 0 1 343 377 1 2706 
44 0 3 0 0 1 176 463 0 1769 
44 0 3 0 0 1 291 0 0 2626 
44 0 3 0 0 1 370 213 1 2330 
44 0 3 0 0 1 182 208 0 1369 
44 0 3 0 0 2 516 83 1 1859 2 
44 0 3 0 0 2 216 249 0 3685 3 
44 0 3 0 0 2 83 383 0 1018 2 
44 0 3 0 0 2 216 216 0 3344 5 
44 0 3 0 0 2 383 482 0 2291 3 
44 0 3 0 0 2 516 316 1 2608 2 
44 0 3 0 0 2 449 482 1 992 2 
44 0 3 0 0 2 216 116 0 2422 2 
44 0 3 0 0 2 249 383 0 1438 4 
44 0 3 0 0 2 149 449 0 1433 4 
44 0 3 0 0 2 449 283 1 1307 3 
44 0 3 0 0 2 516 516 1 812 3 
44 0 3 0 0 2 183 149 0 1672 3 
44 0 3 0 0 2 383 249 1 1109 3 
44 0 3 0 0 2 416 549 0 1639 3 
44 0 3 0 0 2 316 83 0 972 3 
44 0 3 0 0 2 549 549 1 2060 5 
44 0 3 0 0 2 283 316 0 1698 4 
44 0 3 0 0 2 283 516 0 1215 5 
44 0 3 0 0 2 149 416 0 900 5 
44 0 3 0 0 2 283 283 0 1595 3 
44 0 3 0 0 2 349 50 0 2018 3 
44 0 3 0 0 2 549 249 1 1370 4 
44 0 3 0 0 2 216 516 0 1446 3 
44 0 3 0 0 2 116 349 0 1077 3 
44 0 3 0 0 2 449 249 1 1705 3 
44 0 3 0 0 2 416 283 1 1060 3 
44 0 3 0 0 2 416 383 1 1642 2 
44 0 3 0 0 2 83 249 0 2357 2 
44 0 3 0 0 2 83 216 0 1988 4 
44 0 3 0 0 2 116 183 0 1830 2 
44 0 3 0 0 2 516 416 1 3234 4 
44 0 3 0 0 1 114 242 0 2900 
44 0 3 0 0 1 494 226 1 4855 
44 0 3 0 0 1 155 542 0 1050 
44 0 3 0 0 1 403 530 1 1690 
44 0 3 0 0 1 200 31 0 1426 
44 0 3 0 0 1 40 400 0 1002 
44 0 3 0 0 1 298 387 0 1146 
44 0 3 0 0 1 383 385 1 2202 
44 0 3 0 0 1 548 375 1 1000 
44 0 3 0 0 1 336 141 1 2714 
44 0 3 0 0 1 296 565 0 1306 
44 0 3 0 0 1 321 130 1 1601 
44 0 3 0 0 1 288 296 0 1842 
44 0 3 0 0 1 368 193 1 1489 
44 0 3 0 0 1 530 41 1 1194 
44 0 3 0 0 1 273 5 0 1650 
44 0 3 0 0 2 316 50 0 2089 4 
44 0 3 0 0 2 116 516 0 1269 4 
44 0 3 0 0 2 249 83 0 1846 4 
44 0 3 0 0 2 183 416 0 1160 3 
44 0 3 0 0 2 482 83 1 2004 4 
44 0 3 0 0 2 482 482 0 2898 3 
44 0 3 0 0 2 116 216 0 1406 3 
44 0 3 0 0 2 416 83 0 884 2 
44 0 3 0 0 2 449 383 0 2907 2 
44 0 3 0 0 2 249 249 0 1340 2 
44 0 3 0 0 2 416 50 1 3273 3 
44 0 3 0 0 2 116 249 0 883 3 
44 0 3 0 0 2 183 183 0 1357 2 
44 0 3 0 0 2 383 383 0 1475 2 
44 0 3 0 0 2 183 516 0 1425 5 
44 0 3 0 0 2 116 283 0 1688 5 
44 0 3 0 0 2 50 549 0 1287 4 
44 0 3 0 0 2 216 183 0 3771 3 
44 0 3 0 0 2 216 316 0 904 3 
44 0 3 0 0 2 183 549 0 1517 4 
44 0 3 0 0 2 549 283 1 1309 3 
44 0 3 0 0 2 549 116 1 795 3 
44 0 3 0 0 2 83 116 0 1458 3 
44 0 3 0 0 2 316 383 0 1282 3 
44 0 3 0 0 2 449 149 1 977 4 
44 0 3 0 0 2 449 183 1 1134 5 
44 0 3 0 0 2 183 316 0 1392 3 
44 0 3 0 0 2 316 416 0 830 4 
44 0 3 0 0 2 349 349 0 860 3 
44 0 3 0 0 2 416 316 0 1130 3 
44 0 3 0 0 2 449 516 0 844 3 
44 0 3 0 0 2 283 449 0 734 4 
44 0 3 0 0 1 195 259 0 3433 
44 0 3 0 0 1 328 378 1 2097 
44 0 3 0 0 1 301 226 1 3706 
44 0 3 0 0 1 243 515 0 1616 
44 0 3 0 0 1 298 163 0 1121 
44 0 3 0 0 1 393 564 1 1217 
44 0 3 0 0 1 339 285 1 2185 
44 0 3 0 0 1 269 366 0 2131 
44 0 3 0 0 1 426 170 1 2401 
44 0 3 0 0 1 140 279 0 913 
44 0 3 0 0 1 277 263 0 1106 
44 0 3 0 0 1 289 128 0 1409 
44 0 3 0 0 1 375 79 1 1626 
44 0 3 0 0 1 228 220 0 1097 
44 0 3 0 0 1 352 200 1 1313 
44 0 3 0 0 1 471 0 1 841 
44 0 3 0 0 2 83 549 0 1919 4 
44 0 3 0 0 2 449 349 1 1154 5 
44 0 3 0 0 2 349 416 0 1749 3 
44 0 3 0 0 2 316 549 0 890 4 
44 0 3 0 0 2 416 416 1 2319 5 
44 0 3 0 0 2 50 449 0 888 3 
44 0 3 0 0 2 316 516 0 3790 3 
44 0 3 0 0 2 116 83 0 1271 3 
44 0 3 0 0 2 416 149 1 1506 5 
44 0 3 0 0 2 83 516 0 1443 4 
44 0 3 0 0 2 283 183 1 2721 5 
44 0 3 0 0 2 283 50 1 935 5 
44 0 3 0 0 2 549 216 1 1550 5 
44 0 3 0 0 2 516 283 1 3007 2 
44 0 3 0 0 2 183 216 0 5338 2 
44 0 3 0 0 2 116 149 0 1181 2 
44 0 3 0 0 2 482 116 1 1571 2 
44 0 3 0 0 2 216 383 0 1032 2 
44 0 3 0 0 2 482 449 1 2219 3 
44 0 3 0 0 2 183 283 0 2209 2 
44 0 3 0 0 2 316 249 0 934 3 
44 0 3 0 0 2 383 549 0 885 4 
44 0 3 0 0 2 83 416 0 768 2 
44 0 3 0 0 2 249 283 0 1768 3 
44 0 3 0 0 2 516 50 1 1630 3 
44 0 3 0 0 2 482 316 1 1444 4 
44 0 3 0 0 2 216 549 0 1682 2 
44 0 3 0 0 2 83 482 0 734 4 
44 0 3 0 0 2 83 316 0 3267 3 
44 0 3 0 0 2 482 183 1 1888 4 
44 0 3 0 0 2 249 116 1 3172 3 
44 0 3 0 0 2 416 116 1 1077 3 
44 0 3 0 0 1 178 184 0 5149 
44 0 3 0 0 1 447 599 1 777 
44 0 3 0 0 1 264 307 0 961 
44 0 3 0 0 1 353 23 1 2673 
44 0 3 0 0 1 351 33 1 778 
44 0 3 0 0 1 261 16 0 922 
44 0 3 0 0 1 357 298 1 2458 
44 0 3 0 0 1 315 537 1 1953 
44 0 3 0 0 1 280 585 0 2770 
44 0 3 0 0 1 305 326 1 970 
44 0 3 0 0 1 275 48 0 4986 
44 0 3 0 0 1 341 74 1 1002 
44 0 3 0 0 1 313 145 1 2505 
44 0 3 0 0 1 286 414 0 1272 
44 0 3 0 0 1 338 515 1 905 
44 0 3 0 0 1 336 233 1 722 
44 0 3 0 0 2 482 216 1 1934 3 
44 0 3 0 0 2 116 116 0 2449 2 
44 0 3 0 0 2 183 249 0 928 3 
44 0 3 0 0 2 249 50 0 537 3 
44 0 3 0 0 2 516 349 1 934 4 
44 0 3 0 0 2 516 449 1 558 4 
44 0 3 0 0 2 383 116 1 999 5 
44 0 3 0 0 2 316 116 1 613 5 
44 0 3 0 0 2 116 482 0 1028 3 
44 0 3 0 0 2 549 516 1 1307 5 
44 0 3 0 0 2 149 549 0 1006 3 
44 0 3 0 0 2 482 383 1 4243 3 
44 0 3 0 0 2 383 316 1 3565 3 
44 0 3 0 0 2 516 249 1 1001 3 
44 0 3 0 0 2 216 149 0 3017 4 
44 0 3 0 0 2 349 449 0 3099 2 
44 0 3 0 0 2 549 50 1 5073 5 
44 0 3 0 0 2 549 449 1 726 5 
44 0 3 0 0 2 283 349 0 2092 3 
44 0 3 0 0 2 516 216 1 1749 5 
44 0 3 0 0 2 316 149 1 1393 5 
44 0 3 0 0 2 149 383 0 2484 4 
44 0 3 0 0 2 349 149 1 1435 4 
44 0 3 0 0 2 383 349 0 3012 3 
44 0 3 0 0 2 116 416 0 1144 2 
44 0 3 0 0 2 249 416 0 1031 2 
44 0 3 0 0 2 50 83 0 1879 4 
44 0 3 0 0 2 249 316 0 2328 3 
44 0 3 0 0 2 50 283 0 1642 3 
44 0 3 0 0 2 149 183 0 2049 4 
44 0 3 0 0 2 149 349 0 851 4 
44 0 3 0 0 2 249 216 0 1513 4 
44 0 3 0 0 1 341 182 1 2079 
44 0 3 0 0 1 286 515 0 1329 
44 0 3 0 0 1 295 488 0 1714 
44 0 3 0 0 1 354 46 1 2195 
44 0 3 0 0 1 314 266 1 1289 
44 0 3 0 0 1 312 4 1 930 
44 0 3 0 0 1 278 48 0 1666 
44 0 3 0 0 1 289 391 0 1706 
44 0 3 0 0 1 320 145 1 978 
44 0 3 0 0 1 310 349 1 993 
44 0 3 0 0 1 300 462 1 778 
44 0 3 0 0 1 322 19 1 1369 
44 0 3 0 0 1 309 348 1 1394 
44 0 3 0 0 1 295 90 0 2922 
44 0 3 0 0 1 338 517 1 1570 
44 0 3 0 0 1 281 517 0 906 
44 0 3 0 0 2 449 449 1 6831 3 
44 0 3 0 0 2 449 83 1 1171 3 
44 0 3 0 0 2 149 249 0 2840 3 
44 0 3 0 0 2 116 316 0 1132 3 
44 0 3 0 0 2 50 149 0 702 3 
44 0 3 0 0 2 349 83 1 3643 4 
44 0 3 0 0 2 482 149 1 1178 5 
44 0 3 0 0 2 516 383 1 619 5 
44 0 3 0 0 2 216 349 0 1089 3 
44 0 3 0 0 2 283 216 1 2672 3 
44 0 3 0 0 2 549 316 1 2898 4 
44 0 3 0 0 2 482 50 1 932 4 
44 0 3 0 0 2 449 116 1 840 4 
44 0 3 0 0 2 383 83 1 2009 5 
44 0 3 0 0 2 416 482 0 3158 3 
44 0 3 0 0 2 216 449 0 812 3 
44 0 3 0 0 2 83 149 0 2127 3 
44 0 3 0 0 2 316 283 0 2520 2 
44 0 3 0 0 2 416 349 1 2355 2 
44 0 3 0 0 2 83 449 0 1622 4 
44 0 3 0 0 2 283 383 0 1781 4 
44 0 3 0 0 2 83 349 0 890 4 
44 0 3 0 0 2 549 383 1 1377 4 
44 0 3 0 0 2 416 249 1 916 5 
44 0 3 0 0 2 183 349 0 1410 4 
44 0 3 0 0 2 249 183 0 3557 2 
44 0 3 0 0 2 149 83 0 1533 3 
44 0 3 0 0 2 349 516 0 1874 3 
44 0 3 0 0 2 149 116 0 1869 4 
44 0 3 0 0 2 183 383 0 745 4 
44 0 3 0 0 2 349 383 1 4004 1 
44 0 3 0 0 2 83 83 0 3718 3 
44 0 3 0 0 1 338 132 1 2533 
44 0 3 0 0 1 289 568 0 1264 
44 0 3 0 0 1 292 245 0 1460 
44 0 3 0 0 1 316 539 1 1364 
44 0 3 0 0 1 309 321 1 1347 
44 0 3 0 0 1 315 527 1 1387 
44 0 3 0 0 1 304 226 1 1465 
44 0 3 0 0 1 323 19 1 2409 
44 0 3 0 0 1 334 63 1 881 
44 0 3 0 0 1 288 470 0 1080 
44 0 3 0 0 1 138 522 0 754 
44 0 3 0 0 1 390 536 1 1489 
44 0 3 0 0 1 308 295 1 1498 
44 0 3 0 0 1 294 362 0 1872 
44 0 3 0 0 1 326 302 1 1737 
44 0 3 0 0 1 282 142 0 2090 
44 0 3 0 0 2 283 249 1 3693 2 
44 0 3 0 0 2 482 249 1 852 2 
44 0 3 0 0 2 183 50 0 1955 5 
44 0 3 0 0 2 416 183 1 1791 5 
44 0 3 0 0 2 249 516 0 2063 3 
44 0 3 0 0 2 183 116 0 5723 3 
44 0 3 0 0 2 50 316 0 842 3 
44 0 3 0 0 2 449 549 1 1035 4 
44 0 3 0 0 2 50 482 0 994 3 
44 0 3 0 0 2 216 482 0 867 3 
44 0 3 0 0 2 249 349 0 1517 3 
44 0 3 0 0 2 383 183 1 1329 5 
44 0 3 0 0 2 316 316 1 846 5 
44 0 3 0 0 2 516 183 1 958 4 
44 0 3 0 0 2 316 216 1 931 4 
44 0 3 0 0 2 349 116 1 643 4 
44 0 3 0 0 2 216 416 0 1787 3 
44 0 3 0 0 2 383 216 1 974 4 
44 0 3 0 0 2 149 50 0 3371 4 
44 0 3 0 0 2 316 349 1 1813 3 
44 0 3 0 0 2 50 249 0 1341 4 
44 0 3 0 0 2 516 549 1 2131 4 
44 0 3 0 0 2 416 516 0 1656 3 
44 0 3 0 0 2 149 516 0 5180 4 
44 0 3 0 0 2 416 216 1 1509 4 
44 0 3 0 0 2 416 449 1 3109 3 
44 0 3 0 0 2 216 50 0 2579 2 
44 0 3 0 0 2 516 482 1 895 4 
44 0 3 0 0 2 482 516 1 866 4 
44 0 3 0 0 2 283 116 1 4680 5 
44 0 3 0 0 2 249 149 1 917 5 
44 0 3 0 0 2 149 316 0 912 3 
44 0 3 0 0 1 288 161 0 3917 
44 0 3 0 0 1 311 125 1 1227 
44 0 3 0 0 1 279 100 0 1106 
44 0 3 0 0 1 320 94 1 1226 
44 0 3 0 0 1 309 503 1 1050 
44 0 3 0 0 1 298 542 0 3153 
44 0 3 0 0 1 301 232 1 1322 
44 0 3 0 0 1 530 481 1 760 
44 0 3 0 0 1 315 574 1 2082 
44 0 3 0 0 1 309 310 1 1266 
44 0 3 0 0 1 324 387 1 858 
44 0 3 0 0 1 345 487 1 634 
44 0 3 0 0 1 313 99 1 657 
44 0 3 0 0 1 311 156 1 498 
44 0 3 0 0 1 272 407 0 6970 
44 0 3 0 0 1 401 392 1 1258 
44 0 3 0 0 2 283 83 1 3509 2 
44 0 3 0 0 2 283 416 1 1460 2 
44 0 3 0 0 2 549 83 1 1013 2 
44 0 3 0 0 2 316 449 0 1280 3 
44 0 3 0 0 2 383 149 1 2081 3 
44 0 3 0 0 2 183 449 0 763 4 
44 0 3 0 0 2 283 482 0 1319 3 
44 0 3 0 0 2 482 349 1 817 4 
44 0 3 0 0 2 449 216 1 656 4 
44 0 3 0 0 2 116 383 0 1642 4 
44 0 3 0 0 2 383 416 0 3690 2 
44 0 3 0 0 2 516 149 1 1495 5 
44 0 3 0 0 2 283 149 1 1390 5 
44 0 3 0 0 2 383 449 0 991 3 
44 0 3 0 0 2 50 416 0 1292 3 
44 0 3 0 0 2 83 183 0 2401 4 
44 0 3 0 0 2 449 316 1 3890 3 
44 0 3 0 0 2 50 50 0 3197 5 
44 0 3 0 0 2 183 83 0 1416 4 
44 0 3 0 0 2 383 50 1 2272 3 
44 0 3 0 0 2 383 516 1 4534 3 
44 0 3 0 0 2 349 216 1 859 3 
44 0 3 0 0 2 216 83 0 2174 3 
44 0 3 0 0 2 549 416 1 1532 5 
44 0 3 0 0 2 349 482 0 1212 3 
44 0 3 0 0 2 50 516 0 2154 5 
44 0 3 0 0 2 149 283 0 642 5 
44 0 3 0 0 2 549 183 1 1231 4 
44 0 3 0 0 2 149 149 0 2430 3 
44 0 3 0 0 2 249 549 0 4096 2 
44 0 3 0 0 2 449 50 1 2904 4 
44 0 3 0 0 2 149 482 0 5320 3 
