Subject 48 in condition 0
Training Condition: 3
Task: 0
Rule: [[[220, 300], [[2000, 0], [0, 9000]]], [[380, 300], [[2000, 0], [0, 9000]]]]
Noise: 0
CATA=1
CATB=0
Sample keys: 122 120
Resp keys: 307 309
Dim direction: 0 1
Dim minimum: 17 53
Test order: [4, 1, 7, 6, 3, 5, 0, 2]
48 0 3 0 0 1 0 146 0 11917 
48 0 3 0 0 1 599 146 1 13850 
48 0 3 0 0 1 0 415 0 6819 
48 0 3 0 0 1 0 0 0 5026 
48 0 3 0 0 1 592 0 1 3882 
48 0 3 0 0 1 599 505 1 2074 
48 0 3 0 0 1 448 0 1 2466 
48 0 3 0 0 1 506 403 1 2498 
48 0 3 0 0 1 197 0 0 4178 
48 0 3 0 0 1 413 125 1 8531 
48 0 3 0 0 1 15 199 0 2467 
48 0 3 0 0 1 586 395 1 3235 
48 0 3 0 0 1 154 270 0 1058 
48 0 3 0 0 1 293 275 0 5553 
48 0 3 0 0 1 379 364 1 1058 
48 0 3 0 0 1 336 0 1 6331 
48 0 3 0 0 2 83 216 0 7576 4 
48 0 3 0 0 2 116 183 0 4186 4 
48 0 3 0 0 2 83 249 0 3151 3 
48 0 3 0 0 2 449 283 1 6797 4 
48 0 3 0 0 2 283 516 0 3235 3 
48 0 3 0 0 2 349 50 1 8916 1 
48 0 3 0 0 2 283 316 0 4309 4 
48 0 3 0 0 2 149 449 0 7207 3 
48 0 3 0 0 2 216 216 0 1332 3 
48 0 3 0 0 2 549 549 1 1953 4 
48 0 3 0 0 2 549 249 1 2958 4 
48 0 3 0 0 2 516 83 1 14986 2 
48 0 3 0 0 2 83 383 0 1893 4 
48 0 3 0 0 2 283 283 0 2049 4 
48 0 3 0 0 2 516 516 1 2251 4 
48 0 3 0 0 2 116 349 0 3624 5 
48 0 3 0 0 2 449 249 1 4730 3 
48 0 3 0 0 2 183 149 0 2421 3 
48 0 3 0 0 2 383 249 0 4658 3 
48 0 3 0 0 2 516 316 1 2918 4 
48 0 3 0 0 2 416 549 1 11122 3 
48 0 3 0 0 2 149 416 0 2961 4 
48 0 3 0 0 2 216 116 0 1978 3 
48 0 3 0 0 2 216 249 0 5293 3 
48 0 3 0 0 2 249 383 0 2342 3 
48 0 3 0 0 2 216 516 0 2166 3 
48 0 3 0 0 2 416 383 1 4756 3 
48 0 3 0 0 2 449 482 1 2637 2 
48 0 3 0 0 2 416 283 1 5907 3 
48 0 3 0 0 2 316 83 0 8326 2 
48 0 3 0 0 2 516 416 1 2998 4 
48 0 3 0 0 2 383 482 1 14892 3 
48 0 3 0 0 1 470 66 1 6279 
48 0 3 0 0 1 360 124 1 1146 
48 0 3 0 0 1 300 403 0 4284 
48 0 3 0 0 1 303 283 1 17042 
48 0 3 0 0 1 227 403 0 1898 
48 0 3 0 0 1 372 328 1 3137 
48 0 3 0 0 1 278 318 0 3930 
48 0 3 0 0 1 381 299 1 2034 
48 0 3 0 0 1 361 323 1 1441 
48 0 3 0 0 1 310 0 1 1706 
48 0 3 0 0 1 236 0 0 4337 
48 0 3 0 0 1 250 132 0 2369 
48 0 3 0 0 1 267 131 0 978 
48 0 3 0 0 1 342 151 1 1547 
48 0 3 0 0 1 299 156 0 2347 
48 0 3 0 0 1 345 156 1 1834 
48 0 3 0 0 2 149 316 0 10661 2 
48 0 3 0 0 2 50 316 0 5483 2 
48 0 3 0 0 2 416 516 1 4398 4 
48 0 3 0 0 2 516 549 1 2026 4 
48 0 3 0 0 2 183 116 0 18287 1 
48 0 3 0 0 2 349 116 1 3298 2 
48 0 3 0 0 2 449 549 1 4747 3 
48 0 3 0 0 2 149 516 0 2834 2 
48 0 3 0 0 2 416 449 1 3652 1 
48 0 3 0 0 2 416 216 1 5401 2 
48 0 3 0 0 2 516 183 1 1696 2 
48 0 3 0 0 2 383 183 0 10553 2 
48 0 3 0 0 2 482 516 0 6114 2 
48 0 3 0 0 2 283 249 0 2850 2 
48 0 3 0 0 2 383 216 0 1657 2 
48 0 3 0 0 2 249 149 0 7442 3 
48 0 3 0 0 2 283 116 1 8110 1 
48 0 3 0 0 2 416 183 0 3211 2 
48 0 3 0 0 2 149 50 1 15129 2 
48 0 3 0 0 2 482 249 1 10283 2 
48 0 3 0 0 2 216 50 0 4012 2 
48 0 3 0 0 2 183 50 0 1116 2 
48 0 3 0 0 2 316 349 1 1596 3 
48 0 3 0 0 2 249 349 1 2845 4 
48 0 3 0 0 2 516 482 1 2523 4 
48 0 3 0 0 2 50 482 0 2821 2 
48 0 3 0 0 2 249 516 1 2277 2 
48 0 3 0 0 2 216 416 1 1621 2 
48 0 3 0 0 2 316 316 1 3702 2 
48 0 3 0 0 2 316 216 0 6262 2 
48 0 3 0 0 2 50 249 0 1414 2 
48 0 3 0 0 2 216 482 1 3884 2 
48 0 3 0 0 1 316 598 1 20222 
48 0 3 0 0 1 276 380 0 2794 
48 0 3 0 0 1 282 308 0 1163 
48 0 3 0 0 1 293 265 0 642 
48 0 3 0 0 1 346 278 1 7762 
48 0 3 0 0 1 315 147 1 1138 
48 0 3 0 0 1 323 146 1 618 
48 0 3 0 0 1 314 328 1 1219 
48 0 3 0 0 1 271 316 0 8385 
48 0 3 0 0 1 363 41 1 1754 
48 0 3 0 0 1 555 0 1 770 
48 0 3 0 0 1 327 444 1 3921 
48 0 3 0 0 1 281 129 0 4074 
48 0 3 0 0 1 285 449 0 2506 
48 0 3 0 0 1 292 524 0 986 
48 0 3 0 0 1 305 451 1 5874 
48 0 3 0 0 2 383 349 0 6106 3 
48 0 3 0 0 2 116 416 0 3951 2 
48 0 3 0 0 2 149 183 1 1690 4 
48 0 3 0 0 2 549 50 1 1871 4 
48 0 3 0 0 2 383 316 1 12397 2 
48 0 3 0 0 2 516 249 1 6847 4 
48 0 3 0 0 2 183 249 0 3101 2 
48 0 3 0 0 2 349 449 1 2470 5 
48 0 3 0 0 2 249 316 0 4892 2 
48 0 3 0 0 2 516 349 1 9491 2 
48 0 3 0 0 2 549 516 0 5062 2 
48 0 3 0 0 2 283 349 0 2255 3 
48 0 3 0 0 2 516 216 1 4123 3 
48 0 3 0 0 2 116 482 0 4065 2 
48 0 3 0 0 2 316 116 1 7112 1 
48 0 3 0 0 2 349 149 1 3152 2 
48 0 3 0 0 2 216 149 1 4564 2 
48 0 3 0 0 2 482 383 1 2435 4 
48 0 3 0 0 2 549 449 1 4041 5 
48 0 3 0 0 2 482 216 1 3531 3 
48 0 3 0 0 2 516 449 1 2086 5 
48 0 3 0 0 2 149 383 0 6015 3 
48 0 3 0 0 2 50 283 0 2242 3 
48 0 3 0 0 2 149 549 0 1765 3 
48 0 3 0 0 2 149 349 0 1046 3 
48 0 3 0 0 2 249 416 0 3706 4 
48 0 3 0 0 2 249 50 1 1881 3 
48 0 3 0 0 2 316 149 1 1640 3 
48 0 3 0 0 2 249 216 1 2733 3 
48 0 3 0 0 2 116 116 0 1979 3 
48 0 3 0 0 2 50 83 0 1458 4 
48 0 3 0 0 2 383 116 0 2692 3 
48 0 3 0 0 1 238 522 0 26917 
48 0 3 0 0 1 482 555 1 1218 
48 0 3 0 0 1 150 364 0 2857 
48 0 3 0 0 1 361 152 1 1162 
48 0 3 0 0 1 599 416 1 874 
48 0 3 0 0 1 0 287 0 666 
48 0 3 0 0 1 374 166 1 666 
48 0 3 0 0 1 0 510 0 691 
48 0 3 0 0 1 489 510 1 1649 
48 0 3 0 0 1 292 533 0 1258 
48 0 3 0 0 1 393 198 1 642 
48 0 3 0 0 1 377 156 1 1609 
48 0 3 0 0 1 268 269 0 673 
48 0 3 0 0 1 5 22 0 730 
48 0 3 0 0 1 137 406 0 810 
48 0 3 0 0 1 594 552 1 834 
48 0 3 0 0 2 50 349 0 2031 5 
48 0 3 0 0 2 216 283 0 3700 4 
48 0 3 0 0 2 349 283 0 2948 3 
48 0 3 0 0 2 383 283 1 3740 3 
48 0 3 0 0 2 283 549 0 1876 4 
48 0 3 0 0 2 116 50 0 1112 4 
48 0 3 0 0 2 549 149 1 1905 5 
48 0 3 0 0 2 83 283 0 1799 4 
48 0 3 0 0 2 149 216 0 983 4 
48 0 3 0 0 2 249 482 0 1084 5 
48 0 3 0 0 2 316 183 0 1372 4 
48 0 3 0 0 2 449 416 1 1708 4 
48 0 3 0 0 2 50 183 0 1733 5 
48 0 3 0 0 2 516 116 1 4973 3 
48 0 3 0 0 2 482 549 1 2120 2 
48 0 3 0 0 2 50 116 0 1392 5 
48 0 3 0 0 2 349 316 0 1180 4 
48 0 3 0 0 2 50 216 0 1701 5 
48 0 3 0 0 2 482 416 1 2258 3 
48 0 3 0 0 2 116 549 0 1112 5 
48 0 3 0 0 2 116 449 0 744 5 
48 0 3 0 0 2 316 482 0 1319 5 
48 0 3 0 0 2 83 50 0 745 5 
48 0 3 0 0 2 349 183 0 1092 3 
48 0 3 0 0 2 249 449 0 988 3 
48 0 3 0 0 2 183 482 0 919 4 
48 0 3 0 0 2 549 482 1 1361 5 
48 0 3 0 0 2 549 349 1 1677 5 
48 0 3 0 0 2 349 249 0 2791 3 
48 0 3 0 0 2 50 383 0 1619 5 
48 0 3 0 0 2 482 283 1 1980 4 
48 0 3 0 0 2 349 549 0 3073 4 
48 0 3 0 0 1 288 210 0 8415 
48 0 3 0 0 1 283 336 0 1907 
48 0 3 0 0 1 306 538 1 3426 
48 0 3 0 0 1 286 568 0 4562 
48 0 3 0 0 1 299 223 0 1218 
48 0 3 0 0 1 305 583 1 3330 
48 0 3 0 0 1 297 397 0 970 
48 0 3 0 0 1 307 367 1 2234 
48 0 3 0 0 1 590 232 1 4210 
48 0 3 0 0 1 155 545 0 3739 
48 0 3 0 0 1 487 52 1 1234 
48 0 3 0 0 1 258 140 0 3843 
48 0 3 0 0 1 593 441 1 3354 
48 0 3 0 0 1 430 220 1 2737 
48 0 3 0 0 1 538 520 1 1066 
48 0 3 0 0 1 271 162 0 1179 
48 0 3 0 0 2 516 149 1 3584 3 
48 0 3 0 0 2 549 183 1 2313 3 
48 0 3 0 0 2 183 83 0 2275 5 
48 0 3 0 0 2 149 482 0 2526 2 
48 0 3 0 0 2 283 482 1 6077 2 
48 0 3 0 0 2 383 149 1 2017 4 
48 0 3 0 0 2 283 83 0 3177 3 
48 0 3 0 0 2 249 549 1 1982 2 
48 0 3 0 0 2 349 482 1 3386 2 
48 0 3 0 0 2 283 416 1 3092 2 
48 0 3 0 0 2 383 449 1 1622 4 
48 0 3 0 0 2 383 516 1 1869 4 
48 0 3 0 0 2 83 183 0 4039 4 
48 0 3 0 0 2 449 316 1 1704 5 
48 0 3 0 0 2 283 149 0 7167 3 
48 0 3 0 0 2 383 50 1 2567 4 
48 0 3 0 0 2 549 83 0 5158 3 
48 0 3 0 0 2 449 50 0 3514 3 
48 0 3 0 0 2 549 416 1 2151 4 
48 0 3 0 0 2 383 416 1 1386 3 
48 0 3 0 0 2 116 383 0 1892 3 
48 0 3 0 0 2 349 216 1 8433 3 
48 0 3 0 0 2 216 83 0 1528 3 
48 0 3 0 0 2 149 149 0 956 3 
48 0 3 0 0 2 149 283 0 977 3 
48 0 3 0 0 2 316 449 1 1432 4 
48 0 3 0 0 2 482 349 1 1141 3 
48 0 3 0 0 2 50 516 0 1039 4 
48 0 3 0 0 2 183 449 0 2159 2 
48 0 3 0 0 2 50 50 0 2057 4 
48 0 3 0 0 2 449 216 1 2873 4 
48 0 3 0 0 2 50 416 0 1847 3 
48 0 3 0 0 1 319 294 1 39309 
48 0 3 0 0 1 307 483 1 930 
48 0 3 0 0 1 286 464 0 1307 
48 0 3 0 0 1 296 143 0 1786 
48 0 3 0 0 1 290 179 0 937 
48 0 3 0 0 1 304 77 1 3385 
48 0 3 0 0 1 303 516 1 730 
48 0 3 0 0 1 309 14 1 834 
48 0 3 0 0 1 590 451 1 962 
48 0 3 0 0 1 289 235 0 4130 
48 0 3 0 0 1 294 275 0 881 
48 0 3 0 0 1 521 555 1 4642 
48 0 3 0 0 1 37 366 0 1002 
48 0 3 0 0 1 249 525 0 8514 
48 0 3 0 0 1 221 292 0 2442 
48 0 3 0 0 1 515 540 1 2218 
48 0 3 0 0 2 482 83 0 5842 3 
48 0 3 0 0 2 316 50 0 1671 4 
48 0 3 0 0 2 50 549 0 1150 4 
48 0 3 0 0 2 116 216 0 889 5 
48 0 3 0 0 2 449 383 1 4012 2 
48 0 3 0 0 2 449 149 1 1762 4 
48 0 3 0 0 2 83 116 0 1101 4 
48 0 3 0 0 2 249 249 0 1467 3 
48 0 3 0 0 2 416 316 1 1440 4 
48 0 3 0 0 2 283 449 0 3105 4 
48 0 3 0 0 2 183 516 0 1674 4 
48 0 3 0 0 2 183 183 0 1373 4 
48 0 3 0 0 2 183 549 0 1045 4 
48 0 3 0 0 2 216 316 0 1135 4 
48 0 3 0 0 2 316 416 0 9076 4 
48 0 3 0 0 2 116 516 0 805 4 
48 0 3 0 0 2 449 183 1 1669 5 
48 0 3 0 0 2 416 50 1 2029 3 
48 0 3 0 0 2 549 116 1 3643 4 
48 0 3 0 0 2 249 83 0 2223 3 
48 0 3 0 0 2 449 516 1 1625 4 
48 0 3 0 0 2 383 383 1 1990 4 
48 0 3 0 0 2 416 83 0 5521 3 
48 0 3 0 0 2 316 383 0 1570 4 
48 0 3 0 0 2 216 183 0 964 4 
48 0 3 0 0 2 116 249 0 817 4 
48 0 3 0 0 2 183 416 0 547 4 
48 0 3 0 0 2 482 482 1 1645 4 
48 0 3 0 0 2 183 316 0 1092 4 
48 0 3 0 0 2 549 283 1 1305 4 
48 0 3 0 0 2 349 349 0 5304 4 
48 0 3 0 0 2 116 283 0 945 4 
48 0 3 0 0 1 165 146 0 4077 
48 0 3 0 0 1 315 248 1 6081 
48 0 3 0 0 1 341 556 1 1178 
48 0 3 0 0 1 0 60 0 801 
48 0 3 0 0 1 356 500 1 714 
48 0 3 0 0 1 599 135 1 834 
48 0 3 0 0 1 365 100 1 739 
48 0 3 0 0 1 599 563 1 994 
48 0 3 0 0 1 570 163 1 954 
48 0 3 0 0 1 5 76 0 697 
48 0 3 0 0 1 249 244 0 1002 
48 0 3 0 0 1 140 12 0 1010 
48 0 3 0 0 1 337 155 1 658 
48 0 3 0 0 1 599 305 1 594 
48 0 3 0 0 1 422 380 1 490 
48 0 3 0 0 1 430 181 1 1338 
48 0 3 0 0 2 482 116 1 7073 3 
48 0 3 0 0 2 116 83 0 1346 5 
48 0 3 0 0 2 349 416 0 3539 4 
48 0 3 0 0 2 482 449 1 1956 3 
48 0 3 0 0 2 482 316 1 7292 3 
48 0 3 0 0 2 416 116 0 924 4 
48 0 3 0 0 2 83 549 0 818 3 
48 0 3 0 0 2 283 50 0 1146 5 
48 0 3 0 0 2 549 216 1 2544 4 
48 0 3 0 0 2 249 283 0 963 5 
48 0 3 0 0 2 183 216 0 633 5 
48 0 3 0 0 2 383 549 1 7057 4 
48 0 3 0 0 2 116 149 0 911 5 
48 0 3 0 0 2 249 116 0 806 5 
48 0 3 0 0 2 316 516 0 1508 4 
48 0 3 0 0 2 183 283 0 708 4 
48 0 3 0 0 2 216 549 0 781 4 
48 0 3 0 0 2 83 516 0 1000 5 
48 0 3 0 0 2 482 183 1 1873 4 
48 0 3 0 0 2 449 349 1 2946 3 
48 0 3 0 0 2 83 316 0 892 5 
48 0 3 0 0 2 50 449 0 714 5 
48 0 3 0 0 2 216 383 0 717 5 
48 0 3 0 0 2 516 50 1 1016 4 
48 0 3 0 0 2 283 183 0 2073 5 
48 0 3 0 0 2 83 416 0 1416 5 
48 0 3 0 0 2 416 149 1 3368 3 
48 0 3 0 0 2 416 416 1 1193 3 
48 0 3 0 0 2 83 482 0 1342 5 
48 0 3 0 0 2 316 549 0 3449 3 
48 0 3 0 0 2 516 283 1 2030 3 
48 0 3 0 0 2 316 249 0 1112 4 
48 0 3 0 0 1 297 555 0 6989 
48 0 3 0 0 1 385 584 1 922 
48 0 3 0 0 1 539 198 1 674 
48 0 3 0 0 1 508 598 1 1442 
48 0 3 0 0 1 333 147 1 12738 
48 0 3 0 0 1 589 327 1 1531 
48 0 3 0 0 1 0 346 0 1258 
48 0 3 0 0 1 315 222 1 2307 
48 0 3 0 0 1 180 66 0 1977 
48 0 3 0 0 1 197 521 0 809 
48 0 3 0 0 1 0 298 0 1002 
48 0 3 0 0 1 599 539 1 1267 
48 0 3 0 0 1 0 97 0 770 
48 0 3 0 0 1 510 390 1 913 
48 0 3 0 0 1 0 193 0 770 
48 0 3 0 0 1 599 491 1 1946 
48 0 3 0 0 2 549 316 1 2144 4 
48 0 3 0 0 2 449 449 1 6468 1 
48 0 3 0 0 2 149 116 0 1255 3 
48 0 3 0 0 2 449 83 1 5541 2 
48 0 3 0 0 2 482 50 1 3676 3 
48 0 3 0 0 2 283 383 0 2103 3 
48 0 3 0 0 2 216 449 0 791 4 
48 0 3 0 0 2 149 249 0 611 4 
48 0 3 0 0 2 283 216 0 1442 4 
48 0 3 0 0 2 449 116 0 3625 2 
48 0 3 0 0 2 83 83 0 1190 4 
48 0 3 0 0 2 416 349 1 1615 4 
48 0 3 0 0 2 316 283 1 3304 3 
48 0 3 0 0 2 50 149 0 1294 4 
48 0 3 0 0 2 516 383 1 1817 4 
48 0 3 0 0 2 116 316 0 1177 5 
48 0 3 0 0 2 549 383 1 1660 5 
48 0 3 0 0 2 349 383 1 2699 3 
48 0 3 0 0 2 349 83 0 1784 4 
48 0 3 0 0 2 83 349 0 810 4 
48 0 3 0 0 2 482 149 1 1390 4 
48 0 3 0 0 2 349 516 1 10067 3 
48 0 3 0 0 2 416 482 0 3006 2 
48 0 3 0 0 2 183 383 0 1617 3 
48 0 3 0 0 2 83 449 0 877 4 
48 0 3 0 0 2 416 249 1 1486 4 
48 0 3 0 0 2 149 83 0 948 4 
48 0 3 0 0 2 83 149 0 711 4 
48 0 3 0 0 2 216 349 0 1013 4 
48 0 3 0 0 2 383 83 1 7271 1 
48 0 3 0 0 2 249 183 0 1594 3 
48 0 3 0 0 2 183 349 0 1761 4 
