Subject 8 in condition 0
Training Condition: 3
Task: 0
Rule: [[[220, 300], [[2000, 0], [0, 9000]]], [[380, 300], [[2000, 0], [0, 9000]]]]
Noise: 0
CATA=1
CATB=0
Sample keys: 122 120
Resp keys: 307 309
Dim direction: 1 0
Dim minimum: 23 43
Test order: [7, 1, 4, 5, 2, 3, 0, 6]
8 0 3 0 0 1 60 373 0 3757 
8 0 3 0 0 1 599 381 1 2704 
8 0 3 0 0 1 383 144 1 4977 
8 0 3 0 0 1 537 139 1 2608 
8 0 3 0 0 1 0 0 0 2529 
8 0 3 0 0 1 28 599 0 1825 
8 0 3 0 0 1 132 505 0 1714 
8 0 3 0 0 1 599 0 1 1385 
8 0 3 0 0 1 0 0 0 1288 
8 0 3 0 0 1 597 0 1 1081 
8 0 3 0 0 1 170 396 0 3184 
8 0 3 0 0 1 0 0 0 1352 
8 0 3 0 0 1 598 172 1 1401 
8 0 3 0 0 1 410 244 1 1256 
8 0 3 0 0 1 400 0 1 1160 
8 0 3 0 0 1 560 0 1 1081 
8 0 3 0 0 2 50 283 0 3264 5 
8 0 3 0 0 2 383 349 1 4631 4 
8 0 3 0 0 2 116 482 0 2609 5 
8 0 3 0 0 2 183 249 0 1830 5 
8 0 3 0 0 2 383 316 1 2030 4 
8 0 3 0 0 2 249 416 1 2436 3 
8 0 3 0 0 2 349 449 1 2278 3 
8 0 3 0 0 2 149 549 0 2168 4 
8 0 3 0 0 2 516 216 1 1813 5 
8 0 3 0 0 2 283 349 0 4979 3 
8 0 3 0 0 2 216 149 0 1775 3 
8 0 3 0 0 2 516 349 1 1677 5 
8 0 3 0 0 2 549 449 1 2109 5 
8 0 3 0 0 2 149 349 0 1739 5 
8 0 3 0 0 2 549 516 1 1548 5 
8 0 3 0 0 2 316 149 0 5026 3 
8 0 3 0 0 2 116 116 0 1635 5 
8 0 3 0 0 2 383 116 1 2062 4 
8 0 3 0 0 2 116 416 0 1972 5 
8 0 3 0 0 2 516 249 1 1446 5 
8 0 3 0 0 2 149 383 0 2570 4 
8 0 3 0 0 2 316 116 1 1697 4 
8 0 3 0 0 2 149 183 0 1633 5 
8 0 3 0 0 2 50 83 0 1116 5 
8 0 3 0 0 2 249 50 1 2009 3 
8 0 3 0 0 2 349 149 1 1795 3 
8 0 3 0 0 2 516 449 1 4085 5 
8 0 3 0 0 2 549 50 1 1450 5 
8 0 3 0 0 2 482 216 1 1797 5 
8 0 3 0 0 2 249 216 0 2176 3 
8 0 3 0 0 2 482 383 1 1270 5 
8 0 3 0 0 2 249 316 1 1221 5 
8 0 3 0 0 1 243 496 0 7077 
8 0 3 0 0 1 346 143 1 1761 
8 0 3 0 0 1 372 599 1 2569 
8 0 3 0 0 1 487 380 1 1535 
8 0 3 0 0 1 184 530 0 1209 
8 0 3 0 0 1 153 598 0 1424 
8 0 3 0 0 1 402 498 1 2322 
8 0 3 0 0 1 599 355 1 1505 
8 0 3 0 0 1 79 7 0 968 
8 0 3 0 0 1 174 311 0 1281 
8 0 3 0 0 1 74 1 0 887 
8 0 3 0 0 1 312 489 1 2766 
8 0 3 0 0 1 275 599 0 3072 
8 0 3 0 0 1 558 0 1 888 
8 0 3 0 0 1 37 8 0 664 
8 0 3 0 0 1 99 560 0 704 
8 0 3 0 0 2 216 50 0 3760 5 
8 0 3 0 0 2 149 516 0 1507 5 
8 0 3 0 0 2 216 482 1 3697 4 
8 0 3 0 0 2 416 183 1 1768 5 
8 0 3 0 0 2 50 249 0 1207 5 
8 0 3 0 0 2 249 349 1 3253 3 
8 0 3 0 0 2 149 316 0 1532 5 
8 0 3 0 0 2 316 349 1 2189 4 
8 0 3 0 0 2 249 149 1 1698 4 
8 0 3 0 0 2 482 516 1 2468 5 
8 0 3 0 0 2 416 216 1 1161 5 
8 0 3 0 0 2 316 316 1 1117 5 
8 0 3 0 0 2 216 416 0 2294 4 
8 0 3 0 0 2 149 50 0 1241 4 
8 0 3 0 0 2 416 449 1 2416 4 
8 0 3 0 0 2 50 316 0 1434 5 
8 0 3 0 0 2 449 549 1 6082 5 
8 0 3 0 0 2 416 516 1 966 5 
8 0 3 0 0 2 383 183 1 1439 5 
8 0 3 0 0 2 249 516 0 1589 5 
8 0 3 0 0 2 482 249 1 2188 5 
8 0 3 0 0 2 283 249 1 978 5 
8 0 3 0 0 2 183 116 0 1387 5 
8 0 3 0 0 2 349 116 1 1822 4 
8 0 3 0 0 2 516 482 1 1608 5 
8 0 3 0 0 2 283 116 1 2273 4 
8 0 3 0 0 2 383 216 1 2299 4 
8 0 3 0 0 2 516 549 1 1351 5 
8 0 3 0 0 2 316 216 0 3481 4 
8 0 3 0 0 2 516 183 1 1365 5 
8 0 3 0 0 2 183 50 0 1247 5 
8 0 3 0 0 2 50 482 0 832 5 
8 0 3 0 0 1 256 34 0 2478 
8 0 3 0 0 1 45 489 0 1161 
8 0 3 0 0 1 116 393 0 1016 
8 0 3 0 0 1 21 87 0 729 
8 0 3 0 0 1 140 599 0 1201 
8 0 3 0 0 1 545 453 1 1104 
8 0 3 0 0 1 195 106 0 1199 
8 0 3 0 0 1 67 521 0 807 
8 0 3 0 0 1 66 599 0 721 
8 0 3 0 0 1 573 365 1 760 
8 0 3 0 0 1 261 362 0 2753 
8 0 3 0 0 1 453 599 1 768 
8 0 3 0 0 1 541 286 1 696 
8 0 3 0 0 1 123 0 0 816 
8 0 3 0 0 1 579 599 1 1800 
8 0 3 0 0 1 589 13 1 705 
8 0 3 0 0 2 416 549 1 5917 5 
8 0 3 0 0 2 216 216 0 1544 5 
8 0 3 0 0 2 83 249 0 1198 5 
8 0 3 0 0 2 349 50 1 2635 4 
8 0 3 0 0 2 516 83 1 1295 5 
8 0 3 0 0 2 216 116 0 6149 5 
8 0 3 0 0 2 216 516 0 1843 5 
8 0 3 0 0 2 549 249 1 1147 5 
8 0 3 0 0 2 216 249 0 957 5 
8 0 3 0 0 2 449 249 1 1246 5 
8 0 3 0 0 2 416 383 1 772 5 
8 0 3 0 0 2 316 83 0 1939 5 
8 0 3 0 0 2 516 416 1 970 5 
8 0 3 0 0 2 383 482 1 1612 5 
8 0 3 0 0 2 383 249 1 1614 5 
8 0 3 0 0 2 283 316 0 953 5 
8 0 3 0 0 2 149 416 0 852 5 
8 0 3 0 0 2 149 449 0 985 5 
8 0 3 0 0 2 249 383 0 1726 5 
8 0 3 0 0 2 516 316 1 1088 5 
8 0 3 0 0 2 416 283 1 830 5 
8 0 3 0 0 2 516 516 1 1234 5 
8 0 3 0 0 2 283 283 0 1656 5 
8 0 3 0 0 2 116 349 0 1070 5 
8 0 3 0 0 2 449 283 1 749 5 
8 0 3 0 0 2 549 549 1 1647 5 
8 0 3 0 0 2 449 482 1 956 5 
8 0 3 0 0 2 183 149 0 1169 5 
8 0 3 0 0 2 83 383 0 731 5 
8 0 3 0 0 2 116 183 0 607 5 
8 0 3 0 0 2 283 516 1 820 5 
8 0 3 0 0 2 83 216 0 964 5 
8 0 3 0 0 1 199 388 0 4597 
8 0 3 0 0 1 191 540 0 688 
8 0 3 0 0 1 94 191 0 1375 
8 0 3 0 0 1 500 599 1 624 
8 0 3 0 0 1 427 36 1 529 
8 0 3 0 0 1 146 412 0 569 
8 0 3 0 0 1 295 487 0 865 
8 0 3 0 0 1 299 599 0 537 
8 0 3 0 0 1 162 429 0 450 
8 0 3 0 0 1 25 134 0 441 
8 0 3 0 0 1 234 535 0 746 
8 0 3 0 0 1 59 141 0 560 
8 0 3 0 0 1 216 89 0 672 
8 0 3 0 0 1 228 257 0 545 
8 0 3 0 0 1 494 79 1 610 
8 0 3 0 0 1 459 248 1 544 
8 0 3 0 0 2 116 249 0 2049 5 
8 0 3 0 0 2 116 216 0 682 5 
8 0 3 0 0 2 416 316 1 1079 5 
8 0 3 0 0 2 249 83 0 1851 5 
8 0 3 0 0 2 183 516 0 1002 5 
8 0 3 0 0 2 449 149 1 999 5 
8 0 3 0 0 2 116 283 0 1126 5 
8 0 3 0 0 2 316 50 1 1169 5 
8 0 3 0 0 2 183 416 0 916 5 
8 0 3 0 0 2 249 249 1 1334 5 
8 0 3 0 0 2 349 349 1 1148 5 
8 0 3 0 0 2 216 316 0 2407 5 
8 0 3 0 0 2 50 549 0 884 5 
8 0 3 0 0 2 416 83 1 909 5 
8 0 3 0 0 2 83 116 0 736 5 
8 0 3 0 0 2 183 316 0 1208 5 
8 0 3 0 0 2 549 283 1 827 5 
8 0 3 0 0 2 116 516 0 1081 5 
8 0 3 0 0 2 449 383 1 1027 5 
8 0 3 0 0 2 183 549 0 758 5 
8 0 3 0 0 2 383 383 1 883 5 
8 0 3 0 0 2 216 183 0 1035 5 
8 0 3 0 0 2 316 383 1 1288 5 
8 0 3 0 0 2 416 50 1 929 5 
8 0 3 0 0 2 449 183 1 868 5 
8 0 3 0 0 2 183 183 0 782 5 
8 0 3 0 0 2 482 83 1 842 5 
8 0 3 0 0 2 549 116 1 716 5 
8 0 3 0 0 2 283 449 0 3420 5 
8 0 3 0 0 2 316 416 0 947 5 
8 0 3 0 0 2 482 482 1 730 5 
8 0 3 0 0 2 449 516 1 1159 5 
8 0 3 0 0 1 251 198 0 958 
8 0 3 0 0 1 199 599 0 1072 
8 0 3 0 0 1 139 498 0 728 
8 0 3 0 0 1 0 599 0 784 
8 0 3 0 0 1 599 481 1 664 
8 0 3 0 0 1 349 64 1 801 
8 0 3 0 0 1 491 238 1 889 
8 0 3 0 0 1 399 245 1 528 
8 0 3 0 0 1 130 351 0 568 
8 0 3 0 0 1 326 431 1 817 
8 0 3 0 0 1 578 346 1 832 
8 0 3 0 0 1 502 526 1 488 
8 0 3 0 0 1 105 342 0 617 
8 0 3 0 0 1 566 599 1 576 
8 0 3 0 0 1 335 288 1 857 
8 0 3 0 0 1 210 473 0 775 
8 0 3 0 0 2 50 149 0 1729 5 
8 0 3 0 0 2 482 50 1 1279 5 
8 0 3 0 0 2 516 383 1 1031 5 
8 0 3 0 0 2 216 449 0 976 5 
8 0 3 0 0 2 416 482 1 1083 5 
8 0 3 0 0 2 216 349 0 873 5 
8 0 3 0 0 2 83 449 0 852 5 
8 0 3 0 0 2 416 249 1 894 5 
8 0 3 0 0 2 349 516 1 859 5 
8 0 3 0 0 2 349 83 1 945 5 
8 0 3 0 0 2 149 83 0 668 5 
8 0 3 0 0 2 149 116 0 632 5 
8 0 3 0 0 2 549 316 1 738 5 
8 0 3 0 0 2 449 449 1 1332 5 
8 0 3 0 0 2 482 149 1 663 5 
8 0 3 0 0 2 549 383 1 702 5 
8 0 3 0 0 2 83 83 0 997 5 
8 0 3 0 0 2 283 216 0 1145 5 
8 0 3 0 0 2 183 349 0 841 5 
8 0 3 0 0 2 416 349 1 1139 5 
8 0 3 0 0 2 149 249 0 1026 5 
8 0 3 0 0 2 183 383 0 778 5 
8 0 3 0 0 2 83 149 0 1348 5 
8 0 3 0 0 2 383 83 1 1085 5 
8 0 3 0 0 2 116 316 0 721 5 
8 0 3 0 0 2 449 83 1 1562 5 
8 0 3 0 0 2 349 383 1 2244 5 
8 0 3 0 0 2 316 283 1 751 5 
8 0 3 0 0 2 449 116 1 965 5 
8 0 3 0 0 2 283 383 1 1016 5 
8 0 3 0 0 2 83 349 0 675 5 
8 0 3 0 0 2 249 183 0 910 5 
8 0 3 0 0 1 381 510 1 1837 
8 0 3 0 0 1 235 181 0 1008 
8 0 3 0 0 1 163 253 0 441 
8 0 3 0 0 1 520 188 1 672 
8 0 3 0 0 1 410 599 1 352 
8 0 3 0 0 1 18 194 0 552 
8 0 3 0 0 1 115 599 0 472 
8 0 3 0 0 1 78 253 0 568 
8 0 3 0 0 1 52 143 0 480 
8 0 3 0 0 1 413 277 1 490 
8 0 3 0 0 1 70 244 0 385 
8 0 3 0 0 1 231 331 0 1577 
8 0 3 0 0 1 317 541 1 993 
8 0 3 0 0 1 598 137 1 977 
8 0 3 0 0 1 253 135 0 1905 
8 0 3 0 0 1 599 323 1 592 
8 0 3 0 0 2 549 416 1 1755 5 
8 0 3 0 0 2 316 449 0 2189 5 
8 0 3 0 0 2 383 449 1 2240 5 
8 0 3 0 0 2 283 149 0 1222 5 
8 0 3 0 0 2 383 50 1 913 5 
8 0 3 0 0 2 50 516 0 1188 5 
8 0 3 0 0 2 383 416 1 909 5 
8 0 3 0 0 2 283 482 0 846 5 
8 0 3 0 0 2 482 349 1 691 5 
8 0 3 0 0 2 183 83 0 998 5 
8 0 3 0 0 2 349 482 0 1261 5 
8 0 3 0 0 2 516 149 1 788 5 
8 0 3 0 0 2 383 149 1 692 5 
8 0 3 0 0 2 83 183 0 1113 5 
8 0 3 0 0 2 149 149 0 886 5 
8 0 3 0 0 2 50 50 0 870 5 
8 0 3 0 0 2 249 549 0 1412 5 
8 0 3 0 0 2 549 183 1 1088 5 
8 0 3 0 0 2 549 83 1 662 5 
8 0 3 0 0 2 216 83 0 827 5 
8 0 3 0 0 2 383 516 1 2851 5 
8 0 3 0 0 2 149 283 0 853 5 
8 0 3 0 0 2 116 383 0 689 5 
8 0 3 0 0 2 349 216 1 1394 5 
8 0 3 0 0 2 149 482 0 772 5 
8 0 3 0 0 2 283 416 0 1851 5 
8 0 3 0 0 2 449 50 1 866 5 
8 0 3 0 0 2 183 449 0 779 5 
8 0 3 0 0 2 449 216 1 829 5 
8 0 3 0 0 2 283 83 0 1740 5 
8 0 3 0 0 2 50 416 0 801 5 
8 0 3 0 0 2 449 316 1 907 5 
8 0 3 0 0 1 554 0 1 1341 
8 0 3 0 0 1 325 215 1 864 
8 0 3 0 0 1 250 92 0 2656 
8 0 3 0 0 1 322 40 1 1185 
8 0 3 0 0 1 329 89 1 2190 
8 0 3 0 0 1 225 132 0 640 
8 0 3 0 0 1 320 476 1 721 
8 0 3 0 0 1 301 313 1 560 
8 0 3 0 0 1 306 192 1 441 
8 0 3 0 0 1 223 165 0 1216 
8 0 3 0 0 1 225 361 0 793 
8 0 3 0 0 1 250 544 0 384 
8 0 3 0 0 1 263 451 0 367 
8 0 3 0 0 1 272 153 0 415 
8 0 3 0 0 1 290 411 0 383 
8 0 3 0 0 1 304 250 1 984 
8 0 3 0 0 2 183 216 0 1892 5 
8 0 3 0 0 2 183 283 0 1062 5 
8 0 3 0 0 2 249 283 0 2854 5 
8 0 3 0 0 2 549 216 1 795 5 
8 0 3 0 0 2 83 549 0 853 5 
8 0 3 0 0 2 249 116 0 1057 5 
8 0 3 0 0 2 316 516 1 847 5 
8 0 3 0 0 2 482 183 1 975 5 
8 0 3 0 0 2 482 449 1 826 5 
8 0 3 0 0 2 449 349 1 658 5 
8 0 3 0 0 2 416 416 1 965 5 
8 0 3 0 0 2 83 416 0 663 5 
8 0 3 0 0 2 216 549 0 825 5 
8 0 3 0 0 2 283 50 0 689 5 
8 0 3 0 0 2 50 449 0 861 5 
8 0 3 0 0 2 416 116 1 917 5 
8 0 3 0 0 2 316 549 0 865 5 
8 0 3 0 0 2 482 116 1 768 5 
8 0 3 0 0 2 83 482 1 771 5 
8 0 3 0 0 2 482 316 1 917 5 
8 0 3 0 0 2 383 549 1 1604 5 
8 0 3 0 0 2 83 516 0 583 5 
8 0 3 0 0 2 216 383 0 608 5 
8 0 3 0 0 2 83 316 0 573 5 
8 0 3 0 0 2 416 149 1 1054 5 
8 0 3 0 0 2 516 50 1 658 5 
8 0 3 0 0 2 349 416 1 2870 5 
8 0 3 0 0 2 116 83 0 642 5 
8 0 3 0 0 2 316 249 1 1360 5 
8 0 3 0 0 2 283 183 1 1470 5 
8 0 3 0 0 2 516 283 1 826 5 
8 0 3 0 0 2 116 149 0 1587 5 
8 0 3 0 0 1 293 212 0 5733 
8 0 3 0 0 1 241 510 0 1481 
8 0 3 0 0 1 223 528 0 673 
8 0 3 0 0 1 599 439 1 752 
8 0 3 0 0 1 347 30 1 1576 
8 0 3 0 0 1 313 338 1 616 
8 0 3 0 0 1 290 274 0 1648 
8 0 3 0 0 1 381 253 1 841 
8 0 3 0 0 1 432 231 1 472 
8 0 3 0 0 1 341 577 1 1680 
8 0 3 0 0 1 350 478 1 696 
8 0 3 0 0 1 211 381 0 721 
8 0 3 0 0 1 310 437 1 473 
8 0 3 0 0 1 302 327 1 1176 
8 0 3 0 0 1 285 69 0 664 
8 0 3 0 0 1 171 331 0 680 
8 0 3 0 0 2 549 349 1 3064 5 
8 0 3 0 0 2 349 283 1 4594 5 
8 0 3 0 0 2 349 549 1 1178 5 
8 0 3 0 0 2 249 449 0 907 5 
8 0 3 0 0 2 516 116 1 853 5 
8 0 3 0 0 2 349 316 1 1782 5 
8 0 3 0 0 2 249 482 0 1636 5 
8 0 3 0 0 2 283 549 0 739 5 
8 0 3 0 0 2 83 50 0 845 5 
8 0 3 0 0 2 50 116 0 662 5 
8 0 3 0 0 2 116 50 0 645 5 
8 0 3 0 0 2 482 283 1 717 5 
8 0 3 0 0 2 50 183 0 904 5 
8 0 3 0 0 2 482 416 1 1026 5 
8 0 3 0 0 2 149 216 1 1250 5 
8 0 3 0 0 2 383 283 1 1269 5 
8 0 3 0 0 2 449 416 1 737 5 
8 0 3 0 0 2 316 482 1 770 5 
8 0 3 0 0 2 316 183 0 1190 5 
8 0 3 0 0 2 50 349 0 933 5 
8 0 3 0 0 2 50 216 0 578 5 
8 0 3 0 0 2 549 482 1 779 5 
8 0 3 0 0 2 216 283 0 1109 5 
8 0 3 0 0 2 116 449 0 650 5 
8 0 3 0 0 2 183 482 0 643 5 
8 0 3 0 0 2 349 249 1 1076 5 
8 0 3 0 0 2 349 183 1 752 5 
8 0 3 0 0 2 50 383 0 1642 5 
8 0 3 0 0 2 549 149 1 722 5 
8 0 3 0 0 2 83 283 0 2135 5 
8 0 3 0 0 2 116 549 0 720 5 
8 0 3 0 0 2 482 549 1 891 5 
