Subject 9 in condition 1
Training Condition: 3
Task: 0
Rule: [[[300, 220], [[9000, 0], [0, 2000]]], [[300, 380], [[9000, 0], [0, 2000]]]]
Noise: 0
CATA=1
CATB=0
Sample keys: 122 120
Resp keys: 309 307
Dim direction: 1 0
Dim minimum: 85 60
Test order: [3, 5, 0, 7, 2, 4, 6, 1]
9 1 3 0 1 1 261 350 1 6797 
9 1 3 0 1 1 298 0 0 1192 
9 1 3 0 1 1 88 228 0 5400 
9 1 3 0 1 1 11 0 0 2522 
9 1 3 0 1 1 429 0 0 2722 
9 1 3 0 1 1 12 191 0 1497 
9 1 3 0 1 1 513 250 0 1321 
9 1 3 0 1 1 128 462 1 2057 
9 1 3 0 1 1 71 168 0 1122 
9 1 3 0 1 1 453 181 0 1041 
9 1 3 0 1 1 273 0 0 1290 
9 1 3 0 1 1 12 565 1 2225 
9 1 3 0 1 1 401 409 1 7593 
9 1 3 0 1 1 100 420 1 1763 
9 1 3 0 1 1 191 52 0 1249 
9 1 3 0 1 1 460 462 1 1481 
9 1 3 0 1 2 482 349 0 7321 3 
9 1 3 0 1 2 283 482 1 2811 4 
9 1 3 0 1 2 516 149 0 3027 4 
9 1 3 0 1 2 50 416 1 2944 4 
9 1 3 0 1 2 50 516 1 1782 4 
9 1 3 0 1 2 216 83 0 2287 3 
9 1 3 0 1 2 283 149 0 1079 3 
9 1 3 0 1 2 149 149 0 6123 3 
9 1 3 0 1 2 549 416 1 2539 3 
9 1 3 0 1 2 549 183 0 1609 3 
9 1 3 0 1 2 383 516 1 1293 3 
9 1 3 0 1 2 349 482 1 1011 3 
9 1 3 0 1 2 549 83 0 1263 3 
9 1 3 0 1 2 183 83 0 854 3 
9 1 3 0 1 2 50 50 0 779 3 
9 1 3 0 1 2 316 449 1 1268 3 
9 1 3 0 1 2 383 449 1 734 3 
9 1 3 0 1 2 449 216 0 2033 4 
9 1 3 0 1 2 83 183 0 1368 4 
9 1 3 0 1 2 283 416 0 3873 4 
9 1 3 0 1 2 116 383 0 1263 4 
9 1 3 0 1 2 349 216 0 1550 4 
9 1 3 0 1 2 149 482 1 938 3 
9 1 3 0 1 2 383 416 1 1314 3 
9 1 3 0 1 2 149 283 0 1008 3 
9 1 3 0 1 2 183 449 1 2200 3 
9 1 3 0 1 2 283 83 0 1345 3 
9 1 3 0 1 2 383 149 0 792 3 
9 1 3 0 1 2 249 549 1 1130 3 
9 1 3 0 1 2 383 50 0 826 3 
9 1 3 0 1 2 449 50 0 643 3 
9 1 3 0 1 2 449 316 0 915 3 
9 1 3 0 1 1 121 63 0 3525 
9 1 3 0 1 1 128 420 1 1665 
9 1 3 0 1 1 534 224 0 1328 
9 1 3 0 1 1 584 599 1 5067 
9 1 3 0 1 1 139 592 1 1882 
9 1 3 0 1 1 76 232 0 1578 
9 1 3 0 1 1 542 417 1 1042 
9 1 3 0 1 1 344 62 0 914 
9 1 3 0 1 1 178 289 0 881 
9 1 3 0 1 1 0 539 1 786 
9 1 3 0 1 1 459 248 0 818 
9 1 3 0 1 1 479 415 1 753 
9 1 3 0 1 1 360 422 1 618 
9 1 3 0 1 1 562 418 1 778 
9 1 3 0 1 1 599 49 0 994 
9 1 3 0 1 1 599 243 0 857 
9 1 3 0 1 2 349 349 0 4878 4 
9 1 3 0 1 2 383 383 1 4864 5 
9 1 3 0 1 2 449 383 1 1155 5 
9 1 3 0 1 2 416 83 0 1169 5 
9 1 3 0 1 2 116 249 0 1644 5 
9 1 3 0 1 2 449 183 0 855 5 
9 1 3 0 1 2 449 516 1 1557 5 
9 1 3 0 1 2 183 516 1 3878 5 
9 1 3 0 1 2 116 216 0 1868 4 
9 1 3 0 1 2 116 283 0 1511 4 
9 1 3 0 1 2 183 549 1 2521 3 
9 1 3 0 1 2 316 383 1 1604 3 
9 1 3 0 1 2 183 183 0 1327 4 
9 1 3 0 1 2 482 482 1 1641 5 
9 1 3 0 1 2 216 316 0 3159 5 
9 1 3 0 1 2 249 83 0 1333 5 
9 1 3 0 1 2 449 149 0 748 5 
9 1 3 0 1 2 216 183 0 580 5 
9 1 3 0 1 2 316 416 1 1556 5 
9 1 3 0 1 2 482 83 0 831 5 
9 1 3 0 1 2 283 449 1 1002 5 
9 1 3 0 1 2 416 50 0 795 5 
9 1 3 0 1 2 183 316 0 2900 4 
9 1 3 0 1 2 116 516 1 1465 5 
9 1 3 0 1 2 83 116 0 913 5 
9 1 3 0 1 2 416 316 1 5061 3 
9 1 3 0 1 2 549 283 1 1170 3 
9 1 3 0 1 2 183 416 1 921 3 
9 1 3 0 1 2 249 249 0 1507 5 
9 1 3 0 1 2 316 50 0 772 5 
9 1 3 0 1 2 50 549 1 1603 5 
9 1 3 0 1 2 549 116 0 894 5 
9 1 3 0 1 1 598 86 0 4372 
9 1 3 0 1 1 505 26 0 953 
9 1 3 0 1 1 599 138 0 649 
9 1 3 0 1 1 599 0 0 601 
9 1 3 0 1 1 599 416 1 1034 
9 1 3 0 1 1 526 55 0 643 
9 1 3 0 1 1 279 422 1 1889 
9 1 3 0 1 1 300 59 0 722 
9 1 3 0 1 1 154 599 1 1906 
9 1 3 0 1 1 410 48 0 874 
9 1 3 0 1 1 186 599 1 2721 
9 1 3 0 1 1 0 350 1 2378 
9 1 3 0 1 1 444 450 1 801 
9 1 3 0 1 1 12 477 1 683 
9 1 3 0 1 1 295 170 0 890 
9 1 3 0 1 1 240 292 0 2288 
9 1 3 0 1 2 249 116 0 2119 5 
9 1 3 0 1 2 482 116 0 694 5 
9 1 3 0 1 2 83 416 1 998 5 
9 1 3 0 1 2 116 83 1 922 5 
9 1 3 0 1 2 516 283 1 2097 5 
9 1 3 0 1 2 416 116 0 1059 5 
9 1 3 0 1 2 482 449 1 1100 5 
9 1 3 0 1 2 116 149 0 1449 5 
9 1 3 0 1 2 283 50 0 1007 5 
9 1 3 0 1 2 482 183 0 745 5 
9 1 3 0 1 2 216 549 1 1053 5 
9 1 3 0 1 2 349 416 1 802 5 
9 1 3 0 1 2 482 316 1 868 5 
9 1 3 0 1 2 383 549 1 797 5 
9 1 3 0 1 2 83 516 1 721 5 
9 1 3 0 1 2 183 216 0 2399 5 
9 1 3 0 1 2 516 50 0 798 5 
9 1 3 0 1 2 549 216 0 1427 5 
9 1 3 0 1 2 316 549 1 933 5 
9 1 3 0 1 2 283 183 0 1016 5 
9 1 3 0 1 2 50 449 1 884 5 
9 1 3 0 1 2 83 549 1 756 5 
9 1 3 0 1 2 416 416 1 851 5 
9 1 3 0 1 2 216 383 1 642 5 
9 1 3 0 1 2 449 349 1 693 5 
9 1 3 0 1 2 316 516 1 811 5 
9 1 3 0 1 2 83 482 1 987 5 
9 1 3 0 1 2 416 149 0 1037 5 
9 1 3 0 1 2 183 283 1 2058 5 
9 1 3 0 1 2 249 283 1 860 5 
9 1 3 0 1 2 316 249 0 1540 5 
9 1 3 0 1 2 83 316 1 1474 5 
9 1 3 0 1 1 12 0 0 5276 
9 1 3 0 1 1 271 446 1 1016 
9 1 3 0 1 1 160 324 1 1523 
9 1 3 0 1 1 422 516 1 817 
9 1 3 0 1 1 599 129 0 993 
9 1 3 0 1 1 0 381 1 1337 
9 1 3 0 1 1 384 599 1 1511 
9 1 3 0 1 1 370 418 1 753 
9 1 3 0 1 1 364 599 1 852 
9 1 3 0 1 1 8 574 1 783 
9 1 3 0 1 1 184 594 1 673 
9 1 3 0 1 1 159 223 0 2146 
9 1 3 0 1 1 563 368 1 906 
9 1 3 0 1 1 596 164 0 1248 
9 1 3 0 1 1 599 286 0 1945 
9 1 3 0 1 1 524 0 0 1546 
9 1 3 0 1 2 516 249 0 3323 5 
9 1 3 0 1 2 149 549 1 1610 5 
9 1 3 0 1 2 149 349 1 1560 5 
9 1 3 0 1 2 183 249 0 1403 5 
9 1 3 0 1 2 349 149 0 1009 5 
9 1 3 0 1 2 482 383 1 919 5 
9 1 3 0 1 2 549 50 0 1503 5 
9 1 3 0 1 2 349 449 1 893 5 
9 1 3 0 1 2 50 83 0 1235 5 
9 1 3 0 1 2 216 149 0 846 5 
9 1 3 0 1 2 516 449 1 1031 5 
9 1 3 0 1 2 116 416 1 1327 5 
9 1 3 0 1 2 316 149 0 835 5 
9 1 3 0 1 2 249 316 1 1847 5 
9 1 3 0 1 2 116 116 0 964 5 
9 1 3 0 1 2 116 482 1 834 5 
9 1 3 0 1 2 249 416 1 965 5 
9 1 3 0 1 2 482 216 0 1083 5 
9 1 3 0 1 2 149 383 1 1019 5 
9 1 3 0 1 2 516 349 1 1670 5 
9 1 3 0 1 2 549 516 1 877 5 
9 1 3 0 1 2 50 283 1 2386 5 
9 1 3 0 1 2 383 116 0 1015 5 
9 1 3 0 1 2 549 449 1 912 5 
9 1 3 0 1 2 316 116 0 788 5 
9 1 3 0 1 2 383 349 1 1058 5 
9 1 3 0 1 2 249 216 0 983 5 
9 1 3 0 1 2 283 349 1 919 5 
9 1 3 0 1 2 516 216 0 816 5 
9 1 3 0 1 2 383 316 1 2118 5 
9 1 3 0 1 2 149 183 0 860 5 
9 1 3 0 1 2 249 50 0 1347 5 
9 1 3 0 1 1 438 361 1 4079 
9 1 3 0 1 1 380 483 1 825 
9 1 3 0 1 1 487 359 1 721 
9 1 3 0 1 1 208 23 0 833 
9 1 3 0 1 1 312 94 0 682 
9 1 3 0 1 1 58 28 0 657 
9 1 3 0 1 1 561 386 1 1194 
9 1 3 0 1 1 96 197 0 1217 
9 1 3 0 1 1 227 0 0 2257 
9 1 3 0 1 1 127 596 1 1745 
9 1 3 0 1 1 84 0 0 856 
9 1 3 0 1 1 9 596 1 873 
9 1 3 0 1 1 236 334 1 6360 
9 1 3 0 1 1 42 0 0 2042 
9 1 3 0 1 1 54 64 0 873 
9 1 3 0 1 1 562 599 1 1553 
9 1 3 0 1 2 83 349 1 13490 5 
9 1 3 0 1 2 349 83 0 1594 5 
9 1 3 0 1 2 50 149 0 1099 5 
9 1 3 0 1 2 116 316 0 1430 5 
9 1 3 0 1 2 416 482 1 1043 5 
9 1 3 0 1 2 383 83 0 772 5 
9 1 3 0 1 2 283 216 0 669 5 
9 1 3 0 1 2 482 50 0 713 5 
9 1 3 0 1 2 83 449 1 943 5 
9 1 3 0 1 2 416 249 0 873 5 
9 1 3 0 1 2 416 349 0 1656 5 
9 1 3 0 1 2 183 349 0 2181 5 
9 1 3 0 1 2 449 449 1 944 5 
9 1 3 0 1 2 183 383 1 809 5 
9 1 3 0 1 2 283 383 1 963 5 
9 1 3 0 1 2 349 383 1 807 5 
9 1 3 0 1 2 482 149 0 821 5 
9 1 3 0 1 2 149 116 0 669 5 
9 1 3 0 1 2 83 149 0 575 5 
9 1 3 0 1 2 316 283 0 791 5 
9 1 3 0 1 2 549 316 0 1233 5 
9 1 3 0 1 2 249 183 0 923 5 
9 1 3 0 1 2 149 249 0 720 5 
9 1 3 0 1 2 349 516 1 1806 5 
9 1 3 0 1 2 216 449 1 683 5 
9 1 3 0 1 2 149 83 0 971 5 
9 1 3 0 1 2 549 383 1 905 5 
9 1 3 0 1 2 449 83 0 653 5 
9 1 3 0 1 2 83 83 0 530 5 
9 1 3 0 1 2 216 349 1 1098 5 
9 1 3 0 1 2 516 383 1 680 5 
9 1 3 0 1 2 449 116 0 695 5 
9 1 3 0 1 1 599 470 1 2877 
9 1 3 0 1 1 60 599 1 8865 
9 1 3 0 1 1 195 283 0 3072 
9 1 3 0 1 1 57 509 1 1082 
9 1 3 0 1 1 307 59 0 946 
9 1 3 0 1 1 267 383 1 1626 
9 1 3 0 1 1 324 79 0 1074 
9 1 3 0 1 1 292 243 0 1258 
9 1 3 0 1 1 417 553 1 993 
9 1 3 0 1 1 457 61 0 1179 
9 1 3 0 1 1 351 433 1 1098 
9 1 3 0 1 1 0 321 1 2472 
9 1 3 0 1 1 0 226 0 921 
9 1 3 0 1 1 18 599 1 802 
9 1 3 0 1 1 0 278 0 1562 
9 1 3 0 1 1 490 599 1 801 
9 1 3 0 1 2 216 516 1 1925 5 
9 1 3 0 1 2 183 149 0 926 5 
9 1 3 0 1 2 116 183 0 725 5 
9 1 3 0 1 2 416 549 1 1366 5 
9 1 3 0 1 2 383 482 1 895 5 
9 1 3 0 1 2 383 249 0 1619 5 
9 1 3 0 1 2 216 216 0 859 5 
9 1 3 0 1 2 549 249 0 1885 5 
9 1 3 0 1 2 149 449 1 1086 5 
9 1 3 0 1 2 549 549 1 977 5 
9 1 3 0 1 2 449 249 0 1708 5 
9 1 3 0 1 2 83 249 0 839 5 
9 1 3 0 1 2 149 416 1 975 5 
9 1 3 0 1 2 116 349 1 739 5 
9 1 3 0 1 2 516 316 1 1036 5 
9 1 3 0 1 2 316 83 0 1096 5 
9 1 3 0 1 2 349 50 0 625 5 
9 1 3 0 1 2 449 482 1 844 5 
9 1 3 0 1 2 216 249 0 1468 5 
9 1 3 0 1 2 516 416 1 818 5 
9 1 3 0 1 2 449 283 1 1016 5 
9 1 3 0 1 2 516 516 1 826 5 
9 1 3 0 1 2 416 383 1 736 5 
9 1 3 0 1 2 283 316 1 635 5 
9 1 3 0 1 2 249 383 1 679 5 
9 1 3 0 1 2 283 516 1 1471 5 
9 1 3 0 1 2 216 116 0 817 5 
9 1 3 0 1 2 516 83 0 576 5 
9 1 3 0 1 2 416 283 0 6794 4 
9 1 3 0 1 2 83 383 1 1334 5 
9 1 3 0 1 2 83 216 0 1081 5 
9 1 3 0 1 2 283 283 0 1915 5 
9 1 3 0 1 1 0 478 1 1933 
9 1 3 0 1 1 90 599 1 922 
9 1 3 0 1 1 292 98 0 1089 
9 1 3 0 1 1 413 0 0 624 
9 1 3 0 1 1 586 0 0 760 
9 1 3 0 1 1 316 174 0 649 
9 1 3 0 1 1 220 475 1 747 
9 1 3 0 1 1 148 599 1 609 
9 1 3 0 1 1 460 599 1 802 
9 1 3 0 1 1 386 599 1 938 
9 1 3 0 1 1 348 0 0 1458 
9 1 3 0 1 1 327 175 0 698 
9 1 3 0 1 1 88 119 0 682 
9 1 3 0 1 1 473 458 1 1009 
9 1 3 0 1 1 373 311 1 642 
9 1 3 0 1 1 439 264 0 818 
9 1 3 0 1 2 116 50 0 1911 5 
9 1 3 0 1 2 349 549 1 1152 5 
9 1 3 0 1 2 449 416 1 786 5 
9 1 3 0 1 2 349 249 0 1069 5 
9 1 3 0 1 2 549 149 0 736 5 
9 1 3 0 1 2 549 482 1 850 5 
9 1 3 0 1 2 149 216 0 703 5 
9 1 3 0 1 2 249 482 1 839 5 
9 1 3 0 1 2 349 283 0 4498 5 
9 1 3 0 1 2 283 549 1 849 5 
9 1 3 0 1 2 216 283 0 3486 5 
9 1 3 0 1 2 50 116 0 1095 5 
9 1 3 0 1 2 83 283 0 1073 5 
9 1 3 0 1 2 482 283 0 2061 5 
9 1 3 0 1 2 183 482 1 977 5 
9 1 3 0 1 2 50 349 1 1167 5 
9 1 3 0 1 2 316 482 1 812 5 
9 1 3 0 1 2 516 116 0 904 5 
9 1 3 0 1 2 383 283 1 1051 5 
9 1 3 0 1 2 316 183 0 817 5 
9 1 3 0 1 2 349 183 0 723 5 
9 1 3 0 1 2 83 50 0 757 5 
9 1 3 0 1 2 482 416 1 944 5 
9 1 3 0 1 2 50 216 0 1379 5 
9 1 3 0 1 2 50 183 0 756 5 
9 1 3 0 1 2 50 383 1 861 5 
9 1 3 0 1 2 482 549 1 827 5 
9 1 3 0 1 2 116 549 1 656 5 
9 1 3 0 1 2 349 316 1 1836 5 
9 1 3 0 1 2 116 449 1 781 5 
9 1 3 0 1 2 549 349 1 722 5 
9 1 3 0 1 2 249 449 1 613 5 
9 1 3 0 1 1 0 475 1 1333 
9 1 3 0 1 1 285 599 1 737 
9 1 3 0 1 1 0 238 0 1017 
9 1 3 0 1 1 279 0 0 634 
9 1 3 0 1 1 116 207 0 1065 
9 1 3 0 1 1 50 599 1 2001 
9 1 3 0 1 1 0 335 1 1042 
9 1 3 0 1 1 529 599 1 1185 
9 1 3 0 1 1 508 0 0 914 
9 1 3 0 1 1 185 460 1 777 
9 1 3 0 1 1 114 52 0 664 
9 1 3 0 1 1 340 599 1 1129 
9 1 3 0 1 1 513 0 0 842 
9 1 3 0 1 1 549 0 0 849 
9 1 3 0 1 1 471 599 1 746 
9 1 3 0 1 1 553 0 0 793 
9 1 3 0 1 2 416 216 0 2250 5 
9 1 3 0 1 2 249 516 1 1707 5 
9 1 3 0 1 2 383 216 0 1153 5 
9 1 3 0 1 2 50 316 1 1277 5 
9 1 3 0 1 2 249 149 0 722 5 
9 1 3 0 1 2 416 183 0 578 5 
9 1 3 0 1 2 183 50 0 896 5 
9 1 3 0 1 2 50 482 1 957 5 
9 1 3 0 1 2 316 216 0 835 5 
9 1 3 0 1 2 283 116 0 756 5 
9 1 3 0 1 2 516 549 1 946 5 
9 1 3 0 1 2 283 249 0 1278 5 
9 1 3 0 1 2 149 50 0 985 5 
9 1 3 0 1 2 149 516 1 725 5 
9 1 3 0 1 2 216 482 1 694 5 
9 1 3 0 1 2 216 50 0 686 5 
9 1 3 0 1 2 383 183 0 694 5 
9 1 3 0 1 2 249 349 1 1033 5 
9 1 3 0 1 2 216 416 1 610 5 
9 1 3 0 1 2 416 449 1 730 5 
9 1 3 0 1 2 316 349 1 677 5 
9 1 3 0 1 2 50 249 0 1675 5 
9 1 3 0 1 2 149 316 1 860 5 
9 1 3 0 1 2 482 249 0 2081 5 
9 1 3 0 1 2 516 482 1 782 5 
9 1 3 0 1 2 482 516 1 637 5 
9 1 3 0 1 2 349 116 0 824 5 
9 1 3 0 1 2 183 116 0 576 5 
9 1 3 0 1 2 516 183 0 608 5 
9 1 3 0 1 2 316 316 1 3665 5 
9 1 3 0 1 2 449 549 1 692 5 
9 1 3 0 1 2 416 516 1 627 5 
