Subject 112 in condition 0
Training Condition: 0
Task: 0
Rule: [[[220, 300], [[2000, 0], [0, 9000]]], [[380, 300], [[2000, 0], [0, 9000]]]]
Noise: 0
CATA=1
CATB=0
Sample keys: 122 120
Resp keys: 307 309
Dim direction: 1 0
Dim minimum: 57 80
Test order: [1, 4, 7, 5, 2, 0, 6, 3]
112 0 0 0 0 1 599 270 -1 -1 1 15764 22 270 34 270 34 270 34 270 34 270 34 270 34 270 34 270 34 270 34 270 34 270 34 270 34 270 33 270 32 270 32 270 31 270 31 270 30 270 29 270 29 270 28 270 28 270 27 270 26 270 23 270 18 270 15 270 12 270 6 270 4 270 2 270 0 270 0 270 0 270 0 270 0 270 0 270 0 270 0 270 0 270 0 270 0 270 0 270 0 270 0 270 0 270 0 270 0 270 0 270 0 270 0 270 0 270 0 270 0 270 0 270 0 270 0 270 0 270 0 270 0 270 0 270 0 270 0 270 0 270 0 270 0 270 0 270 0 270 0 270 0 270 0 270 0 270 0 270 0 270 0 270 3 270 14 270 32 270 55 270 81 270 107 270 159 270 187 270 246 270 274 270 297 270 339 270 356 270 372 270 396 270 404 270 421 270 429 270 437 270 458 270 470 270 484 270 521 270 543 270 595 270 599 270 599 270 599 270 599 270 599 270 599 270 599 270 599 270 599 270 599 270 599 270 599 270 599 270 599 270 599 270 599 270 
112 0 0 0 0 1 0 90 -1 -1 0 8826 213 90 212 90 211 90 212 90 216 90 223 90 232 90 243 90 257 90 281 90 289 90 302 90 308 90 314 90 322 90 328 90 339 90 344 90 342 90 334 90 322 90 304 90 283 90 259 90 197 90 161 90 91 90 58 90 27 90 0 90 0 90 0 90 0 90 0 90 0 90 0 90 0 90 0 90 0 90 0 90 0 90 0 90 0 90 0 90 0 90 0 90 
112 0 0 0 0 1 599 398 -1 -1 1 16410 235 341 232 341 224 341 215 341 205 341 195 341 185 341 171 341 165 341 157 341 153 341 149 341 143 341 139 341 134 341 117 341 107 341 85 341 74 341 61 341 25 341 6 341 0 341 0 341 0 341 0 341 2 341 10 341 23 341 48 341 82 341 183 341 244 341 302 341 398 341 435 341 490 341 512 341 531 341 569 341 587 341 599 341 599 341 599 341 599 341 599 341 599 341 599 341 599 341 599 341 599 341 599 341 599 341 599 341 599 341 599 341 599 341 599 341 599 340 599 340 599 340 599 339 599 339 599 338 599 337 599 335 599 333 599 332 599 332 599 331 599 328 599 327 599 325 599 319 599 316 599 311 599 309 599 308 599 306 599 306 599 305 599 304 599 303 599 302 599 300 599 297 599 288 599 283 599 279 599 271 599 268 599 264 599 261 599 258 599 252 599 248 599 243 599 235 599 231 599 220 599 216 599 212 599 203 599 200 599 196 599 189 599 186 599 179 599 176 599 173 599 168 599 165 599 163 599 161 599 160 599 159 599 160 599 163 599 167 599 171 599 175 599 177 599 181 599 184 599 191 599 194 599 199 599 206 599 208 599 210 599 214 599 217 599 225 599 229 599 232 599 241 599 246 599 251 599 262 599 268 599 277 599 281 599 285 599 293 599 296 599 298 599 301 599 302 599 305 599 306 599 307 599 309 599 311 599 313 599 320 599 324 599 326 599 327 599 329 599 329 599 329 599 330 599 331 599 332 599 334 599 335 599 336 599 338 599 340 599 342 599 346 599 347 599 351 599 353 599 355 599 359 599 361 599 364 599 367 599 367 599 367 599 367 599 366 599 361 599 358 599 357 599 357 599 357 599 357 599 357 599 357 599 357 599 357 599 358 599 359 599 362 599 363 599 364 599 365 599 365 599 366 599 367 599 367 599 368 599 370 599 370 599 371 599 371 599 371 599 370 599 369 599 369 599 369 599 368 599 367 599 367 599 366 599 362 599 360 599 353 599 348 599 342 599 327 599 318 599 309 599 291 599 283 599 276 599 267 599 265 599 265 599 265 599 265 599 264 599 259 599 254 599 247 599 241 599 233 599 222 599 222 599 222 599 222 599 222 599 223 599 223 599 223 599 215 599 210 599 197 599 191 599 188 599 188 599 189 599 193 599 201 599 211 599 239 599 255 599 272 599 305 599 320 599 346 599 357 599 368 599 390 599 400 599 409 599 424 599 428 599 431 599 430 599 428 599 425 599 420 599 418 599 415 599 410 599 408 599 408 599 407 599 407 599 406 599 405 599 405 599 405 599 404 599 403 599 403 599 403 599 403 599 402 599 402 599 402 599 401 599 401 599 401 599 401 599 401 599 401 599 400 599 400 599 400 599 400 599 399 599 399 599 398 599 398 599 398 
112 0 0 0 0 1 0 400 -1 -1 0 16904 22 245 23 245 25 245 29 245 32 245 34 245 38 245 43 245 47 245 52 245 55 245 58 245 63 245 61 245 57 245 51 245 42 245 30 245 16 245 0 245 0 245 0 245 0 245 0 245 0 245 0 245 0 245 0 245 0 245 0 245 0 245 0 245 0 245 0 245 0 245 0 245 0 245 1 245 3 245 5 245 7 245 11 245 14 245 19 245 21 245 24 245 31 245 36 245 40 245 45 245 47 245 51 245 53 245 54 245 55 245 55 245 55 245 55 245 58 245 62 245 68 245 88 245 101 245 129 245 139 245 148 245 162 245 168 245 172 245 178 245 180 245 184 245 184 245 185 245 185 245 184 245 181 245 176 245 169 245 162 245 152 245 128 245 115 245 91 245 80 245 70 245 52 245 44 245 39 245 27 245 21 245 11 245 3 245 0 245 0 245 0 245 0 245 0 245 0 245 0 245 0 245 0 245 0 246 0 246 0 244 0 243 0 242 0 241 0 240 0 240 0 240 0 239 0 239 0 237 0 237 0 237 0 237 0 237 0 237 0 236 0 236 0 236 0 236 0 238 0 241 0 246 0 250 0 254 0 264 0 268 0 279 0 282 0 283 0 283 0 283 0 283 0 283 0 282 0 282 0 282 0 282 0 282 0 282 0 282 0 281 0 280 0 276 0 275 0 274 0 269 0 264 0 259 0 247 0 240 0 224 0 214 0 199 0 164 0 143 0 121 0 77 0 54 0 17 0 1 0 0 0 0 0 0 0 0 0 0 0 0 0 0 0 1 0 5 0 14 0 27 0 43 0 61 0 102 0 124 0 167 0 187 0 207 0 243 0 259 0 275 0 301 0 314 0 339 0 352 0 364 0 386 0 397 0 408 0 428 0 438 0 451 0 457 0 463 0 469 0 470 0 471 0 474 0 473 0 469 0 464 0 458 0 455 0 454 0 454 0 454 0 454 0 456 0 457 0 458 0 460 0 460 0 460 0 461 0 461 0 461 0 461 0 461 0 461 0 461 0 461 0 461 0 460 0 458 0 456 0 454 0 455 0 459 0 464 0 470 0 477 0 483 0 495 0 501 0 509 0 514 0 519 0 527 0 530 0 533 0 536 0 538 0 537 0 535 0 532 0 528 0 522 0 516 0 503 0 498 0 490 0 487 0 486 0 481 0 478 0 475 0 469 0 467 0 459 0 455 0 453 0 448 0 446 0 441 0 434 0 431 0 426 0 424 0 421 0 420 0 419 0 418 0 417 0 416 0 415 0 414 0 413 0 412 0 411 0 410 0 409 0 408 0 406 0 405 0 403 0 402 0 401 0 400 0 399 0 399 0 397 0 396 0 397 0 398 0 399 0 400 
112 0 0 0 0 1 0 40 -1 -1 0 15706 341 171 340 171 340 171 343 171 347 171 352 171 361 171 370 171 388 171 397 171 408 171 411 171 413 171 420 171 425 171 429 171 431 171 430 171 428 171 424 171 418 171 408 171 375 171 352 171 325 171 269 171 241 171 214 171 167 171 150 171 122 171 107 171 92 171 64 171 54 171 43 171 19 171 8 171 0 171 0 171 0 171 0 171 0 171 0 171 0 171 0 171 0 171 0 171 0 171 0 171 0 171 0 171 0 171 0 171 0 171 0 171 0 171 0 171 0 171 0 171 0 171 0 171 0 171 2 171 6 171 11 171 17 171 22 171 29 171 30 171 31 171 32 171 33 171 34 171 35 171 35 171 33 171 31 171 28 171 24 171 20 171 14 171 11 171 3 171 0 171 0 171 0 171 0 171 0 171 0 171 0 171 0 171 0 171 0 171 0 171 0 171 0 171 0 171 0 171 0 171 0 171 0 171 0 171 0 171 0 171 0 171 0 171 0 171 0 171 0 171 0 171 0 171 0 169 0 170 0 172 0 174 0 177 0 182 0 188 0 198 0 203 0 211 0 213 0 215 0 221 0 224 0 226 0 232 0 236 0 243 0 244 0 245 0 247 0 249 0 248 0 241 0 233 0 223 0 214 0 203 0 179 0 166 0 144 0 137 0 131 0 120 0 117 0 113 0 110 0 109 0 107 0 106 0 106 0 104 0 103 0 102 0 101 0 100 0 98 0 96 0 93 0 84 0 82 0 80 0 77 0 73 0 67 0 64 0 62 0 59 0 59 0 57 0 56 0 55 0 54 0 53 0 52 0 51 0 50 0 49 0 48 0 47 0 46 0 45 0 44 0 43 0 42 0 41 0 41 0 40 0 39 0 38 0 38 0 37 0 36 0 35 0 36 0 37 0 38 0 39 0 40 0 42 0 43 0 42 0 41 0 40 0 38 0 37 0 36 0 35 0 36 0 37 0 38 0 39 0 40 0 41 0 40 
112 0 0 0 0 1 397 438 -1 -1 1 7696 459 438 572 438 571 438 569 438 564 438 557 438 549 438 526 438 511 438 479 438 463 438 451 438 437 438 432 438 430 438 426 438 424 438 420 438 418 438 420 438 428 438 441 438 459 438 480 438 502 438 547 438 569 438 599 438 599 438 599 438 599 438 599 438 599 438 599 438 599 438 599 438 599 438 599 438 599 438 599 438 599 438 599 438 599 438 598 438 597 438 596 438 595 438 593 438 589 438 586 438 583 438 578 438 575 438 573 438 572 438 571 438 570 438 569 438 567 438 564 438 553 438 545 438 535 438 513 438 499 438 485 438 458 438 446 438 425 438 415 438 409 438 404 438 403 438 402 438 400 438 399 438 398 438 397 438 
112 0 0 0 0 1 0 592 -1 -1 0 8066 68 427 68 422 68 410 68 399 68 387 68 377 68 366 68 351 68 347 68 335 68 330 68 325 68 322 68 323 68 327 68 331 68 336 68 342 68 349 68 359 68 364 68 370 68 372 68 375 68 379 68 381 68 384 68 393 68 397 68 407 68 414 68 422 68 441 68 453 68 464 68 483 68 491 68 507 68 515 68 522 68 536 68 542 68 546 68 552 68 555 68 558 68 559 68 560 68 565 68 569 68 573 68 578 68 579 68 580 68 581 68 583 68 585 68 586 68 587 68 589 68 591 68 592 69 592 67 592 64 592 59 592 54 592 48 592 39 592 20 592 9 592 0 592 0 592 0 592 0 592 0 592 0 592 0 592 0 592 0 592 0 592 0 592 0 592 0 592 0 592 0 592 0 592 0 592 0 592 0 592 0 592 0 592 
112 0 0 0 0 1 55 593 -1 -1 0 8267 548 593 548 593 546 593 543 593 537 593 528 593 518 593 495 593 486 593 469 593 462 593 457 593 453 593 452 593 451 593 446 593 440 593 414 593 396 593 372 593 320 593 299 593 280 593 257 593 243 593 209 593 192 593 178 593 157 593 146 593 132 593 100 593 82 593 58 593 2 593 0 593 0 593 0 593 0 593 0 593 0 593 0 593 0 593 0 593 0 593 0 593 0 593 0 593 0 593 0 593 0 593 0 593 1 593 2 593 3 593 7 593 11 593 15 593 21 593 32 593 35 593 36 593 37 593 38 593 39 593 40 593 41 593 42 593 43 593 44 593 45 593 46 593 47 593 48 593 49 593 50 593 51 593 52 593 53 593 54 593 55 593 
112 0 0 0 0 1 444 289 -1 -1 1 11115 190 410 153 410 146 410 137 410 124 410 107 410 87 410 49 410 30 410 0 410 0 410 0 410 0 410 0 410 0 410 0 410 0 410 0 410 0 410 0 410 0 410 0 410 0 410 0 410 0 410 0 410 0 410 0 410 0 410 0 410 1 410 3 410 7 410 14 410 22 410 30 410 43 410 48 410 57 410 62 410 68 410 82 410 91 410 111 410 121 410 130 410 149 410 158 410 168 410 184 410 192 410 201 410 222 410 233 410 250 410 259 410 269 410 286 410 294 410 303 410 324 410 336 410 348 410 368 410 375 410 386 410 391 410 396 410 408 410 412 410 421 410 425 410 427 410 429 410 430 410 431 410 431 410 433 410 435 410 437 410 439 410 441 410 443 410 444 410 444 408 444 407 444 406 444 405 444 404 444 402 444 400 444 399 444 398 444 397 444 396 444 395 444 394 444 393 444 391 444 389 444 387 444 385 444 380 444 379 444 373 444 370 444 366 444 360 444 356 444 352 444 345 444 342 444 335 444 330 444 326 444 317 444 313 444 311 444 308 444 307 444 305 444 304 444 303 444 300 444 299 444 298 444 297 444 296 444 295 444 294 444 292 444 291 444 290 444 289 
112 0 0 0 0 1 292 41 -1 -1 0 10487 426 244 426 243 426 240 426 232 426 223 426 214 426 206 426 192 426 186 426 177 426 172 426 167 426 159 426 155 426 153 426 145 426 142 426 139 426 138 426 137 426 135 426 133 426 129 426 124 426 114 426 107 426 90 426 83 426 76 426 64 426 58 426 53 426 48 426 45 426 41 426 40 426 38 426 37 426 36 426 35 426 34 426 32 426 31 426 29 426 28 426 27 426 26 426 25 426 24 426 23 426 22 426 21 426 20 426 19 426 18 426 17 426 16 426 15 426 13 426 11 426 10 426 11 426 13 426 14 426 16 426 18 426 20 426 24 426 25 426 26 426 27 426 28 426 29 426 30 426 31 426 32 426 33 426 34 426 35 426 36 426 38 426 41 426 42 426 44 426 45 426 46 426 47 426 46 426 44 426 43 426 42 426 41 426 40 426 39 426 40 426 41 425 41 424 41 422 41 420 41 418 41 415 41 414 41 412 41 411 41 410 41 409 41 408 41 407 41 406 41 402 41 401 41 400 41 396 41 394 41 391 41 384 41 378 41 366 41 360 41 353 41 346 41 345 41 343 41 341 41 340 41 339 41 343 41 343 41 342 41 341 41 340 41 339 41 338 41 335 41 333 41 328 41 326 41 323 41 319 41 317 41 314 41 310 41 306 41 298 41 296 41 294 41 292 41 
112 0 0 0 0 1 315 599 -1 -1 1 15289 223 45 219 45 220 45 221 45 222 45 223 45 224 45 225 45 226 45 227 45 228 45 229 45 230 45 231 45 232 45 233 45 234 45 235 45 236 45 237 45 238 45 239 45 242 45 247 45 259 45 265 45 275 45 279 45 282 45 290 45 293 45 297 45 305 45 310 45 314 45 315 45 316 45 315 45 315 44 315 43 315 42 315 38 315 37 315 33 315 28 315 26 315 22 315 21 315 19 315 17 315 15 315 13 315 8 315 6 315 3 315 0 315 0 315 0 315 0 315 0 315 0 315 0 315 0 315 0 315 0 315 0 315 0 315 0 315 0 315 0 315 0 315 0 315 0 315 0 315 0 315 0 315 0 315 0 315 0 315 0 315 0 315 0 315 0 315 0 315 1 315 7 315 16 315 31 315 49 315 71 315 97 315 124 315 150 315 199 315 220 315 239 315 255 315 267 315 279 315 281 315 280 315 278 315 277 315 274 315 268 315 261 315 249 315 244 315 230 315 220 315 207 315 177 315 162 315 145 315 106 315 85 315 52 315 43 315 36 315 22 315 14 315 6 315 0 315 0 315 0 315 0 315 0 315 0 315 0 315 0 315 0 315 0 315 0 315 0 315 0 315 0 315 0 315 0 315 0 315 1 315 6 315 17 315 33 315 52 315 74 315 128 315 158 315 212 315 233 315 250 315 284 315 298 315 312 315 337 315 348 315 367 315 376 315 383 315 389 315 392 315 397 315 400 315 401 315 407 315 412 315 417 315 427 315 434 315 438 315 446 315 451 315 462 315 468 315 474 315 482 315 487 315 491 315 494 315 495 315 496 315 496 315 498 315 499 315 503 315 513 315 518 315 525 315 532 315 533 315 534 315 535 315 535 315 535 315 536 315 537 315 537 315 537 315 538 315 540 315 541 315 542 315 543 315 543 315 543 315 543 315 542 315 540 315 539 315 539 315 538 315 537 315 535 315 530 315 523 315 512 315 487 315 472 315 458 315 430 315 415 315 402 315 383 315 382 315 383 315 386 315 392 315 400 315 410 315 420 315 442 315 455 315 480 315 495 315 508 315 536 315 549 315 560 315 582 315 593 315 599 315 599 315 599 315 599 315 599 315 599 315 599 315 599 315 599 315 599 315 599 315 599 315 599 
112 0 0 0 0 1 196 154 -1 -1 0 5511 428 154 427 154 425 154 422 154 416 154 410 154 403 154 387 154 379 154 365 154 359 154 353 154 345 154 342 154 340 154 337 154 335 154 331 154 329 154 327 154 322 154 319 154 317 154 314 154 313 154 310 154 307 154 305 154 299 154 297 154 295 154 292 154 291 154 289 154 287 154 286 154 284 154 283 154 282 154 281 154 280 154 280 154 278 154 277 154 273 154 272 154 271 154 269 154 268 154 266 154 264 154 263 154 258 154 254 154 247 154 241 154 234 154 223 154 216 154 211 154 205 154 204 154 199 154 198 154 197 154 196 154 
112 0 0 0 0 1 526 40 -1 -1 1 12348 6 252 6 269 6 268 6 266 6 265 6 263 6 260 6 256 6 247 6 242 6 232 6 229 6 226 6 222 6 221 6 218 6 210 6 203 6 186 6 180 6 173 6 158 6 150 6 143 6 134 6 128 6 115 6 107 6 100 6 87 6 81 6 75 6 61 6 54 6 38 6 27 6 15 6 0 6 0 6 0 6 0 6 0 6 0 6 0 6 0 6 0 6 0 6 0 6 0 6 0 6 0 6 0 6 0 6 0 6 0 6 0 6 0 6 0 6 0 6 0 6 0 6 4 6 8 6 11 6 16 6 22 6 40 6 52 6 69 6 75 6 82 6 96 6 101 6 105 6 111 6 113 6 116 6 115 6 113 6 109 6 103 6 96 6 90 6 74 6 66 6 54 6 50 6 47 6 40 6 37 6 34 6 33 6 32 6 31 6 30 6 29 6 28 6 27 6 28 6 30 6 32 6 33 6 34 6 35 6 36 6 37 6 38 6 39 6 40 5 40 4 40 3 40 2 40 0 40 0 40 0 40 0 40 0 40 0 40 0 40 0 40 0 40 0 40 0 40 0 40 0 40 0 40 0 40 1 40 4 40 7 40 11 40 17 40 25 40 46 40 57 40 78 40 89 40 100 40 125 40 136 40 145 40 161 40 170 40 190 40 199 40 207 40 222 40 229 40 236 40 248 40 254 40 265 40 270 40 275 40 283 40 285 40 286 40 287 40 288 40 288 40 290 40 292 40 293 40 295 40 296 40 297 40 298 40 299 40 300 40 301 40 302 40 302 40 304 40 305 40 306 40 308 40 311 40 313 40 319 40 321 40 325 40 327 40 329 40 333 40 336 40 341 40 352 40 358 40 371 40 379 40 389 40 409 40 420 40 430 40 456 40 469 40 482 40 495 40 507 40 523 40 526 40 
112 0 0 0 0 1 67 407 -1 -1 0 5330 245 407 244 407 240 407 234 407 224 407 210 407 176 407 158 407 141 407 105 407 87 407 69 407 31 407 12 407 0 407 0 407 0 407 0 407 0 407 0 407 0 407 1 407 1 407 2 407 3 407 4 407 7 407 9 407 10 407 13 407 14 407 16 407 21 407 25 407 33 407 38 407 41 407 44 407 46 407 47 407 51 407 54 407 60 407 61 407 62 407 65 407 67 407 
112 0 0 0 0 1 213 0 -1 -1 0 9098 424 91 422 91 414 91 404 91 391 91 377 91 361 91 325 91 304 91 256 91 230 91 205 91 156 91 134 91 114 91 76 91 60 91 33 91 22 91 14 91 3 91 0 91 0 91 0 91 0 91 0 91 0 91 0 91 0 91 0 91 1 91 3 91 9 91 17 91 26 91 36 91 56 91 67 91 93 91 107 91 120 91 146 91 159 91 172 91 188 91 195 91 203 91 208 91 211 91 213 91 213 90 213 88 213 86 213 82 213 76 213 67 213 44 213 33 213 13 213 2 213 0 213 0 213 0 213 0 213 0 213 0 213 0 213 0 213 0 213 0 213 0 213 0 213 0 213 0 213 0 213 0 213 0 213 2 213 10 213 21 213 38 213 58 213 79 213 123 213 147 213 189 213 205 213 219 213 237 213 244 213 247 213 249 213 250 213 251 213 254 213 259 213 269 213 273 213 276 213 283 213 285 213 287 213 286 213 281 213 271 213 257 213 238 213 215 213 154 213 120 213 57 213 31 213 10 213 0 213 0 213 0 213 0 213 0 213 0 213 0 213 0 213 0 213 0 213 0 213 0 213 0 213 0 213 0 213 0 213 0 
112 0 0 0 0 1 0 224 -1 -1 0 5137 162 360 162 599 162 597 162 591 162 580 162 562 162 539 162 482 162 449 162 373 162 336 162 304 162 261 162 245 162 233 162 224 160 224 156 224 151 224 143 224 134 224 125 224 117 224 112 224 97 224 87 224 77 224 53 224 38 224 23 224 0 224 0 224 0 224 0 224 0 224 0 224 0 224 0 224 0 224 0 224 0 224 
112 0 0 0 0 2 482 516 1 3844 4 
112 0 0 0 0 2 316 349 0 3445 3 
112 0 0 0 0 2 216 482 0 2974 4 
112 0 0 0 0 2 349 116 1 4271 3 
112 0 0 0 0 2 149 516 0 3662 5 
112 0 0 0 0 2 516 183 1 2033 5 
112 0 0 0 0 2 249 149 0 3966 3 
112 0 0 0 0 2 50 482 0 2194 5 
112 0 0 0 0 2 183 116 0 1951 5 
112 0 0 0 0 2 416 516 1 3615 4 
112 0 0 0 0 2 283 116 1 2979 3 
112 0 0 0 0 2 416 449 1 2682 4 
112 0 0 0 0 2 416 216 1 3015 4 
112 0 0 0 0 2 249 349 0 3780 4 
112 0 0 0 0 2 516 482 1 2913 4 
112 0 0 0 0 2 516 549 1 2529 4 
112 0 0 0 0 2 216 416 0 2689 4 
112 0 0 0 0 2 149 316 0 1303 4 
112 0 0 0 0 2 283 249 0 4216 2 
112 0 0 0 0 2 249 516 0 2056 3 
112 0 0 0 0 2 482 249 1 1866 5 
112 0 0 0 0 2 50 316 0 4914 5 
112 0 0 0 0 2 149 50 0 2191 4 
112 0 0 0 0 2 383 183 1 2619 3 
112 0 0 0 0 2 216 50 0 3530 3 
112 0 0 0 0 2 416 183 1 2724 3 
112 0 0 0 0 2 449 549 1 2033 4 
112 0 0 0 0 2 183 50 0 2568 4 
112 0 0 0 0 2 50 249 0 7202 3 
112 0 0 0 0 2 316 316 1 2405 3 
112 0 0 0 0 2 383 216 1 1838 3 
112 0 0 0 0 2 316 216 0 6483 3 
112 0 0 0 0 1 458 143 -1 -1 1 9866 450 143 440 143 438 143 432 143 428 143 422 143 416 143 411 143 408 143 404 143 402 143 401 143 400 143 398 143 400 143 402 143 405 143 407 143 410 143 414 143 420 143 423 143 430 143 434 143 439 143 444 143 446 143 448 143 450 143 451 143 454 143 456 143 456 143 457 143 458 143 
112 0 0 0 0 1 530 300 -1 -1 1 5179 550 300 546 300 545 300 544 300 543 300 539 300 538 300 536 300 535 300 533 300 532 300 530 300 
112 0 0 0 0 1 337 127 -1 -1 1 4731 253 127 255 127 256 127 257 127 259 127 260 127 262 127 266 127 267 127 272 127 275 127 278 127 287 127 291 127 293 127 297 127 299 127 303 127 305 127 306 127 309 127 311 127 312 127 315 127 316 127 317 127 318 127 319 127 320 127 321 127 322 127 323 127 325 127 326 127 328 127 329 127 330 127 331 127 332 127 332 127 334 127 335 127 336 127 337 127 
112 0 0 0 0 1 104 324 -1 -1 0 8340 104 589 104 583 104 582 104 582 104 580 104 576 104 568 104 555 104 520 104 499 104 458 104 439 104 423 104 400 104 390 104 381 104 359 104 349 104 336 104 332 104 329 104 326 104 325 104 324 104 324 
112 0 0 0 0 1 330 424 -1 -1 1 11578 330 492 330 492 330 491 330 489 330 486 330 482 330 476 330 464 330 457 330 446 330 441 330 437 330 431 330 430 330 429 330 427 330 426 330 425 330 424 
112 0 0 0 0 1 22 0 -1 -1 0 6178 22 129 22 128 22 127 22 124 22 119 22 115 22 109 22 96 22 88 22 72 22 63 22 55 22 37 22 30 22 24 22 11 22 3 22 0 22 0 22 0 22 0 22 0 22 0 22 0 22 0 22 0 22 0 22 0 
112 0 0 0 0 1 284 511 -1 -1 0 7971 186 509 186 510 186 511 187 511 188 511 190 511 192 511 195 511 199 511 203 511 208 511 209 511 210 511 212 511 214 511 217 511 218 511 220 511 222 511 223 511 224 511 225 511 226 511 227 511 229 511 230 511 233 511 235 511 238 511 240 511 242 511 246 511 248 511 249 511 253 511 258 511 262 511 268 511 269 511 274 511 278 511 281 511 284 511 
112 0 0 0 0 1 299 303 -1 -1 0 10416 431 462 431 462 431 460 431 457 431 453 431 448 431 443 431 431 431 424 431 412 431 407 431 401 431 390 431 386 431 383 431 377 431 375 431 373 431 373 431 372 431 371 431 370 431 369 431 368 431 366 431 362 431 358 431 349 431 344 431 340 431 328 431 320 431 309 431 306 431 305 431 304 431 303 431 303 432 303 433 303 434 303 437 303 439 303 441 303 443 303 445 303 448 303 451 303 452 303 455 303 457 303 458 303 459 303 460 303 461 303 461 303 460 303 456 303 451 303 444 303 436 303 424 303 419 303 415 303 414 303 413 303 412 303 411 303 410 303 409 303 408 303 407 303 406 303 405 303 404 303 403 303 398 303 395 303 391 303 387 303 384 303 381 303 379 303 377 303 376 303 375 303 373 303 371 303 369 303 369 303 369 303 369 303 367 303 365 303 363 303 362 303 361 303 361 303 360 303 359 303 354 303 348 303 342 303 326 303 320 303 313 303 311 303 309 303 306 303 304 303 302 303 299 303 
112 0 0 0 0 1 335 503 -1 -1 1 7986 422 503 427 503 430 503 431 503 433 503 434 503 435 503 438 503 440 503 444 503 447 503 450 503 455 503 456 503 457 503 457 503 455 503 451 503 444 503 434 503 421 503 390 503 380 503 370 503 369 503 368 503 367 503 366 503 365 503 364 503 362 503 361 503 360 503 357 503 356 503 355 503 354 503 353 503 352 503 351 503 350 503 348 503 347 503 345 503 344 503 343 503 342 503 339 503 336 503 333 503 330 503 329 503 330 503 331 503 332 503 333 503 334 503 335 503 
112 0 0 0 0 1 284 132 -1 -1 0 4952 284 451 284 451 284 447 284 439 284 430 284 420 284 410 284 391 284 383 284 369 284 362 284 358 284 357 284 353 284 347 284 337 284 326 284 315 284 291 284 277 284 245 284 230 284 217 284 192 284 184 284 176 284 159 284 149 284 133 284 131 284 129 284 129 284 132 
112 0 0 0 0 1 413 29 -1 -1 1 5420 413 403 413 599 413 598 413 597 413 595 413 592 413 587 413 577 413 545 413 526 413 494 413 480 413 466 413 441 413 431 413 424 413 412 413 407 413 398 413 394 413 391 413 383 413 377 413 370 413 350 413 335 413 301 413 284 413 267 413 233 413 217 413 188 413 174 413 162 413 134 413 119 413 103 413 73 413 60 413 44 413 40 413 37 413 36 413 36 413 34 413 29 
112 0 0 0 0 1 318 326 -1 -1 1 5465 42 326 252 326 250 326 246 326 241 326 235 326 227 326 209 326 200 326 186 326 179 326 175 326 167 326 163 326 159 326 151 326 146 326 139 326 135 326 133 326 131 326 130 326 128 326 122 326 117 326 108 326 107 326 109 326 114 326 124 326 135 326 149 326 161 326 186 326 196 326 211 326 218 326 222 326 231 326 235 326 242 326 257 326 266 326 284 326 292 326 298 326 305 326 307 326 309 326 310 326 311 326 312 326 313 326 315 326 316 326 317 326 318 326 
112 0 0 0 0 1 274 136 -1 -1 0 4082 422 136 423 136 424 136 426 136 429 136 432 136 435 136 440 136 442 136 445 136 446 136 448 136 453 136 455 136 457 136 462 136 463 136 464 136 463 136 460 136 453 136 445 136 434 136 421 136 396 136 383 136 359 136 345 136 335 136 314 136 307 136 300 136 286 136 281 136 278 136 277 136 276 136 275 136 274 136 
112 0 0 0 0 1 326 22 -1 -1 1 4617 523 22 524 22 526 22 528 22 532 22 536 22 540 22 548 22 552 22 557 22 555 22 549 22 541 22 528 22 514 22 500 22 476 22 465 22 452 22 447 22 444 22 436 22 434 22 432 22 426 22 423 22 417 22 416 22 413 22 410 22 409 22 407 22 403 22 400 22 391 22 385 22 380 22 369 22 366 22 362 22 355 22 352 22 342 22 338 22 333 22 329 22 328 22 327 22 326 22 
112 0 0 0 0 1 277 394 -1 -1 0 4699 273 394 271 394 270 394 269 394 267 394 265 394 263 394 261 394 259 394 258 394 257 394 256 394 255 394 254 394 255 394 256 394 257 394 258 394 259 394 260 394 261 394 262 394 264 394 266 394 268 394 270 394 271 394 272 394 273 394 274 394 275 394 276 394 277 394 
112 0 0 0 0 1 315 20 -1 -1 1 3891 298 20 300 20 301 20 302 20 303 20 304 20 305 20 306 20 307 20 308 20 309 20 310 20 311 20 312 20 313 20 314 20 315 20 315 20 
112 0 0 0 0 2 149 416 0 3699 5 
112 0 0 0 0 2 349 50 0 5844 4 
112 0 0 0 0 2 116 183 0 2653 5 
112 0 0 0 0 2 83 249 0 1211 5 
112 0 0 0 0 2 283 316 0 1318 5 
112 0 0 0 0 2 216 516 0 953 5 
112 0 0 0 0 2 416 283 1 2139 5 
112 0 0 0 0 2 516 316 1 2787 5 
112 0 0 0 0 2 216 249 0 1442 5 
112 0 0 0 0 2 183 149 0 1095 5 
112 0 0 0 0 2 549 249 1 977 5 
112 0 0 0 0 2 383 482 1 6539 5 
112 0 0 0 0 2 516 83 1 1521 5 
112 0 0 0 0 2 83 383 0 2313 5 
112 0 0 0 0 2 316 83 0 5816 4 
112 0 0 0 0 2 449 283 1 4408 4 
112 0 0 0 0 2 416 383 1 1200 4 
112 0 0 0 0 2 149 449 0 2548 4 
112 0 0 0 0 2 516 416 1 1503 4 
112 0 0 0 0 2 416 549 1 1302 4 
112 0 0 0 0 2 216 116 0 2523 4 
112 0 0 0 0 2 449 482 1 1270 4 
112 0 0 0 0 2 283 516 0 1286 4 
112 0 0 0 0 2 383 249 1 1538 4 
112 0 0 0 0 2 216 216 0 1325 4 
112 0 0 0 0 2 549 549 1 979 4 
112 0 0 0 0 2 449 249 1 869 4 
112 0 0 0 0 2 249 383 0 1235 4 
112 0 0 0 0 2 83 216 0 1507 4 
112 0 0 0 0 2 283 283 0 3525 4 
112 0 0 0 0 2 516 516 1 897 4 
112 0 0 0 0 2 116 349 0 1628 4 
112 0 0 0 0 1 365 104 -1 -1 1 10812 472 104 581 104 580 104 579 104 575 104 572 104 566 104 550 104 542 104 529 104 525 104 523 104 520 104 519 104 518 104 517 104 516 104 514 104 512 104 510 104 505 104 493 104 487 104 474 104 467 104 460 104 447 104 441 104 436 104 428 104 423 104 412 104 406 104 401 104 390 104 383 104 375 104 362 104 358 104 354 104 352 104 351 104 351 104 352 104 353 104 355 104 356 104 358 104 360 104 361 104 363 104 364 104 365 104 
112 0 0 0 0 1 362 512 -1 -1 1 5456 556 512 557 512 559 512 563 512 567 512 572 512 578 512 589 512 593 512 597 512 598 512 599 512 599 512 599 512 599 512 599 512 599 512 598 512 596 512 592 512 586 512 580 512 566 512 556 512 539 512 532 512 524 512 508 512 501 512 495 512 486 512 483 512 479 512 475 512 473 512 470 512 468 512 466 512 460 512 456 512 444 512 439 512 431 512 417 512 412 512 410 512 405 512 401 512 394 512 391 512 388 512 379 512 374 512 370 512 366 512 364 512 363 512 363 512 362 512 
112 0 0 0 0 1 187 118 -1 -1 0 4940 90 118 95 118 93 118 89 118 86 118 81 118 74 118 56 118 50 118 38 118 31 118 24 118 11 118 7 118 1 118 0 118 0 118 0 118 0 118 0 118 0 118 0 118 0 118 0 118 0 118 0 118 0 118 0 118 0 118 1 118 5 118 11 118 21 118 30 118 39 118 57 118 68 118 88 118 96 118 104 118 120 118 127 118 135 118 148 118 153 118 166 118 173 118 182 118 199 118 207 118 216 118 231 118 242 118 265 118 276 118 282 118 294 118 298 118 299 118 298 118 292 118 286 118 276 118 262 118 249 118 224 118 211 118 194 118 190 118 187 118 
112 0 0 0 0 1 554 110 -1 -1 1 5688 570 110 599 110 598 110 596 110 595 110 563 110 562 110 559 110 558 110 557 110 556 110 555 110 554 110 
112 0 0 0 0 1 335 279 -1 -1 1 8492 375 279 396 279 395 279 394 279 391 279 387 279 381 279 368 279 360 279 343 279 334 279 326 279 313 279 307 279 302 279 297 279 293 279 287 279 283 279 279 279 277 279 278 279 279 279 281 279 285 279 289 279 295 279 297 279 299 279 307 279 311 279 313 279 316 279 317 279 319 279 320 279 321 279 323 279 324 279 328 279 329 279 331 279 332 279 332 279 334 279 335 279 
112 0 0 0 0 1 305 123 -1 -1 1 3776 339 123 336 123 335 123 329 123 325 123 320 123 315 123 306 123 305 123 
112 0 0 0 0 1 308 307 -1 -1 1 6536 311 307 320 307 321 307 322 307 323 307 324 307 324 307 322 307 321 307 320 307 319 307 318 307 317 307 316 307 315 307 314 307 313 307 312 307 311 307 310 307 310 307 309 307 308 307 
112 0 0 0 0 1 259 496 -1 -1 0 3065 266 496 263 496 262 496 262 496 261 496 260 496 259 496 
112 0 0 0 0 1 289 238 -1 -1 0 5012 287 238 288 238 289 238 
112 0 0 0 0 1 158 418 -1 -1 0 7002 199 418 198 418 197 418 195 418 191 418 188 418 184 418 176 418 174 418 169 418 167 418 165 418 161 418 160 418 159 418 158 418 
112 0 0 0 0 1 143 186 -1 -1 0 8260 2 186 3 186 2 186 1 186 0 186 0 186 0 186 0 186 0 186 0 186 0 186 0 186 0 186 0 186 0 186 0 186 0 186 0 186 0 186 0 186 2 186 6 186 12 186 20 186 28 186 37 186 53 186 60 186 68 186 70 186 72 186 74 186 79 186 80 186 81 186 82 186 83 186 84 186 85 186 86 186 87 186 89 186 91 186 92 186 94 186 96 186 97 186 98 186 100 186 102 186 104 186 109 186 113 186 117 186 121 186 125 186 127 186 130 186 131 186 133 186 135 186 137 186 140 186 142 186 143 186 
112 0 0 0 0 1 76 544 -1 -1 0 4825 314 544 309 544 305 544 299 544 290 544 281 544 272 544 256 544 248 544 230 544 222 544 214 544 197 544 189 544 182 544 168 544 162 544 157 544 156 544 154 544 151 544 148 544 143 544 131 544 127 544 121 544 119 544 118 544 114 544 111 544 106 544 96 544 92 544 88 544 80 544 78 544 76 544 
112 0 0 0 0 1 504 285 -1 -1 1 7754 514 285 512 285 511 285 510 285 509 285 508 285 507 285 506 285 505 285 504 285 
112 0 0 0 0 1 524 549 -1 -1 1 6178 37 577 37 577 32 577 22 577 7 577 0 577 0 577 0 577 0 577 0 577 0 577 0 577 0 577 0 577 0 577 0 577 3 577 13 577 30 577 51 577 75 577 102 577 155 577 180 577 223 577 245 577 264 577 296 577 310 577 322 577 346 577 356 577 364 577 365 577 368 577 372 577 374 577 375 577 379 577 381 577 382 577 383 577 384 577 390 577 393 577 397 577 404 577 406 577 412 577 414 577 416 577 419 577 422 577 426 577 433 577 435 577 436 577 437 577 438 577 439 577 442 577 449 577 454 577 460 577 463 577 469 577 471 577 476 577 480 577 484 577 487 577 488 577 488 577 489 577 490 577 492 577 494 577 498 577 503 577 511 577 513 577 516 577 521 577 523 577 524 577 524 574 524 573 524 571 524 568 524 566 524 563 524 559 524 558 524 556 524 555 524 554 524 553 524 552 524 551 524 550 524 549 
112 0 0 0 0 1 599 0 -1 -1 1 11649 542 135 543 135 544 135 545 135 546 135 548 135 550 135 551 135 553 135 555 135 556 135 560 135 562 135 567 135 569 135 570 135 573 135 574 135 575 135 574 135 570 135 565 135 562 135 555 135 549 135 538 135 535 135 532 135 531 135 529 135 528 135 527 135 526 135 525 135 524 135 523 135 522 135 523 135 527 135 535 135 548 135 563 135 582 135 599 135 599 135 599 135 599 135 599 135 599 135 599 135 599 135 599 135 599 135 599 135 599 135 599 134 599 132 599 130 599 125 599 120 599 115 599 107 599 103 599 99 599 98 599 96 599 89 599 86 599 85 599 82 599 80 599 71 599 66 599 62 599 54 599 51 599 48 599 47 599 45 599 44 599 43 599 42 599 41 599 40 599 39 599 38 599 37 599 36 599 35 599 34 599 32 599 30 599 26 599 23 599 15 599 12 599 8 599 0 599 0 599 0 599 0 599 0 599 0 599 0 599 0 599 0 599 0 599 0 599 0 599 0 599 0 599 0 599 0 599 0 599 0 599 0 599 1 599 4 599 8 599 10 599 12 599 13 599 17 599 20 599 29 599 34 599 41 599 56 599 64 599 70 599 76 599 77 599 76 599 75 599 73 599 72 599 70 599 69 599 67 599 66 599 65 599 64 599 63 599 62 599 61 599 60 599 59 599 58 599 57 599 56 599 55 599 54 599 53 599 52 599 51 599 50 599 49 599 48 599 47 599 46 599 45 599 44 599 43 599 42 599 41 599 40 599 39 599 38 599 37 599 36 599 35 599 34 599 33 599 31 599 28 599 26 599 21 599 18 599 15 599 11 599 9 599 8 599 5 599 4 599 3 599 2 599 0 599 0 599 0 599 0 599 0 599 0 599 0 599 0 599 0 599 0 599 0 599 0 599 0 599 0 599 0 599 0 
112 0 0 0 0 1 599 353 -1 -1 1 8240 148 338 148 338 148 337 148 336 148 335 148 334 148 332 148 328 148 314 148 304 148 282 148 271 148 261 148 238 148 227 148 216 148 199 148 190 148 175 148 167 148 159 148 146 148 142 148 138 148 132 148 130 148 127 148 125 148 124 148 122 148 123 148 127 148 133 148 143 148 154 148 162 148 181 148 197 148 220 148 229 148 236 148 254 148 261 148 266 148 275 148 278 148 279 148 280 148 281 148 282 148 285 148 288 148 291 148 295 148 302 148 304 148 306 148 308 148 310 148 313 148 315 148 317 148 322 148 324 148 331 148 335 148 336 148 337 148 338 148 339 148 339 148 340 148 341 148 342 148 343 148 344 148 345 148 346 148 347 148 348 148 349 148 350 148 351 148 352 148 352 148 353 147 353 144 353 137 353 129 353 119 353 106 353 72 353 53 353 20 353 0 353 0 353 0 353 0 353 0 353 1 353 9 353 26 353 52 353 86 353 194 353 264 353 334 353 454 353 502 353 571 353 595 353 599 353 599 353 599 353 599 353 599 353 599 353 599 353 
112 0 0 0 0 2 383 316 1 4802 4 
112 0 0 0 0 2 349 449 0 2396 4 
112 0 0 0 0 2 383 116 1 1677 4 
112 0 0 0 0 2 383 349 1 990 4 
112 0 0 0 0 2 149 183 0 1193 4 
112 0 0 0 0 2 183 249 0 699 4 
112 0 0 0 0 2 283 349 0 1132 4 
112 0 0 0 0 2 482 216 1 1102 4 
112 0 0 0 0 2 116 416 0 1074 4 
112 0 0 0 0 2 349 149 1 5753 4 
112 0 0 0 0 2 482 383 1 2048 4 
112 0 0 0 0 2 116 116 0 1234 4 
112 0 0 0 0 2 316 149 0 8466 3 
112 0 0 0 0 2 249 50 0 1314 4 
112 0 0 0 0 2 149 349 0 1022 4 
112 0 0 0 0 2 149 383 0 684 4 
112 0 0 0 0 2 516 249 1 1055 4 
112 0 0 0 0 2 316 116 0 1246 4 
112 0 0 0 0 2 516 216 1 942 4 
112 0 0 0 0 2 149 549 0 814 4 
112 0 0 0 0 2 216 149 0 764 4 
112 0 0 0 0 2 249 416 0 1026 4 
112 0 0 0 0 2 50 83 0 1145 4 
112 0 0 0 0 2 249 316 0 1552 4 
112 0 0 0 0 2 116 482 0 753 4 
112 0 0 0 0 2 50 283 0 660 4 
112 0 0 0 0 2 549 516 1 888 4 
112 0 0 0 0 2 549 50 1 675 4 
112 0 0 0 0 2 516 449 1 681 4 
112 0 0 0 0 2 249 216 1 2240 4 
112 0 0 0 0 2 516 349 1 837 4 
112 0 0 0 0 2 549 449 1 777 4 
112 0 0 0 0 1 356 400 -1 -1 1 16012 469 371 383 371 384 371 385 371 388 371 390 371 393 371 401 371 405 371 409 371 411 371 414 371 419 371 421 371 425 371 431 371 433 371 434 371 435 371 436 371 434 371 431 371 425 371 418 371 409 371 398 371 378 371 372 371 363 371 360 371 359 371 358 371 357 371 356 371 356 392 356 391 356 389 356 387 356 385 356 384 356 382 356 380 356 379 356 379 356 380 356 382 356 384 356 386 356 388 356 389 356 392 356 392 356 393 356 393 356 393 356 394 356 395 356 395 356 396 356 396 356 396 356 397 356 397 356 397 356 397 356 398 356 398 356 398 356 399 356 399 356 399 356 400 356 400 356 400 356 401 356 400 
112 0 0 0 0 1 366 100 -1 -1 1 7034 542 100 545 100 546 100 547 100 548 100 550 100 552 100 555 100 561 100 566 100 574 100 577 100 578 100 582 100 583 100 584 100 584 100 582 100 578 100 572 100 564 100 545 100 536 100 528 100 512 100 506 100 500 100 488 100 484 100 482 100 476 100 473 100 464 100 460 100 456 100 447 100 441 100 436 100 424 100 418 100 405 100 399 100 395 100 387 100 381 100 377 100 373 100 372 100 371 100 369 100 368 100 367 100 366 100 
112 0 0 0 0 1 347 476 -1 -1 1 5170 311 476 287 476 301 476 302 476 304 476 306 476 308 476 310 476 312 476 313 476 314 476 315 476 316 476 317 476 318 476 319 476 320 476 321 476 322 476 323 476 324 476 325 476 326 476 327 476 329 476 331 476 332 476 334 476 336 476 339 476 340 476 341 476 342 476 343 476 344 476 345 476 346 476 347 476 
112 0 0 0 0 1 297 262 -1 -1 0 4306 439 262 439 262 438 262 437 262 436 262 435 262 434 262 433 262 432 262 431 262 430 262 430 262 428 262 427 262 425 262 421 262 418 262 414 262 407 262 401 262 394 262 379 262 371 262 352 262 344 262 338 262 328 262 324 262 320 262 314 262 312 262 311 262 310 262 309 262 308 262 306 262 304 262 303 262 302 262 301 262 300 262 299 262 298 262 297 262 
112 0 0 0 0 1 352 550 -1 -1 1 5555 571 547 572 547 573 547 575 547 577 547 582 547 587 547 599 547 599 547 599 547 599 547 599 547 599 547 599 547 599 547 599 547 599 547 599 547 598 547 596 547 592 547 585 547 576 547 564 547 531 547 515 547 485 547 471 547 459 547 442 547 436 547 428 547 413 547 407 547 397 547 394 547 393 547 392 547 391 547 390 547 388 547 387 547 386 547 383 547 381 547 376 547 375 547 373 547 370 547 369 547 364 547 361 547 359 547 356 547 355 547 354 547 353 547 352 547 352 548 352 549 352 550 
112 0 0 0 0 1 368 75 -1 -1 1 5490 378 75 377 75 376 75 375 75 374 75 373 75 372 75 371 75 370 75 369 75 368 75 
112 0 0 0 0 1 296 387 -1 -1 0 3698 268 387 269 387 275 387 282 387 289 387 293 387 295 387 296 387 
112 0 0 0 0 1 400 236 -1 -1 1 3746 569 236 579 236 578 236 576 236 573 236 568 236 563 236 557 236 546 236 538 236 527 236 522 236 518 236 509 236 505 236 500 236 489 236 482 236 472 236 467 236 464 236 461 236 460 236 459 236 453 236 450 236 448 236 445 236 444 236 442 236 441 236 440 236 437 236 435 236 432 236 426 236 423 236 417 236 415 236 414 236 410 236 408 236 407 236 404 236 403 236 402 236 401 236 400 236 
112 0 0 0 0 1 363 195 -1 -1 1 4602 62 195 67 195 66 195 64 195 61 195 55 195 47 195 30 195 20 195 0 195 0 195 0 195 0 195 0 195 0 195 0 195 0 195 0 195 1 195 5 195 9 195 15 195 23 195 34 195 60 195 74 195 102 195 117 195 134 195 166 195 180 195 194 195 218 195 230 195 248 195 256 195 263 195 276 195 284 195 291 195 302 195 308 195 318 195 322 195 323 195 324 195 325 195 326 195 328 195 329 195 330 195 331 195 332 195 333 195 334 195 336 195 340 195 343 195 347 195 348 195 350 195 354 195 355 195 357 195 359 195 360 195 362 195 363 195 
112 0 0 0 0 1 357 155 -1 -1 1 8492 75 155 73 155 72 155 70 155 67 155 61 155 53 155 31 155 17 155 0 155 0 155 0 155 0 155 0 155 0 155 0 155 1 155 6 155 14 155 28 155 45 155 65 155 109 155 130 155 164 155 174 155 184 155 199 155 204 155 208 155 216 155 221 155 223 155 222 155 220 155 216 155 211 155 216 155 224 155 235 155 247 155 257 155 267 155 275 155 276 155 279 155 281 155 283 155 291 155 300 155 310 155 330 155 340 155 355 155 360 155 363 155 368 155 370 155 371 155 372 155 374 155 378 155 381 155 385 155 393 155 398 155 400 155 403 155 404 155 405 155 406 155 407 155 409 155 412 155 411 155 408 155 405 155 401 155 397 155 394 155 388 155 387 155 385 155 383 155 382 155 381 155 379 155 378 155 376 155 374 155 373 155 372 155 371 155 370 155 369 155 368 155 366 155 365 155 363 155 361 155 360 155 359 155 358 155 357 155 
112 0 0 0 0 1 381 580 -1 -1 1 8090 465 580 470 580 471 580 476 580 485 580 494 580 504 580 519 580 524 580 537 580 542 580 547 580 556 580 560 580 563 580 561 580 555 580 549 580 542 580 529 580 512 580 475 580 458 580 420 580 402 580 386 580 373 580 363 580 344 580 337 580 333 580 331 580 329 580 325 580 324 580 323 580 324 580 325 580 326 580 327 580 328 580 329 580 330 580 331 580 332 580 334 580 336 580 338 580 340 580 342 580 344 580 345 580 348 580 351 580 356 580 366 580 369 580 370 580 371 580 372 580 373 580 374 580 375 580 376 580 377 580 378 580 379 580 380 580 381 580 
112 0 0 0 0 1 338 241 -1 -1 1 6715 350 241 349 241 347 241 346 241 344 241 342 241 340 241 332 241 330 241 321 241 315 241 312 241 310 241 311 241 315 241 322 241 330 241 340 241 351 241 373 241 385 241 402 241 409 241 414 241 419 241 418 241 415 241 410 241 403 241 396 241 387 241 373 241 368 241 361 241 359 241 358 241 355 241 354 241 353 241 352 241 350 241 349 241 348 241 346 241 343 241 342 241 341 241 340 241 339 241 338 241 
112 0 0 0 0 1 385 26 -1 -1 1 5028 596 26 595 26 589 26 582 26 573 26 563 26 554 26 534 26 523 26 506 26 500 26 496 26 489 26 487 26 485 26 482 26 480 26 474 26 470 26 468 26 464 26 461 26 459 26 455 26 453 26 444 26 440 26 438 26 429 26 424 26 419 26 410 26 405 26 400 26 394 26 392 26 389 26 387 26 386 26 385 26 
112 0 0 0 0 1 337 537 -1 -1 1 4735 377 537 377 537 376 537 375 537 373 537 370 537 365 537 352 537 343 537 322 537 310 537 300 537 280 537 272 537 267 537 265 537 266 537 268 537 272 537 277 537 280 537 282 537 284 537 285 537 286 537 287 537 288 537 289 537 291 537 298 537 302 537 309 537 311 537 312 537 313 537 314 537 315 537 316 537 318 537 319 537 321 537 322 537 324 537 328 537 329 537 330 537 331 537 332 537 333 537 334 537 335 537 336 537 337 537 
112 0 0 0 0 1 335 78 -1 -1 1 4803 39 78 40 78 41 78 43 78 45 78 49 78 52 78 55 78 65 78 71 78 85 78 93 78 102 78 118 78 127 78 136 78 156 78 164 78 173 78 181 78 187 78 197 78 200 78 203 78 206 78 208 78 217 78 233 78 252 78 275 78 298 78 321 78 367 78 392 78 415 78 435 78 453 78 479 78 486 78 490 78 489 78 486 78 479 78 472 78 465 78 457 78 437 78 429 78 415 78 410 78 405 78 399 78 398 78 396 78 392 78 391 78 386 78 381 78 374 78 357 78 351 78 345 78 337 78 336 78 335 78 
112 0 0 0 0 1 305 75 -1 -1 1 4746 246 75 238 75 239 75 240 75 241 75 243 75 245 75 247 75 249 75 254 75 257 75 263 75 265 75 267 75 270 75 272 75 273 75 277 75 278 75 281 75 283 75 284 75 287 75 289 75 292 75 295 75 297 75 299 75 300 75 301 75 302 75 303 75 304 75 305 75 
112 0 0 0 0 2 183 549 0 12122 3 
112 0 0 0 0 2 116 516 0 4895 3 
112 0 0 0 0 2 549 283 1 1962 3 
112 0 0 0 0 2 116 216 0 2067 3 
112 0 0 0 0 2 549 116 1 1607 3 
112 0 0 0 0 2 316 383 0 5640 4 
112 0 0 0 0 2 482 482 1 1451 4 
112 0 0 0 0 2 83 116 0 1073 4 
112 0 0 0 0 2 249 83 0 1490 4 
112 0 0 0 0 2 183 183 0 1099 4 
112 0 0 0 0 2 449 149 1 837 4 
112 0 0 0 0 2 449 183 1 701 4 
112 0 0 0 0 2 50 549 0 2791 5 
112 0 0 0 0 2 416 316 1 3447 4 
112 0 0 0 0 2 116 249 0 1462 4 
112 0 0 0 0 2 449 516 1 1518 4 
112 0 0 0 0 2 416 50 1 1040 4 
112 0 0 0 0 2 116 283 0 1462 4 
112 0 0 0 0 2 249 249 0 1406 4 
112 0 0 0 0 2 482 83 1 1017 4 
112 0 0 0 0 2 383 383 1 1822 4 
112 0 0 0 0 2 283 449 0 1431 4 
112 0 0 0 0 2 183 316 0 1036 4 
112 0 0 0 0 2 416 83 1 1331 4 
112 0 0 0 0 2 316 416 0 4718 2 
112 0 0 0 0 2 216 316 0 1871 4 
112 0 0 0 0 2 183 516 0 1203 4 
112 0 0 0 0 2 349 349 0 7409 2 
112 0 0 0 0 2 216 183 0 1483 4 
112 0 0 0 0 2 449 383 1 1054 4 
112 0 0 0 0 2 316 50 0 7934 4 
112 0 0 0 0 2 183 416 0 902 4 
112 0 0 0 0 1 373 240 -1 -1 1 9310 285 240 351 240 348 240 345 240 340 240 335 240 330 240 320 240 314 240 303 240 299 240 295 240 288 240 287 240 286 240 287 240 289 240 290 240 294 240 298 240 303 240 315 240 322 240 336 240 341 240 345 240 350 240 356 240 359 240 361 240 362 240 365 240 367 240 372 240 373 240 
112 0 0 0 0 1 357 234 -1 -1 1 12423 10 234 10 234 9 234 7 234 5 234 2 234 0 234 0 234 0 234 0 234 0 234 0 234 0 234 0 234 0 234 0 234 0 234 0 234 0 234 1 234 7 234 14 234 22 234 33 234 44 234 71 234 86 234 116 234 130 234 141 234 161 234 168 234 176 234 191 234 197 234 212 234 220 234 227 234 241 234 247 234 253 234 263 234 268 234 276 234 280 234 285 234 293 234 296 234 298 234 302 234 306 234 310 234 312 234 314 234 315 234 316 234 317 234 318 234 318 234 317 234 313 234 308 234 301 234 295 234 290 234 288 234 289 234 290 234 293 234 296 234 300 234 304 234 312 234 316 234 319 234 320 234 322 234 324 234 325 234 326 234 327 234 329 234 330 234 333 234 335 234 338 234 343 234 345 234 346 234 348 234 351 234 357 234 363 234 371 234 386 234 394 234 419 234 437 234 456 234 494 234 511 234 529 234 559 234 571 234 591 234 599 234 599 234 599 234 599 234 599 234 599 234 599 234 599 234 598 234 597 234 596 234 595 234 594 234 593 234 592 234 590 234 585 234 583 234 580 234 579 234 577 234 576 234 575 234 575 234 573 234 572 234 571 234 570 234 570 234 568 234 567 234 566 234 565 234 564 234 563 234 562 234 561 234 560 234 559 234 558 234 557 234 556 234 555 234 554 234 553 234 552 234 551 234 550 234 549 234 548 234 547 234 546 234 545 234 544 234 543 234 542 234 541 234 540 234 538 234 537 234 536 234 535 234 534 234 532 234 530 234 529 234 526 234 524 234 522 234 519 234 517 234 515 234 511 234 509 234 505 234 504 234 502 234 498 234 495 234 494 234 486 234 483 234 474 234 470 234 464 234 454 234 449 234 444 234 434 234 432 234 428 234 426 234 425 234 424 234 422 234 421 234 419 234 417 234 414 234 413 234 412 234 409 234 408 234 406 234 404 234 402 234 401 234 398 234 395 234 387 234 384 234 381 234 376 234 374 234 372 234 370 234 369 234 368 234 367 234 365 234 364 234 363 234 362 234 361 234 360 234 359 234 358 234 357 234 
112 0 0 0 0 1 431 236 -1 -1 1 6779 105 563 106 563 108 563 111 563 117 563 125 563 135 563 158 563 171 563 197 563 210 563 222 563 249 563 261 563 273 563 293 563 303 563 322 563 330 563 337 563 351 563 357 563 362 563 375 563 381 563 389 563 395 563 400 563 410 563 414 563 416 563 422 563 424 563 426 563 428 563 429 563 430 563 431 563 431 562 431 560 431 556 431 550 431 544 431 538 431 522 431 514 431 498 431 491 431 485 431 474 431 470 431 465 431 459 431 457 431 454 431 452 431 450 431 448 431 447 431 445 431 439 431 436 431 430 431 426 431 421 431 414 431 412 431 410 431 405 431 401 431 396 431 389 431 386 431 381 431 377 431 375 431 372 431 370 431 368 431 362 431 359 431 352 431 345 431 340 431 330 431 325 431 320 431 310 431 306 431 296 431 290 431 284 431 270 431 264 431 258 431 248 431 244 431 239 431 237 431 236 
112 0 0 0 0 1 444 516 -1 -1 1 8594 165 589 166 589 167 589 171 589 175 589 181 589 186 589 198 589 206 589 219 589 225 589 231 589 244 589 250 589 256 589 270 589 278 589 295 589 303 589 311 589 327 589 335 589 344 589 360 589 366 589 378 589 384 589 390 589 401 589 408 589 414 589 424 589 429 589 438 589 444 589 450 589 463 589 470 589 476 589 485 589 487 589 489 589 490 589 489 589 487 589 485 589 484 589 482 589 479 589 475 589 474 589 473 589 471 589 470 589 468 589 467 589 466 589 465 589 464 589 462 589 460 589 459 589 457 589 456 589 455 589 454 589 453 589 450 589 449 589 447 589 445 589 444 589 444 595 444 594 444 592 444 590 444 586 444 584 444 576 444 572 444 564 444 561 444 559 444 558 444 557 444 556 444 555 444 554 444 553 444 553 444 552 444 551 444 550 444 549 444 547 444 545 444 543 444 541 444 533 444 529 444 523 444 521 444 519 444 514 444 513 444 511 444 510 444 510 444 512 444 513 444 514 444 515 444 516 
112 0 0 0 0 1 338 125 -1 -1 1 4393 439 152 439 152 438 152 436 152 434 152 431 152 428 152 418 152 414 152 403 152 395 152 388 152 372 152 365 152 358 152 349 152 344 152 340 152 339 152 338 152 338 152 338 151 338 150 338 149 338 147 338 145 338 144 338 143 338 141 338 140 338 139 338 134 338 132 338 130 338 127 338 126 338 125 
112 0 0 0 0 1 350 551 -1 -1 1 4386 534 401 535 401 534 401 533 401 532 401 530 401 526 401 522 401 511 401 502 401 484 401 474 401 465 401 444 401 434 401 425 401 407 401 399 401 386 401 381 401 378 401 371 401 370 401 369 401 368 401 367 401 366 401 364 401 361 401 355 401 353 401 350 401 350 402 350 403 350 405 350 406 350 410 350 415 350 418 350 422 350 431 350 433 350 436 350 438 350 439 350 440 350 441 350 443 350 447 350 450 350 455 350 465 350 470 350 474 350 487 350 495 350 504 350 524 350 530 350 538 350 549 350 551 
112 0 0 0 0 1 320 507 -1 -1 1 5387 39 558 0 558 1 558 5 558 8 558 13 558 15 558 17 558 20 558 21 558 23 558 26 558 27 558 29 558 28 558 27 558 25 558 23 558 19 558 14 558 0 558 0 558 0 558 0 558 3 558 7 558 15 558 26 558 55 558 70 558 105 558 124 558 142 558 176 558 192 558 206 558 234 558 246 558 268 558 278 558 289 558 309 558 319 558 329 558 350 558 358 558 376 558 386 558 395 558 411 558 419 558 425 558 434 558 437 558 440 558 443 558 445 558 446 558 445 558 443 558 438 558 433 558 427 558 420 558 405 558 399 558 393 558 385 558 380 558 376 558 372 558 371 558 370 558 369 558 368 558 367 558 366 558 363 558 350 558 343 558 332 558 328 558 325 558 321 558 320 558 320 552 320 546 320 538 320 531 320 525 320 520 320 513 320 511 320 509 320 508 320 507 
112 0 0 0 0 1 121 122 -1 -1 0 4168 121 250 121 249 121 247 121 245 121 241 121 236 121 228 121 212 121 202 121 180 121 169 121 159 121 151 121 152 121 155 121 161 121 167 121 174 121 182 121 198 121 208 121 232 121 244 121 254 121 268 121 273 121 276 121 280 121 281 121 280 121 279 121 275 121 272 121 267 121 257 121 230 121 215 121 185 121 169 121 155 121 132 121 125 121 123 121 122 
112 0 0 0 0 1 253 211 -1 -1 0 3298 192 211 143 211 149 211 154 211 168 211 177 211 188 211 212 211 225 211 238 211 260 211 270 211 278 211 290 211 296 211 301 211 303 211 304 211 306 211 307 211 306 211 305 211 304 211 301 211 298 211 294 211 289 211 281 211 264 211 258 211 255 211 253 211 
112 0 0 0 0 1 291 528 -1 -1 0 3991 428 528 429 528 431 528 433 528 436 528 441 528 449 528 472 528 484 528 509 528 524 528 538 528 563 528 573 528 582 528 598 528 599 528 599 528 599 528 599 528 597 528 592 528 584 528 574 528 563 528 548 528 516 528 499 528 462 528 446 528 433 528 411 528 404 528 399 528 394 528 393 528 389 528 387 528 386 528 384 528 381 528 378 528 371 528 366 528 352 528 342 528 331 528 308 528 299 528 294 528 291 528 
112 0 0 0 0 1 170 289 -1 -1 0 3037 200 289 197 289 196 289 195 289 193 289 189 289 185 289 179 289 177 289 175 289 174 289 173 289 172 289 171 289 170 289 
112 0 0 0 0 1 303 229 -1 -1 1 3145 233 229 234 229 235 229 236 229 240 229 243 229 246 229 252 229 256 229 262 229 266 229 269 229 272 229 273 229 274 229 275 229 277 229 283 229 287 229 292 229 300 229 303 229 
112 0 0 0 0 1 273 371 -1 -1 0 6770 577 371 578 371 579 371 582 371 587 371 593 371 599 371 599 371 599 371 599 371 599 371 599 371 599 371 599 371 599 371 599 371 599 371 598 371 592 371 587 371 577 371 566 371 550 371 515 371 496 371 460 371 442 371 427 371 416 371 406 371 394 371 390 371 387 371 386 371 384 371 382 371 375 371 372 371 369 371 366 371 362 371 351 371 346 371 340 371 335 371 328 371 320 371 304 371 300 371 295 371 292 371 290 371 288 371 287 371 285 371 284 371 283 371 281 371 279 371 276 371 274 371 273 371 
112 0 0 0 0 1 300 181 -1 -1 0 12671 57 181 59 181 65 181 71 181 77 181 83 181 88 181 102 181 111 181 130 181 138 181 146 181 161 181 169 181 177 181 193 181 203 181 220 181 230 181 238 181 256 181 262 181 267 181 274 181 279 181 284 181 286 181 288 181 291 181 290 181 289 181 288 181 286 181 284 181 281 181 279 181 278 181 277 181 276 181 275 181 274 181 273 181 272 181 271 181 270 181 269 181 268 181 267 181 266 181 265 181 264 181 263 181 262 181 261 181 262 181 263 181 264 181 265 181 266 181 267 181 268 181 269 181 270 181 271 181 272 181 273 181 274 181 275 181 276 181 276 181 278 181 279 181 280 181 281 181 281 181 282 181 283 181 284 181 285 181 286 181 287 181 288 181 289 181 290 181 291 181 292 181 292 181 293 181 294 181 295 181 296 181 297 181 298 181 299 181 300 181 
112 0 0 0 0 1 342 447 -1 -1 1 7079 104 447 106 447 107 447 111 447 116 447 123 447 132 447 153 447 165 447 186 447 196 447 206 447 228 447 240 447 252 447 281 447 295 447 325 447 338 447 350 447 365 447 370 447 375 447 380 447 381 447 382 447 383 447 382 447 380 447 379 447 375 447 369 447 361 447 348 447 344 447 342 447 
112 0 0 0 0 1 337 103 -1 -1 1 6003 182 103 182 103 183 103 185 103 189 103 195 103 201 103 209 103 225 103 233 103 248 103 255 103 262 103 273 103 278 103 282 103 291 103 297 103 306 103 309 103 311 103 312 103 313 103 314 103 315 103 317 103 318 103 319 103 320 103 321 103 322 103 323 103 324 103 325 103 326 103 327 103 329 103 331 103 334 103 335 103 336 103 337 103 
112 0 0 0 0 2 449 116 1 4462 4 
112 0 0 0 0 2 283 383 0 3060 4 
112 0 0 0 0 2 83 449 0 1160 4 
112 0 0 0 0 2 383 83 1 1410 4 
112 0 0 0 0 2 416 482 1 804 4 
112 0 0 0 0 2 449 449 1 839 4 
112 0 0 0 0 2 216 449 0 1022 4 
112 0 0 0 0 2 83 149 0 816 4 
112 0 0 0 0 2 216 349 0 828 4 
112 0 0 0 0 2 549 383 1 793 4 
112 0 0 0 0 2 349 383 1 5060 3 
112 0 0 0 0 2 482 149 1 1454 4 
112 0 0 0 0 2 516 383 1 819 4 
112 0 0 0 0 2 249 183 0 1681 4 
112 0 0 0 0 2 283 216 0 4698 4 
112 0 0 0 0 2 149 116 0 1455 4 
112 0 0 0 0 2 83 83 0 968 4 
112 0 0 0 0 2 183 349 0 872 4 
112 0 0 0 0 2 549 316 1 777 4 
112 0 0 0 0 2 316 283 1 5419 2 
112 0 0 0 0 2 416 349 1 3368 4 
112 0 0 0 0 2 349 83 1 4848 4 
112 0 0 0 0 2 416 249 1 1413 4 
112 0 0 0 0 2 83 349 0 2075 4 
112 0 0 0 0 2 149 249 0 896 4 
112 0 0 0 0 2 449 83 1 2765 4 
112 0 0 0 0 2 349 516 1 4963 4 
112 0 0 0 0 2 149 83 0 1279 4 
112 0 0 0 0 2 116 316 0 985 4 
112 0 0 0 0 2 50 149 0 892 4 
112 0 0 0 0 2 482 50 1 1183 4 
112 0 0 0 0 2 183 383 0 1969 4 
112 0 0 0 0 1 599 599 -1 -1 1 7370 246 599 253 599 266 599 279 599 290 599 302 599 314 599 335 599 345 599 356 599 359 599 360 599 360 599 359 599 358 599 357 599 356 599 357 599 363 599 367 599 373 599 380 599 391 599 404 599 404 599 405 599 405 599 405 599 403 599 393 599 396 599 410 599 423 599 438 599 451 599 463 599 486 599 498 599 523 599 535 599 546 599 572 599 584 599 595 599 599 599 599 599 599 599 599 599 599 599 599 599 
112 0 0 0 0 1 297 397 -1 -1 0 2759 288 397 295 397 297 397 
112 0 0 0 0 1 368 383 -1 -1 1 2651 227 383 228 383 229 383 230 383 232 383 234 383 238 383 248 383 254 383 270 383 280 383 291 383 311 383 321 383 330 383 347 383 354 383 363 383 365 383 367 383 368 383 
112 0 0 0 0 1 223 236 -1 -1 0 2697 312 236 311 236 310 236 306 236 302 236 296 236 288 236 269 236 260 236 245 236 237 236 232 236 225 236 223 236 
112 0 0 0 0 1 538 400 -1 -1 1 2681 430 400 430 400 432 400 434 400 437 400 441 400 445 400 450 400 468 400 478 400 499 400 508 400 515 400 529 400 533 400 538 400 
112 0 0 0 0 1 0 580 -1 -1 0 2810 20 580 19 580 17 580 14 580 8 580 0 580 0 580 0 580 0 580 0 580 0 580 0 580 0 580 0 580 0 580 
112 0 0 0 0 1 22 599 -1 -1 0 2890 22 506 22 507 22 508 22 510 22 512 22 515 22 519 22 533 22 543 22 566 22 579 22 593 22 599 22 599 22 599 22 599 
112 0 0 0 0 1 392 221 -1 -1 1 3466 487 221 486 221 482 221 478 221 471 221 461 221 451 221 424 221 412 221 397 221 393 221 392 221 
112 0 0 0 0 1 222 597 -1 -1 0 2700 281 597 275 597 267 597 259 597 250 597 241 597 234 597 224 597 222 597 222 597 
112 0 0 0 0 1 435 83 -1 -1 1 2764 283 83 293 83 294 83 298 83 302 83 309 83 316 83 336 83 346 83 369 83 379 83 388 83 407 83 415 83 422 83 431 83 435 83 
112 0 0 0 0 1 62 123 -1 -1 0 2745 144 123 142 123 140 123 139 123 136 123 134 123 129 123 115 123 106 123 88 123 79 123 71 123 63 123 62 123 
112 0 0 0 0 1 111 36 -1 -1 0 3433 243 36 242 36 241 36 239 36 236 36 232 36 226 36 211 36 202 36 178 36 164 36 150 36 128 36 120 36 114 36 111 36 
112 0 0 0 0 1 357 256 -1 -1 1 3673 563 256 567 256 569 256 574 256 580 256 589 256 599 256 599 256 599 256 599 256 599 256 599 256 599 256 599 256 595 256 590 256 581 256 571 256 558 256 529 256 516 256 489 256 475 256 464 256 446 256 439 256 433 256 422 256 417 256 411 256 409 256 408 256 407 256 406 256 403 256 396 256 387 256 381 256 368 256 362 256 357 256 
112 0 0 0 0 1 477 486 -1 -1 1 2985 507 486 599 486 598 486 596 486 594 486 588 486 581 486 564 486 555 486 533 486 524 486 514 486 497 486 490 486 484 486 478 486 477 486 
112 0 0 0 0 1 0 378 -1 -1 0 2842 80 378 86 378 82 378 74 378 64 378 52 378 35 378 1 378 0 378 0 378 0 378 0 378 0 378 
112 0 0 0 0 1 326 139 -1 -1 1 2850 139 139 140 139 143 139 152 139 168 139 189 139 211 139 256 139 277 139 309 139 320 139 326 139 
112 0 0 0 0 2 283 50 0 6428 3 
112 0 0 0 0 2 349 416 1 2009 4 
112 0 0 0 0 2 482 316 1 919 4 
112 0 0 0 0 2 83 516 0 904 4 
112 0 0 0 0 2 216 549 0 1683 4 
112 0 0 0 0 2 416 416 1 918 4 
112 0 0 0 0 2 416 116 1 975 4 
112 0 0 0 0 2 83 316 0 799 4 
112 0 0 0 0 2 83 549 0 883 4 
112 0 0 0 0 2 83 416 0 806 4 
112 0 0 0 0 2 316 249 1 4135 3 
112 0 0 0 0 2 50 449 0 932 4 
112 0 0 0 0 2 383 549 1 1445 4 
112 0 0 0 0 2 516 283 1 935 4 
112 0 0 0 0 2 316 549 1 3983 4 
112 0 0 0 0 2 216 383 0 1744 4 
112 0 0 0 0 2 482 183 1 1048 4 
112 0 0 0 0 2 482 449 1 868 4 
112 0 0 0 0 2 482 116 1 1021 4 
112 0 0 0 0 2 549 216 1 675 4 
112 0 0 0 0 2 449 349 1 898 4 
112 0 0 0 0 2 116 149 0 1337 4 
112 0 0 0 0 2 183 216 0 763 4 
112 0 0 0 0 2 249 116 0 1609 4 
112 0 0 0 0 2 516 50 1 981 4 
112 0 0 0 0 2 116 83 0 714 4 
112 0 0 0 0 2 183 283 0 748 4 
112 0 0 0 0 2 283 183 0 4423 3 
112 0 0 0 0 2 416 149 1 1654 4 
112 0 0 0 0 2 83 482 0 1723 4 
112 0 0 0 0 2 249 283 0 1546 4 
112 0 0 0 0 2 316 516 0 5206 4 
112 0 0 0 0 1 7 515 -1 -1 0 4699 189 515 135 515 134 515 130 515 124 515 114 515 101 515 73 515 60 515 33 515 21 515 13 515 7 515 
112 0 0 0 0 1 492 530 -1 -1 1 2690 456 530 456 530 456 530 457 530 458 530 460 530 462 530 467 530 470 530 477 530 480 530 483 530 484 530 485 530 488 530 489 530 491 530 492 530 
112 0 0 0 0 1 71 507 -1 -1 0 2549 184 507 184 507 183 507 182 507 178 507 171 507 163 507 140 507 127 507 116 507 99 507 93 507 87 507 85 507 83 507 79 507 76 507 73 507 71 507 
112 0 0 0 0 1 542 51 -1 -1 1 2786 478 51 479 51 480 51 482 51 483 51 486 51 489 51 495 51 498 51 504 51 507 51 511 51 519 51 524 51 530 51 539 51 541 51 542 51 
112 0 0 0 0 1 0 142 -1 -1 0 2921 24 142 23 142 21 142 17 142 11 142 4 142 0 142 0 142 0 142 0 142 0 142 0 142 0 142 0 142 0 142 0 142 0 142 0 142 
112 0 0 0 0 1 255 327 -1 -1 0 2858 217 327 218 327 219 327 221 327 226 327 231 327 237 327 249 327 253 327 255 327 
112 0 0 0 0 1 138 67 -1 -1 0 2873 177 67 178 67 172 67 166 67 160 67 153 67 147 67 141 67 140 67 138 67 
112 0 0 0 0 1 148 456 -1 -1 0 2889 182 456 181 456 179 456 173 456 167 456 160 456 155 456 149 456 149 456 148 456 
112 0 0 0 0 1 384 272 -1 -1 1 2808 534 272 531 272 525 272 515 272 505 272 492 272 478 272 447 272 431 272 404 272 395 272 389 272 384 272 
112 0 0 0 0 1 393 395 -1 -1 1 2906 497 395 521 395 520 395 518 395 515 395 511 395 504 395 481 395 469 395 448 395 436 395 427 395 413 395 407 395 401 395 396 395 394 395 393 395 
112 0 0 0 0 1 33 412 -1 -1 0 2857 48 412 55 412 53 412 49 412 47 412 44 412 41 412 35 412 33 412 
112 0 0 0 0 1 541 256 -1 -1 1 2675 443 256 446 256 447 256 451 256 456 256 464 256 472 256 480 256 499 256 505 256 516 256 520 256 524 256 534 256 538 256 541 256 
112 0 0 0 0 1 28 114 -1 -1 0 3025 159 114 147 114 146 114 143 114 138 114 131 114 121 114 97 114 85 114 64 114 55 114 47 114 36 114 31 114 30 114 28 114 
112 0 0 0 0 1 327 396 -1 -1 1 3512 34 396 34 396 35 396 36 396 37 396 38 396 40 396 43 396 52 396 57 396 67 396 74 396 82 396 101 396 111 396 120 396 138 396 148 396 163 396 171 396 178 396 192 396 199 396 206 396 219 396 223 396 228 396 229 396 230 396 231 396 234 396 239 396 245 396 253 396 269 396 276 396 279 396 280 396 282 396 284 396 287 396 292 396 303 396 307 396 311 396 315 396 317 396 319 396 321 396 322 396 325 396 327 396 
112 0 0 0 0 1 231 406 -1 -1 0 4033 264 406 251 406 250 406 248 406 247 406 246 406 244 406 239 406 237 406 233 406 232 406 232 406 231 406 
112 0 0 0 0 1 328 366 -1 -1 1 3756 322 366 323 366 324 366 325 366 326 366 327 366 328 366 
112 0 0 0 0 2 50 349 0 3087 5 
112 0 0 0 0 2 50 183 0 1028 5 
112 0 0 0 0 2 349 549 1 3596 3 
112 0 0 0 0 2 316 183 0 3643 3 
112 0 0 0 0 2 516 116 1 1516 5 
112 0 0 0 0 2 349 249 1 3010 4 
112 0 0 0 0 2 349 316 1 5451 4 
112 0 0 0 0 2 449 416 1 1589 4 
112 0 0 0 0 2 50 216 0 1629 5 
112 0 0 0 0 2 116 549 0 1030 5 
112 0 0 0 0 2 149 216 0 805 5 
112 0 0 0 0 2 216 283 0 1007 5 
112 0 0 0 0 2 116 449 0 770 5 
112 0 0 0 0 2 383 283 1 1948 5 
112 0 0 0 0 2 549 149 1 1018 5 
112 0 0 0 0 2 249 449 0 1935 5 
112 0 0 0 0 2 349 283 1 3187 5 
112 0 0 0 0 2 482 549 1 832 5 
112 0 0 0 0 2 249 482 0 1344 5 
112 0 0 0 0 2 549 482 1 797 5 
112 0 0 0 0 2 283 549 0 2067 5 
112 0 0 0 0 2 349 183 1 4069 4 
112 0 0 0 0 2 482 283 1 1332 5 
112 0 0 0 0 2 50 383 0 1426 5 
112 0 0 0 0 2 50 116 0 1204 5 
112 0 0 0 0 2 316 482 0 3517 3 
112 0 0 0 0 2 549 349 1 2232 5 
112 0 0 0 0 2 83 50 0 1277 5 
112 0 0 0 0 2 482 416 1 4907 5 
112 0 0 0 0 2 83 283 0 1148 5 
112 0 0 0 0 2 116 50 0 1411 5 
112 0 0 0 0 2 183 482 0 1699 5 
112 0 0 0 0 1 282 179 -1 -1 0 15449 169 179 170 179 169 179 167 179 165 179 161 179 155 179 136 179 127 179 119 179 113 179 108 179 99 179 94 179 90 179 82 179 78 179 71 179 70 179 71 179 77 179 88 179 100 179 114 179 129 179 161 179 177 179 204 179 218 179 236 179 270 179 284 179 296 179 317 179 323 179 325 179 323 179 316 179 307 179 297 179 288 179 280 179 267 179 264 179 263 179 265 179 266 179 267 179 268 179 269 179 270 179 271 179 272 179 273 179 274 179 275 179 276 179 277 179 278 179 279 179 280 179 281 179 282 179 
112 0 0 0 0 1 343 480 -1 -1 1 7386 9 480 13 480 17 480 23 480 30 480 40 480 52 480 75 480 86 480 105 480 114 480 123 480 141 480 149 480 157 480 173 480 181 480 196 480 205 480 213 480 229 480 237 480 244 480 255 480 260 480 269 480 276 480 284 480 302 480 310 480 316 480 324 480 328 480 331 480 336 480 339 480 346 480 351 480 355 480 359 480 359 480 357 480 355 480 353 480 352 480 350 480 349 480 348 480 347 480 346 480 345 480 344 480 343 480 
112 0 0 0 0 1 311 361 -1 -1 1 10273 238 361 252 361 250 361 247 361 242 361 239 361 237 361 234 361 231 361 230 361 229 361 228 361 230 361 234 361 239 361 245 361 249 361 255 361 261 361 264 361 269 361 272 361 276 361 286 361 290 361 294 361 302 361 303 361 306 361 307 361 308 361 309 361 310 361 311 361 
112 0 0 0 0 1 285 553 -1 -1 0 7811 116 553 114 553 113 553 112 553 111 553 108 553 103 553 99 553 96 553 92 553 90 553 89 553 88 553 90 553 93 553 98 553 106 553 116 553 127 553 153 553 164 553 183 553 191 553 197 553 198 553 198 553 198 553 199 553 199 553 197 553 192 553 185 553 188 553 194 553 200 553 206 553 213 553 218 553 227 553 230 553 235 553 236 553 238 553 244 553 246 553 248 553 253 553 256 553 261 553 263 553 264 553 268 553 269 553 270 553 271 553 272 553 273 553 274 553 275 553 276 553 277 553 278 553 279 553 280 553 281 553 283 553 284 553 285 553 
112 0 0 0 0 1 310 543 -1 -1 1 5208 396 543 393 543 391 543 389 543 387 543 386 543 385 543 383 543 384 543 388 543 392 543 398 543 404 543 409 543 411 543 410 543 408 543 402 543 396 543 388 543 380 543 362 543 354 543 340 543 334 543 327 543 320 543 318 543 317 543 315 543 314 543 313 543 312 543 311 543 310 543 
112 0 0 0 0 1 289 405 -1 -1 0 3507 458 405 458 405 456 405 451 405 446 405 441 405 434 405 420 405 411 405 395 405 385 405 377 405 361 405 354 405 348 405 336 405 330 405 321 405 315 405 309 405 301 405 299 405 298 405 297 405 296 405 295 405 294 405 292 405 291 405 289 405 
112 0 0 0 0 1 347 456 -1 -1 1 3633 529 456 530 456 531 456 532 456 534 456 535 456 537 456 538 456 540 456 541 456 542 456 543 456 542 456 538 456 533 456 525 456 516 456 506 456 482 456 470 456 451 456 442 456 435 456 425 456 422 456 418 456 412 456 408 456 402 456 400 456 399 456 398 456 397 456 396 456 395 456 394 456 390 456 386 456 380 456 366 456 360 456 356 456 351 456 349 456 348 456 347 456 
112 0 0 0 0 1 295 316 -1 -1 0 3531 388 316 487 316 486 316 484 316 481 316 476 316 472 316 468 316 458 316 453 316 441 316 434 316 429 316 418 316 413 316 409 316 400 316 396 316 386 316 380 316 373 316 358 316 350 316 342 316 326 316 319 316 309 316 305 316 302 316 299 316 297 316 296 316 295 316 
112 0 0 0 0 1 339 377 -1 -1 1 4426 164 377 163 377 162 377 161 377 162 377 164 377 168 377 173 377 177 377 183 377 200 377 210 377 231 377 241 377 250 377 267 377 274 377 281 377 290 377 294 377 300 377 303 377 305 377 308 377 313 377 314 377 316 377 317 377 318 377 320 377 323 377 324 377 326 377 326 377 328 377 329 377 330 377 331 377 335 377 336 377 337 377 338 377 339 377 
112 0 0 0 0 1 368 121 -1 -1 1 4105 110 121 109 121 107 121 106 121 107 121 108 121 110 121 114 121 120 121 128 121 145 121 154 121 170 121 176 121 183 121 197 121 202 121 209 121 224 121 231 121 248 121 258 121 264 121 272 121 274 121 277 121 282 121 285 121 290 121 292 121 294 121 295 121 296 121 297 121 298 121 299 121 302 121 306 121 310 121 318 121 322 121 328 121 330 121 334 121 345 121 350 121 355 121 363 121 365 121 368 121 
112 0 0 0 0 1 235 68 -1 -1 0 2845 94 68 97 68 104 68 112 68 121 68 131 68 139 68 155 68 163 68 181 68 191 68 205 68 235 68 
112 0 0 0 0 1 350 230 -1 -1 1 5685 270 230 216 230 218 230 220 230 224 230 230 230 234 230 243 230 246 230 249 230 250 230 252 230 253 230 254 230 256 230 259 230 261 230 264 230 265 230 266 230 269 230 271 230 276 230 289 230 299 230 321 230 332 230 343 230 362 230 370 230 378 230 390 230 395 230 406 230 410 230 414 230 421 230 424 230 426 230 429 230 431 230 432 230 433 230 432 230 430 230 429 230 427 230 424 230 421 230 415 230 413 230 410 230 408 230 406 230 401 230 399 230 398 230 397 230 396 230 395 230 394 230 392 230 391 230 388 230 386 230 384 230 383 230 382 230 382 230 381 230 380 230 379 230 376 230 373 230 370 230 366 230 365 230 363 230 362 230 361 230 360 230 359 230 358 230 357 230 356 230 354 230 353 230 352 230 351 230 350 230 
112 0 0 0 0 1 300 397 -1 -1 1 3999 235 397 237 397 238 397 240 397 243 397 244 397 245 397 246 397 247 397 248 397 250 397 251 397 258 397 264 397 271 397 285 397 293 397 303 397 321 397 330 397 344 397 351 397 355 397 359 397 360 397 360 397 359 397 357 397 353 397 348 397 342 397 336 397 322 397 317 397 311 397 310 397 309 397 308 397 307 397 306 397 304 397 301 397 300 397 300 397 
112 0 0 0 0 1 266 463 -1 -1 0 3738 134 463 133 463 134 463 135 463 139 463 143 463 148 463 162 463 171 463 190 463 200 463 211 463 238 463 252 463 266 463 296 463 313 463 346 463 359 463 369 463 378 463 379 463 378 463 376 463 372 463 366 463 359 463 350 463 331 463 320 463 300 463 294 463 290 463 283 463 280 463 277 463 275 463 273 463 269 463 267 463 266 463 
112 0 0 0 0 1 406 259 -1 -1 1 3971 544 259 570 259 571 259 572 259 573 259 576 259 578 259 583 259 585 259 587 259 590 259 591 259 592 259 593 259 594 259 593 259 591 259 589 259 584 259 577 259 567 259 540 259 528 259 507 259 498 259 490 259 480 259 478 259 476 259 470 259 466 259 457 259 452 259 446 259 437 259 433 259 431 259 426 259 425 259 422 259 421 259 419 259 416 259 415 259 414 259 412 259 411 259 411 259 410 259 409 259 408 259 407 259 406 259 
112 0 0 0 0 1 315 135 -1 -1 1 3953 151 135 190 135 191 135 193 135 200 135 208 135 219 135 233 135 268 135 286 135 319 135 333 135 345 135 371 135 381 135 390 135 399 135 401 135 400 135 397 135 391 135 384 135 374 135 362 135 342 135 334 135 324 135 323 135 321 135 319 135 318 135 317 135 316 135 315 135 315 135 
112 0 0 0 0 2 383 449 1 3063 5 
112 0 0 0 0 2 383 149 1 937 5 
112 0 0 0 0 2 449 316 1 880 5 
112 0 0 0 0 2 516 149 1 1130 5 
112 0 0 0 0 2 449 50 1 927 5 
112 0 0 0 0 2 183 83 0 1457 5 
112 0 0 0 0 2 349 216 1 6972 4 
112 0 0 0 0 2 349 482 1 4352 3 
112 0 0 0 0 2 249 549 0 1990 5 
112 0 0 0 0 2 383 516 1 2087 4 
112 0 0 0 0 2 283 83 0 2733 5 
112 0 0 0 0 2 149 149 0 812 5 
112 0 0 0 0 2 83 183 0 684 5 
112 0 0 0 0 2 183 449 0 1046 5 
112 0 0 0 0 2 216 83 0 999 5 
112 0 0 0 0 2 149 482 0 843 5 
112 0 0 0 0 2 283 482 0 871 5 
112 0 0 0 0 2 383 416 1 1305 5 
112 0 0 0 0 2 149 283 0 888 5 
112 0 0 0 0 2 116 383 0 762 5 
112 0 0 0 0 2 449 216 1 1020 5 
112 0 0 0 0 2 50 416 0 1022 5 
112 0 0 0 0 2 283 416 0 2355 5 
112 0 0 0 0 2 50 50 0 749 5 
112 0 0 0 0 2 549 416 1 930 5 
112 0 0 0 0 2 482 349 1 1070 5 
112 0 0 0 0 2 316 449 0 1647 5 
112 0 0 0 0 2 549 83 1 784 5 
112 0 0 0 0 2 283 149 0 1594 5 
112 0 0 0 0 2 383 50 1 914 5 
112 0 0 0 0 2 549 183 1 920 5 
112 0 0 0 0 2 50 516 0 877 5 
