Subject 16 in condition 0
Training Condition: 0
Task: 0
Rule: [[[220, 300], [[2000, 0], [0, 9000]]], [[380, 300], [[2000, 0], [0, 9000]]]]
Noise: 0
CATA=0
CATB=1
Sample keys: 120 122
Resp keys: 307 309
Dim direction: 0 1
Dim minimum: 63 65
Test order: [2, 0, 1, 4, 7, 6, 3, 5]
16 0 0 0 0 1 60 373 -1 -1 0 24556 60 533 60 125 60 126 60 127 60 128 60 129 60 130 60 131 60 132 60 133 60 133 60 133 60 133 60 132 60 131 60 130 60 128 60 125 60 124 60 124 60 124 60 125 60 126 60 129 60 133 60 146 60 152 60 156 60 161 60 162 60 162 60 165 60 167 60 169 60 173 60 177 60 184 60 188 60 192 60 199 60 204 60 209 60 218 60 224 60 240 60 248 60 257 60 276 60 287 60 299 60 330 60 345 60 358 60 387 60 403 60 431 60 443 60 455 60 472 60 479 60 487 60 500 60 510 60 525 60 527 60 528 60 531 60 537 60 544 60 548 60 549 60 549 60 547 60 545 60 542 60 537 60 536 60 534 60 533 60 532 60 530 60 528 60 523 60 520 60 511 60 508 60 503 60 501 60 500 60 501 60 505 60 509 60 513 60 519 60 527 60 537 60 539 60 539 60 539 60 537 60 536 60 537 60 542 60 548 60 553 60 557 60 561 60 568 60 570 60 571 60 571 60 571 60 564 60 560 60 554 60 543 60 537 60 530 60 515 60 506 60 487 60 479 60 472 60 456 60 448 60 440 60 426 60 419 60 410 60 406 60 402 60 392 60 386 60 383 60 379 60 377 60 376 60 375 60 374 60 373 
16 0 0 0 0 1 599 381 -1 -1 1 14403 226 381 171 381 171 381 170 381 170 381 168 381 169 381 169 381 170 381 171 381 174 381 178 381 186 381 197 381 220 381 230 381 246 381 254 381 264 381 291 381 306 381 321 381 353 381 368 381 381 381 408 381 421 381 449 381 466 381 483 381 521 381 537 381 550 381 581 381 596 381 599 381 599 381 599 381 599 381 599 381 599 381 599 381 599 381 599 381 599 381 599 381 599 381 599 381 599 381 599 381 599 381 599 381 599 381 599 381 599 381 599 381 599 381 599 381 599 381 599 381 599 381 
16 0 0 0 0 1 383 144 -1 -1 1 21450 383 561 383 0 383 0 383 0 383 0 383 0 383 0 383 0 383 0 383 0 383 0 383 0 383 0 383 0 383 0 383 0 383 0 383 0 383 0 383 0 383 0 383 0 383 0 383 0 383 0 383 0 383 0 383 0 383 0 383 0 383 0 383 0 383 0 383 0 383 0 383 0 383 0 383 0 383 2 383 6 383 9 383 12 383 15 383 17 383 17 383 16 383 14 383 10 383 5 383 0 383 0 383 0 383 0 383 0 383 0 383 0 383 0 383 0 383 0 383 0 383 0 383 2 383 7 383 35 383 55 383 78 383 129 383 152 383 171 383 205 383 218 383 231 383 235 383 236 383 234 383 232 383 230 383 228 383 227 383 226 383 226 383 226 383 226 383 225 383 225 383 225 383 225 383 225 383 225 383 224 383 223 383 220 383 216 383 216 383 217 383 224 383 229 383 238 383 240 383 242 383 242 383 242 383 241 383 240 383 240 383 240 383 240 383 240 383 242 383 242 383 243 383 244 383 245 383 249 383 252 383 254 383 255 383 255 383 253 383 246 383 243 383 240 383 241 383 245 383 266 383 279 383 292 383 326 383 345 383 357 383 364 383 367 383 372 383 374 383 377 383 393 383 401 383 407 383 415 383 423 383 430 383 442 383 448 383 462 383 465 383 468 383 469 383 470 383 471 383 472 383 474 383 475 383 477 383 479 383 478 383 466 383 462 383 460 383 460 383 460 383 462 383 464 383 459 383 434 383 414 383 394 383 370 383 359 383 344 383 302 383 264 383 218 383 129 383 99 383 51 383 24 383 0 383 0 383 0 383 0 383 0 383 0 383 2 383 4 383 7 383 12 383 17 383 27 383 33 383 44 383 50 383 60 383 86 383 101 383 115 383 137 383 143 383 145 383 147 383 150 383 163 383 172 383 182 383 196 383 199 383 199 383 198 383 197 383 197 383 196 383 195 383 194 383 192 383 190 383 187 383 185 383 181 383 178 383 175 383 167 383 165 383 160 383 156 383 153 383 147 383 145 383 141 383 135 383 132 383 127 383 121 383 119 383 118 383 119 383 119 383 120 383 120 383 121 383 121 383 122 383 122 383 124 383 125 383 125 383 125 383 125 383 126 383 126 383 126 383 126 383 126 383 126 383 126 383 126 383 126 383 126 383 125 383 125 383 125 383 125 383 125 383 124 383 124 383 124 383 124 383 124 383 124 383 124 383 124 383 126 383 128 383 130 383 131 383 132 383 133 383 135 383 136 383 137 383 141 383 143 383 144 
16 0 0 0 0 1 537 139 -1 -1 1 15407 519 469 576 469 577 469 579 469 582 469 583 469 585 469 586 469 587 469 588 469 590 469 592 469 593 469 599 469 599 469 599 469 599 469 599 469 599 469 599 469 599 469 598 469 595 469 592 469 588 469 582 469 576 469 563 469 556 469 541 469 533 469 523 469 498 469 486 469 470 469 433 469 417 469 403 469 374 469 359 469 333 469 318 469 304 469 283 469 273 469 261 469 234 469 219 469 189 469 175 469 158 469 128 469 117 469 109 469 97 469 93 469 86 469 83 469 79 469 69 469 62 469 57 469 43 469 35 469 26 469 10 469 3 469 0 469 0 469 0 469 0 469 1 469 4 469 9 469 15 469 23 469 30 469 37 469 38 469 38 469 39 469 41 469 65 469 91 469 125 469 203 469 247 469 291 469 378 469 413 469 442 469 442 469 440 469 439 469 439 469 441 469 442 469 442 469 442 469 431 469 419 469 406 469 383 469 373 469 360 469 330 469 316 469 306 469 296 469 297 469 303 469 310 469 318 469 332 469 341 469 352 469 377 469 391 469 422 469 441 469 458 469 481 469 487 469 489 469 490 469 491 469 494 469 499 469 507 469 513 469 528 469 535 469 539 469 538 469 537 469 537 469 537 468 537 469 537 471 537 475 537 483 537 492 537 514 537 525 537 542 537 548 537 555 537 566 537 573 537 580 537 589 537 592 537 596 537 599 537 599 537 599 537 599 537 599 537 599 537 599 537 599 537 599 537 599 537 599 537 599 537 599 537 599 537 599 537 599 537 599 537 599 537 599 537 599 537 599 537 599 537 599 537 599 537 599 537 599 537 599 537 599 537 599 537 599 537 599 537 599 537 599 537 599 537 599 537 599 537 599 537 599 537 597 537 586 537 576 537 564 537 530 537 508 537 455 537 431 537 410 537 374 537 360 537 354 537 366 537 387 537 407 537 427 537 428 537 422 537 419 537 416 537 411 537 403 537 394 537 381 537 352 537 336 537 307 537 299 537 291 537 269 537 254 537 236 537 190 537 164 537 134 537 103 537 74 537 45 537 0 537 0 537 0 537 0 537 0 537 0 537 1 537 7 537 17 537 29 537 40 537 52 537 61 537 67 537 70 537 72 537 75 537 78 537 80 537 81 537 82 537 84 537 86 537 88 537 94 537 104 537 119 537 150 537 163 537 173 537 180 537 185 537 187 537 188 537 192 537 196 537 205 537 212 537 215 537 214 537 212 537 211 537 211 537 210 537 209 537 208 537 207 537 207 537 205 537 200 537 197 537 193 537 190 537 185 537 180 537 167 537 162 537 158 537 154 537 151 537 146 537 143 537 142 537 141 537 140 537 140 537 139 537 139 537 139 537 139 
16 0 0 0 0 1 0 0 -1 -1 0 22945 599 165 599 388 599 388 599 388 599 387 599 386 599 386 599 385 599 384 599 382 599 380 599 372 599 363 599 345 599 340 599 340 599 340 599 339 599 334 599 325 599 315 599 301 599 268 599 252 599 224 599 213 599 204 599 190 599 186 599 184 599 183 599 182 599 183 599 191 599 207 599 227 599 254 599 283 599 351 599 381 599 430 599 452 599 473 599 512 599 526 599 538 599 553 599 559 599 568 599 591 599 599 599 599 599 598 599 597 599 596 599 594 599 589 599 581 599 559 599 548 599 542 599 543 599 555 599 581 599 592 599 599 599 599 599 599 599 599 599 599 599 599 599 599 599 599 599 599 599 599 599 599 599 599 599 599 599 599 599 599 599 599 599 599 599 599 599 599 599 599 599 599 599 599 599 599 599 599 599 599 599 599 599 599 599 599 599 599 599 599 599 599 599 599 599 599 599 599 599 599 599 599 599 599 599 599 599 599 599 599 599 599 599 599 599 599 599 599 599 599 599 599 599 599 599 599 599 599 599 599 599 599 599 599 599 599 599 599 599 599 599 599 599 599 599 599 599 591 599 582 599 561 599 547 599 507 599 480 599 452 599 397 599 373 599 354 599 315 599 301 599 281 599 275 599 271 599 263 599 264 599 273 599 289 599 315 599 351 599 398 599 506 599 561 599 599 599 599 599 599 599 599 599 599 599 599 599 594 599 592 599 588 599 575 599 566 599 550 599 546 599 544 599 542 599 542 599 542 599 543 599 544 599 546 599 551 599 574 599 591 599 599 599 599 599 599 599 599 599 599 599 599 599 599 599 599 599 599 599 599 599 598 599 588 599 586 599 585 599 586 599 585 599 578 599 556 599 539 599 495 599 462 599 417 599 310 599 258 599 196 599 71 599 13 599 0 599 0 599 0 599 0 599 0 599 0 599 0 599 0 599 3 599 21 599 30 599 35 599 38 599 39 599 39 599 39 599 39 599 39 599 38 599 35 599 29 599 19 599 7 599 0 599 0 599 0 599 0 599 0 599 0 599 0 599 0 599 0 599 0 599 0 599 0 599 0 599 0 599 0 599 0 599 0 599 0 599 0 599 0 599 0 599 0 599 0 599 0 599 0 599 0 599 0 599 0 599 0 599 0 599 0 599 0 599 0 599 0 599 0 599 0 599 0 599 0 599 0 599 0 599 0 599 0 599 0 599 0 599 0 597 0 594 0 593 0 592 0 593 0 593 0 594 0 594 0 595 0 597 0 599 0 599 0 599 0 599 0 599 0 599 0 599 0 599 0 599 0 599 0 599 0 599 0 599 0 599 0 599 0 599 0 599 0 599 0 599 0 599 0 599 0 599 0 599 0 599 0 599 0 599 0 599 0 599 0 599 0 599 0 599 0 599 0 599 0 599 0 599 0 599 0 599 0 599 0 599 0 599 0 599 0 599 0 598 0 598 0 598 0 599 0 599 0 599 0 599 0 599 0 599 0 599 0 599 0 599 0 598 0 595 0 594 0 594 0 594 0 596 0 598 0 599 0 599 0 599 0 599 0 599 0 599 0 599 0 599 0 599 0 599 0 599 0 599 0 599 0 599 0 599 0 599 0 598 0 593 0 580 0 574 0 569 0 552 0 542 0 534 0 516 0 504 0 485 0 481 0 480 0 492 0 507 0 528 0 573 0 595 0 599 0 599 0 599 0 599 0 599 0 599 0 593 0 586 0 581 0 577 0 573 0 556 0 549 0 542 0 532 0 529 0 525 0 517 0 512 0 508 0 502 0 500 0 496 0 493 0 490 0 483 0 478 0 474 0 468 0 464 0 462 0 454 0 447 0 432 0 427 0 423 0 421 0 419 0 419 0 419 0 419 0 420 0 422 0 422 0 423 0 425 0 426 0 426 0 425 0 423 0 422 0 422 0 421 0 421 0 420 0 418 0 417 0 415 0 412 0 409 0 405 0 402 0 400 0 396 0 396 0 397 0 397 0 395 0 395 0 398 0 399 0 401 0 402 0 402 0 399 0 397 0 393 0 392 0 390 0 390 0 389 0 389 0 388 0 388 0 386 0 384 0 382 0 378 0 376 0 377 0 379 0 381 0 378 0 375 0 372 0 371 0 371 0 375 0 384 0 388 0 392 0 393 0 393 0 393 0 391 0 390 0 386 0 383 0 383 0 383 0 383 0 384 0 385 0 385 0 385 0 383 0 382 0 380 0 370 0 361 0 345 0 339 0 335 0 316 0 296 0 275 0 256 0 256 0 249 0 249 0 250 0 250 0 251 0 249 0 247 0 242 0 237 0 230 0 228 0 227 0 227 0 227 0 226 0 226 0 225 0 217 0 213 0 211 0 211 0 210 0 207 0 207 0 207 0 195 0 191 0 188 0 188 0 188 0 188 0 185 0 179 0 171 0 160 0 134 0 124 0 105 0 93 0 77 0 23 0 0 0 0 0 0 0 0 0 0 0 0 0 0 0 0 0 0 0 0 0 0 0 0 0 0 0 0 0 0 0 0 0 0 0 0 0 0 0 0 0 0 0 0 0 0 0 0 0 0 0 0 0 0 0 0 0 0 0 
16 0 0 0 0 1 28 599 -1 -1 0 12470 28 176 28 174 28 174 28 174 28 175 28 175 28 176 28 177 28 179 28 181 28 185 28 190 28 190 28 189 28 187 28 184 28 175 28 170 28 163 28 153 28 152 28 152 28 152 28 152 28 152 28 151 28 150 28 148 28 146 28 139 28 134 28 127 28 124 28 119 28 104 28 94 28 84 28 61 28 47 28 31 28 4 28 0 28 0 28 0 28 0 28 0 28 0 28 0 28 0 28 0 28 0 28 0 28 0 28 0 28 0 28 0 28 0 28 0 28 0 28 0 28 0 28 0 28 1 28 6 28 13 28 12 28 11 28 10 28 9 28 7 28 5 28 0 28 0 28 0 28 3 28 17 28 30 28 33 28 41 28 51 28 66 28 83 28 101 28 139 28 161 28 193 28 204 28 210 28 215 28 215 28 213 28 207 28 205 28 203 28 187 28 175 28 161 28 154 28 141 28 112 28 97 28 82 28 64 28 60 28 60 28 60 28 60 28 63 28 66 28 69 28 69 28 67 28 66 28 59 28 52 28 47 28 45 28 51 28 65 28 69 28 70 28 70 28 67 28 55 28 47 28 26 28 14 28 3 28 0 28 0 28 0 28 0 28 0 28 0 28 0 28 0 28 0 28 0 28 0 28 0 28 0 28 0 28 0 28 0 28 0 28 0 28 0 28 3 28 21 28 48 28 155 28 235 28 316 28 436 28 483 28 550 28 563 28 567 28 564 28 560 28 553 28 539 28 536 28 533 28 527 28 526 28 526 28 526 28 525 28 524 28 523 28 522 28 521 28 519 28 515 28 506 28 482 28 467 28 456 28 442 28 440 28 438 28 436 28 434 28 433 28 433 28 433 28 433 28 433 28 432 28 432 28 430 28 431 28 438 28 451 28 470 28 495 28 533 28 599 28 599 28 599 28 599 28 599 28 599 28 599 28 599 28 599 28 599 28 599 28 599 28 599 28 599 28 599 28 599 28 599 28 599 28 599 28 599 28 599 28 599 
16 0 0 0 0 1 132 505 -1 -1 0 15337 132 173 132 119 132 120 132 122 132 124 132 126 132 128 132 130 132 130 132 130 132 128 132 125 132 119 132 117 132 116 132 115 132 114 132 112 132 109 132 104 132 101 132 99 132 99 132 97 132 95 132 92 132 91 132 91 132 91 132 89 132 88 132 86 132 83 132 69 132 57 132 21 132 0 132 0 132 0 132 0 132 0 132 0 132 0 132 0 132 0 132 0 132 0 132 0 132 0 132 0 132 0 132 0 132 0 132 0 132 0 132 0 132 0 132 0 132 0 132 0 132 0 132 0 132 0 132 0 132 0 132 0 132 2 132 4 132 8 132 16 132 27 132 60 132 86 132 150 132 175 132 196 132 231 132 237 132 238 132 235 132 231 132 228 132 226 132 232 132 261 132 277 132 289 132 306 132 315 132 323 132 342 132 348 132 351 132 353 132 355 132 359 132 359 132 359 132 345 132 329 132 307 132 242 132 205 132 141 132 118 132 98 132 57 132 39 132 21 132 0 132 0 132 1 132 11 132 25 132 68 132 88 132 102 132 111 132 113 132 116 132 134 132 143 132 159 132 171 132 184 132 196 132 196 132 195 132 180 132 169 132 159 132 152 132 151 132 151 132 148 132 144 132 131 132 123 132 119 132 112 132 107 132 101 132 100 132 102 132 103 132 104 132 105 132 106 132 108 132 108 132 106 132 104 132 99 132 94 132 90 132 89 132 88 132 87 132 84 132 80 132 74 132 68 132 59 132 57 132 50 132 42 132 36 132 38 132 41 132 45 132 53 132 66 132 100 132 119 132 138 132 170 132 180 132 186 132 183 132 178 132 171 132 166 132 158 132 139 132 128 132 116 132 88 132 75 132 57 132 51 132 49 132 47 132 49 132 58 132 87 132 103 132 136 132 149 132 160 132 163 132 155 132 137 132 91 132 73 132 53 132 0 132 0 132 0 132 0 132 0 132 0 132 0 132 0 132 0 132 0 132 0 132 0 132 0 132 0 132 0 132 2 132 6 132 16 132 32 132 94 132 141 132 177 132 266 132 362 132 453 132 528 132 599 132 599 132 599 132 599 132 599 132 596 132 578 132 571 132 561 132 542 132 538 132 537 132 537 132 537 132 537 132 538 132 539 132 539 132 540 132 542 132 547 132 556 132 581 132 592 132 599 132 599 132 599 132 599 132 599 132 599 132 599 132 599 132 599 132 599 132 599 132 599 132 599 132 599 132 599 132 599 132 599 132 599 132 599 132 599 132 599 132 585 132 569 132 536 132 519 132 504 132 474 132 453 132 426 132 361 132 327 132 290 132 243 132 229 132 212 132 211 132 212 132 213 132 215 132 219 132 222 132 226 132 232 132 241 132 245 132 258 132 266 132 273 132 283 132 291 132 303 132 323 132 333 132 340 132 343 132 344 132 345 132 349 132 353 132 363 132 371 132 378 132 386 132 390 132 397 132 405 132 415 132 439 132 448 132 452 132 453 132 456 132 461 132 469 132 477 132 482 132 490 132 492 132 496 132 500 132 506 132 513 132 513 132 513 132 511 132 510 132 509 132 504 132 494 132 483 132 461 132 449 132 439 132 426 132 421 132 414 132 404 132 405 132 409 132 418 132 430 132 442 132 455 132 474 132 478 132 486 132 490 132 498 132 506 132 507 132 508 132 510 132 515 132 519 132 521 132 520 132 519 132 518 132 516 132 515 132 515 132 514 132 513 132 512 132 512 132 509 132 507 132 506 132 505 132 505 
16 0 0 0 0 1 599 0 -1 -1 1 8567 275 212 275 176 275 177 275 178 275 179 275 181 275 185 275 190 275 201 275 204 275 211 275 212 275 214 275 223 275 227 275 231 275 244 275 253 275 260 275 267 275 268 275 267 275 263 275 260 275 260 275 260 275 260 275 262 275 264 275 269 275 276 275 288 275 292 275 298 275 299 275 299 275 279 275 258 275 231 275 171 275 148 275 129 275 96 275 77 275 32 275 14 275 7 275 10 275 22 275 40 275 89 275 110 275 124 275 132 275 134 275 133 275 132 275 132 275 132 275 131 275 130 275 129 275 128 275 124 275 122 275 121 275 121 275 121 275 120 275 119 275 116 275 111 275 100 275 92 275 86 275 85 275 84 275 73 275 67 275 59 275 41 275 34 275 26 275 6 275 0 275 0 275 0 275 0 275 0 275 0 275 0 275 0 275 0 275 0 276 0 278 0 285 0 296 0 310 0 322 0 346 0 359 0 388 0 406 0 423 0 450 0 459 0 466 0 477 0 479 0 483 0 505 0 525 0 575 0 599 0 599 0 599 0 599 0 599 0 599 0 599 0 599 0 599 0 
16 0 0 0 0 1 0 0 -1 -1 0 17451 342 66 148 66 152 66 160 66 170 66 184 66 203 66 253 66 279 66 322 66 337 66 346 66 350 66 351 66 351 66 351 66 351 66 350 66 348 66 343 66 336 66 329 66 319 66 300 66 288 66 264 66 254 66 245 66 231 66 223 66 211 66 176 66 158 66 109 66 77 66 41 66 0 66 0 66 0 66 0 66 0 66 0 66 0 66 0 66 0 66 0 66 0 66 0 66 0 66 0 66 0 66 0 66 0 66 0 66 0 66 0 66 0 67 0 71 0 76 0 82 0 89 0 101 0 140 0 168 0 209 0 226 0 243 0 280 0 299 0 319 0 352 0 366 0 378 0 399 0 408 0 415 0 415 0 410 0 395 0 386 0 378 0 374 0 374 0 373 0 371 0 363 0 348 0 331 0 313 0 275 0 257 0 224 0 213 0 207 0 202 0 200 0 196 0 195 0 195 0 195 0 195 0 195 0 199 0 203 0 205 0 206 0 207 0 210 0 224 0 233 0 254 0 267 0 279 0 303 0 318 0 333 0 355 0 367 0 378 0 409 0 427 0 450 0 458 0 465 0 482 0 492 0 500 0 505 0 506 0 508 0 508 0 508 0 508 0 508 0 508 0 504 0 499 0 491 0 470 0 462 0 453 0 449 0 446 0 441 0 437 0 427 0 385 0 348 0 304 0 210 0 161 0 62 0 25 0 0 0 0 0 0 0 0 0 0 0 0 0 11 0 21 0 30 0 41 0 43 0 44 0 44 0 45 0 46 0 48 0 52 0 63 0 77 0 111 0 133 0 187 0 214 0 240 0 295 0 325 0 358 0 414 0 437 0 457 0 484 0 485 0 486 0 488 0 489 0 491 0 491 0 492 0 494 0 498 0 502 0 507 0 515 0 518 0 523 0 528 0 534 0 564 0 587 0 599 0 599 0 599 0 599 0 599 0 599 0 599 0 599 0 599 0 599 0 599 0 599 0 599 0 599 0 599 0 598 0 595 0 587 0 576 0 561 0 541 0 467 0 417 0 291 0 248 0 217 0 148 0 104 0 62 0 0 0 0 0 0 0 0 0 0 0 0 0 0 0 0 0 5 0 10 0 14 0 28 0 38 0 56 0 63 0 68 0 73 0 74 0 75 0 75 0 78 0 84 0 96 0 130 0 149 0 187 0 205 0 221 0 243 0 246 0 245 0 244 0 243 0 241 0 239 0 238 0 235 0 235 0 237 0 237 0 237 0 224 0 212 0 196 0 156 0 140 0 123 0 79 0 56 0 13 0 0 0 0 0 0 0 0 0 0 0 0 0 0 0 0 0 0 0 0 0 0 0 0 0 0 0 0 0 0 
16 0 0 0 0 1 597 0 -1 -1 1 7839 481 372 599 372 598 372 594 372 592 372 589 372 587 372 586 372 588 372 599 372 599 372 599 372 599 372 599 372 599 372 599 372 599 372 599 372 599 372 599 372 599 372 599 372 599 372 599 372 599 372 599 372 599 372 599 372 599 372 599 372 599 372 598 372 597 372 597 339 597 337 597 337 597 336 597 335 597 332 597 325 597 320 597 302 597 285 597 264 597 233 597 222 597 213 597 195 597 188 597 182 597 168 597 159 597 135 597 122 597 111 597 92 597 87 597 85 597 84 597 83 597 82 597 81 597 80 597 78 597 73 597 66 597 57 597 45 597 20 597 7 597 0 597 0 597 0 597 0 597 0 597 0 597 0 597 0 597 0 
16 0 0 0 0 1 170 396 -1 -1 0 6265 170 357 170 390 170 390 170 390 170 392 170 393 170 394 170 394 170 395 170 395 170 396 170 396 
16 0 0 0 0 1 0 0 -1 -1 0 8346 479 531 485 531 497 531 509 531 523 531 543 531 569 531 599 531 599 531 599 531 599 531 599 531 599 531 599 531 599 531 599 531 599 531 599 531 599 531 599 531 599 531 599 531 599 531 599 531 599 531 599 531 599 531 599 531 599 531 599 531 598 531 597 531 592 531 582 531 568 531 553 531 537 531 506 531 491 531 446 531 408 531 357 531 234 531 194 531 162 531 123 531 117 531 116 531 118 531 128 531 153 531 198 531 275 531 384 531 599 531 599 531 599 531 599 531 599 531 599 531 599 531 596 531 589 531 578 531 563 531 526 531 505 531 460 531 432 531 400 531 289 531 239 531 191 531 104 531 70 531 39 531 0 531 0 531 0 531 0 531 0 531 0 531 0 531 0 531 0 532 0 538 0 550 0 569 0 593 0 599 0 599 0 599 0 599 0 599 0 599 0 599 0 599 0 599 0 599 0 599 0 599 0 599 0 599 0 599 0 599 0 599 0 599 0 598 0 596 0 593 0 588 0 577 0 557 0 475 0 423 0 295 0 238 0 182 0 97 0 62 0 30 0 0 0 0 0 0 0 0 0 0 
16 0 0 0 0 1 598 172 -1 -1 1 4097 482 172 483 172 484 172 486 172 490 172 498 172 511 172 546 172 572 172 599 172 599 172 599 172 599 172 599 172 599 172 599 172 599 172 599 172 599 172 599 172 599 172 599 172 599 172 598 172 
16 0 0 0 0 1 410 244 -1 -1 1 4322 410 562 410 311 410 313 410 319 410 326 410 333 410 341 410 356 410 364 410 378 410 383 410 389 410 395 410 394 410 392 410 389 410 383 410 375 410 364 410 333 410 317 410 285 410 270 410 256 410 242 410 243 410 244 
16 0 0 0 0 1 400 0 -1 -1 1 7851 357 102 361 102 375 102 392 102 410 102 427 102 444 102 480 102 495 102 536 102 558 102 576 102 596 102 599 102 599 102 599 102 599 102 599 102 599 102 599 102 598 102 594 102 584 102 570 102 555 102 538 102 500 102 480 102 440 102 420 102 400 102 365 102 351 102 339 102 312 102 298 102 283 102 252 102 237 102 208 102 194 102 181 102 154 102 140 102 125 102 103 102 92 102 81 102 66 102 64 102 65 102 69 102 73 102 82 102 94 102 113 102 151 102 166 102 184 102 187 102 189 102 193 102 204 102 220 102 258 102 276 102 290 102 300 102 301 102 301 102 302 102 304 102 306 102 308 102 318 102 330 102 342 102 359 102 364 102 366 102 367 102 371 102 378 102 386 102 393 102 398 102 400 102 400 103 400 103 400 105 400 105 400 106 400 107 400 109 400 109 400 110 400 110 400 110 400 110 400 108 400 106 400 102 400 101 400 100 400 100 400 100 400 97 400 94 400 89 400 79 400 73 400 65 400 54 400 52 400 51 400 48 400 43 400 38 400 34 400 29 400 28 400 27 400 21 400 14 400 2 400 0 400 0 400 0 400 0 400 0 400 0 
16 0 0 0 0 1 560 0 -1 -1 1 5009 560 360 560 359 560 364 560 370 560 380 560 393 560 409 560 445 560 463 560 493 560 504 560 513 560 516 560 509 560 496 560 449 560 421 560 393 560 356 560 351 560 350 560 346 560 342 560 336 560 327 560 313 560 276 560 252 560 195 560 165 560 137 560 82 560 60 560 42 560 17 560 8 560 0 560 0 560 0 560 0 560 0 560 0 560 0 560 0 560 0 560 0 560 0 560 0 560 0 560 0 560 0 560 0 
16 0 0 0 0 2 349 83 1 6543 3 
16 0 0 0 0 2 216 349 0 5514 3 
16 0 0 0 0 2 149 83 0 6964 4 
16 0 0 0 0 2 482 50 1 3033 4 
16 0 0 0 0 2 149 249 0 4997 3 
16 0 0 0 0 2 549 383 1 2980 5 
16 0 0 0 0 2 283 383 1 5603 4 
16 0 0 0 0 2 316 283 1 2392 4 
16 0 0 0 0 2 449 83 1 2014 4 
16 0 0 0 0 2 83 449 0 2240 4 
16 0 0 0 0 2 83 149 0 2284 4 
16 0 0 0 0 2 183 349 0 3963 3 
16 0 0 0 0 2 516 383 1 1740 4 
16 0 0 0 0 2 249 183 1 3024 3 
16 0 0 0 0 2 416 249 1 2987 4 
16 0 0 0 0 2 116 316 0 2680 3 
16 0 0 0 0 2 50 149 0 1952 4 
16 0 0 0 0 2 549 316 1 1717 4 
16 0 0 0 0 2 149 116 0 3573 3 
16 0 0 0 0 2 216 449 1 4233 4 
16 0 0 0 0 2 416 482 1 1729 5 
16 0 0 0 0 2 183 383 0 5433 3 
16 0 0 0 0 2 349 516 1 1806 4 
16 0 0 0 0 2 283 216 1 3576 4 
16 0 0 0 0 2 416 349 1 1711 4 
16 0 0 0 0 2 482 149 1 1556 5 
16 0 0 0 0 2 449 116 1 1529 5 
16 0 0 0 0 2 449 449 1 1222 5 
16 0 0 0 0 2 83 83 0 1766 4 
16 0 0 0 0 2 83 349 0 1515 5 
16 0 0 0 0 2 349 383 1 1654 4 
16 0 0 0 0 2 383 83 1 1543 4 
16 0 0 0 0 1 243 496 -1 -1 0 12659 243 58 243 10 243 11 243 12 243 13 243 14 243 16 243 17 243 18 243 19 243 20 243 21 243 22 243 24 243 26 243 29 243 34 243 35 243 37 243 42 243 44 243 45 243 46 243 48 243 52 243 54 243 56 243 62 243 72 243 88 243 129 243 152 243 188 243 205 243 222 243 249 243 258 243 268 243 294 243 306 243 316 243 328 243 330 243 330 243 331 243 332 243 336 243 342 243 350 243 359 243 376 243 385 243 407 243 418 243 429 243 445 243 451 243 454 243 455 243 456 243 457 243 460 243 462 243 467 243 469 243 470 243 471 243 472 243 476 243 485 243 503 243 524 243 560 243 568 243 571 243 572 243 574 243 586 243 591 243 593 243 593 243 589 243 585 243 579 243 569 243 543 243 529 243 507 243 499 243 491 243 477 243 470 243 462 243 442 243 430 243 419 243 402 243 398 243 399 243 401 243 405 243 411 243 417 243 424 243 434 243 439 243 445 243 452 243 458 243 469 243 473 243 477 243 484 243 488 243 490 243 495 243 496 243 497 243 500 243 505 243 507 243 506 243 505 243 503 243 501 243 499 243 497 243 492 243 490 243 489 243 488 243 489 243 491 243 492 243 493 243 494 243 495 243 496 
16 0 0 0 0 1 346 143 -1 -1 1 8362 346 281 346 114 346 113 346 112 346 111 346 109 346 105 346 95 346 90 346 81 346 74 346 65 346 53 346 53 346 53 346 54 346 55 346 56 346 57 346 59 346 61 346 65 346 68 346 75 346 76 346 79 346 82 346 88 346 93 346 97 346 100 346 103 346 108 346 112 346 117 346 122 346 124 346 126 346 126 346 126 346 126 346 125 346 124 346 123 346 117 346 112 346 105 346 98 346 91 346 89 346 88 346 87 346 87 346 90 346 92 346 95 346 102 346 106 346 117 346 124 346 132 346 147 346 155 346 165 346 177 346 179 346 180 346 181 346 181 346 181 346 181 346 181 346 180 346 180 346 180 346 180 346 179 346 179 346 179 346 178 346 177 346 177 346 177 346 177 346 177 346 177 346 177 346 177 346 177 346 177 346 177 346 177 346 177 346 177 346 177 346 177 346 177 346 177 346 177 346 176 346 176 346 176 346 176 346 176 346 176 346 176 346 177 346 177 346 177 346 178 346 178 346 178 346 178 346 178 346 177 346 176 346 175 346 167 346 165 346 164 346 164 346 164 346 164 346 163 346 161 346 152 346 148 346 147 346 148 346 152 346 159 346 160 346 160 346 156 346 155 346 153 346 152 346 151 346 149 346 148 346 146 346 146 346 146 346 144 346 143 346 142 346 141 346 140 346 138 346 137 346 137 346 136 346 134 346 134 346 133 346 133 346 133 346 133 346 133 346 133 346 133 346 133 346 133 346 133 346 133 346 133 346 133 346 133 346 134 346 134 346 134 346 134 346 134 346 134 346 134 346 134 346 134 346 136 346 137 346 138 346 138 346 139 346 140 346 141 346 141 346 143 
16 0 0 0 0 1 372 599 -1 -1 1 6675 372 216 372 61 372 62 372 63 372 64 372 64 372 64 372 64 372 60 372 53 372 42 372 38 372 32 372 29 372 28 372 27 372 27 372 27 372 26 372 25 372 23 372 20 372 18 372 12 372 6 372 0 372 0 372 0 372 0 372 0 372 0 372 0 372 3 372 11 372 36 372 53 372 76 372 126 372 150 372 199 372 219 372 237 372 264 372 277 372 288 372 304 372 313 372 333 372 347 372 359 372 378 372 384 372 390 372 408 372 421 372 438 372 476 372 495 372 524 372 533 372 536 372 539 372 544 372 550 372 570 372 583 372 599 372 599 372 599 372 599 372 599 372 599 372 599 372 599 372 599 372 599 372 599 372 599 372 599 372 599 372 599 372 599 372 599 372 599 
16 0 0 0 0 1 487 380 -1 -1 1 11776 487 305 487 0 487 1 487 2 487 6 487 17 487 33 487 67 487 81 487 103 487 113 487 129 487 157 487 169 487 177 487 181 487 182 487 183 487 188 487 196 487 213 487 227 487 242 487 269 487 279 487 287 487 293 487 295 487 296 487 296 487 296 487 290 487 283 487 272 487 232 487 205 487 174 487 103 487 66 487 0 487 0 487 0 487 0 487 0 487 6 487 34 487 50 487 63 487 87 487 94 487 103 487 105 487 105 487 106 487 104 487 100 487 94 487 92 487 85 487 80 487 76 487 70 487 66 487 62 487 45 487 35 487 24 487 0 487 0 487 0 487 0 487 0 487 0 487 0 487 0 487 0 487 0 487 0 487 0 487 0 487 0 487 0 487 0 487 0 487 0 487 0 487 0 487 1 487 5 487 14 487 31 487 56 487 101 487 254 487 322 487 382 487 398 487 409 487 420 487 422 487 425 487 432 487 432 487 429 487 417 487 408 487 398 487 398 487 396 487 393 487 386 487 374 487 358 487 327 487 310 487 278 487 263 487 251 487 238 487 236 487 236 487 236 487 235 487 235 487 234 487 234 487 233 487 233 487 233 487 232 487 232 487 231 487 230 487 228 487 226 487 222 487 216 487 199 487 186 487 164 487 157 487 152 487 146 487 144 487 141 487 132 487 128 487 125 487 122 487 122 487 122 487 122 487 123 487 125 487 127 487 128 487 130 487 130 487 132 487 136 487 138 487 140 487 146 487 147 487 148 487 158 487 173 487 187 487 195 487 198 487 198 487 198 487 198 487 198 487 197 487 198 487 199 487 200 487 200 487 201 487 202 487 203 487 204 487 204 487 204 487 204 487 204 487 204 487 203 487 203 487 202 487 201 487 201 487 200 487 199 487 195 487 190 487 189 487 187 487 186 487 185 487 184 487 184 487 184 487 184 487 185 487 186 487 190 487 192 487 191 487 191 487 194 487 202 487 204 487 204 487 205 487 206 487 207 487 210 487 213 487 220 487 222 487 225 487 232 487 235 487 236 487 236 487 236 487 234 487 228 487 222 487 220 487 219 487 219 487 219 487 222 487 230 487 241 487 254 487 287 487 297 487 305 487 319 487 323 487 328 487 331 487 336 487 344 487 345 487 344 487 338 487 334 487 329 487 317 487 313 487 312 487 310 487 309 487 309 487 309 487 309 487 309 487 312 487 313 487 315 487 317 487 319 487 323 487 342 487 355 487 365 487 378 487 380 487 381 487 378 487 372 487 367 487 367 487 367 487 368 487 369 487 370 487 370 487 372 487 374 487 376 487 378 487 379 487 380 
16 0 0 0 0 1 184 530 -1 -1 0 7712 466 530 484 530 483 530 481 530 478 530 473 530 466 530 458 530 442 530 436 530 425 530 421 530 418 530 410 530 406 530 402 530 399 530 398 530 397 530 396 530 395 530 394 530 393 530 391 530 381 530 375 530 366 530 341 530 331 530 316 530 309 530 303 530 297 530 293 530 287 530 276 530 271 530 268 530 255 530 241 530 207 530 195 530 191 530 192 530 191 530 191 530 191 530 189 530 188 530 188 530 187 530 186 530 185 530 185 530 184 530 184 530 
16 0 0 0 0 1 153 598 -1 -1 0 10099 17 221 0 221 1 221 2 221 4 221 5 221 5 221 5 221 0 221 0 221 0 221 0 221 0 221 0 221 0 221 0 221 0 221 0 221 0 221 0 221 0 221 0 221 0 221 0 221 0 221 0 221 0 221 0 221 0 221 0 221 0 221 2 221 7 221 15 221 26 221 40 221 84 221 108 221 154 221 169 221 177 221 176 221 174 221 170 221 166 221 162 221 159 221 157 221 156 221 155 221 154 221 153 221 153 229 153 232 153 238 153 244 153 251 153 257 153 265 153 268 153 270 153 270 153 267 153 259 153 256 153 252 153 249 153 250 153 253 153 257 153 260 153 268 153 275 153 282 153 287 153 287 153 287 153 286 153 287 153 289 153 293 153 301 153 315 153 335 153 382 153 406 153 452 153 473 153 493 153 536 153 554 153 569 153 595 153 599 153 599 153 599 153 599 153 599 153 599 153 598 
16 0 0 0 0 1 402 498 -1 -1 1 7083 402 25 402 0 402 3 402 6 402 10 402 13 402 14 402 15 402 15 402 15 402 15 402 15 402 15 402 15 402 16 402 23 402 30 402 36 402 42 402 45 402 46 402 37 402 25 402 2 402 0 402 0 402 0 402 0 402 0 402 0 402 0 402 0 402 0 402 0 402 0 402 0 402 0 402 0 402 0 402 0 402 0 402 4 402 25 402 48 402 80 402 168 402 218 402 272 402 342 402 362 402 417 402 438 402 458 402 485 402 494 402 501 402 504 402 504 402 503 402 502 402 501 402 498 
16 0 0 0 0 1 599 355 -1 -1 1 5185 264 355 124 355 127 355 136 355 149 355 172 355 200 355 238 355 281 355 299 355 325 355 337 355 348 355 359 355 359 355 359 355 357 355 357 355 360 355 380 355 393 355 427 355 445 355 467 355 509 355 528 355 545 355 571 355 581 355 596 355 599 355 599 355 599 355 599 355 599 355 599 355 599 355 599 355 599 355 599 355 599 355 599 355 599 355 599 355 599 355 599 355 599 355 599 355 599 355 
16 0 0 0 0 1 79 7 -1 -1 0 4585 79 134 79 0 79 0 79 0 79 1 79 2 79 3 79 5 79 6 79 7 
16 0 0 0 0 1 174 311 -1 -1 0 6531 172 294 172 294 172 294 172 294 172 294 172 294 171 294 171 294 171 294 171 294 171 294 172 294 172 294 172 294 172 294 172 294 174 294 174 294 174 294 174 295 174 295 174 295 174 297 174 299 174 300 174 303 174 304 174 307 174 308 174 309 174 309 174 309 174 309 174 310 174 311 174 311 
16 0 0 0 0 1 74 1 -1 -1 0 5049 47 1 48 1 50 1 53 1 56 1 60 1 62 1 67 1 71 1 75 1 76 1 77 1 76 1 75 1 74 1 74 1 74 1 
16 0 0 0 0 1 312 489 -1 -1 1 6794 274 383 40 383 41 383 42 383 44 383 46 383 49 383 53 383 57 383 66 383 70 383 73 383 73 383 73 383 73 383 76 383 83 383 92 383 107 383 112 383 129 383 139 383 147 383 169 383 179 383 187 383 195 383 198 383 201 383 210 383 218 383 238 383 249 383 260 383 274 383 280 383 286 383 295 383 298 383 304 383 307 383 309 383 312 383 312 385 312 386 312 386 312 382 312 384 312 392 312 401 312 409 312 416 312 426 312 444 312 452 312 468 312 478 312 485 312 491 312 491 312 491 312 490 312 489 312 489 312 489 
16 0 0 0 0 1 275 599 -1 -1 0 6264 186 558 0 558 16 558 33 558 51 558 69 558 90 558 143 558 170 558 207 558 214 558 213 558 216 558 227 558 242 558 256 558 267 558 273 558 275 558 275 558 275 560 275 565 275 572 275 579 275 587 275 599 275 599 275 599 275 599 275 599 275 599 275 599 275 599 275 599 275 599 275 599 275 599 275 599 275 599 275 599 275 599 275 599 
16 0 0 0 0 1 558 0 -1 -1 1 6833 542 67 17 67 19 67 23 67 27 67 31 67 33 67 37 67 41 67 50 67 54 67 58 67 61 67 64 67 77 67 97 67 121 67 146 67 174 67 248 67 279 67 325 67 344 67 362 67 383 67 385 67 386 67 392 67 400 67 413 67 442 67 455 67 479 67 485 67 487 67 490 67 495 67 504 67 528 67 539 67 555 67 557 67 558 67 558 67 558 67 558 67 558 67 558 66 558 66 558 63 558 60 558 53 558 50 558 45 558 31 558 22 558 13 558 0 558 0 558 0 558 0 558 0 558 0 558 0 558 0 558 0 558 0 558 0 558 0 
16 0 0 0 0 1 37 8 -1 -1 0 5008 37 20 37 0 37 0 37 2 37 2 37 2 37 2 37 4 37 4 37 7 37 8 37 8 37 8 
16 0 0 0 0 1 99 560 -1 -1 0 4269 99 191 99 191 99 191 99 193 99 197 99 203 99 207 99 209 99 209 99 209 99 209 99 209 99 209 99 209 99 210 99 213 99 216 99 222 99 225 99 230 99 234 99 238 99 245 99 249 99 255 99 275 99 290 99 308 99 349 99 371 99 425 99 453 99 478 99 519 99 534 99 547 99 563 99 563 99 562 99 561 99 560 
16 0 0 0 0 2 249 283 1 6027 3 
16 0 0 0 0 2 83 416 0 2142 3 
16 0 0 0 0 2 83 482 0 1447 3 
16 0 0 0 0 2 216 383 1 4920 3 
16 0 0 0 0 2 482 449 1 1797 4 
16 0 0 0 0 2 83 516 0 3319 4 
16 0 0 0 0 2 383 549 1 1983 4 
16 0 0 0 0 2 183 216 0 3278 3 
16 0 0 0 0 2 83 316 0 2013 4 
16 0 0 0 0 2 316 549 1 1827 3 
16 0 0 0 0 2 349 416 1 1666 4 
16 0 0 0 0 2 116 83 0 5150 3 
16 0 0 0 0 2 216 549 1 4409 3 
16 0 0 0 0 2 482 183 1 2406 4 
16 0 0 0 0 2 516 283 1 8628 5 
16 0 0 0 0 2 482 316 1 2991 4 
16 0 0 0 0 2 316 516 1 2235 4 
16 0 0 0 0 2 416 416 1 2115 5 
16 0 0 0 0 2 416 149 1 1696 5 
16 0 0 0 0 2 549 216 1 1513 4 
16 0 0 0 0 2 416 116 1 1603 4 
16 0 0 0 0 2 116 149 0 2803 3 
16 0 0 0 0 2 316 249 1 1483 4 
16 0 0 0 0 2 449 349 1 1309 4 
16 0 0 0 0 2 516 50 1 1274 5 
16 0 0 0 0 2 83 549 0 1940 3 
16 0 0 0 0 2 50 449 0 1267 4 
16 0 0 0 0 2 283 183 1 1353 3 
16 0 0 0 0 2 249 116 1 1296 3 
16 0 0 0 0 2 283 50 1 1568 3 
16 0 0 0 0 2 183 283 1 2876 3 
16 0 0 0 0 2 482 116 1 1345 4 
16 0 0 0 0 1 256 34 -1 -1 0 16829 256 35 256 39 256 41 256 43 256 46 256 48 256 50 256 52 256 53 256 53 256 53 256 53 256 52 256 49 256 48 256 47 256 47 256 46 256 45 256 45 256 44 256 41 256 39 256 34 256 34 256 34 
16 0 0 0 0 1 45 489 -1 -1 0 8283 45 61 45 0 45 2 45 5 45 6 45 8 45 9 45 9 45 9 45 8 45 7 45 6 45 4 45 4 45 4 45 3 45 3 45 3 45 3 45 3 45 3 45 3 45 4 45 4 45 7 45 12 45 29 45 42 45 58 45 98 45 122 45 147 45 204 45 233 45 279 45 294 45 307 45 334 45 350 45 367 45 403 45 421 45 461 45 477 45 486 45 489 
16 0 0 0 0 1 116 393 -1 -1 0 5370 90 134 0 134 0 134 1 134 3 134 6 134 11 134 20 134 40 134 47 134 54 134 54 134 59 134 69 134 79 134 87 134 91 134 92 134 93 134 97 134 101 134 105 134 106 134 107 134 107 134 109 134 111 134 113 134 115 134 116 134 116 135 116 135 116 137 116 143 116 151 116 163 116 189 116 200 116 214 116 222 116 229 116 235 116 239 116 245 116 260 116 270 116 281 116 306 116 317 116 342 116 355 116 367 116 388 116 393 
16 0 0 0 0 1 21 87 -1 -1 0 4506 21 243 21 57 21 61 21 65 21 68 21 71 21 75 21 80 21 82 21 85 21 86 21 87 21 87 
16 0 0 0 0 1 140 599 -1 -1 0 5961 113 539 112 539 114 539 115 539 118 539 123 539 129 539 142 539 149 539 163 539 167 539 169 539 168 539 167 539 165 539 164 539 164 539 163 539 160 539 159 539 156 539 153 539 149 539 142 539 141 539 140 539 140 540 140 546 140 559 140 578 140 599 140 599 140 599 140 599 140 599 140 599 140 599 140 599 140 599 140 599 140 599 140 599 140 599 140 599 140 599 140 599 140 599 140 599 
16 0 0 0 0 1 545 453 -1 -1 1 5962 492 408 96 408 94 408 89 408 82 408 72 408 61 408 36 408 24 408 0 408 0 408 0 408 0 408 0 408 2 408 11 408 28 408 54 408 100 408 175 408 355 408 431 408 506 408 519 408 522 408 524 408 528 408 533 408 539 408 543 408 545 408 545 409 545 411 545 413 545 417 545 422 545 427 545 437 545 443 545 451 545 453 545 454 545 454 545 452 545 452 545 451 545 451 545 451 545 452 545 452 545 452 545 453 545 453 
16 0 0 0 0 1 195 106 -1 -1 0 7753 195 444 195 0 195 6 195 15 195 23 195 31 195 37 195 49 195 57 195 73 195 79 195 87 195 101 195 105 195 106 195 106 
16 0 0 0 0 1 67 521 -1 -1 0 4139 67 482 67 249 67 250 67 257 67 268 67 283 67 299 67 342 67 363 67 416 67 445 67 472 67 511 67 519 67 521 
16 0 0 0 0 1 66 599 -1 -1 0 3865 66 166 66 170 66 180 66 192 66 204 66 216 66 226 66 247 66 256 66 270 66 277 66 283 66 296 66 308 66 321 66 355 66 372 66 388 66 444 66 498 66 599 66 599 66 599 66 599 66 599 66 599 66 599 66 599 66 599 66 599 
16 0 0 0 0 1 573 365 -1 -1 1 4305 573 192 573 0 573 18 573 47 573 84 573 119 573 157 573 246 573 284 573 334 573 349 573 358 573 365 573 365 
16 0 0 0 0 1 261 362 -1 -1 0 5059 261 273 261 0 261 12 261 34 261 71 261 116 261 159 261 233 261 262 261 309 261 329 261 345 261 362 
16 0 0 0 0 1 453 599 -1 -1 1 4082 453 385 453 242 453 240 453 240 453 241 453 251 453 270 453 303 453 351 453 466 453 512 453 543 453 579 453 588 453 594 453 599 453 599 453 599 453 599 453 599 453 599 453 599 453 599 453 599 453 599 453 599 453 599 453 599 453 599 453 599 453 599 
16 0 0 0 0 1 541 286 -1 -1 1 3380 541 513 541 0 541 4 541 12 541 23 541 36 541 54 541 97 541 119 541 164 541 188 541 213 541 258 541 273 541 281 541 286 
16 0 0 0 0 1 123 0 -1 -1 0 3811 123 249 123 247 123 247 123 246 123 244 123 240 123 233 123 224 123 199 123 186 123 160 123 146 123 136 123 132 123 130 123 129 123 123 123 116 123 107 123 76 123 56 123 13 123 0 123 0 123 0 123 0 123 0 123 0 123 0 
16 0 0 0 0 1 579 599 -1 -1 1 3162 579 165 579 170 579 184 579 208 579 242 579 284 579 341 579 460 579 509 579 599 579 599 579 599 579 599 579 599 579 599 579 599 579 599 579 599 579 599 
16 0 0 0 0 1 589 13 -1 -1 1 3778 589 596 589 590 589 582 589 578 589 579 589 586 589 599 589 599 589 599 589 599 589 599 589 599 589 599 589 599 589 599 589 599 589 599 589 599 589 599 589 599 589 599 589 599 589 599 589 599 589 599 589 599 589 599 589 599 589 587 589 568 589 534 589 399 589 282 589 20 589 0 589 0 589 0 589 0 589 0 589 0 589 0 589 0 589 1 589 3 589 7 589 10 589 13 
16 0 0 0 0 2 283 116 0 5448 4 
16 0 0 0 0 2 449 549 1 3064 4 
16 0 0 0 0 2 316 316 0 4275 4 
16 0 0 0 0 2 516 549 1 1885 4 
16 0 0 0 0 2 482 249 1 2373 4 
16 0 0 0 0 2 416 516 1 4001 4 
16 0 0 0 0 2 383 183 0 4716 4 
16 0 0 0 0 2 149 50 0 2130 4 
16 0 0 0 0 2 283 249 0 9583 4 
16 0 0 0 0 2 482 516 1 2195 4 
16 0 0 0 0 2 183 116 0 3958 4 
16 0 0 0 0 2 50 482 0 1853 5 
16 0 0 0 0 2 149 316 0 2017 5 
16 0 0 0 0 2 249 516 0 4233 4 
16 0 0 0 0 2 416 216 1 2290 4 
16 0 0 0 0 2 216 482 0 5381 4 
16 0 0 0 0 2 316 349 0 10793 3 
16 0 0 0 0 2 50 316 0 1872 4 
16 0 0 0 0 2 349 116 1 2511 4 
16 0 0 0 0 2 516 183 1 1423 5 
16 0 0 0 0 2 383 216 1 1929 4 
16 0 0 0 0 2 416 449 1 1232 4 
16 0 0 0 0 2 316 216 0 4722 4 
16 0 0 0 0 2 183 50 0 1586 5 
16 0 0 0 0 2 416 183 1 6362 4 
16 0 0 0 0 2 50 249 0 1484 5 
16 0 0 0 0 2 149 516 0 1559 5 
16 0 0 0 0 2 216 50 0 4364 4 
16 0 0 0 0 2 249 349 0 1796 5 
16 0 0 0 0 2 516 482 1 1690 5 
16 0 0 0 0 2 249 149 0 6779 3 
16 0 0 0 0 2 216 416 0 1921 3 
16 0 0 0 0 1 199 388 -1 -1 0 25524 199 520 199 192 199 203 199 217 199 231 199 247 199 266 199 300 199 314 199 345 199 360 199 374 199 388 
16 0 0 0 0 1 191 540 -1 -1 0 5691 191 587 191 587 191 589 191 588 191 585 191 578 191 569 191 559 191 552 191 544 191 543 191 542 191 541 191 540 
16 0 0 0 0 1 94 191 -1 -1 0 4243 94 101 94 104 94 108 94 114 94 120 94 129 94 140 94 162 94 175 94 200 94 210 94 217 94 223 94 223 94 221 94 213 94 208 94 203 94 195 94 194 94 192 94 191 94 191 
16 0 0 0 0 1 500 599 -1 -1 1 5620 421 431 375 431 375 431 375 431 378 431 383 431 392 431 403 431 415 431 441 431 451 431 459 431 460 431 461 431 465 431 471 431 480 431 489 431 500 431 500 440 500 443 500 446 500 449 500 451 500 454 500 459 500 461 500 467 500 471 500 474 500 488 500 495 500 504 500 518 500 524 500 531 500 546 500 556 500 586 500 599 500 599 500 599 500 599 500 599 500 599 500 599 500 599 500 599 500 599 500 599 500 599 
16 0 0 0 0 1 427 36 -1 -1 1 5027 427 33 427 0 427 2 427 4 427 7 427 11 427 15 427 20 427 22 427 28 427 32 427 35 427 36 
16 0 0 0 0 1 146 412 -1 -1 0 4946 146 284 146 285 146 289 146 297 146 308 146 322 146 335 146 355 146 361 146 371 146 377 146 381 146 387 146 390 146 397 146 410 146 412 
16 0 0 0 0 1 295 487 -1 -1 0 5362 264 487 265 487 269 487 275 487 284 487 295 487 306 487 320 487 322 487 325 487 330 487 336 487 345 487 347 487 348 487 349 487 349 487 348 487 346 487 344 487 341 487 339 487 338 487 337 487 335 487 327 487 321 487 317 487 315 487 313 487 312 487 311 487 310 487 308 487 306 487 303 487 300 487 298 487 296 487 295 487 
16 0 0 0 0 1 299 599 -1 -1 0 10828 290 483 291 483 292 483 294 483 299 483 302 483 305 483 308 483 308 483 309 483 310 483 311 483 312 483 313 483 312 483 311 483 310 483 309 483 308 483 307 483 306 483 305 483 303 483 302 483 300 483 299 483 299 484 299 488 299 494 299 504 299 517 299 531 299 554 299 563 299 575 299 582 299 591 299 599 299 599 299 599 
16 0 0 0 0 1 162 429 -1 -1 0 5283 186 238 160 238 161 238 162 238 162 240 162 243 162 249 162 257 162 268 162 278 162 298 162 306 162 317 162 322 162 326 162 339 162 346 162 355 162 375 162 386 162 400 162 421 162 427 162 429 
16 0 0 0 0 1 25 134 -1 -1 0 4761 25 78 25 51 25 50 25 49 25 50 25 54 25 61 25 74 25 91 25 106 25 125 25 131 25 133 25 134 
16 0 0 0 0 1 234 535 -1 -1 0 6650 234 595 234 409 234 415 234 425 234 437 234 451 234 462 234 482 234 493 234 511 234 517 234 522 234 529 234 533 234 535 
16 0 0 0 0 1 59 141 -1 -1 0 3898 59 156 59 0 59 4 59 14 59 29 59 43 59 57 59 82 59 96 59 122 59 132 59 138 59 141 
16 0 0 0 0 1 216 89 -1 -1 0 4849 216 151 216 151 216 149 216 144 216 139 216 134 216 130 216 125 216 123 216 117 216 115 216 110 216 100 216 94 216 91 216 90 216 90 216 89 
16 0 0 0 0 1 228 257 -1 -1 0 4195 238 257 238 257 240 257 245 257 251 257 259 257 270 257 289 257 296 257 312 257 320 257 326 257 329 257 328 257 323 257 313 257 301 257 287 257 274 257 255 257 253 257 252 257 251 257 251 257 249 257 247 257 243 257 235 257 234 257 232 257 231 257 230 257 229 257 228 257 
16 0 0 0 0 1 494 79 -1 -1 1 4306 494 3 494 4 494 10 494 16 494 23 494 31 494 39 494 56 494 62 494 71 494 73 494 75 494 77 494 78 494 79 
16 0 0 0 0 1 459 248 -1 -1 1 3609 459 63 459 63 459 73 459 91 459 113 459 133 459 149 459 175 459 186 459 208 459 217 459 225 459 241 459 248 
16 0 0 0 0 2 116 349 0 2332 5 
16 0 0 0 0 2 516 316 1 1826 5 
16 0 0 0 0 2 516 83 1 1519 5 
16 0 0 0 0 2 183 149 0 3183 4 
16 0 0 0 0 2 216 249 0 3556 4 
16 0 0 0 0 2 383 482 1 5526 4 
16 0 0 0 0 2 116 183 0 1631 5 
16 0 0 0 0 2 349 50 1 3016 4 
16 0 0 0 0 2 249 383 0 3447 3 
16 0 0 0 0 2 449 482 1 1491 5 
16 0 0 0 0 2 149 449 0 1662 5 
16 0 0 0 0 2 83 249 0 1441 5 
16 0 0 0 0 2 416 549 1 2708 5 
16 0 0 0 0 2 216 516 0 8739 4 
16 0 0 0 0 2 83 383 0 1492 5 
16 0 0 0 0 2 216 116 0 3101 4 
16 0 0 0 0 2 516 416 1 2082 5 
16 0 0 0 0 2 549 549 1 1548 5 
16 0 0 0 0 2 383 249 1 1431 5 
16 0 0 0 0 2 549 249 1 1287 5 
16 0 0 0 0 2 216 216 0 2520 4 
16 0 0 0 0 2 416 283 1 1879 5 
16 0 0 0 0 2 316 83 0 4406 3 
16 0 0 0 0 2 83 216 0 1685 5 
16 0 0 0 0 2 283 516 0 3927 4 
16 0 0 0 0 2 449 249 1 1488 5 
16 0 0 0 0 2 283 316 0 4012 4 
16 0 0 0 0 2 416 383 1 2134 5 
16 0 0 0 0 2 449 283 1 1997 5 
16 0 0 0 0 2 283 283 0 1975 4 
16 0 0 0 0 2 516 516 1 1445 5 
16 0 0 0 0 2 149 416 0 2012 5 
16 0 0 0 0 1 251 198 -1 -1 0 14691 251 259 251 259 251 256 251 253 251 249 251 245 251 241 251 235 251 232 251 228 251 227 251 226 251 224 251 221 251 216 251 213 251 204 251 201 251 198 
16 0 0 0 0 1 199 599 -1 -1 0 3659 199 515 199 510 199 514 199 524 199 539 199 557 199 583 199 599 199 599 199 599 199 599 199 599 199 599 199 599 
16 0 0 0 0 1 139 498 -1 -1 0 3563 139 23 139 23 139 29 139 38 139 59 139 91 139 132 139 222 139 265 139 337 139 368 139 399 139 451 139 472 139 488 139 498 
16 0 0 0 0 1 0 599 -1 -1 0 5413 211 249 211 165 211 170 211 180 211 197 211 221 211 251 211 327 211 370 211 469 211 523 211 569 211 599 211 599 211 599 211 599 210 599 207 599 200 599 184 599 160 599 123 599 0 599 0 599 0 599 0 599 0 599 0 599 0 599 0 599 0 599 0 599 0 599 0 599 0 599 0 599 0 599 0 599 
16 0 0 0 0 1 599 481 -1 -1 1 3369 167 481 175 481 260 481 379 481 516 481 599 481 599 481 599 481 599 481 599 481 599 481 
16 0 0 0 0 1 349 64 -1 -1 1 5203 406 64 363 64 361 64 358 64 356 64 354 64 353 64 352 64 351 64 350 64 349 64 
16 0 0 0 0 1 491 238 -1 -1 1 4308 491 208 491 207 491 211 491 220 491 225 491 231 491 233 491 234 491 235 491 236 491 237 491 238 
16 0 0 0 0 1 399 245 -1 -1 1 4875 399 142 399 144 399 150 399 156 399 163 399 168 399 170 399 173 399 175 399 179 399 183 399 189 399 199 399 204 399 208 399 215 399 220 399 225 399 238 399 243 399 245 
16 0 0 0 0 1 130 351 -1 -1 0 4090 130 320 130 312 130 314 130 321 130 329 130 337 130 343 130 348 130 348 130 349 130 350 130 350 130 351 130 351 
16 0 0 0 0 1 326 431 -1 -1 1 4690 329 307 326 307 326 308 326 313 326 321 326 331 326 341 326 352 326 373 326 382 326 394 326 399 326 403 326 410 326 412 326 415 326 422 326 426 326 429 326 431 
16 0 0 0 0 1 578 346 -1 -1 1 4044 578 236 578 209 578 217 578 229 578 242 578 255 578 265 578 275 578 279 578 301 578 317 578 331 578 344 578 346 
16 0 0 0 0 1 502 526 -1 -1 1 3482 502 256 502 240 502 251 502 269 502 288 502 308 502 326 502 374 502 397 502 437 502 455 502 472 502 493 502 498 502 506 502 522 502 526 502 526 
16 0 0 0 0 1 105 342 -1 -1 0 3620 105 21 105 0 105 4 105 18 105 47 105 103 105 166 105 269 105 301 105 336 105 342 
16 0 0 0 0 1 566 599 -1 -1 1 3834 566 369 566 360 566 368 566 382 566 403 566 427 566 454 566 505 566 527 566 560 566 572 566 585 566 599 566 599 
16 0 0 0 0 1 335 288 -1 -1 1 3514 335 80 335 0 335 9 335 28 335 54 335 90 335 130 335 200 335 228 335 267 335 278 335 286 335 288 
16 0 0 0 0 1 210 473 -1 -1 0 3984 210 274 210 268 210 279 210 296 210 316 210 334 210 348 210 358 210 360 210 364 210 369 210 373 210 379 210 381 210 383 210 391 210 400 210 410 210 432 210 440 210 456 210 462 210 468 210 472 210 473 
16 0 0 0 0 2 149 383 0 3645 5 
16 0 0 0 0 2 516 216 1 5085 5 
16 0 0 0 0 2 549 449 1 1229 5 
16 0 0 0 0 2 50 283 0 1454 5 
16 0 0 0 0 2 383 116 1 2144 5 
16 0 0 0 0 2 149 549 0 1527 5 
16 0 0 0 0 2 183 249 0 1446 5 
16 0 0 0 0 2 149 183 0 960 5 
16 0 0 0 0 2 116 116 0 977 5 
16 0 0 0 0 2 249 416 0 5188 4 
16 0 0 0 0 2 149 349 0 1362 5 
16 0 0 0 0 2 116 416 0 1500 5 
16 0 0 0 0 2 516 249 1 1395 4 
16 0 0 0 0 2 116 482 0 3031 5 
16 0 0 0 0 2 549 516 1 2791 5 
16 0 0 0 0 2 482 383 1 953 5 
16 0 0 0 0 2 50 83 0 1353 5 
16 0 0 0 0 2 316 149 1 8168 1 
16 0 0 0 0 2 349 449 0 10519 3 
16 0 0 0 0 2 249 316 0 1554 4 
16 0 0 0 0 2 383 349 1 2927 5 
16 0 0 0 0 2 349 149 1 3320 4 
16 0 0 0 0 2 249 216 0 2764 5 
16 0 0 0 0 2 283 349 0 3391 5 
16 0 0 0 0 2 383 316 1 2116 4 
16 0 0 0 0 2 549 50 1 1219 5 
16 0 0 0 0 2 516 349 1 1086 5 
16 0 0 0 0 2 482 216 1 1101 5 
16 0 0 0 0 2 316 116 0 5964 5 
16 0 0 0 0 2 216 149 0 1004 5 
16 0 0 0 0 2 249 50 0 1022 5 
16 0 0 0 0 2 516 449 1 2463 4 
16 0 0 0 0 1 381 510 -1 -1 1 10683 381 424 381 425 381 431 381 439 381 452 381 470 381 489 381 519 381 526 381 530 381 530 381 527 381 519 381 515 381 511 381 510 
16 0 0 0 0 1 235 181 -1 -1 0 7659 235 6 235 0 235 8 235 27 235 57 235 95 235 135 235 192 235 210 235 229 235 238 235 247 235 263 235 269 235 269 235 250 235 233 235 216 235 190 235 183 235 181 
16 0 0 0 0 1 163 253 -1 -1 0 3522 163 99 163 111 163 125 163 142 163 170 163 213 163 266 163 342 163 360 163 376 163 376 163 367 163 324 163 298 163 277 163 257 163 253 
16 0 0 0 0 1 520 188 -1 -1 1 3616 520 224 520 234 520 244 520 252 520 259 520 265 520 272 520 286 520 291 520 298 520 298 520 295 520 259 520 235 520 212 520 190 520 188 
16 0 0 0 0 1 410 599 -1 -1 1 2834 410 566 410 570 410 574 410 583 410 598 410 599 410 599 410 599 410 599 410 599 
16 0 0 0 0 1 18 194 -1 -1 0 2865 18 29 18 0 18 9 18 25 18 51 18 87 18 129 18 185 18 194 
16 0 0 0 0 1 115 599 -1 -1 0 2838 115 471 115 478 115 494 115 515 115 553 115 599 115 599 115 599 115 599 115 599 115 599 115 599 115 599 
16 0 0 0 0 1 78 253 -1 -1 0 3042 78 170 78 0 78 0 78 0 78 0 78 0 78 0 78 1 78 9 78 46 78 77 78 111 78 175 78 200 78 218 78 240 78 246 78 249 78 250 78 252 78 252 78 253 
16 0 0 0 0 1 52 143 -1 -1 0 2826 52 174 52 166 52 166 52 163 52 162 52 162 52 164 52 162 52 158 52 151 52 149 52 147 52 144 52 144 52 143 
16 0 0 0 0 1 413 277 -1 -1 1 2896 413 173 413 0 413 20 413 46 413 76 413 109 413 146 413 224 413 248 413 276 413 279 413 279 413 278 413 277 
16 0 0 0 0 1 70 244 -1 -1 0 2980 70 231 70 228 70 228 70 228 70 229 70 233 70 238 70 245 70 247 70 248 70 248 70 247 70 249 70 249 70 249 70 247 70 245 70 244 70 244 70 244 
16 0 0 0 0 1 231 331 -1 -1 0 7264 130 331 93 331 91 331 90 331 89 331 87 331 84 331 80 331 81 331 82 331 83 331 84 331 85 331 86 331 87 331 91 331 98 331 121 331 131 331 139 331 154 331 158 331 160 331 161 331 164 331 170 331 185 331 190 331 193 331 194 331 195 331 197 331 199 331 201 331 202 331 203 331 207 331 212 331 225 331 230 331 231 331 
16 0 0 0 0 1 317 541 -1 -1 1 7123 300 541 299 541 298 541 296 541 293 541 289 541 285 541 280 541 266 541 257 541 243 541 238 541 235 541 232 541 230 541 226 541 213 541 202 541 187 541 158 541 152 541 150 541 148 541 146 541 143 541 139 541 136 541 133 541 136 541 147 541 168 541 199 541 242 541 311 541 380 541 438 541 482 541 511 541 540 541 544 541 547 541 548 541 549 541 550 541 551 541 550 541 549 541 548 541 547 541 545 541 543 541 539 541 535 541 523 541 513 541 502 541 482 541 474 541 456 541 443 541 429 541 398 541 384 541 369 541 343 541 333 541 321 541 319 541 318 541 317 541 
16 0 0 0 0 1 598 137 -1 -1 1 7139 579 137 581 137 587 137 594 137 599 137 599 137 599 137 599 137 599 137 599 137 599 137 599 137 599 137 598 137 
16 0 0 0 0 1 253 135 -1 -1 0 5298 474 135 347 135 343 135 338 135 332 135 326 135 319 135 298 135 280 135 229 135 201 135 180 135 164 135 164 135 162 135 163 135 165 135 172 135 180 135 190 135 199 135 209 135 210 135 211 135 212 135 214 135 222 135 226 135 228 135 230 135 231 135 232 135 233 135 235 135 237 135 238 135 238 135 239 135 240 135 241 135 241 135 243 135 244 135 245 135 246 135 247 135 248 135 250 135 252 135 253 135 
16 0 0 0 0 1 599 323 -1 -1 1 3243 540 323 542 323 544 323 547 323 552 323 558 323 566 323 591 323 599 323 599 323 599 323 599 323 599 323 
16 0 0 0 0 2 216 283 0 3203 4 
16 0 0 0 0 2 482 416 1 2355 5 
16 0 0 0 0 2 83 50 0 1361 5 
16 0 0 0 0 2 316 183 1 3052 5 
16 0 0 0 0 2 482 549 1 1410 5 
16 0 0 0 0 2 116 449 0 1638 5 
16 0 0 0 0 2 283 549 0 7786 3 
16 0 0 0 0 2 549 149 1 2300 5 
16 0 0 0 0 2 83 283 0 1493 5 
16 0 0 0 0 2 549 349 1 1596 4 
16 0 0 0 0 2 50 183 0 1237 5 
16 0 0 0 0 2 249 482 1 1847 5 
16 0 0 0 0 2 383 283 1 1221 5 
16 0 0 0 0 2 149 216 0 1494 5 
16 0 0 0 0 2 349 316 1 2637 4 
16 0 0 0 0 2 516 116 1 1057 5 
16 0 0 0 0 2 349 249 1 6046 4 
16 0 0 0 0 2 349 283 0 3382 4 
16 0 0 0 0 2 349 549 0 2127 4 
16 0 0 0 0 2 116 549 0 1476 5 
16 0 0 0 0 2 316 482 0 4933 5 
16 0 0 0 0 2 482 283 1 2217 5 
16 0 0 0 0 2 50 383 0 1533 5 
16 0 0 0 0 2 116 50 0 2057 5 
16 0 0 0 0 2 183 482 0 1672 5 
16 0 0 0 0 2 249 449 0 3690 3 
16 0 0 0 0 2 50 216 0 1393 5 
16 0 0 0 0 2 349 183 1 1891 5 
16 0 0 0 0 2 50 349 0 1027 5 
16 0 0 0 0 2 449 416 1 1235 5 
16 0 0 0 0 2 549 482 1 1192 5 
16 0 0 0 0 2 50 116 0 1156 5 
16 0 0 0 0 1 554 0 -1 -1 1 28243 554 152 554 132 554 131 554 131 554 131 554 130 554 130 554 128 554 123 554 80 554 35 554 0 554 0 554 0 554 0 554 0 554 0 554 0 
16 0 0 0 0 1 325 215 -1 -1 1 5732 569 215 570 215 571 215 575 215 581 215 590 215 599 215 599 215 599 215 599 215 599 215 599 215 599 215 599 215 599 215 599 215 599 215 599 215 599 215 598 215 587 215 569 215 545 215 516 215 484 215 426 215 402 215 361 215 341 215 320 215 280 215 265 215 254 215 238 215 233 215 230 215 229 215 230 215 237 215 248 215 260 215 269 215 277 215 288 215 291 215 297 215 302 215 308 215 318 215 320 215 320 215 321 215 322 215 323 215 325 215 
16 0 0 0 0 1 250 92 -1 -1 0 3346 159 92 162 92 166 92 171 92 175 92 181 92 186 92 190 92 192 92 197 92 201 92 205 92 213 92 216 92 220 92 227 92 230 92 236 92 247 92 250 92 
16 0 0 0 0 1 322 40 -1 -1 1 3667 103 40 104 40 108 40 113 40 120 40 128 40 134 40 149 40 159 40 180 40 191 40 202 40 226 40 242 40 260 40 294 40 309 40 320 40 325 40 324 40 323 40 322 40 
16 0 0 0 0 1 329 89 -1 -1 1 4530 422 89 417 89 416 89 415 89 413 89 411 89 409 89 405 89 399 89 396 89 392 89 390 89 388 89 384 89 382 89 381 89 380 89 379 89 378 89 377 89 373 89 370 89 366 89 362 89 351 89 346 89 337 89 334 89 331 89 330 89 329 89 
16 0 0 0 0 1 225 132 -1 -1 0 5884 77 132 78 132 81 132 83 132 84 132 85 132 86 132 88 132 92 132 101 132 102 132 104 132 109 132 112 132 115 132 124 132 130 132 134 132 138 132 139 132 140 132 142 132 143 132 145 132 147 132 148 132 149 132 150 132 152 132 154 132 156 132 159 132 160 132 162 132 167 132 171 132 173 132 175 132 176 132 180 132 181 132 182 132 183 132 185 132 187 132 188 132 189 132 190 132 192 132 193 132 195 132 198 132 199 132 201 132 202 132 203 132 204 132 205 132 206 132 207 132 208 132 209 132 210 132 211 132 212 132 213 132 214 132 216 132 219 132 221 132 224 132 225 132 
16 0 0 0 0 1 320 476 -1 -1 1 5794 488 476 142 476 143 476 145 476 146 476 147 476 151 476 159 476 171 476 182 476 200 476 208 476 215 476 227 476 230 476 234 476 236 476 239 476 245 476 246 476 247 476 247 476 248 476 250 476 258 476 261 476 262 476 263 476 264 476 265 476 267 476 272 476 277 476 281 476 288 476 291 476 294 476 295 476 296 476 297 476 301 476 303 476 306 476 309 476 312 476 315 476 316 476 317 476 318 476 319 476 320 476 
16 0 0 0 0 1 301 313 -1 -1 1 3924 294 313 263 313 265 313 268 313 272 313 276 313 278 313 281 313 283 313 292 313 296 313 299 313 301 313 
16 0 0 0 0 1 306 192 -1 -1 1 7915 437 192 438 192 439 192 440 192 441 192 444 192 448 192 451 192 456 192 455 192 452 192 445 192 438 192 430 192 424 192 417 192 412 192 403 192 398 192 392 192 380 192 376 192 372 192 365 192 363 192 362 192 361 192 360 192 358 192 356 192 355 192 354 192 354 192 353 192 352 192 351 192 350 192 349 192 347 192 346 192 344 192 343 192 342 192 341 192 340 192 339 192 338 192 337 192 336 192 335 192 334 192 334 192 332 192 331 192 330 192 329 192 330 192 335 192 338 192 340 192 341 192 342 192 343 192 344 192 345 192 347 192 349 192 350 192 348 192 347 192 346 192 345 192 344 192 342 192 341 192 340 192 339 192 337 192 336 192 333 192 322 192 318 192 316 192 314 192 314 192 312 192 311 192 310 192 308 192 306 192 301 192 296 192 291 192 289 192 290 192 292 192 293 192 295 192 296 192 297 192 300 192 301 192 305 192 306 192 
16 0 0 0 0 1 223 165 -1 -1 0 6538 109 165 109 165 113 165 121 165 132 165 143 165 153 165 168 165 177 165 200 165 213 165 224 165 232 165 234 165 235 165 238 165 239 165 241 165 243 165 244 165 245 165 247 165 249 165 248 165 247 165 246 165 245 165 243 165 240 165 237 165 235 165 233 165 231 165 229 165 228 165 226 165 225 165 222 165 221 165 219 165 216 165 215 165 212 165 211 165 210 165 209 165 208 165 209 165 211 165 215 165 220 165 227 165 234 165 249 165 253 165 262 165 266 165 269 165 271 165 272 165 274 165 282 165 286 165 289 165 288 165 286 165 283 165 276 165 267 165 259 165 251 165 249 165 244 165 240 165 236 165 231 165 229 165 227 165 225 165 224 165 223 165 
16 0 0 0 0 1 225 361 -1 -1 0 4794 47 361 49 361 54 361 59 361 62 361 64 361 68 361 80 361 85 361 93 361 96 361 99 361 102 361 103 361 107 361 113 361 119 361 127 361 145 361 152 361 162 361 167 361 171 361 176 361 177 361 178 361 179 361 182 361 185 361 189 361 192 361 194 361 195 361 196 361 198 361 200 361 209 361 213 361 218 361 225 361 226 361 227 361 228 361 227 361 226 361 225 361 
16 0 0 0 0 1 250 544 -1 -1 0 5881 551 544 282 544 281 544 279 544 277 544 271 544 263 544 245 544 237 544 220 544 212 544 205 544 197 544 195 544 194 544 195 544 199 544 204 544 214 544 225 544 238 544 257 544 264 544 277 544 284 544 292 544 304 544 306 544 305 544 303 544 299 544 292 544 281 544 270 544 250 544 245 544 242 544 241 544 239 544 237 544 234 544 232 544 233 544 235 544 238 544 240 544 241 544 242 544 243 544 245 544 248 544 250 544 
16 0 0 0 0 1 263 451 -1 -1 0 4381 471 451 469 451 465 451 458 451 450 451 441 451 433 451 421 451 415 451 405 451 398 451 391 451 383 451 381 451 380 451 378 451 377 451 376 451 374 451 373 451 372 451 368 451 366 451 363 451 360 451 359 451 358 451 357 451 355 451 351 451 341 451 336 451 329 451 326 451 323 451 317 451 313 451 308 451 298 451 294 451 287 451 285 451 283 451 279 451 276 451 273 451 266 451 264 451 263 451 263 451 
16 0 0 0 0 1 272 153 -1 -1 0 4947 549 153 546 153 552 153 563 153 579 153 596 153 599 153 599 153 599 153 599 153 599 153 599 153 599 153 599 153 599 153 599 153 598 153 587 153 570 153 553 153 507 153 474 153 436 153 346 153 308 153 279 153 239 153 221 153 207 153 182 153 173 153 164 153 159 153 155 153 145 153 141 153 139 153 140 153 143 153 152 153 165 153 181 153 194 153 209 153 212 153 215 153 221 153 225 153 228 153 231 153 235 153 255 153 267 153 273 153 272 153 
16 0 0 0 0 1 290 411 -1 -1 0 4826 379 411 380 411 383 411 387 411 391 411 395 411 399 411 409 411 413 411 421 411 424 411 428 411 436 411 441 411 445 411 447 411 446 411 445 411 444 411 443 411 442 411 439 411 432 411 421 411 410 411 398 411 375 411 364 411 343 411 335 411 328 411 317 411 312 411 306 411 294 411 291 411 290 411 
16 0 0 0 0 1 304 250 -1 -1 1 5146 187 250 189 250 191 250 195 250 200 250 204 250 206 250 208 250 210 250 213 250 215 250 217 250 221 250 222 250 223 250 224 250 225 250 226 250 228 250 235 250 241 250 247 250 253 250 259 250 262 250 269 250 271 250 273 250 274 250 274 250 275 250 276 250 277 250 278 250 279 250 280 250 281 250 283 250 286 250 291 250 294 250 295 250 297 250 298 250 303 250 304 250 
16 0 0 0 0 2 349 216 1 3196 4 
16 0 0 0 0 2 283 83 1 15060 3 
16 0 0 0 0 2 283 482 1 6001 2 
16 0 0 0 0 2 449 216 1 2180 5 
16 0 0 0 0 2 316 449 1 3876 4 
16 0 0 0 0 2 283 416 1 1720 4 
16 0 0 0 0 2 383 416 1 1574 5 
16 0 0 0 0 2 83 183 0 1430 5 
16 0 0 0 0 2 383 50 1 2435 4 
16 0 0 0 0 2 283 149 0 4713 4 
16 0 0 0 0 2 383 516 1 1498 4 
16 0 0 0 0 2 116 383 0 1224 5 
16 0 0 0 0 2 549 416 1 1423 5 
16 0 0 0 0 2 149 482 0 1078 5 
16 0 0 0 0 2 383 449 1 2756 4 
16 0 0 0 0 2 549 83 1 1317 5 
16 0 0 0 0 2 149 149 0 1022 5 
16 0 0 0 0 2 50 516 0 911 5 
16 0 0 0 0 2 183 449 0 1183 5 
16 0 0 0 0 2 482 349 1 1207 4 
16 0 0 0 0 2 449 316 1 970 4 
16 0 0 0 0 2 149 283 0 1146 5 
16 0 0 0 0 2 549 183 1 2243 5 
16 0 0 0 0 2 383 149 1 977 5 
16 0 0 0 0 2 50 50 0 1557 5 
16 0 0 0 0 2 349 482 1 4082 4 
16 0 0 0 0 2 249 549 0 3345 4 
16 0 0 0 0 2 216 83 0 1378 4 
16 0 0 0 0 2 449 50 1 1247 5 
16 0 0 0 0 2 50 416 0 1162 5 
16 0 0 0 0 2 516 149 1 1392 5 
16 0 0 0 0 2 183 83 0 1078 5 
16 0 0 0 0 1 293 212 -1 -1 0 6756 273 212 273 212 279 212 286 212 291 212 293 212 295 212 294 212 293 212 
16 0 0 0 0 1 241 510 -1 -1 0 5692 188 510 130 510 133 510 136 510 138 510 141 510 144 510 156 510 160 510 162 510 163 510 164 510 165 510 167 510 169 510 171 510 173 510 175 510 186 510 194 510 207 510 210 510 211 510 213 510 217 510 224 510 231 510 235 510 239 510 241 510 
16 0 0 0 0 1 223 528 -1 -1 0 6714 50 528 52 528 58 528 66 528 74 528 82 528 90 528 108 528 116 528 138 528 148 528 157 528 169 528 175 528 181 528 202 528 218 528 233 528 270 528 292 528 342 528 365 528 382 528 401 528 409 528 419 528 436 528 440 528 443 528 444 528 445 528 445 528 444 528 440 528 433 528 422 528 410 528 396 528 372 528 363 528 347 528 340 528 331 528 312 528 304 528 297 528 290 528 289 528 288 528 287 528 286 528 283 528 280 528 276 528 267 528 265 528 263 528 262 528 261 528 266 528 267 528 269 528 270 528 271 528 272 528 276 528 279 528 284 528 286 528 288 528 291 528 292 528 291 528 287 528 279 528 270 528 260 528 250 528 234 528 226 528 215 528 212 528 209 528 192 528 182 528 172 528 160 528 159 528 162 528 166 528 173 528 180 528 190 528 197 528 206 528 208 528 212 528 215 528 218 528 222 528 223 528 223 528 
16 0 0 0 0 1 599 439 -1 -1 1 3322 429 439 384 439 390 439 399 439 413 439 427 439 443 439 481 439 499 439 522 439 524 439 526 439 533 439 546 439 563 439 581 439 599 439 599 439 599 439 599 439 
16 0 0 0 0 1 347 30 -1 -1 1 4714 557 30 316 30 321 30 332 30 350 30 372 30 398 30 451 30 475 30 510 30 519 30 521 30 519 30 515 30 510 30 506 30 499 30 489 30 461 30 446 30 425 30 414 30 402 30 382 30 373 30 363 30 341 30 330 30 317 30 300 30 298 30 297 30 296 30 295 30 293 30 289 30 285 30 282 30 283 30 286 30 290 30 293 30 297 30 299 30 305 30 307 30 313 30 317 30 322 30 331 30 333 30 333 30 334 30 335 30 337 30 346 30 347 30 
16 0 0 0 0 1 313 338 -1 -1 1 4299 93 338 94 338 96 338 100 338 105 338 112 338 118 338 131 338 140 338 158 338 168 338 178 338 189 338 191 338 193 338 194 338 195 338 198 338 212 338 220 338 234 338 241 338 249 338 263 338 268 338 270 338 273 338 274 338 278 338 281 338 282 338 283 338 284 338 285 338 287 338 289 338 292 338 295 338 300 338 301 338 305 338 307 338 310 338 312 338 313 338 
16 0 0 0 0 1 290 274 -1 -1 0 4730 453 274 357 274 357 274 357 274 358 274 362 274 367 274 379 274 387 274 404 274 414 274 423 274 435 274 441 274 448 274 456 274 454 274 449 274 439 274 427 274 416 274 406 274 388 274 379 274 365 274 358 274 350 274 335 274 327 274 321 274 310 274 307 274 304 274 300 274 299 274 295 274 293 274 292 274 292 274 290 274 
16 0 0 0 0 1 381 253 -1 -1 1 3578 421 253 423 253 429 253 433 253 435 253 437 253 438 253 439 253 440 253 439 253 438 253 437 253 435 253 431 253 426 253 419 253 403 253 396 253 386 253 385 253 384 253 383 253 382 253 381 253 
16 0 0 0 0 1 432 231 -1 -1 1 4090 596 231 597 231 598 231 599 231 599 231 599 231 599 231 599 231 597 231 591 231 580 231 566 231 553 231 541 231 517 231 507 231 492 231 484 231 477 231 464 231 459 231 456 231 449 231 448 231 446 231 443 231 441 231 436 231 434 231 432 231 
16 0 0 0 0 1 341 577 -1 -1 1 4355 487 577 505 577 507 577 511 577 517 577 523 577 530 577 549 577 560 577 578 577 585 577 588 577 594 577 597 577 599 577 599 577 599 577 598 577 594 577 590 577 583 577 574 577 561 577 533 577 517 577 487 577 472 577 458 577 430 577 416 577 402 577 381 577 374 577 369 577 364 577 363 577 362 577 361 577 360 577 359 577 357 577 356 577 353 577 350 577 344 577 342 577 341 577 
16 0 0 0 0 1 350 478 -1 -1 1 6042 343 478 344 478 345 478 346 478 347 478 349 478 351 478 353 478 355 478 362 478 366 478 372 478 374 478 376 478 379 478 380 478 381 478 380 478 379 478 377 478 373 478 369 478 365 478 359 478 354 478 345 478 339 478 332 478 313 478 307 478 303 478 302 478 306 478 307 478 310 478 313 478 318 478 322 478 325 478 326 478 326 478 328 478 329 478 331 478 332 478 333 478 334 478 334 478 335 478 336 478 336 478 338 478 340 478 341 478 342 478 342 478 343 478 344 478 345 478 346 478 347 478 349 478 350 478 
16 0 0 0 0 1 211 381 -1 -1 0 4217 4 381 6 381 12 381 20 381 28 381 36 381 42 381 48 381 52 381 64 381 73 381 84 381 105 381 113 381 118 381 121 381 124 381 125 381 127 381 131 381 140 381 152 381 167 381 188 381 193 381 194 381 195 381 196 381 198 381 202 381 204 381 209 381 210 381 211 381 
16 0 0 0 0 1 310 437 -1 -1 1 4364 359 437 360 437 361 437 363 437 364 437 365 437 366 437 367 437 369 437 372 437 374 437 377 437 378 437 379 437 381 437 382 437 383 437 381 437 376 437 368 437 361 437 352 437 343 437 329 437 323 437 314 437 311 437 310 437 
16 0 0 0 0 1 302 327 -1 -1 1 4769 49 327 51 327 53 327 55 327 60 327 66 327 71 327 83 327 91 327 111 327 123 327 136 327 158 327 163 327 167 327 172 327 177 327 184 327 196 327 198 327 199 327 200 327 201 327 202 327 203 327 205 327 209 327 213 327 219 327 227 327 245 327 254 327 269 327 275 327 281 327 285 327 286 327 287 327 288 327 289 327 290 327 293 327 295 327 299 327 301 327 302 327 
16 0 0 0 0 1 285 69 -1 -1 0 4713 572 69 491 69 489 69 487 69 485 69 484 69 486 69 492 69 499 69 507 69 516 69 543 69 554 69 559 69 562 69 565 69 570 69 578 69 586 69 593 69 599 69 599 69 599 69 599 69 599 69 599 69 599 69 599 69 599 69 597 69 592 69 585 69 574 69 541 69 521 69 499 69 452 69 426 69 383 69 366 69 353 69 334 69 325 69 317 69 300 69 295 69 293 69 291 69 290 69 289 69 288 69 287 69 285 69 
16 0 0 0 0 1 171 331 -1 -1 0 4801 319 331 320 331 330 331 345 331 363 331 383 331 402 331 435 331 446 331 461 331 467 331 475 331 485 331 486 331 486 331 487 331 488 331 487 331 485 331 480 331 474 331 471 331 470 331 471 331 472 331 471 331 467 331 458 331 446 331 427 331 405 331 348 331 324 331 288 331 276 331 265 331 241 331 228 331 217 331 199 331 193 331 191 331 191 331 190 331 188 331 186 331 183 331 178 331 173 331 171 331 
16 0 0 0 0 2 183 183 0 2864 4 
16 0 0 0 0 2 183 516 0 1465 4 
16 0 0 0 0 2 116 249 0 1066 5 
16 0 0 0 0 2 349 349 1 1771 5 
16 0 0 0 0 2 449 383 1 1282 5 
16 0 0 0 0 2 449 149 1 1146 5 
16 0 0 0 0 2 383 383 1 980 5 
16 0 0 0 0 2 183 416 1 1075 5 
16 0 0 0 0 2 449 516 1 922 5 
16 0 0 0 0 2 416 83 1 1228 4 
16 0 0 0 0 2 482 83 1 1217 4 
16 0 0 0 0 2 316 383 0 3220 4 
16 0 0 0 0 2 83 116 0 1044 5 
16 0 0 0 0 2 183 316 0 1925 5 
16 0 0 0 0 2 249 83 0 1241 5 
16 0 0 0 0 2 449 183 1 1097 4 
16 0 0 0 0 2 549 283 1 1138 5 
16 0 0 0 0 2 316 416 0 2052 5 
16 0 0 0 0 2 249 249 0 1204 5 
16 0 0 0 0 2 116 516 0 968 5 
16 0 0 0 0 2 482 482 1 1235 4 
16 0 0 0 0 2 416 316 1 1103 5 
16 0 0 0 0 2 183 549 0 1244 5 
16 0 0 0 0 2 416 50 1 3917 4 
16 0 0 0 0 2 116 283 0 832 5 
16 0 0 0 0 2 216 316 0 3508 5 
16 0 0 0 0 2 116 216 0 1172 5 
16 0 0 0 0 2 216 183 0 1435 5 
16 0 0 0 0 2 50 549 0 801 5 
16 0 0 0 0 2 316 50 0 1262 4 
16 0 0 0 0 2 283 449 0 1322 4 
16 0 0 0 0 2 549 116 1 1244 4 
