Subject 24 in condition 0
Training Condition: 0
Task: 0
Rule: [[[220, 300], [[2000, 0], [0, 9000]]], [[380, 300], [[2000, 0], [0, 9000]]]]
Noise: 0
CATA=0
CATB=1
Sample keys: 122 120
Resp keys: 307 309
Dim direction: 1 0
Dim minimum: 32 49
Test order: [1, 5, 3, 6, 4, 0, 7, 2]
24 0 0 0 0 1 599 538 -1 -1 1 17318 236 538 280 538 284 538 290 538 296 538 302 538 308 538 314 538 317 538 321 538 326 538 337 538 343 538 346 538 351 538 354 538 356 538 359 538 361 538 363 538 364 538 363 538 361 538 359 538 355 538 352 538 349 538 347 538 346 538 345 538 344 538 339 538 337 538 334 538 332 538 331 538 330 538 327 538 325 538 322 538 321 538 319 538 312 538 308 538 304 538 300 538 298 538 297 538 296 538 293 538 289 538 285 538 283 538 281 538 280 538 279 538 280 538 284 538 289 538 298 538 303 538 307 538 312 538 318 538 324 538 330 538 343 538 349 538 356 538 361 538 366 538 372 538 386 538 392 538 399 538 407 538 415 538 431 538 439 538 447 538 456 538 464 538 473 538 488 538 495 538 503 538 511 538 519 538 532 538 537 538 539 538 542 538 548 538 554 538 564 538 569 538 574 538 578 538 583 538 587 538 593 538 596 538 599 538 599 538 599 538 599 538 599 538 599 538 599 538 599 538 599 538 599 538 599 538 599 538 599 538 599 538 599 538 599 538 599 538 599 538 599 538 599 538 599 538 
24 0 0 0 0 1 316 535 -1 -1 1 18693 71 407 71 420 71 420 71 420 71 419 71 416 71 414 71 412 71 412 71 410 71 410 71 410 71 410 71 410 71 410 71 410 71 411 71 412 71 413 71 413 71 414 71 415 71 417 71 418 71 420 71 422 71 423 71 424 71 425 71 428 71 430 71 432 71 434 71 435 71 437 71 438 71 440 71 442 71 444 71 446 71 448 71 450 71 451 71 451 71 450 71 448 71 448 71 450 71 450 71 451 71 451 71 452 71 453 71 453 71 453 71 452 71 450 71 450 71 450 71 452 71 453 71 453 71 453 71 453 71 454 71 457 71 462 71 467 71 467 71 468 71 468 71 468 71 468 71 469 71 469 71 469 71 469 71 469 71 470 71 470 71 470 71 471 71 471 71 471 71 471 71 471 71 471 71 470 71 469 71 467 71 465 71 463 71 460 71 460 71 457 71 452 71 445 71 437 71 425 71 422 71 417 71 411 71 403 71 392 71 391 71 392 71 394 71 396 71 398 71 402 71 404 71 407 71 412 71 418 71 423 71 432 71 433 71 436 71 438 71 440 71 442 71 447 71 450 71 452 71 455 71 456 71 458 71 459 71 460 71 460 71 460 71 460 71 464 71 467 71 471 71 473 71 475 71 481 71 485 71 487 71 490 71 492 71 493 71 495 71 495 71 495 71 495 71 495 71 496 71 497 71 498 71 498 71 500 71 500 71 500 71 500 71 501 71 503 71 505 71 508 71 513 71 516 71 518 71 520 71 521 71 537 71 544 71 544 71 544 71 544 71 544 71 545 71 546 71 546 71 548 71 550 71 552 71 553 71 553 71 553 71 554 71 554 71 554 71 554 71 554 71 554 71 553 71 553 71 553 71 552 71 552 71 552 71 550 71 550 71 549 71 548 71 548 71 548 71 547 71 546 71 546 71 546 71 544 71 544 71 544 71 543 71 543 71 542 71 540 71 538 71 538 71 537 71 537 71 536 71 535 71 535 72 535 74 535 78 535 81 535 84 535 86 535 88 535 89 535 90 535 90 535 90 535 92 535 92 535 92 535 94 535 94 535 94 535 94 535 95 535 95 535 95 535 96 535 96 535 96 535 97 535 97 535 98 535 99 535 100 535 103 535 106 535 113 535 118 535 125 535 131 535 138 535 144 535 152 535 154 535 156 535 157 535 159 535 164 535 169 535 177 535 185 535 195 535 205 535 212 535 212 535 214 535 216 535 220 535 223 535 225 535 228 535 231 535 237 535 245 535 265 535 272 535 277 535 283 535 289 535 294 535 300 535 304 535 309 535 314 535 318 535 323 535 325 535 326 535 327 535 327 535 327 535 330 535 330 535 332 535 333 535 333 535 334 535 334 535 333 535 333 535 332 535 329 535 325 535 322 535 321 535 321 535 320 535 320 535 320 535 319 535 319 535 319 535 318 535 317 535 317 535 316 535 316 535 
24 0 0 0 0 1 16 522 -1 -1 0 12504 9 493 0 493 0 493 0 493 0 493 0 493 0 493 0 493 0 493 0 493 0 493 0 493 0 493 0 493 0 493 0 493 0 493 2 493 4 493 7 493 11 493 16 493 24 493 32 493 38 493 42 493 43 493 46 493 48 493 49 493 50 493 51 493 54 493 59 493 66 493 74 493 82 493 87 493 92 493 95 493 97 493 102 493 103 493 103 493 103 493 103 493 103 493 103 493 103 493 103 493 101 493 100 493 100 493 99 493 96 493 92 493 90 493 86 493 82 493 78 493 74 493 69 493 63 493 60 493 57 493 56 493 54 493 53 493 49 493 48 493 46 493 45 493 44 493 42 493 41 493 41 493 40 493 38 493 37 493 37 493 37 493 37 493 37 493 37 493 36 493 34 493 28 493 27 493 24 493 22 493 20 493 19 493 17 493 16 493 16 582 16 586 16 589 16 590 16 592 16 592 16 592 16 592 16 592 16 592 16 590 16 588 16 588 16 588 16 588 16 588 16 588 16 588 16 588 16 590 16 590 16 590 16 590 16 590 16 591 16 592 16 592 16 592 16 592 16 592 16 592 16 592 16 591 16 591 16 592 16 596 16 599 16 599 16 599 16 599 16 599 16 599 16 599 16 599 16 599 16 599 16 599 16 599 16 599 16 598 16 598 16 597 16 597 16 595 16 590 16 586 16 581 16 578 16 574 16 572 16 569 16 559 16 554 16 547 16 541 16 539 16 538 16 535 16 534 16 532 16 531 16 529 16 526 16 523 16 522 16 522 16 522 
24 0 0 0 0 1 224 536 -1 -1 0 6989 185 536 188 536 188 536 189 536 189 536 190 536 190 536 190 536 191 536 191 536 192 536 192 536 192 536 192 536 193 536 193 536 193 536 193 536 193 536 193 536 193 536 193 536 193 536 193 536 194 536 194 536 195 536 195 536 196 536 197 536 198 536 204 536 215 536 223 536 224 536 224 536 224 536 
24 0 0 0 0 1 584 160 -1 -1 1 10635 244 151 244 139 244 137 244 134 244 128 244 120 244 110 244 100 244 93 244 88 244 83 244 75 244 72 244 69 244 66 244 62 244 57 244 46 244 42 244 38 244 35 244 34 244 31 244 29 244 26 244 22 244 18 244 15 244 13 244 12 244 14 244 22 244 35 244 51 244 70 244 90 244 110 244 127 244 141 244 151 244 156 244 157 244 158 244 159 244 160 244 160 261 160 264 160 266 160 267 160 267 160 268 160 268 160 270 160 270 160 270 160 270 160 270 160 270 160 270 160 270 160 271 160 271 160 271 160 271 160 272 160 272 160 272 160 272 160 272 160 272 160 272 160 274 160 276 160 281 160 289 160 299 160 305 160 306 160 303 160 300 160 298 160 298 160 298 160 298 160 298 160 298 160 298 160 305 160 310 160 311 160 310 160 307 160 307 160 307 160 307 160 307 160 307 160 307 160 306 160 310 160 314 160 315 160 316 160 316 160 316 160 315 160 314 160 313 160 313 160 312 160 311 160 309 160 308 160 307 160 304 160 302 160 298 160 295 160 293 160 295 160 299 160 304 160 309 160 311 160 314 160 317 160 323 160 330 160 336 160 342 160 343 160 347 160 353 160 359 160 366 160 380 160 390 160 402 160 412 160 419 160 430 160 434 160 440 160 451 160 469 160 490 160 528 160 549 160 574 160 599 160 599 160 599 160 599 160 599 160 599 160 599 160 599 160 599 160 599 160 599 160 599 160 599 160 598 160 598 160 597 160 596 160 595 160 593 160 592 160 589 160 588 160 587 160 587 160 586 160 586 160 585 160 585 160 584 160 
24 0 0 0 0 1 551 43 -1 -1 1 5157 551 129 551 87 551 86 551 84 551 82 551 80 551 78 551 77 551 76 551 76 551 75 551 74 551 73 551 72 551 71 551 70 551 69 551 68 551 67 551 65 551 63 551 61 551 60 551 59 551 58 551 57 551 55 551 54 551 53 551 52 551 50 551 49 551 48 551 47 551 46 551 45 551 44 551 43 
24 0 0 0 0 1 0 523 -1 -1 0 12383 314 383 314 407 314 406 314 405 314 405 314 404 314 403 314 403 314 403 314 403 314 403 314 404 314 404 314 404 314 404 314 404 314 404 314 404 314 404 314 403 314 403 314 403 314 403 314 403 314 403 314 403 314 405 314 407 314 409 314 409 314 409 314 409 314 405 314 402 314 400 314 400 314 400 314 400 314 400 314 400 314 400 314 400 314 399 314 398 314 398 314 396 314 394 314 392 314 390 314 389 314 386 314 377 314 370 314 366 314 361 314 355 314 344 314 341 314 339 314 344 314 350 314 355 314 357 314 357 314 358 314 359 314 361 314 365 314 370 314 373 314 378 314 383 314 389 314 394 314 399 314 401 314 402 314 404 314 405 314 403 314 399 314 396 314 394 314 394 314 394 314 392 314 388 314 385 314 385 314 385 314 386 314 387 314 389 314 392 314 398 314 404 314 414 314 419 314 425 314 432 314 442 314 464 314 474 314 485 314 497 314 509 314 523 314 551 314 561 314 569 314 577 314 585 314 599 314 599 314 599 314 599 314 599 314 599 314 599 314 599 314 599 314 599 314 599 314 599 314 598 314 596 314 594 314 591 314 588 314 586 314 585 314 584 314 583 314 582 314 580 314 579 314 578 314 577 314 572 314 562 314 552 314 546 314 543 314 540 314 538 314 537 314 536 314 536 314 535 314 533 314 527 314 523 314 523 314 523 315 523 317 523 319 523 321 523 323 523 325 523 325 523 326 523 327 523 327 523 327 523 327 523 327 523 327 523 322 523 318 523 317 523 317 523 316 523 314 523 312 523 312 523 312 523 311 523 311 523 311 523 310 523 310 523 310 523 310 523 310 523 310 523 309 523 308 523 308 523 308 523 313 523 315 523 316 523 318 523 318 523 318 523 320 523 325 523 331 523 336 523 342 523 358 523 367 523 377 523 389 523 401 523 411 523 430 523 442 523 457 523 472 523 484 523 495 523 515 523 524 523 532 523 540 523 546 523 555 523 557 523 558 523 555 523 550 523 542 523 535 523 527 523 519 523 510 523 499 523 487 523 456 523 439 523 418 523 400 523 389 523 381 523 365 523 353 523 337 523 324 523 313 523 299 523 293 523 287 523 280 523 274 523 269 523 259 523 254 523 250 523 244 523 236 523 223 523 218 523 212 523 206 523 200 523 194 523 188 523 184 523 179 523 174 523 169 523 162 523 159 523 157 523 155 523 152 523 150 523 148 523 148 523 148 523 148 523 148 523 146 523 146 523 145 523 145 523 146 523 148 523 150 523 152 523 155 523 159 523 161 523 161 523 160 523 158 523 154 523 152 523 151 523 150 523 150 523 155 523 161 523 165 523 167 523 168 523 168 523 170 523 172 523 172 523 170 523 168 523 166 523 164 523 164 523 164 523 159 523 155 523 150 523 145 523 140 523 134 523 131 523 129 523 126 523 123 523 122 523 120 523 120 523 120 523 119 523 117 523 115 523 113 523 113 523 112 523 112 523 110 523 107 523 104 523 101 523 99 523 97 523 93 523 90 523 89 523 87 523 87 523 85 523 83 523 80 523 78 523 76 523 74 523 71 523 70 523 68 523 67 523 66 523 64 523 63 523 61 523 59 523 57 523 55 523 50 523 47 523 44 523 40 523 37 523 33 523 31 523 29 523 26 523 24 523 21 523 16 523 12 523 7 523 3 523 0 523 0 523 0 523 0 523 0 523 0 523 0 523 0 523 0 523 0 523 0 523 0 523 0 523 0 523 0 523 0 523 0 523 0 523 0 523 
24 0 0 0 0 1 0 164 -1 -1 0 11519 427 367 293 367 293 367 293 367 293 367 294 367 294 367 294 367 295 367 296 367 297 367 299 367 299 367 299 367 299 367 300 367 300 367 300 367 301 367 301 367 301 367 301 367 301 367 301 367 303 367 303 367 304 367 304 367 304 367 305 367 307 367 309 367 310 367 313 367 314 367 317 367 318 367 320 367 320 367 321 367 321 367 322 367 323 367 323 367 323 367 323 367 323 367 321 367 319 367 317 367 313 367 311 367 310 367 307 367 304 367 300 367 290 367 285 367 280 367 274 367 269 367 254 367 245 367 236 367 226 367 214 367 201 367 176 367 163 367 148 367 137 367 128 367 111 367 103 367 95 367 88 367 84 367 79 367 69 367 61 367 53 367 42 367 33 367 16 367 8 367 1 367 0 367 0 367 0 367 0 367 0 367 0 367 0 367 0 367 0 367 0 367 0 367 0 367 0 367 0 367 0 367 0 367 0 402 0 402 0 402 0 403 0 403 0 403 0 404 0 406 0 407 0 408 0 411 0 413 0 415 0 416 0 418 0 419 0 421 0 423 0 423 0 424 0 425 0 426 0 426 0 426 0 427 0 428 0 433 0 435 0 435 0 435 0 435 0 434 0 433 0 433 0 433 0 431 0 429 0 424 0 422 0 421 0 420 0 416 0 411 0 398 0 395 0 395 0 395 0 395 0 398 0 400 0 401 0 402 0 404 0 407 0 416 0 416 0 416 0 416 0 414 0 413 0 413 0 410 0 408 0 405 0 402 0 397 0 394 0 390 0 385 0 380 0 367 0 361 0 353 0 346 0 339 0 333 0 318 0 309 0 297 0 287 0 277 0 268 0 254 0 245 0 238 0 232 0 227 0 214 0 208 0 205 0 202 0 201 0 199 0 196 0 194 0 193 0 191 0 187 0 183 0 183 0 181 0 178 0 175 0 173 0 173 0 172 0 171 0 168 0 166 0 165 0 164 
24 0 0 0 0 1 218 205 -1 -1 0 6355 242 29 242 153 242 150 242 145 242 138 242 132 242 128 242 125 242 124 242 122 242 121 242 120 242 119 242 118 242 117 242 116 242 115 242 116 242 118 242 124 242 137 242 150 242 159 242 163 242 165 242 166 242 166 242 166 242 168 242 169 242 170 242 172 242 174 242 176 242 178 242 178 242 179 242 181 242 184 242 186 242 188 242 191 242 195 242 198 242 202 242 202 242 202 242 202 242 202 242 202 242 202 242 202 242 203 242 204 242 205 242 205 242 205 242 205 242 205 192 205 192 205 192 205 192 205 192 205 193 205 195 205 198 205 200 205 201 205 204 205 205 205 206 205 206 205 206 205 206 205 208 205 209 205 211 205 212 205 213 205 216 205 217 205 218 205 
24 0 0 0 0 1 1 292 -1 -1 0 10346 445 94 414 94 413 94 411 94 409 94 406 94 403 94 399 94 397 94 394 94 391 94 386 94 383 94 379 94 375 94 371 94 366 94 357 94 353 94 349 94 345 94 341 94 336 94 334 94 332 94 329 94 327 94 325 94 320 94 317 94 313 94 308 94 303 94 289 94 282 94 276 94 271 94 266 94 260 94 244 94 237 94 229 94 222 94 215 94 200 94 191 94 181 94 172 94 165 94 159 94 144 94 134 94 123 94 113 94 106 94 101 94 93 94 86 94 79 94 70 94 62 94 53 94 50 94 47 94 47 94 46 94 43 94 41 94 39 94 37 94 37 94 36 94 36 94 36 94 40 94 41 94 41 94 41 94 39 94 39 94 37 94 36 94 36 94 36 94 35 94 33 94 30 94 27 94 27 94 27 94 26 94 25 94 23 94 21 94 21 94 20 94 18 94 15 94 14 94 14 94 13 94 13 94 11 94 9 94 7 94 4 94 2 94 0 94 0 94 0 94 0 94 0 94 0 94 0 94 0 94 0 94 0 94 0 94 0 94 0 94 0 94 0 94 0 94 0 94 0 94 0 94 1 94 1 95 1 93 1 88 1 79 1 69 1 58 1 47 1 41 1 38 1 35 1 30 1 16 1 7 1 0 1 0 1 0 1 0 1 0 1 0 1 0 1 0 1 0 1 0 1 0 1 0 1 0 1 0 1 0 1 0 1 0 1 0 1 0 1 0 1 0 1 0 1 0 1 0 1 0 1 0 1 0 1 0 1 0 1 0 1 0 1 0 1 0 1 6 1 19 1 34 1 48 1 76 1 89 1 104 1 119 1 134 1 150 1 185 1 200 1 208 1 215 1 224 1 234 1 237 1 237 1 237 1 237 1 237 1 237 1 237 1 237 1 237 1 237 1 236 1 236 1 236 1 236 1 236 1 236 1 236 1 237 1 242 1 252 1 263 1 280 1 285 1 290 1 296 1 301 1 305 1 310 1 311 1 311 1 311 1 310 1 309 1 309 1 309 1 309 1 309 1 307 1 305 1 304 1 304 1 303 1 303 1 303 1 300 1 300 1 299 1 298 1 297 1 293 1 292 1 291 1 291 1 291 1 291 1 291 1 291 1 291 1 291 1 291 1 292 1 294 1 294 1 296 1 296 1 296 1 296 1 296 1 296 1 296 1 296 1 296 1 296 1 296 1 295 1 295 1 295 1 294 1 294 1 294 1 292 1 292 1 292 
24 0 0 0 0 1 599 415 -1 -1 1 14307 78 181 87 181 87 181 87 181 87 181 86 181 85 181 85 181 86 181 86 181 86 181 86 181 87 181 87 181 86 181 85 181 85 181 84 181 84 181 82 181 82 181 81 181 81 181 81 181 81 181 82 181 85 181 89 181 93 181 93 181 94 181 95 181 99 181 100 181 100 181 100 181 100 181 101 181 106 181 116 181 120 181 124 181 127 181 134 181 155 181 166 181 173 181 181 181 192 181 208 181 249 181 266 181 280 181 294 181 312 181 336 181 378 181 390 181 401 181 412 181 425 181 446 181 453 181 456 181 461 181 464 181 469 181 475 181 475 181 475 181 474 181 474 181 474 181 474 181 474 181 474 181 475 181 476 181 478 181 478 181 479 181 479 181 482 181 490 181 494 181 497 181 500 181 502 181 504 181 510 181 512 181 513 181 515 181 515 181 516 181 518 181 520 181 522 181 526 181 531 181 535 181 538 181 541 181 545 181 551 181 560 181 577 181 585 181 592 181 598 181 599 181 599 181 599 181 599 181 599 181 599 181 599 181 599 181 599 181 599 181 599 181 599 183 599 183 599 183 599 183 599 184 599 186 599 188 599 189 599 191 599 192 599 193 599 195 599 198 599 201 599 203 599 205 599 207 599 209 599 209 599 209 599 209 599 209 599 209 599 209 599 209 599 209 599 209 599 208 599 208 599 208 599 207 599 206 599 206 599 206 599 204 599 202 599 198 599 196 599 195 599 193 599 192 599 190 599 188 599 188 599 187 599 187 599 187 599 185 599 185 599 183 599 183 599 183 599 184 599 185 599 187 599 189 599 189 599 189 599 189 599 190 599 191 599 192 599 191 599 187 599 183 599 182 599 181 599 179 599 177 599 174 599 172 599 170 599 166 599 163 599 160 599 155 599 150 599 146 599 137 599 132 599 126 599 120 599 115 599 105 599 98 599 91 599 84 599 82 599 82 599 83 599 89 599 96 599 105 599 119 599 139 599 158 599 177 599 192 599 212 599 221 599 230 599 237 599 242 599 246 599 250 599 252 599 254 599 256 599 258 599 261 599 262 599 263 599 264 599 264 599 265 599 270 599 273 599 275 599 278 599 278 599 278 599 278 599 278 599 278 599 280 599 283 599 285 599 285 599 285 599 285 599 285 599 285 599 285 599 282 599 279 599 279 599 279 599 279 599 276 599 272 599 269 599 268 599 267 599 258 599 248 599 239 599 233 599 229 599 223 599 219 599 216 599 211 599 209 599 205 599 195 599 189 599 186 599 183 599 181 599 180 599 180 599 179 599 166 599 152 599 138 599 122 599 104 599 83 599 61 599 37 599 14 599 0 599 0 599 0 599 0 599 0 599 0 599 0 599 0 599 0 599 0 599 0 599 0 599 0 599 0 599 0 599 0 599 4 599 20 599 38 599 58 599 87 599 132 599 197 599 266 599 314 599 347 599 411 599 442 599 466 599 480 599 491 599 511 599 525 599 539 599 548 599 555 599 558 599 562 599 560 599 555 599 553 599 552 599 551 599 550 599 548 599 544 599 539 599 532 599 524 599 514 599 501 599 490 599 474 599 470 599 468 599 467 599 463 599 459 599 456 599 454 599 453 599 452 599 451 599 449 599 445 599 443 599 441 599 437 599 436 599 435 599 434 599 433 599 430 599 426 599 424 599 423 599 422 599 421 599 420 599 419 599 417 599 417 599 415 
24 0 0 0 0 1 599 187 -1 -1 1 9410 66 309 96 309 96 309 92 309 90 309 90 309 90 309 92 309 96 309 100 309 104 309 112 309 117 309 123 309 129 309 136 309 142 309 151 309 155 309 159 309 164 309 168 309 175 309 179 309 183 309 188 309 193 309 199 309 210 309 217 309 223 309 229 309 235 309 247 309 254 309 260 309 268 309 275 309 286 309 308 309 322 309 336 309 349 309 364 309 377 309 405 309 417 309 429 309 440 309 451 309 473 309 481 309 488 309 494 309 499 309 510 309 516 309 522 309 528 309 533 309 538 309 545 309 548 309 550 309 553 309 556 309 559 309 564 309 566 309 566 309 566 309 567 309 567 309 568 309 569 309 571 309 574 309 578 309 585 309 588 309 592 309 594 309 598 309 599 309 599 309 599 309 599 309 599 309 599 309 599 309 599 309 599 309 599 309 599 309 599 309 599 309 599 309 599 309 599 309 599 309 599 309 599 309 599 309 599 305 599 305 599 308 599 312 599 314 599 315 599 317 599 321 599 324 599 328 599 331 599 335 599 340 599 346 599 353 599 369 599 374 599 378 599 379 599 381 599 382 599 388 599 393 599 396 599 398 599 400 599 403 599 403 599 403 599 402 599 402 599 402 599 397 599 393 599 389 599 385 599 380 599 372 599 368 599 366 599 364 599 362 599 359 599 345 599 334 599 323 599 315 599 306 599 296 599 295 599 293 599 292 599 293 599 297 599 301 599 307 599 312 599 315 599 322 599 325 599 330 599 334 599 338 599 341 599 346 599 349 599 352 599 354 599 355 599 355 599 354 599 354 599 354 599 352 599 348 599 336 599 328 599 319 599 308 599 295 599 263 599 246 599 226 599 207 599 186 599 160 599 111 599 92 599 74 599 55 599 35 599 0 599 0 599 0 599 0 599 0 599 0 599 0 599 0 599 0 599 0 599 0 599 0 599 0 599 0 599 0 599 0 599 0 599 0 599 0 599 0 599 0 599 1 599 8 599 20 599 38 599 54 599 64 599 71 599 79 599 90 599 100 599 112 599 118 599 125 599 132 599 137 599 139 599 141 599 143 599 144 599 150 599 157 599 173 599 180 599 182 599 184 599 185 599 186 599 187 
24 0 0 0 0 1 0 470 -1 -1 0 6964 103 470 109 470 107 470 107 470 110 470 113 470 117 470 121 470 127 470 133 470 137 470 140 470 142 470 150 470 157 470 164 470 170 470 175 470 180 470 191 470 195 470 199 470 203 470 205 470 208 470 209 470 209 470 212 470 215 470 218 470 229 470 236 470 242 470 247 470 251 470 260 470 266 470 271 470 273 470 275 470 275 470 275 470 275 470 271 470 266 470 260 470 254 470 247 470 243 470 237 470 228 470 189 470 164 470 139 470 114 470 89 470 66 470 7 470 0 470 0 470 0 470 0 470 0 470 0 470 0 470 0 470 0 470 0 470 0 470 0 470 0 470 0 470 0 470 0 470 0 470 0 470 0 470 0 470 0 470 0 470 0 470 
24 0 0 0 0 1 72 158 -1 -1 0 12325 561 458 573 458 574 458 575 458 575 458 576 458 577 458 578 458 579 458 579 458 579 458 577 458 577 458 577 458 577 458 577 458 577 458 576 458 576 458 575 458 574 458 571 458 570 458 568 458 568 458 568 458 569 458 571 458 575 458 575 458 575 458 575 458 573 458 567 458 566 458 563 458 561 458 555 458 548 458 536 458 530 458 525 458 516 458 506 458 490 458 484 458 479 458 475 458 470 458 465 458 453 458 446 458 439 458 429 458 418 458 405 458 382 458 368 458 357 458 347 458 338 458 323 458 316 458 310 458 303 458 299 458 292 458 290 458 288 458 287 458 287 458 286 458 287 458 291 458 305 458 316 458 321 458 321 458 320 458 319 458 319 458 320 458 322 458 324 458 324 458 324 458 324 458 327 458 331 458 335 458 337 458 340 458 341 458 343 458 344 458 344 458 345 458 345 458 344 458 344 458 344 458 346 458 348 458 348 458 348 458 348 458 348 458 348 458 347 458 343 458 339 458 334 458 329 458 324 458 320 458 315 458 311 458 308 458 303 458 299 458 299 458 298 458 297 458 296 458 294 458 293 458 293 458 292 458 290 458 290 458 291 458 293 458 294 458 294 458 294 458 293 458 293 458 297 458 297 458 297 458 297 458 296 458 296 458 297 458 297 458 296 458 293 458 291 458 289 458 288 458 285 458 283 458 281 458 279 458 276 458 274 458 272 458 272 458 271 458 269 458 267 458 265 458 261 458 259 458 254 458 251 458 247 458 244 458 240 458 236 458 234 458 233 458 230 458 228 458 226 458 224 458 219 458 213 458 205 458 197 458 190 458 186 458 182 458 177 458 170 458 162 458 151 458 147 458 142 458 140 458 137 458 134 458 129 458 125 458 123 458 121 458 120 458 116 458 115 458 115 458 115 458 115 458 113 458 111 458 108 458 108 458 107 458 105 458 103 458 102 458 102 458 101 458 101 458 100 458 98 458 96 458 94 458 93 458 90 458 83 458 82 458 81 458 79 458 76 458 73 458 72 458 72 458 72 466 72 466 72 466 72 465 72 464 72 460 72 454 72 444 72 430 72 415 72 401 72 375 72 361 72 349 72 337 72 323 72 309 72 280 72 266 72 256 72 247 72 241 72 229 72 223 72 216 72 209 72 204 72 203 72 202 72 202 72 200 72 197 72 194 72 192 72 190 72 188 72 185 72 181 72 177 72 172 72 167 72 165 72 163 72 162 72 162 72 161 72 160 72 159 72 158 72 157 72 154 72 153 72 151 72 150 72 149 72 149 72 148 72 147 72 146 72 146 72 147 72 148 72 149 72 150 72 151 72 151 72 152 72 153 72 154 72 156 72 156 72 157 72 158 
24 0 0 0 0 1 0 0 -1 -1 0 8554 238 506 207 506 204 506 202 506 200 506 200 506 204 506 210 506 217 506 221 506 224 506 226 506 226 506 226 506 228 506 228 506 228 506 229 506 230 506 231 506 231 506 231 506 231 506 231 506 229 506 226 506 220 506 213 506 204 506 197 506 191 506 188 506 187 506 187 506 186 506 184 506 180 506 177 506 171 506 168 506 164 506 160 506 155 506 149 506 145 506 143 506 139 506 137 506 133 506 129 506 127 506 125 506 122 506 119 506 117 506 111 506 106 506 103 506 100 506 99 506 93 506 91 506 89 506 85 506 82 506 78 506 70 506 67 506 64 506 60 506 57 506 49 506 46 506 42 506 38 506 32 506 27 506 15 506 9 506 4 506 0 506 0 506 0 506 0 506 0 506 0 506 0 506 0 506 0 506 0 506 0 506 0 506 0 506 0 506 0 506 1 506 4 506 6 506 8 506 9 506 10 506 10 506 7 506 5 506 3 506 0 506 0 506 0 506 0 506 0 506 0 504 0 503 0 502 0 500 0 495 0 489 0 480 0 472 0 464 0 456 0 450 0 442 0 424 0 416 0 409 0 401 0 393 0 372 0 360 0 349 0 338 0 328 0 318 0 297 0 287 0 278 0 269 0 260 0 251 0 230 0 222 0 216 0 211 0 209 0 205 0 200 0 194 0 189 0 185 0 182 0 179 0 178 0 177 0 176 0 175 0 173 0 169 0 165 0 162 0 159 0 155 0 149 0 146 0 143 0 140 0 137 0 130 0 127 0 125 0 122 0 118 0 114 0 107 0 103 0 98 0 94 0 90 0 85 0 82 0 80 0 77 0 73 0 69 0 57 0 50 0 43 0 37 0 31 0 25 0 10 0 4 0 0 0 0 0 0 0 0 0 0 0 0 0 0 0 0 0 0 0 0 0 0 0 0 0 0 0 0 0 0 0 0 0 0 0 0 0 0 0 0 
24 0 0 0 0 1 599 1 -1 -1 1 10927 289 234 599 234 599 234 597 234 595 234 593 234 591 234 588 234 583 234 576 234 570 234 561 234 555 234 549 234 542 234 537 234 531 234 529 234 528 234 527 234 526 234 526 234 527 234 531 234 536 234 540 234 543 234 545 234 546 234 548 234 548 233 548 229 548 224 548 217 548 209 548 203 548 197 548 189 548 182 548 175 548 164 548 158 548 150 548 143 548 138 548 131 548 116 548 108 548 101 548 94 548 86 548 70 548 61 548 53 548 46 548 39 548 31 548 18 548 13 548 9 548 4 548 1 599 1 599 1 599 1 599 1 599 1 599 1 599 1 599 1 599 1 599 1 599 1 599 1 599 1 599 1 599 1 599 1 599 1 599 1 599 1 599 1 599 1 599 1 599 1 599 1 599 1 599 1 599 1 599 1 599 1 599 1 599 1 599 1 599 1 599 1 599 1 599 1 599 1 599 1 599 1 599 1 599 1 599 1 599 1 599 1 599 1 599 1 599 1 599 1 599 1 599 1 599 1 599 1 599 1 599 1 599 1 599 1 599 1 599 1 599 1 599 1 599 1 599 1 599 1 599 1 599 1 599 1 599 1 599 1 599 1 599 1 599 1 
24 0 0 0 0 2 216 50 0 10779 3 
24 0 0 0 0 2 283 116 0 8280 3 
24 0 0 0 0 2 516 183 1 4148 4 
24 0 0 0 0 2 249 149 0 9746 3 
24 0 0 0 0 2 149 50 0 9673 4 
24 0 0 0 0 2 216 416 1 13408 3 
24 0 0 0 0 2 183 116 0 7489 3 
24 0 0 0 0 2 50 249 0 4166 4 
24 0 0 0 0 2 516 482 1 2566 4 
24 0 0 0 0 2 249 516 0 11929 3 
24 0 0 0 0 2 316 349 1 6678 3 
24 0 0 0 0 2 316 216 1 7841 3 
24 0 0 0 0 2 416 449 1 4463 4 
24 0 0 0 0 2 316 316 1 9710 3 
24 0 0 0 0 2 482 516 1 3023 4 
24 0 0 0 0 2 416 183 1 2496 4 
24 0 0 0 0 2 149 516 0 4380 4 
24 0 0 0 0 2 449 549 1 5217 3 
24 0 0 0 0 2 50 316 0 2188 4 
24 0 0 0 0 2 416 516 1 2168 4 
24 0 0 0 0 2 216 482 0 2802 3 
24 0 0 0 0 2 249 349 1 5210 3 
24 0 0 0 0 2 383 183 1 6869 3 
24 0 0 0 0 2 383 216 1 1484 3 
24 0 0 0 0 2 349 116 1 2945 3 
24 0 0 0 0 2 149 316 0 7894 4 
24 0 0 0 0 2 183 50 0 2723 4 
24 0 0 0 0 2 516 549 1 2347 4 
24 0 0 0 0 2 283 249 0 6544 3 
24 0 0 0 0 2 482 249 1 2384 3 
24 0 0 0 0 2 416 216 1 1182 3 
24 0 0 0 0 2 50 482 0 2285 4 
24 0 0 0 0 1 599 439 -1 -1 1 9704 518 439 515 439 507 439 496 439 484 439 473 439 464 439 457 439 452 439 450 439 448 439 448 439 446 439 444 439 441 439 436 439 426 439 422 439 418 439 414 439 408 439 402 439 391 439 385 439 378 439 372 439 367 439 362 439 351 439 344 439 336 439 329 439 324 439 314 439 308 439 300 439 290 439 276 439 262 439 236 439 225 439 215 439 207 439 199 439 180 439 169 439 158 439 147 439 136 439 124 439 102 439 92 439 82 439 72 439 62 439 35 439 20 439 4 439 0 439 0 439 0 439 0 439 0 439 0 439 0 439 0 439 0 439 0 439 0 439 0 439 0 439 0 439 0 439 0 439 0 439 0 439 0 439 0 439 0 439 0 439 0 439 0 439 0 439 0 439 0 439 0 439 0 439 0 439 0 439 9 439 18 439 32 439 45 439 60 439 79 439 103 439 129 439 157 439 184 439 237 439 260 439 284 439 308 439 330 439 351 439 395 439 416 439 435 439 453 439 471 439 504 439 520 439 540 439 561 439 580 439 593 439 596 439 596 439 597 439 599 439 599 439 599 439 599 439 599 439 599 439 599 439 599 439 599 439 599 439 599 439 599 439 599 439 599 439 599 439 
24 0 0 0 0 1 5 356 -1 -1 0 7443 30 306 30 306 26 306 19 306 10 306 1 306 0 306 0 306 0 306 0 306 0 306 0 306 0 306 0 306 0 306 0 306 0 306 0 306 0 306 1 306 2 306 6 306 11 306 17 306 24 306 31 306 40 306 52 306 65 306 89 306 100 306 111 306 123 306 135 306 146 306 166 306 173 306 180 306 188 306 196 306 211 306 216 306 221 306 225 306 227 306 228 306 234 306 237 306 240 306 244 306 246 306 247 306 247 307 247 308 247 310 247 314 247 318 247 321 247 325 247 329 247 332 247 334 247 334 247 334 247 334 247 334 247 334 247 334 247 334 247 334 247 334 247 334 247 334 247 334 247 334 247 334 247 333 247 332 247 330 247 329 247 328 247 326 247 325 247 323 247 322 247 322 247 321 247 320 247 321 247 322 247 324 247 330 247 336 247 342 247 346 247 347 247 348 247 350 247 351 247 353 247 354 247 356 247 356 247 356 247 356 247 356 247 356 247 356 247 356 243 356 235 356 224 356 212 356 201 356 188 356 176 356 164 356 152 356 125 356 113 356 102 356 91 356 80 356 67 356 36 356 22 356 5 356 0 356 0 356 0 356 0 356 0 356 0 356 0 356 0 356 0 356 0 356 0 356 0 356 0 356 0 356 0 356 0 356 1 356 2 356 4 356 5 356 
24 0 0 0 0 1 599 109 -1 -1 1 9949 246 502 335 502 334 502 333 502 331 502 328 502 325 502 323 502 321 502 319 502 318 502 314 502 313 502 312 502 308 502 305 502 302 502 292 502 285 502 279 502 271 502 265 502 258 502 259 502 264 502 271 502 281 502 293 502 311 502 330 502 352 502 373 502 391 502 414 502 423 502 430 502 437 502 444 502 459 502 468 502 479 502 490 502 501 502 512 502 535 502 547 502 557 502 568 502 584 502 599 502 599 502 599 502 599 502 599 502 599 502 599 502 599 502 599 502 599 502 599 498 599 501 599 506 599 513 599 520 599 527 599 533 599 538 599 542 599 545 599 551 599 553 599 555 599 558 599 559 599 560 599 561 599 561 599 561 599 561 599 557 599 552 599 549 599 546 599 544 599 541 599 538 599 530 599 528 599 527 599 527 599 525 599 521 599 517 599 512 599 506 599 502 599 498 599 487 599 482 599 477 599 472 599 469 599 468 599 468 599 467 599 464 599 461 599 455 599 448 599 442 599 434 599 425 599 405 599 396 599 387 599 378 599 370 599 362 599 347 599 341 599 337 599 332 599 326 599 314 599 311 599 307 599 304 599 298 599 291 599 283 599 281 599 279 599 275 599 271 599 264 599 261 599 257 599 255 599 253 599 250 599 244 599 240 599 236 599 233 599 231 599 230 599 227 599 224 599 222 599 220 599 217 599 212 599 208 599 204 599 199 599 194 599 189 599 178 599 172 599 165 599 159 599 154 599 142 599 135 599 127 599 122 599 119 599 115 599 112 599 110 599 110 599 108 599 107 599 108 599 109 
24 0 0 0 0 1 297 77 -1 -1 0 7221 297 95 297 86 297 88 297 90 297 93 297 95 297 97 297 99 297 100 297 102 297 105 297 108 297 110 297 113 297 114 297 115 297 116 297 118 297 117 297 113 297 106 297 95 297 87 297 81 297 79 297 78 297 77 
24 0 0 0 0 1 167 346 -1 -1 0 4939 167 94 167 94 167 95 167 97 167 99 167 103 167 107 167 110 167 115 167 118 167 122 167 132 167 136 167 138 167 141 167 147 167 154 167 169 167 177 167 186 167 197 167 212 167 244 167 258 167 271 167 284 167 296 167 307 167 321 167 326 167 330 167 334 167 339 167 343 167 344 167 346 
24 0 0 0 0 1 356 0 -1 -1 1 6888 356 99 356 66 356 65 356 64 356 61 356 57 356 51 356 43 356 33 356 22 356 12 356 5 356 3 356 4 356 6 356 9 356 11 356 12 356 14 356 20 356 32 356 46 356 56 356 63 356 65 356 64 356 63 356 62 356 60 356 58 356 55 356 49 356 42 356 32 356 22 356 11 356 1 356 0 
24 0 0 0 0 1 13 0 -1 -1 0 4859 13 381 13 395 13 394 13 389 13 382 13 370 13 358 13 343 13 328 13 311 13 296 13 281 13 263 13 258 13 254 13 252 13 251 13 249 13 245 13 237 13 227 13 215 13 203 13 190 13 179 13 167 13 141 13 135 13 133 13 131 13 128 13 127 13 126 13 124 13 118 13 108 13 95 13 79 13 44 13 25 13 9 13 0 13 0 13 0 13 0 13 0 13 0 13 0 13 0 13 0 13 0 
24 0 0 0 0 1 36 472 -1 -1 0 4636 36 27 36 37 36 45 36 54 36 63 36 74 36 86 36 98 36 109 36 122 36 136 36 156 36 165 36 181 36 201 36 225 36 245 36 286 36 314 36 340 36 359 36 374 36 397 36 405 36 412 36 420 36 428 36 435 36 458 36 466 36 471 36 472 
24 0 0 0 0 1 299 163 -1 -1 0 5608 299 171 299 148 299 147 299 145 299 143 299 139 299 135 299 131 299 127 299 126 299 127 299 129 299 132 299 135 299 137 299 138 299 139 299 140 299 141 299 143 299 144 299 146 299 147 299 147 299 151 299 155 299 157 299 158 299 159 299 160 299 160 299 162 299 163 
24 0 0 0 0 1 373 20 -1 -1 1 5435 373 500 373 486 373 484 373 483 373 481 373 477 373 474 373 470 373 466 373 460 373 453 373 441 373 435 373 429 373 423 373 415 373 408 373 391 373 382 373 372 373 361 373 350 373 326 373 316 373 306 373 298 373 291 373 284 373 266 373 257 373 249 373 244 373 240 373 237 373 235 373 233 373 232 373 230 373 227 373 222 373 218 373 215 373 214 373 215 373 220 373 219 373 217 373 214 373 212 373 208 373 203 373 194 373 185 373 175 373 164 373 153 373 143 373 126 373 121 373 116 373 112 373 108 373 104 373 94 373 90 373 86 373 83 373 81 373 76 373 74 373 73 373 72 373 71 373 70 373 69 373 68 373 67 373 66 373 65 373 64 373 63 373 63 373 61 373 60 373 59 373 57 373 55 373 53 373 52 373 50 373 48 373 48 373 46 373 45 373 43 373 40 373 37 373 36 373 36 373 34 373 33 373 32 373 31 373 29 373 28 373 27 373 26 373 26 373 24 373 23 373 22 373 21 373 20 
24 0 0 0 0 1 259 287 -1 -1 0 3869 259 178 259 200 259 200 259 201 259 202 259 204 259 205 259 206 259 208 259 212 259 217 259 224 259 234 259 238 259 241 259 243 259 244 259 246 259 250 259 253 259 255 259 259 259 262 259 271 259 276 259 278 259 279 259 280 259 280 259 281 259 282 259 283 259 283 259 285 259 286 259 286 259 287 
24 0 0 0 0 1 405 352 -1 -1 1 6791 340 67 346 67 347 67 349 67 353 67 358 67 365 67 371 67 377 67 382 67 385 67 393 67 396 67 399 67 403 67 404 67 406 67 407 67 406 67 405 67 405 68 405 74 405 81 405 90 405 101 405 114 405 130 405 145 405 160 405 172 405 191 405 199 405 206 405 212 405 217 405 221 405 239 405 251 405 260 405 267 405 274 405 287 405 291 405 292 405 294 405 295 405 299 405 306 405 308 405 309 405 311 405 312 405 313 405 312 405 310 405 312 405 314 405 315 405 316 405 316 405 317 405 317 405 319 405 321 405 324 405 325 405 326 405 327 405 331 405 336 405 341 405 345 405 349 405 352 
24 0 0 0 0 1 511 8 -1 -1 1 4820 511 520 511 519 511 517 511 512 511 508 511 503 511 501 511 500 511 499 511 498 511 497 511 496 511 495 511 493 511 491 511 490 511 489 511 488 511 487 511 485 511 483 511 478 511 474 511 470 511 466 511 461 511 454 511 440 511 434 511 426 511 418 511 410 511 400 511 380 511 371 511 363 511 351 511 337 511 302 511 285 511 272 511 261 511 253 511 246 511 236 511 229 511 221 511 210 511 196 511 173 511 168 511 166 511 167 511 178 511 177 511 171 511 160 511 144 511 129 511 112 511 95 511 75 511 58 511 40 511 18 511 11 511 8 
24 0 0 0 0 1 556 299 -1 -1 1 4763 556 563 556 599 556 599 556 599 556 599 556 599 556 599 556 599 556 599 556 599 556 599 556 599 556 599 556 599 556 599 556 599 556 599 556 599 556 599 556 599 556 599 556 599 556 599 556 599 556 598 556 590 556 591 556 599 556 599 556 599 556 599 556 599 556 599 556 599 556 599 556 599 556 599 556 599 556 599 556 599 556 599 556 599 556 599 556 599 556 599 556 599 556 599 556 599 556 599 556 599 556 599 556 599 556 599 556 591 556 587 556 581 556 569 556 556 556 532 556 519 556 501 556 479 556 454 556 425 556 369 556 345 556 320 556 299 556 279 556 263 556 234 556 222 556 213 556 204 556 198 556 194 556 191 556 192 556 197 556 207 556 218 556 229 556 242 556 257 556 270 556 280 556 287 556 294 556 295 556 295 556 297 556 298 556 299 
24 0 0 0 0 1 195 234 -1 -1 0 3462 414 234 420 234 416 234 412 234 406 234 398 234 383 234 365 234 347 234 328 234 310 234 278 234 266 234 256 234 249 234 245 234 244 234 232 234 221 234 210 234 199 234 194 234 195 234 
24 0 0 0 0 1 379 580 -1 -1 1 3789 483 580 457 580 453 580 446 580 436 580 427 580 416 580 405 580 395 580 388 580 384 580 379 580 
24 0 0 0 0 2 416 50 1 7163 3 
24 0 0 0 0 2 449 383 1 13035 3 
24 0 0 0 0 2 549 116 1 1974 4 
24 0 0 0 0 2 183 549 0 2884 4 
24 0 0 0 0 2 416 316 0 3167 4 
24 0 0 0 0 2 316 50 0 6382 4 
24 0 0 0 0 2 416 83 1 5052 3 
24 0 0 0 0 2 482 83 1 1749 4 
24 0 0 0 0 2 249 83 0 1224 4 
24 0 0 0 0 2 183 316 0 1099 4 
24 0 0 0 0 2 83 116 0 519 4 
24 0 0 0 0 2 316 416 0 812 4 
24 0 0 0 0 2 383 383 0 875 4 
24 0 0 0 0 2 116 216 0 837 4 
24 0 0 0 0 2 183 416 0 810 4 
24 0 0 0 0 2 216 183 0 590 4 
24 0 0 0 0 2 116 249 0 460 4 
24 0 0 0 0 2 349 349 0 1020 4 
24 0 0 0 0 2 50 549 0 841 4 
24 0 0 0 0 2 183 516 0 721 4 
24 0 0 0 0 2 549 283 1 879 4 
24 0 0 0 0 2 482 482 1 961 4 
24 0 0 0 0 2 116 516 0 651 4 
24 0 0 0 0 2 316 383 0 533 4 
24 0 0 0 0 2 183 183 0 492 4 
24 0 0 0 0 2 283 449 0 485 4 
24 0 0 0 0 2 116 283 0 466 4 
24 0 0 0 0 2 249 249 0 661 4 
24 0 0 0 0 2 216 316 0 462 4 
24 0 0 0 0 2 449 183 1 3377 3 
24 0 0 0 0 2 449 516 1 575 3 
24 0 0 0 0 2 449 149 0 2729 4 
24 0 0 0 0 1 599 92 -1 -1 1 11725 159 92 158 92 146 92 134 92 120 92 103 92 86 92 65 92 47 92 30 92 16 92 0 92 0 92 0 92 0 92 0 92 0 92 0 92 0 92 0 92 0 92 0 92 0 92 0 92 0 92 0 92 0 92 2 92 8 92 19 92 36 92 53 92 69 92 84 92 104 92 126 92 173 92 194 92 213 92 234 92 255 92 278 92 319 92 337 92 354 92 368 92 382 92 407 92 420 92 433 92 444 92 456 92 468 92 495 92 509 92 523 92 538 92 554 92 588 92 599 92 599 92 599 92 599 92 599 92 599 92 599 92 599 92 599 92 599 92 599 92 599 92 599 92 599 92 599 92 599 92 
24 0 0 0 0 1 599 376 -1 -1 1 4644 306 376 276 376 271 376 263 376 255 376 243 376 230 376 215 376 200 376 187 376 174 376 151 376 144 376 139 376 133 376 131 376 132 376 140 376 157 376 180 376 211 376 244 376 278 376 310 376 349 376 393 376 470 376 493 376 510 376 522 376 530 376 535 376 542 376 545 376 550 376 561 376 575 376 599 376 599 376 599 376 599 376 599 376 599 376 599 376 599 376 599 376 599 376 599 376 599 376 599 376 599 376 599 376 599 376 599 376 599 376 599 376 599 376 599 376 599 376 599 376 
24 0 0 0 0 1 599 4 -1 -1 1 7997 459 255 251 255 252 255 255 255 261 255 270 255 283 255 301 255 320 255 337 255 352 255 386 255 403 255 419 255 432 255 442 255 450 255 457 255 462 255 469 255 477 255 487 255 520 255 540 255 561 255 583 255 599 255 599 255 599 255 599 255 599 255 599 255 599 255 599 255 599 255 599 255 599 255 599 255 599 255 599 255 599 96 599 104 599 112 599 126 599 139 599 154 599 169 599 182 599 193 599 203 599 219 599 227 599 235 599 242 599 249 599 255 599 264 599 266 599 268 599 269 599 270 599 270 599 271 599 272 599 273 599 274 599 274 599 274 599 275 599 275 599 275 599 272 599 260 599 254 599 247 599 237 599 224 599 210 599 188 599 174 599 161 599 149 599 143 599 142 599 146 599 152 599 159 599 166 599 170 599 174 599 178 599 180 599 179 599 175 599 157 599 149 599 141 599 133 599 122 599 110 599 81 599 65 599 47 599 30 599 11 599 0 599 0 599 0 599 0 599 0 599 0 599 0 599 0 599 0 599 0 599 0 599 0 599 0 599 0 599 0 599 0 599 0 599 0 599 0 599 0 599 0 599 0 599 0 599 0 599 0 599 0 599 0 599 0 599 0 599 0 599 0 599 0 599 0 599 0 599 0 599 0 599 0 599 0 599 0 599 0 599 0 599 0 599 2 599 4 
24 0 0 0 0 1 394 390 -1 -1 1 9810 334 390 252 390 252 390 253 390 256 390 260 390 263 390 265 390 267 390 272 390 277 390 277 390 276 390 275 390 274 390 272 390 269 390 267 390 265 390 264 390 261 390 259 390 255 390 250 390 245 390 244 390 243 390 242 390 241 390 238 390 230 390 226 390 226 390 229 390 235 390 242 390 250 390 259 390 270 390 281 390 294 390 304 390 318 390 320 390 324 390 329 390 334 390 340 390 356 390 367 390 376 390 384 390 389 390 400 390 405 390 410 390 416 390 422 390 427 390 440 390 446 390 451 390 453 390 454 390 454 390 453 390 451 390 447 390 446 390 443 390 440 390 438 390 436 390 432 390 427 390 417 390 413 390 412 390 410 390 409 390 407 390 406 390 403 390 399 390 396 390 394 390 
24 0 0 0 0 1 351 0 -1 -1 1 5309 504 181 502 181 496 181 487 181 477 181 469 181 462 181 454 181 446 181 437 181 429 181 418 181 413 181 412 181 410 181 406 181 400 181 392 181 386 181 379 181 372 181 367 181 363 181 362 181 361 181 360 181 359 181 358 181 357 181 356 181 355 181 353 181 352 181 351 181 351 265 351 261 351 255 351 243 351 226 351 207 351 188 351 171 351 157 351 146 351 133 351 128 351 125 351 123 351 121 351 120 351 115 351 108 351 102 351 95 351 86 351 59 351 43 351 27 351 14 351 3 351 0 351 0 351 0 351 0 351 0 351 0 351 0 351 0 351 0 351 0 351 0 351 0 351 0 
24 0 0 0 0 1 449 582 -1 -1 1 6415 548 75 599 75 598 75 596 75 591 75 585 75 581 75 577 75 574 75 570 75 564 75 557 75 548 75 543 75 539 75 537 75 535 75 530 75 524 75 516 75 508 75 498 75 488 75 478 75 469 75 458 75 456 75 456 75 454 75 453 75 452 75 451 75 450 75 449 75 449 76 449 78 449 82 449 87 449 93 449 103 449 115 449 132 449 153 449 173 449 212 449 229 449 248 449 265 449 278 449 291 449 316 449 328 449 340 449 349 449 359 449 381 449 390 449 397 449 403 449 408 449 411 449 415 449 416 449 417 449 417 449 417 449 417 449 413 449 410 449 406 449 402 449 397 449 389 449 389 449 388 449 386 449 384 449 381 449 382 449 383 449 385 449 386 449 392 449 406 449 422 449 438 449 456 449 475 449 494 449 516 449 533 449 550 449 580 449 593 449 599 449 599 449 599 449 599 449 599 449 599 449 599 449 599 449 599 449 599 449 599 449 598 449 595 449 592 449 590 449 585 449 583 449 582 
24 0 0 0 0 1 0 301 -1 -1 0 3075 192 301 11 301 7 301 3 301 0 301 0 301 0 301 0 301 0 301 0 301 0 301 0 301 0 301 0 301 0 301 0 301 0 301 0 301 0 301 
24 0 0 0 0 1 106 538 -1 -1 0 4943 106 266 106 344 106 345 106 346 106 347 106 349 106 353 106 358 106 363 106 366 106 369 106 374 106 383 106 388 106 391 106 392 106 395 106 398 106 402 106 402 106 404 106 406 106 409 106 411 106 411 106 411 106 412 106 412 106 412 106 412 106 412 106 414 106 415 106 416 106 418 106 423 106 426 106 429 106 431 106 435 106 444 106 447 106 448 106 448 106 452 106 460 106 466 106 474 106 482 106 493 106 503 106 515 106 524 106 528 106 534 106 538 106 539 106 540 106 540 106 540 106 543 106 544 106 545 106 545 106 545 106 542 106 540 106 539 106 538 106 538 
24 0 0 0 0 1 17 420 -1 -1 0 6012 17 93 17 0 17 2 17 7 17 13 17 22 17 32 17 43 17 56 17 70 17 83 17 107 17 119 17 129 17 140 17 150 17 161 17 179 17 188 17 198 17 207 17 217 17 240 17 252 17 265 17 277 17 287 17 297 17 313 17 317 17 319 17 321 17 323 17 326 17 326 17 326 17 325 17 324 17 323 17 315 17 304 17 292 17 278 17 264 17 239 17 225 17 214 17 205 17 199 17 206 17 225 17 247 17 267 17 286 17 303 17 320 17 333 17 348 17 362 17 389 17 400 17 410 17 418 17 424 17 434 17 449 17 454 17 455 17 455 17 458 17 464 17 466 17 466 17 466 17 465 17 464 17 460 17 458 17 456 17 455 17 453 17 445 17 439 17 433 17 428 17 427 17 427 17 427 17 427 17 426 17 426 17 424 17 422 17 420 17 419 17 419 17 419 17 420 
24 0 0 0 0 1 379 155 -1 -1 1 4205 559 155 398 155 396 155 391 155 383 155 373 155 366 155 359 155 353 155 345 155 338 155 321 155 312 155 305 155 299 155 292 155 287 155 284 155 281 155 279 155 275 155 269 155 267 155 268 155 271 155 276 155 280 155 285 155 290 155 294 155 297 155 298 155 299 155 300 155 301 155 302 155 303 155 307 155 314 155 323 155 331 155 337 155 342 155 346 155 353 155 355 155 355 155 357 155 359 155 361 155 363 155 366 155 371 155 377 155 379 155 
24 0 0 0 0 1 282 283 -1 -1 0 4180 229 283 37 283 35 283 31 283 25 283 18 283 9 283 0 283 0 283 0 283 0 283 0 283 0 283 0 283 2 283 6 283 15 283 27 283 37 283 45 283 50 283 56 283 64 283 74 283 95 283 103 283 110 283 118 283 127 283 135 283 151 283 159 283 169 283 180 283 192 283 214 283 222 283 228 283 234 283 242 283 250 283 265 283 271 283 274 283 276 283 278 283 279 283 280 283 281 283 282 283 
24 0 0 0 0 1 239 0 -1 -1 0 3016 239 58 239 0 239 0 239 0 
24 0 0 0 0 1 482 157 -1 -1 1 6484 482 157 482 108 482 109 482 111 482 112 482 114 482 114 482 114 482 114 482 114 482 118 482 122 482 124 482 126 482 128 482 128 482 128 482 128 482 128 482 128 482 128 482 128 482 128 482 128 482 128 482 128 482 128 482 128 482 128 482 127 482 127 482 127 482 127 482 127 482 126 482 125 482 118 482 115 482 111 482 107 482 104 482 98 482 95 482 94 482 95 482 97 482 100 482 103 482 108 482 114 482 119 482 121 482 122 482 124 482 125 482 126 482 126 482 126 482 126 482 126 482 126 482 126 482 126 482 126 482 126 482 123 482 122 482 122 482 121 482 120 482 119 482 118 482 118 482 117 482 116 482 116 482 116 482 117 482 118 482 118 482 119 482 119 482 120 482 121 482 121 482 123 482 124 482 125 482 127 482 128 482 131 482 133 482 135 482 137 482 138 482 140 482 141 482 143 482 146 482 147 482 148 482 149 482 151 482 153 482 153 482 154 482 155 482 157 482 157 482 157 482 157 482 157 482 157 482 157 482 157 482 157 482 157 
24 0 0 0 0 1 236 160 -1 -1 0 6012 35 452 13 452 13 452 12 452 8 452 2 452 0 452 0 452 0 452 0 452 0 452 0 452 0 452 0 452 0 452 0 452 0 452 1 452 2 452 3 452 6 452 14 452 24 452 34 452 40 452 43 452 44 452 46 452 52 452 58 452 65 452 73 452 97 452 116 452 137 452 156 452 171 452 181 452 185 452 188 452 190 452 193 452 199 452 203 452 205 452 206 452 207 452 209 452 210 452 214 452 218 452 220 452 221 452 223 452 224 452 225 452 227 452 229 452 231 452 233 452 234 452 235 452 236 452 236 452 236 451 236 447 236 440 236 429 236 415 236 401 236 386 236 373 236 360 236 341 236 336 236 333 236 329 236 323 236 316 236 298 236 291 236 282 236 274 236 266 236 245 236 236 236 228 236 219 236 211 236 203 236 185 236 177 236 170 236 166 236 163 236 159 236 148 236 142 236 140 236 141 236 142 236 143 236 144 236 146 236 150 236 153 236 156 236 157 236 159 236 160 
24 0 0 0 0 1 544 137 -1 -1 1 5436 185 365 238 365 240 365 240 365 239 365 235 365 228 365 218 365 206 365 193 365 181 365 169 365 159 365 146 365 143 365 140 365 138 365 132 365 123 365 115 365 109 365 111 365 117 365 127 365 144 365 167 365 193 365 219 365 241 365 261 365 277 365 303 365 313 365 320 365 326 365 332 365 340 365 364 365 375 365 386 365 397 365 410 365 433 365 442 365 447 365 451 365 454 365 455 365 457 365 457 364 457 360 457 354 457 345 457 335 457 322 457 309 457 296 457 284 457 273 457 253 457 246 457 240 457 235 457 229 457 223 457 211 457 206 457 203 457 200 457 199 457 198 457 197 457 196 457 194 457 191 457 188 457 185 457 181 457 176 457 172 457 165 457 163 457 161 457 159 457 154 457 149 457 145 457 141 457 139 457 137 458 137 462 137 467 137 474 137 481 137 488 137 497 137 507 137 516 137 526 137 539 137 542 137 544 137 
24 0 0 0 0 1 166 599 -1 -1 0 4683 269 496 266 496 264 496 257 496 247 496 236 496 225 496 214 496 204 496 194 496 186 496 179 496 177 496 176 496 174 496 171 496 168 496 166 496 166 498 166 502 166 506 166 511 166 517 166 523 166 529 166 535 166 542 166 550 166 566 166 574 166 582 166 591 166 598 166 599 166 599 166 599 166 599 166 599 166 599 166 599 166 599 166 599 166 599 166 599 166 599 166 599 166 599 166 599 166 599 166 599 166 599 166 599 166 599 166 599 
24 0 0 0 0 2 50 50 0 9893 5 
24 0 0 0 0 2 383 416 1 2928 3 
24 0 0 0 0 2 383 449 1 2209 4 
24 0 0 0 0 2 283 83 1 3174 3 
24 0 0 0 0 2 383 516 0 2503 4 
24 0 0 0 0 2 549 83 1 1447 4 
24 0 0 0 0 2 216 83 0 1290 4 
24 0 0 0 0 2 549 416 1 5829 4 
24 0 0 0 0 2 316 449 0 2730 3 
24 0 0 0 0 2 50 516 0 1377 4 
24 0 0 0 0 2 349 216 0 7634 3 
24 0 0 0 0 2 183 449 0 1719 4 
24 0 0 0 0 2 283 149 0 743 4 
24 0 0 0 0 2 149 482 0 1139 4 
24 0 0 0 0 2 149 283 0 402 4 
24 0 0 0 0 2 149 149 0 452 4 
24 0 0 0 0 2 383 149 0 665 4 
24 0 0 0 0 2 50 416 0 604 4 
24 0 0 0 0 2 482 349 1 2319 3 
24 0 0 0 0 2 116 383 0 711 4 
24 0 0 0 0 2 449 316 0 651 4 
24 0 0 0 0 2 549 183 1 696 4 
24 0 0 0 0 2 249 549 0 1119 4 
24 0 0 0 0 2 349 482 0 890 4 
24 0 0 0 0 2 83 183 0 608 4 
24 0 0 0 0 2 516 149 1 1049 3 
24 0 0 0 0 2 383 50 0 901 4 
24 0 0 0 0 2 283 482 0 728 4 
24 0 0 0 0 2 449 216 1 2873 3 
24 0 0 0 0 2 283 416 0 2504 4 
24 0 0 0 0 2 449 50 1 1295 3 
24 0 0 0 0 2 183 83 0 910 4 
24 0 0 0 0 1 354 184 -1 -1 1 15015 107 184 4 184 4 184 6 184 7 184 9 184 10 184 10 184 10 184 10 184 11 184 13 184 13 184 13 184 13 184 13 184 13 184 11 184 10 184 10 184 10 184 10 184 10 184 10 184 10 184 10 184 12 184 13 184 14 184 14 184 14 184 14 184 16 184 18 184 18 184 18 184 18 184 20 184 22 184 23 184 24 184 26 184 28 184 28 184 27 184 24 184 17 184 12 184 8 184 4 184 2 184 1 184 0 184 0 184 3 184 5 184 11 184 14 184 20 184 26 184 33 184 44 184 48 184 50 184 52 184 56 184 60 184 67 184 68 184 68 184 72 184 78 184 88 184 92 184 95 184 98 184 102 184 109 184 118 184 120 184 123 184 124 184 128 184 133 184 143 184 147 184 150 184 154 184 160 184 170 184 175 184 177 184 182 184 187 184 198 184 225 184 241 184 254 184 268 184 284 184 310 184 317 184 322 184 327 184 334 184 344 184 362 184 366 184 369 184 370 184 368 184 370 184 371 184 372 184 374 184 375 184 378 184 383 184 387 184 390 184 390 184 392 184 394 184 397 184 399 184 401 184 402 184 405 184 410 184 413 184 417 184 419 184 429 184 437 184 443 184 449 184 453 184 458 184 467 184 472 184 476 184 480 184 483 184 489 184 493 184 497 184 502 184 505 184 507 184 507 184 508 184 510 184 512 184 514 184 516 184 517 184 521 184 524 184 528 184 531 184 531 184 531 184 531 184 531 184 531 184 531 184 525 184 522 184 521 184 520 184 519 184 516 184 515 184 513 184 512 184 512 184 511 184 508 184 505 184 502 184 501 184 500 184 499 184 499 184 496 184 493 184 489 184 486 184 485 184 484 184 482 184 481 184 479 184 477 184 476 184 474 184 472 184 467 184 465 184 464 184 462 184 461 184 460 184 458 184 455 184 453 184 450 184 445 184 440 184 421 184 410 184 400 184 388 184 372 184 340 184 326 184 312 184 295 184 275 184 255 184 223 184 212 184 203 184 195 184 188 184 179 184 178 184 178 184 179 184 181 184 182 184 185 184 188 184 192 184 198 184 201 184 204 184 206 184 208 184 212 184 215 184 219 184 224 184 227 184 229 184 232 184 233 184 234 184 237 184 239 184 242 184 245 184 249 184 258 184 262 184 266 184 270 184 273 184 275 184 280 184 282 184 284 184 286 184 290 184 297 184 300 184 303 184 306 184 309 184 312 184 326 184 332 184 336 184 339 184 344 184 354 184 
24 0 0 0 0 1 16 327 -1 -1 0 3843 34 327 32 327 32 327 32 327 32 327 32 327 32 327 32 327 31 327 31 327 30 327 29 327 29 327 27 327 27 327 26 327 25 327 25 327 24 327 23 327 22 327 20 327 18 327 16 327 
24 0 0 0 0 1 580 45 -1 -1 1 7125 8 45 6 45 6 45 6 45 4 45 4 45 3 45 2 45 0 45 0 45 0 45 0 45 0 45 0 45 0 45 0 45 0 45 0 45 1 45 5 45 11 45 17 45 28 45 39 45 49 45 56 45 63 45 68 45 84 45 92 45 96 45 96 45 96 45 107 45 118 45 130 45 141 45 148 45 153 45 161 45 165 45 168 45 170 45 173 45 175 45 181 45 181 45 181 45 181 45 180 45 180 45 181 45 182 45 184 45 185 45 186 45 186 45 185 45 185 45 185 45 186 45 189 45 190 45 193 45 198 45 207 45 218 45 221 45 224 45 226 45 226 45 227 45 227 45 227 45 227 45 227 45 227 45 229 45 229 45 229 45 229 45 229 45 229 45 229 45 229 45 229 45 231 45 233 45 236 45 236 45 236 45 236 45 236 45 236 45 238 45 238 45 239 45 241 45 242 45 245 45 247 45 248 45 249 45 251 45 254 45 262 45 266 45 270 45 273 45 276 45 279 45 281 45 283 45 286 45 288 45 291 45 297 45 302 45 308 45 313 45 318 45 322 45 337 45 351 45 368 45 387 45 397 45 419 45 431 45 446 45 459 45 469 45 476 45 497 45 513 45 530 45 541 45 548 45 558 45 564 45 575 45 588 45 597 45 599 45 599 45 599 45 599 45 599 45 599 45 599 45 599 45 599 45 599 45 599 45 599 45 597 45 591 45 586 45 580 45 
24 0 0 0 0 1 226 303 -1 -1 0 5531 21 303 0 303 0 303 0 303 1 303 2 303 2 303 2 303 0 303 0 303 0 303 0 303 0 303 0 303 1 303 2 303 2 303 4 303 6 303 8 303 9 303 11 303 13 303 15 303 16 303 17 303 18 303 18 303 13 303 11 303 11 303 11 303 12 303 17 303 17 303 17 303 16 303 14 303 12 303 8 303 5 303 1 303 0 303 0 303 0 303 0 303 0 303 0 303 0 303 0 303 0 303 0 303 0 303 0 303 2 303 10 303 33 303 43 303 50 303 56 303 63 303 76 303 83 303 89 303 92 303 96 303 103 303 136 303 151 303 161 303 169 303 178 303 206 303 216 303 223 303 227 303 230 303 233 303 239 303 241 303 242 303 242 303 242 303 241 303 242 303 243 303 243 303 243 303 243 303 243 303 243 303 242 303 241 303 240 303 240 303 239 303 239 303 239 303 239 303 239 303 239 303 239 303 239 303 239 303 240 303 240 303 240 303 240 303 240 303 240 303 240 303 236 303 233 303 230 303 226 303 
24 0 0 0 0 1 331 3 -1 -1 1 4708 309 499 268 499 270 499 272 499 274 499 276 499 279 499 284 499 291 499 296 499 298 499 300 499 300 499 301 499 301 499 301 499 301 499 302 499 302 499 302 499 303 499 303 499 304 499 304 499 304 499 306 499 306 499 306 499 306 499 306 499 307 499 307 499 308 499 308 499 310 499 312 499 312 499 312 499 313 499 315 499 317 499 319 499 322 499 323 499 324 499 328 499 331 499 331 505 331 497 331 481 331 463 331 443 331 422 331 397 331 374 331 354 331 336 331 309 331 297 331 283 331 268 331 252 331 236 331 204 331 188 331 176 331 170 331 166 331 157 331 147 331 134 331 120 331 106 331 93 331 70 331 57 331 44 331 31 331 19 331 0 331 0 331 0 331 0 331 0 331 0 331 0 331 1 331 3 
24 0 0 0 0 1 474 39 -1 -1 1 5582 459 279 542 279 544 279 545 279 547 279 550 279 554 279 559 279 563 279 565 279 566 279 565 279 564 279 564 279 563 279 563 279 563 279 563 279 563 279 563 279 563 279 563 279 563 279 563 279 563 279 563 279 563 279 563 279 563 279 563 279 563 276 563 269 563 259 563 247 563 236 563 225 563 214 563 203 563 191 563 167 563 160 563 156 563 155 563 154 563 149 563 136 563 127 563 116 563 104 563 92 563 70 563 64 563 63 563 62 563 61 563 58 563 52 563 46 563 41 563 39 564 39 564 39 565 39 567 39 569 39 571 39 571 39 571 39 568 39 566 39 562 39 562 39 561 39 560 39 558 39 556 39 556 39 556 39 556 39 552 39 548 39 543 39 537 39 529 39 523 39 519 39 516 39 512 39 504 39 500 39 498 39 498 39 498 39 498 39 498 39 498 39 498 39 497 39 496 39 494 39 492 39 490 39 488 39 486 39 483 39 477 39 474 39 474 39 
24 0 0 0 0 1 410 393 -1 -1 1 5892 19 354 19 468 19 462 19 452 19 440 19 428 19 416 19 401 19 384 19 367 19 351 19 322 19 310 19 301 19 295 19 291 19 290 19 289 19 289 19 290 19 299 19 313 19 327 19 340 19 351 19 358 19 368 19 380 19 388 19 393 17 393 9 393 0 393 0 393 0 393 0 393 0 393 0 393 0 393 0 393 0 393 0 393 0 393 0 393 0 393 0 393 0 393 3 393 13 393 26 393 45 393 72 393 112 393 171 393 223 393 272 393 312 393 398 393 436 393 465 393 489 393 510 393 533 393 574 393 571 393 565 393 556 393 546 393 533 393 519 393 509 393 500 393 492 393 484 393 470 393 465 393 462 393 461 393 460 393 458 393 453 393 447 393 441 393 436 393 433 393 431 393 429 393 426 393 422 393 421 393 419 393 415 393 410 393 
24 0 0 0 0 1 322 348 -1 -1 1 4267 444 174 441 174 437 174 430 174 419 174 404 174 389 174 376 174 365 174 356 174 348 174 337 174 332 174 327 174 325 174 322 174 322 179 322 181 322 187 322 196 322 206 322 217 322 226 322 233 322 241 322 249 322 262 322 266 322 266 322 267 322 269 322 273 322 286 322 294 322 302 322 309 322 317 322 333 322 336 322 337 322 338 322 340 322 344 322 346 322 348 
24 0 0 0 0 1 273 0 -1 -1 0 5301 353 505 352 505 346 505 338 505 326 505 311 505 293 505 274 505 256 505 239 505 225 505 203 505 190 505 179 505 171 505 166 505 165 505 164 505 165 505 166 505 168 505 170 505 171 505 172 505 174 505 177 505 181 505 187 505 203 505 207 505 209 505 210 505 211 505 213 505 215 505 218 505 221 505 227 505 233 505 249 505 256 505 264 505 270 505 272 505 273 505 273 503 273 494 273 480 273 461 273 439 273 417 273 394 273 373 273 357 273 344 273 326 273 320 273 313 273 305 273 296 273 285 273 247 273 219 273 195 273 171 273 150 273 109 273 91 273 75 273 60 273 43 273 24 273 0 273 0 273 0 273 0 
24 0 0 0 0 1 362 28 -1 -1 1 4556 196 177 287 177 285 177 279 177 271 177 259 177 247 177 233 177 220 177 209 177 200 177 186 177 181 177 179 177 176 177 174 177 173 177 172 177 171 177 172 177 175 177 184 177 198 177 216 177 233 177 251 177 270 177 288 177 305 177 330 177 337 177 342 177 345 177 347 177 349 177 353 177 356 177 360 177 362 177 362 176 362 170 362 160 362 146 362 133 362 118 362 104 362 88 362 73 362 62 362 50 362 47 362 45 362 44 362 42 362 38 362 35 362 33 362 31 362 30 362 29 362 28 
24 0 0 0 0 1 0 599 -1 -1 0 5516 356 468 408 468 404 468 399 468 393 468 389 468 385 468 381 468 378 468 375 468 372 468 359 468 353 468 344 468 336 468 328 468 323 468 322 468 321 468 320 468 317 468 314 468 311 468 307 468 302 468 296 468 291 468 289 468 284 468 279 468 273 468 259 468 248 468 223 468 212 468 200 468 190 468 179 468 169 468 149 468 141 468 134 468 126 468 117 468 96 468 82 468 67 468 52 468 38 468 25 468 3 468 0 468 0 468 0 468 0 468 0 468 0 468 0 468 0 468 0 468 0 468 0 468 0 468 0 468 0 468 0 468 0 468 0 468 0 468 0 565 0 583 0 599 0 599 0 599 0 599 0 599 0 599 0 599 0 599 0 599 0 599 0 599 0 599 0 599 0 599 0 599 0 599 0 599 0 599 0 599 0 599 0 599 0 599 0 599 0 599 0 599 0 599 0 599 
24 0 0 0 0 1 460 0 -1 -1 1 4435 534 68 599 68 598 68 591 68 583 68 574 68 565 68 554 68 543 68 533 68 523 68 509 68 505 68 504 68 504 68 502 68 501 68 497 68 490 68 483 68 478 68 473 68 470 68 467 68 464 68 463 68 462 68 461 68 460 68 460 63 460 61 460 58 460 54 460 50 460 47 460 43 460 38 460 33 460 28 460 17 460 14 460 10 460 7 460 4 460 1 460 0 460 0 460 0 460 0 460 0 460 0 460 0 460 0 460 0 460 0 460 0 460 0 460 0 460 0 460 0 460 0 460 0 460 0 
24 0 0 0 0 1 282 0 -1 -1 0 4559 590 376 599 376 596 376 590 376 580 376 563 376 541 376 514 376 488 376 463 376 440 376 393 376 372 376 352 376 333 376 318 376 308 376 291 376 285 376 283 376 283 376 282 376 282 444 282 447 282 447 282 446 282 437 282 424 282 405 282 383 282 359 282 337 282 296 282 280 282 267 282 256 282 247 282 236 282 216 282 207 282 197 282 183 282 169 282 138 282 123 282 110 282 98 282 88 282 79 282 69 282 69 282 72 282 71 282 61 282 53 282 43 282 32 282 18 282 0 282 0 282 0 282 0 282 0 282 0 282 0 282 0 282 0 282 0 282 0 
24 0 0 0 0 1 413 292 -1 -1 1 5149 379 183 523 183 522 183 521 183 519 183 516 183 511 183 505 183 501 183 500 183 499 183 498 183 498 183 496 183 491 183 484 183 477 183 470 183 464 183 456 183 447 183 441 183 431 183 430 183 428 183 425 183 422 183 416 183 413 183 413 178 413 175 413 170 413 163 413 156 413 149 413 140 413 131 413 125 413 118 413 107 413 103 413 98 413 94 413 88 413 83 413 77 413 76 413 77 413 79 413 84 413 95 413 114 413 136 413 157 413 176 413 194 413 211 413 244 413 254 413 259 413 260 413 261 413 262 413 264 413 265 413 267 413 273 413 281 413 286 413 288 413 289 413 291 413 292 
24 0 0 0 0 1 349 540 -1 -1 1 4454 515 43 515 0 515 2 515 9 515 20 515 37 515 55 515 74 515 94 515 116 515 141 515 195 515 219 515 239 515 258 515 277 515 290 515 307 515 314 515 320 515 329 515 340 515 367 515 384 515 401 515 418 515 435 515 452 515 481 515 493 515 501 515 508 515 515 515 528 515 532 515 535 515 537 515 539 515 540 515 540 515 540 515 540 515 540 515 540 516 540 515 540 513 540 512 540 510 540 508 540 502 540 494 540 482 540 471 540 459 540 432 540 421 540 410 540 398 540 387 540 377 540 358 540 353 540 349 540 
24 0 0 0 0 1 224 599 -1 -1 0 7531 522 39 533 39 533 39 532 39 530 39 525 39 517 39 507 39 494 39 480 39 469 39 459 39 449 39 436 39 431 39 428 39 425 39 422 39 417 39 401 39 393 39 386 39 380 39 378 39 378 263 378 259 378 253 378 244 378 233 378 220 378 208 378 195 378 180 378 168 378 144 378 134 378 124 378 115 378 109 378 105 378 102 378 97 378 90 378 82 378 71 378 42 378 24 378 5 378 0 378 0 378 0 378 0 378 0 378 0 378 0 378 0 378 0 378 0 378 0 378 0 378 0 378 0 378 0 378 0 378 0 378 0 378 2 378 8 378 15 378 30 378 53 378 82 378 109 378 135 378 170 378 214 378 313 378 350 378 379 378 407 378 436 378 463 378 495 378 503 378 510 378 516 378 521 378 527 378 530 378 533 378 535 378 537 378 540 378 543 378 544 378 546 378 547 378 548 378 550 378 550 378 550 378 550 378 550 378 550 378 544 378 539 378 536 378 533 378 529 378 517 378 511 378 504 378 495 378 483 378 475 378 465 378 463 378 463 378 463 378 463 378 464 378 465 378 471 378 477 378 485 378 496 378 509 378 521 378 537 378 559 378 590 378 599 378 599 378 599 378 599 378 599 378 599 378 599 378 599 378 599 378 599 378 599 378 599 378 599 378 599 378 599 378 599 378 599 378 599 378 599 378 599 377 599 373 599 370 599 365 599 360 599 356 599 353 599 350 599 348 599 346 599 341 599 339 599 336 599 333 599 330 599 326 599 316 599 310 599 303 599 297 599 293 599 282 599 276 599 271 599 267 599 261 599 254 599 238 599 231 599 226 599 224 599 
24 0 0 0 0 2 249 449 0 7576 3 
24 0 0 0 0 2 482 416 1 1913 3 
24 0 0 0 0 2 50 383 0 1904 4 
24 0 0 0 0 2 83 283 0 466 4 
24 0 0 0 0 2 316 482 1 4117 3 
24 0 0 0 0 2 383 283 1 1047 3 
24 0 0 0 0 2 116 50 0 737 4 
24 0 0 0 0 2 449 416 1 908 3 
24 0 0 0 0 2 549 149 1 588 3 
24 0 0 0 0 2 216 283 0 638 4 
24 0 0 0 0 2 349 183 1 2096 3 
24 0 0 0 0 2 149 216 0 761 4 
24 0 0 0 0 2 249 482 0 1134 4 
24 0 0 0 0 2 482 283 1 848 3 
24 0 0 0 0 2 183 482 0 885 4 
24 0 0 0 0 2 50 216 0 657 4 
24 0 0 0 0 2 83 50 0 503 4 
24 0 0 0 0 2 349 316 0 634 4 
24 0 0 0 0 2 283 549 1 4937 3 
24 0 0 0 0 2 549 349 1 1262 3 
24 0 0 0 0 2 516 116 1 499 3 
24 0 0 0 0 2 116 549 0 652 4 
24 0 0 0 0 2 316 183 1 881 3 
24 0 0 0 0 2 349 249 1 2960 3 
24 0 0 0 0 2 349 549 1 2697 3 
24 0 0 0 0 2 349 283 1 1707 3 
24 0 0 0 0 2 50 116 0 642 4 
24 0 0 0 0 2 549 482 1 1444 3 
24 0 0 0 0 2 116 449 0 3225 4 
24 0 0 0 0 2 482 549 1 1799 4 
24 0 0 0 0 2 50 349 0 721 4 
24 0 0 0 0 2 50 183 0 530 4 
24 0 0 0 0 1 0 421 -1 -1 0 5375 494 421 501 421 513 421 541 421 543 421 559 421 548 421 538 421 530 421 521 421 510 421 501 421 493 421 485 421 461 421 444 421 425 421 404 421 382 421 362 421 322 421 304 421 287 421 269 421 251 421 216 421 198 421 180 421 159 421 135 421 113 421 76 421 58 421 40 421 16 421 0 421 0 421 0 421 0 421 0 421 0 421 0 421 0 421 0 421 0 421 0 421 0 421 0 421 0 421 0 421 0 421 0 421 0 421 0 421 0 421 0 421 0 421 0 421 
24 0 0 0 0 1 0 10 -1 -1 0 3437 9 10 320 10 315 10 309 10 298 10 281 10 255 10 221 10 186 10 157 10 134 10 85 10 53 10 24 10 0 10 0 10 0 10 0 10 0 10 0 10 0 10 0 10 0 10 0 10 0 10 0 10 0 10 0 10 0 10 0 10 0 10 
24 0 0 0 0 1 599 519 -1 -1 1 3357 40 519 237 519 230 519 214 519 196 519 174 519 145 519 111 519 70 519 28 519 0 519 0 519 0 519 0 519 0 519 0 519 0 519 0 519 0 519 0 519 0 519 1 519 15 519 41 519 77 519 121 519 177 519 224 519 324 519 405 519 492 519 571 519 599 519 599 519 599 519 599 519 599 519 599 519 599 519 599 519 599 519 599 519 599 519 599 519 599 519 599 519 599 519 599 519 
24 0 0 0 0 1 587 0 -1 -1 1 4596 23 368 0 368 0 368 0 368 0 368 0 368 0 368 0 368 0 368 0 368 0 368 0 368 0 368 0 368 0 368 0 368 0 368 0 368 1 368 11 368 28 368 56 368 95 368 142 368 199 368 274 368 372 368 485 368 599 368 599 368 599 368 599 368 599 368 599 368 599 368 599 368 599 368 599 368 597 368 587 368 587 365 587 351 587 334 587 317 587 302 587 290 587 275 587 259 587 239 587 220 587 187 587 176 587 167 587 157 587 146 587 131 587 101 587 85 587 66 587 42 587 18 587 0 587 0 587 0 587 0 587 0 587 0 587 0 587 0 587 0 587 0 587 0 587 0 587 0 
24 0 0 0 0 1 204 517 -1 -1 0 4708 204 153 204 380 204 378 204 372 204 364 204 354 204 344 204 336 204 329 204 325 204 323 204 322 204 321 204 320 204 318 204 316 204 312 204 307 204 302 204 296 204 290 204 288 204 283 204 280 204 278 204 274 204 269 204 263 204 258 204 260 204 264 204 273 204 288 204 310 204 336 204 362 204 390 204 413 204 450 204 462 204 468 204 472 204 477 204 482 204 493 204 498 204 503 204 506 204 509 204 514 204 516 204 517 
24 0 0 0 0 1 210 124 -1 -1 0 4139 590 520 587 520 580 520 570 520 556 520 538 520 510 520 474 520 441 520 415 520 399 520 380 520 373 520 370 520 368 520 366 520 363 520 344 520 327 520 314 520 306 520 305 520 302 520 298 520 294 520 288 520 280 520 272 520 252 520 237 520 222 520 209 520 204 520 203 520 204 520 210 520 210 520 210 514 210 504 210 486 210 463 210 432 210 400 210 368 210 335 210 304 210 259 210 243 210 231 210 221 210 207 210 192 210 161 210 149 210 140 210 131 210 126 210 124 
24 0 0 0 0 1 191 0 -1 -1 0 3703 392 206 533 206 523 206 505 206 483 206 458 206 432 206 404 206 379 206 357 206 342 206 335 206 337 206 338 206 340 206 339 206 331 206 318 206 301 206 281 206 261 206 245 206 236 206 222 206 206 206 182 206 183 206 185 206 191 206 191 205 191 196 191 185 191 172 191 157 191 138 191 114 191 85 191 48 191 9 191 0 191 0 191 0 191 0 191 0 191 0 191 0 191 0 191 0 191 0 
24 0 0 0 0 1 478 278 -1 -1 1 3797 594 278 599 278 598 278 596 278 594 278 589 278 585 278 581 278 577 278 572 278 568 278 552 278 543 278 534 278 526 278 519 278 512 278 502 278 494 278 486 278 481 278 480 278 479 278 478 278 
24 0 0 0 0 1 323 533 -1 -1 1 5173 399 533 348 533 343 533 337 533 331 533 326 533 324 533 323 533 
24 0 0 0 0 1 335 522 -1 -1 1 4773 485 153 509 153 507 153 503 153 496 153 485 153 471 153 455 153 437 153 420 153 405 153 381 153 371 153 366 153 361 153 360 153 359 153 357 153 355 153 353 153 350 153 345 153 341 153 338 153 337 153 336 153 335 153 335 173 335 172 335 170 335 166 335 159 335 151 335 141 335 133 335 128 335 125 335 117 335 111 335 105 335 101 335 99 335 98 335 96 335 93 335 89 335 85 335 84 335 83 335 84 335 88 335 96 335 107 335 126 335 146 335 168 335 191 335 218 335 248 335 303 335 323 335 339 335 354 335 368 335 382 335 406 335 417 335 427 335 437 335 450 335 476 335 487 335 497 335 504 335 506 335 507 335 508 335 509 335 510 335 511 335 512 335 516 335 519 335 521 335 522 
24 0 0 0 0 1 205 500 -1 -1 0 3909 205 418 205 387 205 395 205 402 205 409 205 418 205 432 205 453 205 472 205 485 205 494 205 497 205 498 205 498 205 498 205 498 205 498 205 498 205 498 205 498 205 498 205 500 205 500 205 500 205 500 205 500 205 500 205 500 
24 0 0 0 0 1 265 131 -1 -1 0 4988 504 540 501 540 497 540 492 540 484 540 469 540 452 540 432 540 415 540 398 540 383 540 358 540 349 540 341 540 333 540 323 540 311 540 279 540 262 540 247 540 236 540 231 540 258 540 260 540 260 540 260 540 260 540 258 540 251 540 238 540 223 540 205 540 170 540 150 540 128 540 110 540 95 540 87 540 85 540 86 540 87 540 89 540 94 540 103 540 116 540 135 540 158 540 180 540 200 540 229 540 242 540 254 540 260 540 261 540 262 540 263 540 264 540 265 540 265 539 265 530 265 515 265 495 265 470 265 443 265 411 265 376 265 345 265 314 265 275 265 259 265 247 265 236 265 225 265 214 265 197 265 186 265 174 265 162 265 150 265 136 265 132 265 131 
24 0 0 0 0 1 355 0 -1 -1 1 4125 460 380 583 380 577 380 570 380 558 380 541 380 521 380 499 380 481 380 466 380 455 380 445 380 443 380 435 380 423 380 405 380 388 380 373 380 362 380 354 380 348 380 345 380 344 380 345 380 349 380 355 380 355 384 355 384 355 384 355 374 355 356 355 332 355 300 355 262 355 224 355 189 355 153 355 92 355 74 355 61 355 53 355 50 355 47 355 33 355 23 355 10 355 0 355 0 355 0 355 0 355 0 355 0 355 0 355 0 355 0 355 0 355 0 355 0 355 0 355 0 355 0 355 0 355 0 355 0 355 0 355 0 355 0 355 0 355 0 
24 0 0 0 0 1 385 391 -1 -1 1 3381 133 391 439 391 438 391 437 391 435 391 431 391 422 391 412 391 402 391 394 391 391 391 388 391 384 391 377 391 372 391 369 391 367 391 361 391 356 391 351 391 348 391 349 391 358 391 370 391 385 391 
24 0 0 0 0 1 358 278 -1 -1 1 4006 358 348 358 237 358 243 358 253 358 264 358 272 358 277 358 278 
24 0 0 0 0 1 5 13 -1 -1 0 3765 5 93 5 92 5 88 5 81 5 68 5 51 5 33 5 20 5 13 
24 0 0 0 0 2 383 482 1 7392 4 
24 0 0 0 0 2 349 50 1 713 4 
24 0 0 0 0 2 449 283 1 1044 4 
24 0 0 0 0 2 549 549 1 470 4 
24 0 0 0 0 2 216 516 0 1825 3 
24 0 0 0 0 2 516 416 1 1348 4 
24 0 0 0 0 2 316 83 1 3329 4 
24 0 0 0 0 2 216 116 0 1867 3 
24 0 0 0 0 2 149 449 0 1889 4 
24 0 0 0 0 2 183 149 0 480 4 
24 0 0 0 0 2 216 216 0 426 4 
24 0 0 0 0 2 283 516 1 1332 4 
24 0 0 0 0 2 149 416 0 1086 4 
24 0 0 0 0 2 449 249 1 1100 3 
24 0 0 0 0 2 416 549 1 634 4 
24 0 0 0 0 2 83 216 0 3912 4 
24 0 0 0 0 2 116 183 0 1081 4 
24 0 0 0 0 2 249 383 0 3191 4 
24 0 0 0 0 2 383 249 1 1649 4 
24 0 0 0 0 2 516 316 1 650 4 
24 0 0 0 0 2 516 516 1 632 4 
24 0 0 0 0 2 416 283 1 1061 4 
24 0 0 0 0 2 516 83 1 621 4 
24 0 0 0 0 2 283 283 1 3124 3 
24 0 0 0 0 2 283 316 0 1819 3 
24 0 0 0 0 2 416 383 1 1290 3 
24 0 0 0 0 2 83 383 1 2561 4 
24 0 0 0 0 2 449 482 1 2979 4 
24 0 0 0 0 2 116 349 0 2434 4 
24 0 0 0 0 2 549 249 1 1236 4 
24 0 0 0 0 2 216 249 0 881 4 
24 0 0 0 0 2 83 249 0 678 4 
24 0 0 0 0 1 22 446 -1 -1 0 6152 297 446 387 446 386 446 385 446 384 446 382 446 374 446 360 446 344 446 327 446 311 446 280 446 266 446 253 446 242 446 235 446 233 446 232 446 228 446 219 446 203 446 179 446 154 446 128 446 103 446 72 446 40 446 0 446 0 446 0 446 0 446 0 446 0 446 0 446 0 446 0 446 0 446 0 446 0 446 0 446 0 446 2 446 8 446 22 446 
24 0 0 0 0 1 599 0 -1 -1 1 3532 390 4 390 204 390 203 390 197 390 188 390 173 390 155 390 132 390 106 390 76 390 43 390 12 390 0 390 0 390 0 390 0 390 0 390 0 390 0 390 0 390 0 390 0 390 0 391 0 395 0 399 0 404 0 411 0 422 0 438 0 464 0 495 0 530 0 599 0 599 0 599 0 599 0 599 0 599 0 599 0 599 0 599 0 599 0 599 0 599 0 599 0 599 0 599 0 599 0 599 0 599 0 599 0 599 0 
24 0 0 0 0 1 318 0 -1 -1 1 4334 10 209 10 0 10 0 10 0 10 0 10 0 10 0 10 0 10 0 10 0 10 0 10 0 11 0 13 0 18 0 24 0 31 0 37 0 41 0 43 0 45 0 47 0 52 0 56 0 61 0 68 0 77 0 87 0 119 0 134 0 149 0 165 0 180 0 209 0 222 0 233 0 242 0 250 0 259 0 279 0 290 0 301 0 310 0 315 0 318 0 
24 0 0 0 0 1 324 377 -1 -1 1 5507 506 348 451 348 453 348 457 348 462 348 470 348 483 348 497 348 512 348 530 348 546 348 573 348 583 348 590 348 592 348 590 348 582 348 571 348 555 348 536 348 515 348 491 348 468 348 468 178 468 177 468 172 468 165 468 156 468 147 468 136 468 125 468 115 468 106 468 91 468 82 468 76 468 71 468 68 468 66 468 65 468 66 468 71 468 85 468 105 468 128 468 152 468 179 468 207 468 231 468 251 468 278 468 289 468 297 468 303 468 308 468 314 468 332 468 345 468 358 468 369 468 377 473 377 470 377 465 377 458 377 449 377 436 377 423 377 409 377 398 377 389 377 374 377 367 377 359 377 355 377 352 377 351 377 348 377 344 377 340 377 336 377 333 377 329 377 327 377 325 377 324 377 
24 0 0 0 0 1 31 3 -1 -1 0 2671 79 3 86 3 85 3 83 3 79 3 75 3 69 3 63 3 56 3 49 3 43 3 37 3 31 3 
24 0 0 0 0 1 391 136 -1 -1 1 3875 599 6 599 7 599 11 599 17 599 28 599 39 599 54 599 68 599 83 599 98 599 110 599 128 599 134 599 137 599 139 599 138 599 137 599 136 596 136 590 136 580 136 569 136 558 136 546 136 535 136 524 136 515 136 507 136 501 136 500 136 498 136 497 136 493 136 488 136 474 136 465 136 456 136 449 136 441 136 428 136 423 136 416 136 409 136 404 136 402 136 401 136 400 136 398 136 396 136 395 136 393 136 392 136 391 136 
24 0 0 0 0 1 239 289 -1 -1 0 3070 562 289 586 289 580 289 564 289 540 289 516 289 491 289 464 289 436 289 410 289 386 289 350 289 336 289 325 289 313 289 305 289 296 289 275 289 262 289 250 289 245 289 244 289 243 289 241 289 239 289 
24 0 0 0 0 1 254 458 -1 -1 0 3964 364 238 521 238 513 238 496 238 475 238 454 238 438 238 424 238 409 238 394 238 381 238 367 238 365 238 363 238 356 238 350 238 344 238 341 238 339 238 335 238 332 238 331 238 330 238 329 238 328 238 324 238 319 238 316 238 314 238 312 238 310 238 310 238 308 238 300 238 296 238 293 238 292 238 291 238 290 238 289 238 286 238 281 238 273 238 266 238 261 238 259 238 257 238 255 238 254 238 254 238 254 244 254 246 254 247 254 251 254 256 254 264 254 277 254 288 254 299 254 312 254 337 254 345 254 351 254 353 254 355 254 359 254 369 254 379 254 387 254 398 254 409 254 438 254 450 254 456 254 458 
24 0 0 0 0 1 202 0 -1 -1 0 3819 202 583 202 590 202 594 202 599 202 599 202 599 202 599 202 599 202 599 202 599 202 599 202 599 202 599 202 599 202 599 202 599 202 599 202 599 202 599 202 599 202 599 202 599 202 599 202 599 202 597 202 591 202 576 202 551 202 511 202 464 202 412 202 346 202 274 202 203 202 107 202 74 202 46 202 21 202 0 202 0 202 0 202 0 202 0 
24 0 0 0 0 1 379 79 -1 -1 1 2942 467 79 492 79 488 79 481 79 469 79 455 79 441 79 431 79 424 79 419 79 416 79 412 79 411 79 410 79 406 79 398 79 391 79 385 79 381 79 380 79 379 79 
24 0 0 0 0 1 350 302 -1 -1 1 4644 179 60 179 204 179 207 179 213 179 219 179 227 179 238 179 248 179 260 179 271 179 281 179 298 179 302 178 302 173 302 167 302 157 302 149 302 139 302 130 302 124 302 120 302 118 302 114 302 111 302 107 302 101 302 95 302 92 302 93 302 100 302 112 302 125 302 141 302 161 302 181 302 204 302 227 302 248 302 276 302 286 302 292 302 297 302 301 302 306 302 317 302 325 302 335 302 342 302 348 302 350 302 
24 0 0 0 0 1 96 87 -1 -1 0 3565 22 269 22 147 22 146 22 145 22 144 22 140 22 134 22 127 22 118 22 110 22 102 22 91 22 87 22 87 23 87 25 87 29 87 35 87 41 87 48 87 54 87 58 87 59 87 61 87 62 87 64 87 67 87 70 87 74 87 78 87 87 87 92 87 94 87 96 87 
24 0 0 0 0 1 285 125 -1 -1 0 3806 285 125 297 125 293 125 285 125 270 125 256 125 242 125 228 125 213 125 199 125 188 125 173 125 169 125 167 125 165 125 164 125 163 125 164 125 165 125 168 125 174 125 181 125 190 125 200 125 211 125 220 125 228 125 238 125 259 125 268 125 276 125 282 125 284 125 285 125 285 125 
24 0 0 0 0 1 395 380 -1 -1 1 3901 523 573 523 574 523 565 523 553 523 542 523 532 523 522 523 508 523 490 523 473 523 460 523 449 523 448 523 447 523 445 523 443 523 441 523 438 523 435 523 427 523 418 523 410 523 397 523 392 523 388 523 384 523 381 523 380 527 380 526 380 522 380 518 380 514 380 510 380 504 380 498 380 493 380 488 380 483 380 480 380 478 380 475 380 473 380 472 380 467 380 464 380 461 380 459 380 458 380 453 380 450 380 445 380 439 380 434 380 427 380 416 380 411 380 407 380 404 380 401 380 397 380 396 380 395 380 395 380 
24 0 0 0 0 1 381 566 -1 -1 1 4821 381 580 381 599 381 596 381 592 381 589 381 587 381 585 381 581 381 574 381 569 381 566 
24 0 0 0 0 1 315 413 -1 -1 1 2957 533 413 543 413 542 413 540 413 533 413 523 413 512 413 502 413 488 413 472 413 454 413 421 413 406 413 391 413 381 413 376 413 374 413 374 413 372 413 368 413 360 413 347 413 321 413 315 413 
24 0 0 0 0 2 482 449 1 3329 5 
24 0 0 0 0 2 216 383 1 5502 3 
24 0 0 0 0 2 416 416 1 1375 5 
24 0 0 0 0 2 416 149 1 661 5 
24 0 0 0 0 2 249 116 0 4973 3 
24 0 0 0 0 2 83 482 0 2065 5 
24 0 0 0 0 2 83 416 0 520 5 
24 0 0 0 0 2 50 449 0 424 5 
24 0 0 0 0 2 482 316 1 1450 5 
24 0 0 0 0 2 449 349 1 593 5 
24 0 0 0 0 2 383 549 1 1228 5 
24 0 0 0 0 2 349 416 1 2919 4 
24 0 0 0 0 2 183 283 0 1176 5 
24 0 0 0 0 2 83 516 0 392 5 
24 0 0 0 0 2 83 316 0 420 5 
24 0 0 0 0 2 249 283 0 2406 4 
24 0 0 0 0 2 83 549 0 2171 5 
24 0 0 0 0 2 316 549 1 1516 4 
24 0 0 0 0 2 316 249 1 1566 4 
24 0 0 0 0 2 416 116 1 2402 5 
24 0 0 0 0 2 283 50 0 3982 3 
24 0 0 0 0 2 516 283 1 3369 5 
24 0 0 0 0 2 482 116 1 484 5 
24 0 0 0 0 2 183 216 0 1644 5 
24 0 0 0 0 2 116 149 0 504 5 
24 0 0 0 0 2 482 183 1 2991 5 
24 0 0 0 0 2 116 83 0 763 5 
24 0 0 0 0 2 283 183 0 2855 3 
24 0 0 0 0 2 549 216 1 4266 5 
24 0 0 0 0 2 516 50 1 597 5 
24 0 0 0 0 2 316 516 1 1844 4 
24 0 0 0 0 2 216 549 0 2804 3 
24 0 0 0 0 1 361 3 -1 -1 1 7526 272 198 272 157 272 159 272 163 272 167 272 173 272 171 272 163 272 152 272 140 272 128 272 116 272 104 272 88 272 67 272 46 272 19 272 12 272 2 272 0 272 0 272 0 272 0 272 1 272 3 308 3 309 3 313 3 322 3 336 3 356 3 380 3 409 3 434 3 458 3 477 3 513 3 530 3 547 3 563 3 575 3 588 3 599 3 599 3 598 3 594 3 592 3 591 3 590 3 586 3 578 3 563 3 546 3 529 3 495 3 477 3 457 3 440 3 427 3 416 3 395 3 385 3 377 3 367 3 361 3 
24 0 0 0 0 1 262 314 -1 -1 0 3806 262 271 262 299 262 301 262 303 262 306 262 307 262 308 262 309 262 310 262 312 262 313 262 314 
24 0 0 0 0 1 236 0 -1 -1 0 4589 339 384 338 384 332 384 325 384 320 384 317 384 315 384 314 384 313 384 310 384 306 384 301 384 300 384 298 384 297 384 296 384 294 384 292 384 289 384 288 384 287 384 286 384 280 384 276 384 274 384 272 384 271 384 267 384 261 384 259 384 258 384 257 384 255 384 248 384 242 384 238 384 236 384 236 408 236 401 236 392 236 380 236 367 236 351 236 334 236 316 236 301 236 287 236 259 236 245 236 232 236 219 236 207 236 198 236 183 236 171 236 157 236 142 236 127 236 102 236 91 236 82 236 74 236 69 236 62 236 47 236 38 236 31 236 23 236 16 236 6 236 2 236 0 
24 0 0 0 0 1 225 431 -1 -1 0 3469 277 310 355 310 353 310 347 310 340 310 331 310 323 310 316 310 309 310 303 310 297 310 286 310 282 310 279 310 278 310 277 310 275 310 270 310 264 310 258 310 252 310 247 310 234 310 228 310 226 310 225 310 225 312 225 313 225 316 225 324 225 332 225 341 225 351 225 362 225 375 225 388 225 395 225 402 225 407 225 414 225 421 225 425 225 428 225 431 
24 0 0 0 0 1 197 455 -1 -1 0 4219 52 546 52 568 52 569 52 571 52 573 52 575 52 577 52 580 52 582 52 583 52 585 52 596 52 599 52 599 52 599 52 599 52 599 52 598 52 594 52 588 52 579 52 567 52 548 52 520 52 492 52 471 52 458 52 455 53 455 54 455 53 455 51 455 47 455 43 455 39 455 37 455 36 455 34 455 32 455 29 455 23 455 20 455 16 455 13 455 9 455 5 455 0 455 0 455 2 455 9 455 21 455 40 455 61 455 81 455 102 455 122 455 138 455 152 455 170 455 174 455 176 455 177 455 178 455 180 455 182 455 185 455 188 455 191 455 194 455 197 455 
24 0 0 0 0 1 194 524 -1 -1 0 3220 311 524 320 524 309 524 291 524 274 524 261 524 251 524 245 524 243 524 241 524 238 524 231 524 228 524 226 524 225 524 223 524 221 524 219 524 217 524 215 524 209 524 203 524 197 524 194 524 
24 0 0 0 0 1 355 308 -1 -1 1 3780 566 30 566 114 566 116 566 121 566 129 566 140 566 155 566 176 566 199 566 222 566 243 566 274 566 290 566 301 566 307 566 308 564 308 563 308 562 308 559 308 553 308 539 308 522 308 503 308 484 308 465 308 429 308 414 308 403 308 395 308 391 308 389 308 383 308 378 308 373 308 371 308 369 308 363 308 358 308 355 308 
24 0 0 0 0 1 296 597 -1 -1 0 5102 288 560 332 560 343 560 354 560 368 560 387 560 412 560 436 560 457 560 475 560 490 560 513 560 523 560 530 560 537 560 543 560 546 560 542 560 534 560 521 560 504 560 484 560 462 560 439 560 419 560 397 560 377 560 348 560 342 560 341 560 340 560 337 560 332 560 328 560 326 560 325 560 324 560 322 560 318 560 312 560 306 560 305 560 302 560 300 560 298 560 296 560 296 561 296 567 296 576 296 589 296 599 296 599 296 599 296 599 296 599 296 599 296 599 296 599 296 599 296 599 296 599 296 599 296 599 296 599 296 599 296 598 296 597 
24 0 0 0 0 1 508 334 -1 -1 1 5230 46 334 31 334 30 334 28 334 25 334 19 334 12 334 1 334 0 334 0 334 0 334 0 334 0 334 0 334 0 334 0 334 0 334 2 334 6 334 16 334 33 334 62 334 99 334 140 334 282 334 284 334 513 334 508 334 
24 0 0 0 0 1 320 443 -1 -1 1 4852 494 331 136 331 125 331 114 331 102 331 90 331 79 331 68 331 58 331 50 331 39 331 21 331 17 331 15 331 16 331 21 331 30 331 42 331 55 331 70 331 86 331 102 331 120 331 136 331 164 331 174 331 184 331 193 331 200 331 208 331 228 331 241 331 252 331 264 331 274 331 290 331 294 331 297 331 300 331 302 331 305 331 315 331 317 331 319 331 319 331 320 331 320 318 320 315 320 317 320 325 320 334 320 345 320 361 320 376 320 391 320 403 320 412 320 418 320 423 320 424 320 425 320 426 320 429 320 431 320 434 320 435 320 435 320 435 320 435 320 435 320 436 320 437 320 437 320 437 320 437 320 436 320 436 320 436 320 437 320 437 320 438 320 438 320 440 320 443 
24 0 0 0 0 1 222 460 -1 -1 0 4619 198 415 215 415 216 415 217 415 219 415 220 415 220 415 220 415 221 415 221 415 222 415 222 415 222 416 222 422 222 429 222 437 222 445 222 453 222 458 222 460 222 460 
24 0 0 0 0 1 245 0 -1 -1 0 7212 262 389 262 373 262 376 262 383 262 391 262 401 262 412 262 423 262 433 262 442 262 449 262 466 262 474 262 479 262 485 262 491 262 496 262 504 262 507 262 509 262 509 262 509 262 508 262 507 262 507 262 507 262 505 262 503 262 492 262 484 262 476 262 466 262 452 262 412 262 392 262 371 262 352 262 343 262 335 262 325 262 323 262 323 262 323 262 323 262 323 262 321 262 320 262 320 262 316 262 311 262 303 262 286 262 274 262 262 262 248 262 234 262 219 262 189 262 172 262 155 262 136 262 118 262 86 262 71 262 57 262 42 262 29 262 15 262 0 262 0 262 0 262 0 262 0 262 0 262 0 262 0 262 0 262 0 262 0 262 0 262 0 262 0 262 0 262 0 262 0 262 0 583 0 584 0 584 0 584 0 583 0 581 0 580 0 579 0 579 0 581 0 584 0 586 0 589 0 591 0 593 0 594 0 595 0 597 0 599 0 599 0 599 0 599 0 599 0 599 0 599 0 599 0 599 0 599 0 599 0 599 0 599 0 595 0 586 0 573 0 539 0 521 0 503 0 485 0 468 0 452 0 416 0 401 0 393 0 384 0 374 0 364 0 348 0 344 0 342 0 341 0 337 0 333 0 327 0 321 0 313 0 305 0 296 0 280 0 274 0 270 0 267 0 266 0 266 0 265 0 262 0 258 0 254 0 249 0 242 0 243 0 244 0 245 0 
24 0 0 0 0 1 320 0 -1 -1 1 5310 462 121 462 156 462 160 462 168 462 179 462 190 462 199 462 209 462 218 462 226 462 233 462 241 462 243 462 246 462 250 462 254 462 259 462 266 462 272 462 279 462 285 462 288 462 296 462 300 462 302 462 302 462 302 462 302 462 291 462 282 462 274 462 266 462 255 462 216 462 193 462 173 462 150 462 126 462 90 462 0 462 0 462 0 462 0 462 0 462 0 462 0 462 0 462 0 462 0 462 0 462 0 462 0 462 0 462 0 462 0 462 0 462 0 599 0 596 0 585 0 570 0 556 0 541 0 527 0 516 0 508 0 501 0 495 0 496 0 502 0 512 0 526 0 543 0 559 0 571 0 580 0 589 0 599 0 599 0 599 0 599 0 599 0 599 0 599 0 599 0 599 0 599 0 599 0 599 0 599 0 597 0 591 0 581 0 565 0 544 0 499 0 477 0 458 0 439 0 420 0 383 0 370 0 360 0 352 0 344 0 337 0 324 0 320 0 
24 0 0 0 0 1 217 355 -1 -1 0 3638 220 355 433 355 432 355 429 355 426 355 424 355 423 355 419 355 412 355 403 355 390 355 377 355 365 355 354 355 343 355 332 355 320 355 321 355 322 355 324 355 327 355 326 355 320 355 313 355 302 355 287 355 269 355 251 355 236 355 224 355 217 355 
24 0 0 0 0 1 367 385 -1 -1 1 3966 210 113 210 250 210 254 210 259 210 264 210 271 210 282 210 296 210 311 210 327 210 341 210 366 210 374 210 381 210 385 209 385 208 385 206 385 202 385 196 385 190 385 185 385 181 385 180 385 179 385 178 385 177 385 174 385 169 385 167 385 165 385 163 385 160 385 156 385 153 385 152 385 153 385 157 385 166 385 180 385 198 385 219 385 241 385 262 385 282 385 317 385 331 385 345 385 355 385 359 385 361 385 362 385 363 385 364 385 366 385 367 385 
24 0 0 0 0 1 242 383 -1 -1 0 3371 102 539 102 504 102 500 102 496 102 490 102 482 102 472 102 458 102 442 102 427 102 416 102 402 102 398 102 394 102 389 102 387 102 386 102 385 102 384 102 383 104 383 110 383 118 383 130 383 144 383 156 383 168 383 179 383 192 383 204 383 226 383 233 383 235 383 237 383 238 383 239 383 241 383 242 383 
24 0 0 0 0 2 149 183 0 24008 5 
24 0 0 0 0 2 50 283 0 765 5 
24 0 0 0 0 2 116 482 0 843 5 
24 0 0 0 0 2 549 50 1 1145 5 
24 0 0 0 0 2 316 116 1 1322 5 
24 0 0 0 0 2 249 316 1 2251 4 
24 0 0 0 0 2 383 316 1 877 4 
24 0 0 0 0 2 249 216 0 5048 3 
24 0 0 0 0 2 383 116 1 1447 5 
24 0 0 0 0 2 383 349 1 934 5 
24 0 0 0 0 2 516 449 1 469 5 
24 0 0 0 0 2 116 116 0 1006 5 
24 0 0 0 0 2 516 249 1 1185 5 
24 0 0 0 0 2 549 516 1 588 5 
24 0 0 0 0 2 149 383 0 1245 5 
24 0 0 0 0 2 50 83 0 546 5 
24 0 0 0 0 2 249 50 0 437 5 
24 0 0 0 0 2 149 549 0 574 5 
24 0 0 0 0 2 349 149 1 2716 4 
24 0 0 0 0 2 183 249 0 1116 5 
24 0 0 0 0 2 482 383 1 2066 5 
24 0 0 0 0 2 482 216 1 555 5 
24 0 0 0 0 2 516 349 1 498 5 
24 0 0 0 0 2 149 349 0 1205 5 
24 0 0 0 0 2 516 216 1 1599 5 
24 0 0 0 0 2 316 149 1 2888 3 
24 0 0 0 0 2 283 349 1 2094 3 
24 0 0 0 0 2 249 416 0 3130 3 
24 0 0 0 0 2 349 449 1 1122 3 
24 0 0 0 0 2 549 449 1 1531 5 
24 0 0 0 0 2 216 149 0 2015 5 
24 0 0 0 0 2 116 416 0 546 5 
24 0 0 0 0 1 337 599 -1 -1 1 10472 2 274 1 274 0 274 0 274 0 274 0 274 0 274 0 274 0 274 0 274 0 274 0 274 0 274 0 274 0 274 0 274 2 274 8 274 16 274 25 274 25 325 25 346 25 367 25 387 25 407 25 426 25 447 25 468 25 488 25 506 25 543 25 562 25 582 25 599 25 599 25 599 25 599 25 599 25 599 25 599 25 599 25 599 25 599 25 599 25 599 25 599 25 599 22 599 21 599 20 599 18 599 12 599 3 599 0 599 0 599 0 599 0 599 0 599 0 599 0 599 0 599 0 599 0 599 0 599 0 599 0 599 4 599 19 599 39 599 59 599 81 599 110 599 149 599 193 599 228 599 262 599 344 599 401 599 455 599 509 599 560 599 599 599 599 599 599 599 599 599 599 599 599 599 598 599 592 599 583 599 569 599 553 599 539 599 523 599 519 599 514 599 508 599 500 599 482 599 470 599 457 599 441 599 424 599 409 599 389 599 384 599 383 599 382 599 379 599 373 599 364 599 355 599 346 599 339 599 337 599 
24 0 0 0 0 1 163 528 -1 -1 0 3533 282 284 279 284 277 284 270 284 261 284 251 284 237 284 223 284 206 284 192 284 180 284 166 284 163 284 163 286 163 290 163 297 163 310 163 326 163 344 163 366 163 388 163 409 163 431 163 465 163 478 163 487 163 493 163 500 163 507 163 517 163 520 163 523 163 526 163 528 163 528 163 528 163 528 163 528 163 528 163 528 163 528 
24 0 0 0 0 1 277 311 -1 -1 0 3621 108 311 96 311 94 311 93 311 90 311 87 311 85 311 83 311 79 311 76 311 74 311 72 311 71 311 70 311 69 311 70 311 76 311 85 311 96 311 109 311 120 311 128 311 135 311 142 311 148 311 160 311 166 311 175 311 185 311 197 311 208 311 228 311 235 311 239 311 242 311 244 311 248 311 250 311 252 311 252 311 254 311 256 311 261 311 266 311 268 311 271 311 273 311 276 311 277 311 
24 0 0 0 0 1 261 592 -1 -1 0 3115 381 592 372 592 371 592 369 592 367 592 361 592 354 592 343 592 329 592 316 592 304 592 286 592 281 592 279 592 277 592 275 592 271 592 267 592 263 592 261 592 
24 0 0 0 0 1 367 470 -1 -1 1 3150 538 470 534 470 528 470 516 470 499 470 478 470 459 470 442 470 428 470 418 470 409 470 391 470 384 470 380 470 377 470 373 470 370 470 367 470 
24 0 0 0 0 1 314 382 -1 -1 1 3764 201 382 289 382 289 382 288 382 287 382 286 382 284 382 281 382 277 382 273 382 268 382 262 382 260 382 258 382 254 382 248 382 245 382 243 382 242 382 236 382 229 382 222 382 218 382 219 382 224 382 236 382 253 382 267 382 278 382 283 382 284 382 286 382 291 382 303 382 314 382 318 382 318 382 318 382 317 382 315 382 314 382 
24 0 0 0 0 1 262 384 -1 -1 0 5767 232 253 226 253 225 253 223 253 222 253 221 253 219 253 217 253 215 253 212 253 206 253 200 253 199 253 199 341 199 327 199 317 199 312 199 312 199 314 199 321 199 333 199 349 199 366 199 384 199 397 199 405 199 404 199 402 199 396 199 389 199 384 197 384 195 384 191 384 185 384 179 384 174 384 173 384 172 384 171 384 170 384 167 384 163 384 156 384 147 384 138 384 132 384 130 384 134 384 146 384 161 384 180 384 200 384 215 384 227 384 238 384 246 384 253 384 256 384 257 384 257 384 259 384 260 384 261 384 262 384 
24 0 0 0 0 1 237 406 -1 -1 0 2823 237 415 237 405 237 406 
24 0 0 0 0 1 362 488 -1 -1 1 9021 149 508 147 508 145 508 142 508 135 508 125 508 115 508 105 508 96 508 87 508 79 508 63 508 55 508 48 508 43 508 39 508 37 508 40 508 50 508 50 545 50 570 50 597 50 599 50 599 50 599 50 599 50 599 50 599 50 599 50 599 50 599 50 599 50 599 50 599 50 599 50 599 50 599 50 599 50 599 50 599 50 599 50 0 50 12 50 22 50 45 50 55 50 69 50 89 50 111 50 134 50 154 50 173 50 192 50 213 50 251 50 264 50 271 50 275 50 278 50 281 50 293 50 300 50 311 50 326 50 345 50 390 50 410 50 428 50 444 50 460 50 474 50 488 49 488 48 488 46 488 42 488 32 488 14 488 0 488 0 488 0 488 0 488 0 488 0 488 0 488 0 488 0 488 0 488 0 488 0 488 5 488 20 488 43 488 70 488 96 488 120 488 144 488 167 488 196 488 244 488 264 488 282 488 300 488 321 488 342 488 386 488 409 488 432 488 459 488 484 488 525 488 538 488 547 488 552 488 554 488 553 488 550 488 548 488 547 488 546 488 540 488 529 488 517 488 505 488 493 488 482 488 475 488 471 488 469 488 468 488 467 488 466 488 463 488 457 488 447 488 431 488 426 488 424 488 423 488 421 488 417 488 412 488 408 488 406 488 404 488 402 488 400 488 398 488 397 488 396 488 394 488 392 488 391 488 390 488 388 488 385 488 382 488 380 488 379 488 379 488 378 488 378 488 376 488 375 488 373 488 372 488 371 488 370 488 369 488 368 488 367 488 366 488 366 488 365 488 364 488 363 488 362 488 
24 0 0 0 0 1 329 79 -1 -1 1 3323 541 79 540 79 538 79 535 79 529 79 522 79 514 79 507 79 498 79 490 79 484 79 476 79 474 79 470 79 465 79 457 79 448 79 427 79 414 79 400 79 386 79 369 79 337 79 329 79 
24 0 0 0 0 1 195 480 -1 -1 0 3380 146 480 252 480 251 480 249 480 247 480 242 480 235 480 228 480 223 480 218 480 217 480 213 480 211 480 208 480 205 480 203 480 200 480 193 480 189 480 186 480 183 480 184 480 190 480 195 480 
24 0 0 0 0 1 471 599 -1 -1 1 3956 33 560 33 430 33 432 33 438 33 446 33 455 33 466 33 479 33 495 33 512 33 529 33 560 33 572 33 583 33 592 33 599 33 599 33 599 33 599 33 599 33 599 33 599 33 599 33 599 33 599 33 599 33 599 33 599 33 599 33 599 32 599 30 599 25 599 16 599 3 599 0 599 0 599 0 599 0 599 0 599 0 599 0 599 0 599 0 599 0 599 0 599 0 599 0 599 0 599 0 599 0 599 4 599 17 599 39 599 67 599 100 599 134 599 169 599 211 599 253 599 343 599 375 599 399 599 416 599 430 599 443 599 463 599 470 599 471 599 
24 0 0 0 0 1 342 0 -1 -1 1 3451 82 132 82 0 82 0 82 0 82 0 82 0 82 0 82 0 82 0 82 0 82 0 82 0 82 0 82 0 82 0 82 0 84 0 86 0 90 0 97 0 107 0 119 0 131 0 146 0 162 0 179 0 208 0 219 0 227 0 235 0 244 0 254 0 274 0 286 0 298 0 312 0 325 0 342 0 
24 0 0 0 0 1 317 478 -1 -1 1 4943 148 478 40 478 39 478 35 478 28 478 16 478 3 478 0 478 0 478 0 478 0 478 0 478 0 478 0 478 0 478 3 478 13 478 30 478 56 478 89 478 124 478 157 478 284 478 284 478 284 478 288 478 299 478 316 478 334 478 352 478 369 478 381 478 404 478 413 478 418 478 421 478 418 478 410 478 401 478 390 478 380 478 370 478 361 478 354 478 353 478 351 478 349 478 347 478 344 478 343 478 342 478 341 478 337 478 335 478 333 478 332 478 330 478 328 478 324 478 321 478 319 478 318 478 317 478 
24 0 0 0 0 1 360 39 -1 -1 1 4796 90 39 98 39 94 39 89 39 83 39 78 39 71 39 61 39 51 39 42 39 36 39 26 39 22 39 18 39 13 39 6 39 0 39 0 39 2 39 12 39 28 39 57 39 97 39 135 39 170 39 202 39 233 39 258 39 295 39 308 39 320 39 330 39 338 39 347 39 359 39 362 39 363 39 364 39 366 39 367 39 370 39 373 39 377 39 382 39 387 39 392 39 394 39 395 39 396 39 397 39 399 39 402 39 404 39 410 39 418 39 425 39 435 39 446 39 448 39 450 39 451 39 455 39 461 39 467 39 472 39 475 39 477 39 476 39 475 39 468 39 454 39 436 39 417 39 400 39 384 39 372 39 364 39 360 39 
24 0 0 0 0 1 202 472 -1 -1 0 3053 461 472 437 472 426 472 417 472 409 472 401 472 392 472 382 472 373 472 365 472 356 472 340 472 330 472 318 472 305 472 296 472 289 472 275 472 267 472 260 472 254 472 249 472 238 472 232 472 227 472 222 472 218 472 214 472 208 472 205 472 203 472 202 472 
24 0 0 0 0 2 349 516 1 4080 5 
24 0 0 0 0 2 216 449 0 3144 3 
24 0 0 0 0 2 416 482 1 2277 5 
24 0 0 0 0 2 383 83 1 574 5 
24 0 0 0 0 2 183 383 0 2391 3 
24 0 0 0 0 2 183 349 0 1843 4 
24 0 0 0 0 2 416 349 1 1182 5 
24 0 0 0 0 2 316 283 1 1547 5 
24 0 0 0 0 2 249 183 0 1422 4 
24 0 0 0 0 2 149 83 0 1310 5 
24 0 0 0 0 2 149 249 0 696 5 
24 0 0 0 0 2 482 149 1 648 5 
24 0 0 0 0 2 549 316 1 494 5 
24 0 0 0 0 2 449 116 1 1019 5 
24 0 0 0 0 2 116 316 0 801 5 
24 0 0 0 0 2 283 383 1 963 5 
24 0 0 0 0 2 482 50 1 747 5 
24 0 0 0 0 2 83 149 0 796 5 
24 0 0 0 0 2 83 83 0 496 5 
24 0 0 0 0 2 83 349 0 461 5 
24 0 0 0 0 2 216 349 0 498 5 
24 0 0 0 0 2 283 216 0 1055 5 
24 0 0 0 0 2 549 383 1 855 5 
24 0 0 0 0 2 449 83 1 702 5 
24 0 0 0 0 2 83 449 0 1279 5 
24 0 0 0 0 2 416 249 1 1275 5 
24 0 0 0 0 2 149 116 0 3930 3 
24 0 0 0 0 2 516 383 1 1905 5 
24 0 0 0 0 2 349 383 1 1814 5 
24 0 0 0 0 2 449 449 1 489 5 
24 0 0 0 0 2 50 149 0 1583 5 
24 0 0 0 0 2 349 83 1 1533 5 
