Subject 0 in condition 0
Training Condition: 0
Task: 0
Rule: [[[220, 300], [[2000, 0], [0, 9000]]], [[380, 300], [[2000, 0], [0, 9000]]]]
Noise: 0
CATA=0
CATB=1
 Sample keys: 122 120
Resp keys: 309 307
Dim direction: 1 1
Dim minimum: 16 90
Test order: [7, 0, 4, 2, 1, 5, 3, 6]
0 0 0 0 0 1 321 183 -1 -1 1 8768 372 183 371 183 370 183 368 183 365 183 363 183 360 183 355 183 352 183 350 183 346 183 344 183 341 183 339 183 338 183 335 183 334 183 333 183 331 183 329 183 325 183 322 183 319 183 314 183 310 183 308 183 302 183 298 183 293 183 285 183 280 183 270 183 267 183 260 183 233 183 214 183 195 183 161 183 145 183 119 183 108 183 98 183 84 183 79 183 74 183 67 183 64 183 63 183 62 183 60 183 56 183 52 183 47 183 41 183 39 183 37 183 35 183 34 183 34 183 32 183 33 183 37 183 40 183 44 183 49 183 55 183 66 183 72 183 86 183 93 183 99 183 112 183 119 183 126 183 143 183 152 183 162 183 183 183 192 183 207 183 214 183 219 183 227 183 230 183 233 183 243 183 249 183 256 183 272 183 281 183 296 183 304 183 311 183 323 183 328 183 331 183 337 183 340 183 345 183 347 183 351 183 357 183 361 183 366 183 376 183 381 183 385 183 394 183 397 183 401 183 402 183 403 183 404 183 405 183 406 183 407 183 409 183 411 183 415 183 418 183 424 183 427 183 431 183 436 183 438 183 440 183 441 183 443 183 445 183 447 183 448 183 451 183 452 183 454 183 458 183 460 183 462 183 463 183 464 183 465 183 466 183 467 183 468 183 470 183 472 183 473 183 474 183 475 183 476 183 479 183 481 183 482 183 484 183 485 183 486 183 487 183 488 183 489 183 490 183 491 183 493 183 494 183 495 183 498 183 499 183 500 183 499 183 498 183 497 183 496 183 495 183 494 183 493 183 492 183 491 183 490 183 489 183 488 183 487 183 486 183 484 183 481 183 473 183 470 183 463 183 461 183 459 183 454 183 451 183 447 183 434 183 426 183 415 183 393 183 381 183 360 183 351 183 342 183 330 183 327 183 325 183 323 183 322 183 321 183 
0 0 0 0 0 1 0 166 -1 -1 0 3711 147 166 0 166 0 166 0 166 0 166 0 166 0 166 0 166 0 166 0 166 0 166 0 166 0 166 0 166 0 166 0 166 0 166 0 166 
0 0 0 0 0 1 282 508 -1 -1 0 6936 502 508 510 508 511 508 512 508 513 508 514 508 515 508 516 508 518 508 520 508 523 508 524 508 524 508 523 508 521 508 519 508 516 508 513 508 508 508 505 508 502 508 501 508 500 508 498 508 496 508 493 508 485 508 481 508 476 508 467 508 463 508 456 508 452 508 447 508 436 508 432 508 428 508 420 508 416 508 407 508 403 508 399 508 389 508 382 508 374 508 372 508 371 508 367 508 365 508 361 508 356 508 343 508 335 508 316 508 306 508 299 508 289 508 285 508 284 508 282 508 
0 0 0 0 0 1 0 363 -1 -1 0 4123 515 363 513 363 512 363 510 363 506 363 503 363 499 363 489 363 483 363 474 363 469 363 463 363 451 363 444 363 436 363 414 363 400 363 384 363 354 363 340 363 310 363 295 363 280 363 254 363 244 363 235 363 217 363 209 363 201 363 188 363 183 363 173 363 164 363 153 363 128 363 116 363 104 363 80 363 69 363 45 363 34 363 23 363 4 363 0 363 0 363 0 363 0 363 0 363 0 363 0 363 0 363 0 363 0 363 0 363 0 363 0 363 0 363 0 363 0 363 0 363 0 363 
0 0 0 0 0 1 258 185 -1 -1 0 6187 453 185 460 185 459 185 457 185 454 185 449 185 443 185 430 185 425 185 418 185 416 185 414 185 407 185 404 185 401 185 398 185 396 185 394 185 383 185 376 185 361 185 354 185 345 185 329 185 322 185 318 185 309 185 303 185 295 185 281 185 274 185 265 185 261 185 259 185 258 185 
0 0 0 0 0 1 0 71 -1 -1 0 3619 228 71 227 71 223 71 218 71 212 71 204 71 193 71 167 71 152 71 121 71 105 71 88 71 56 71 41 71 27 71 2 71 0 71 0 71 0 71 0 71 0 71 0 71 0 71 0 71 0 71 0 71 0 71 0 71 0 71 0 71 0 71 0 71 0 71 0 71 0 71 0 71 0 71 
0 0 0 0 0 1 287 7 -1 -1 0 8857 449 467 449 465 449 462 449 454 449 442 449 431 449 421 449 412 449 398 449 391 449 379 449 374 449 369 449 362 449 360 449 359 449 357 449 356 449 354 449 346 449 342 449 340 449 338 449 337 449 338 449 339 449 340 449 341 449 342 449 343 449 344 449 345 449 346 449 347 449 347 449 349 449 350 449 351 449 355 449 357 449 360 449 366 449 371 449 379 449 397 449 409 449 442 449 459 449 474 449 492 449 494 449 495 449 499 449 505 449 512 449 519 449 525 449 533 449 534 449 538 449 542 449 545 449 559 449 568 449 576 449 589 449 592 449 594 449 595 449 596 449 597 449 599 449 599 449 598 449 595 449 591 449 586 449 579 449 572 449 551 449 537 449 506 449 492 449 478 449 458 449 450 449 441 449 424 449 415 449 405 449 384 449 372 449 348 449 337 449 326 449 303 449 292 449 280 449 260 449 250 449 230 449 222 449 216 449 202 449 195 449 186 449 164 449 153 449 142 449 123 449 117 449 110 449 108 449 107 449 104 449 102 449 97 449 86 449 82 449 79 449 78 449 80 449 79 449 75 449 73 449 69 449 68 449 63 449 61 449 56 449 54 449 51 449 41 449 34 449 25 449 13 449 11 449 9 449 8 449 7 448 7 446 7 442 7 436 7 428 7 419 7 400 7 393 7 377 7 370 7 362 7 348 7 341 7 333 7 321 7 314 7 309 7 298 7 293 7 288 7 287 7 
0 0 0 0 0 1 0 0 -1 -1 0 5857 490 556 490 559 490 555 490 548 490 536 490 521 490 502 490 461 490 439 490 395 490 375 490 357 490 329 490 320 490 313 490 306 490 304 490 300 490 286 490 285 490 280 490 269 490 259 490 248 490 238 490 213 490 198 490 165 490 149 490 134 490 107 490 92 490 78 490 48 490 32 490 18 490 0 490 0 490 0 485 0 479 0 469 0 458 0 447 0 431 0 379 0 344 0 246 0 187 0 125 0 8 0 0 0 0 0 0 0 0 0 0 0 0 0 0 0 0 0 
0 0 0 0 0 1 0 515 -1 -1 0 5724 212 271 212 289 212 290 212 293 212 298 212 306 212 316 212 328 212 353 212 365 212 392 212 403 212 414 212 434 212 444 212 457 212 484 212 498 212 510 212 531 212 537 212 538 212 537 212 536 212 535 212 534 212 532 212 530 212 528 212 524 212 523 212 522 212 521 212 519 212 517 212 516 212 515 211 515 210 515 208 515 206 515 200 515 192 515 168 515 151 515 114 515 95 515 76 515 35 515 12 515 0 515 0 515 0 515 0 515 0 515 0 515 0 515 0 515 0 515 0 515 0 515 0 515 
0 0 0 0 0 1 575 511 -1 -1 1 7058 33 369 33 370 33 368 33 366 33 361 33 356 33 348 33 330 33 319 33 297 33 286 33 274 33 249 33 236 33 225 33 201 33 193 33 190 33 189 33 191 33 197 33 206 33 219 33 236 33 257 33 308 33 336 33 382 33 400 33 415 33 433 33 439 33 442 33 444 33 446 33 448 33 451 33 453 33 454 33 455 33 457 33 460 33 465 33 472 33 488 33 496 33 510 33 514 33 520 33 537 33 546 33 556 33 573 33 575 33 574 33 573 33 572 33 571 33 570 33 566 33 562 33 557 33 554 33 551 33 548 33 544 33 542 33 541 33 540 33 538 33 536 33 535 33 534 33 533 33 532 33 531 33 529 33 525 33 523 33 521 33 518 33 516 33 515 33 514 33 513 33 512 33 511 33 511 32 511 29 511 26 511 22 511 15 511 0 511 0 511 0 511 0 511 0 511 0 511 0 511 0 511 0 511 0 511 0 511 0 511 1 511 6 511 14 511 27 511 45 511 62 511 97 511 114 511 144 511 156 511 166 511 185 511 195 511 202 511 217 511 224 511 231 511 247 511 254 511 268 511 274 511 281 511 298 511 306 511 313 511 328 511 336 511 351 511 358 511 366 511 382 511 390 511 399 511 415 511 422 511 428 511 438 511 442 511 449 511 455 511 459 511 473 511 479 511 483 511 491 511 494 511 496 511 499 511 501 511 507 511 510 511 517 511 538 511 551 511 562 511 575 511 
0 0 0 0 0 1 599 551 -1 -1 1 7563 332 107 332 52 332 53 332 52 332 48 332 44 332 36 332 28 332 16 332 0 332 0 332 0 332 0 332 0 332 0 332 0 332 0 332 0 332 0 332 0 332 0 332 0 332 0 332 0 332 0 332 0 332 0 332 0 332 0 332 0 332 0 332 0 332 0 332 0 332 0 332 1 332 7 332 16 332 30 332 47 332 66 332 106 332 125 332 162 332 179 332 194 332 220 332 233 332 245 332 271 332 287 332 304 332 340 332 357 332 381 332 387 332 388 332 389 332 390 332 396 332 417 332 431 332 449 332 488 332 510 332 553 332 573 332 592 332 599 332 599 332 599 332 599 332 599 332 599 332 599 332 599 332 599 332 599 332 599 332 599 332 599 332 599 332 599 332 599 332 599 332 599 332 598 332 596 332 593 332 589 332 583 332 577 332 568 332 564 332 560 332 559 332 558 332 557 332 556 332 555 332 554 332 553 332 552 332 551 330 551 329 551 328 551 326 551 323 551 319 551 304 551 294 551 273 551 260 551 245 551 211 551 190 551 166 551 108 551 79 551 49 551 5 551 0 551 0 551 2 551 9 551 36 551 58 551 88 551 165 551 205 551 284 551 318 551 346 551 383 551 396 551 413 551 464 551 488 551 515 551 564 551 590 551 599 551 599 551 599 551 599 551 599 551 599 551 599 551 599 551 599 551 
0 0 0 0 0 1 556 424 -1 -1 1 6914 128 61 128 14 128 12 128 8 128 5 128 2 128 0 128 0 128 0 128 0 128 0 128 0 128 0 128 0 128 0 128 0 128 0 128 0 128 0 128 0 128 2 128 8 128 21 128 43 128 73 128 154 128 196 128 235 128 303 128 330 128 354 128 397 128 415 128 441 128 452 128 463 128 479 128 485 128 489 128 490 128 489 128 488 128 487 128 484 128 480 128 475 128 462 128 452 128 430 128 417 128 402 128 374 128 361 128 348 128 325 128 317 128 314 128 315 128 316 128 318 128 321 128 324 128 328 128 334 128 338 128 350 128 356 128 365 128 383 128 390 128 395 128 404 128 408 128 411 128 415 128 417 128 418 128 420 128 422 128 424 125 424 124 424 123 424 120 424 116 424 109 424 90 424 81 424 66 424 61 424 57 424 51 424 48 424 43 424 32 424 30 424 29 424 29 424 32 424 41 424 57 424 78 424 126 424 152 424 174 424 208 424 223 424 252 424 268 424 284 424 316 424 331 424 347 424 380 424 393 424 403 424 417 424 422 424 430 424 435 424 442 424 458 424 468 424 479 424 500 424 509 424 516 424 520 424 523 424 524 424 525 424 527 424 539 424 545 424 551 424 557 424 556 424 556 424 
0 0 0 0 0 1 507 301 -1 -1 1 7736 390 523 390 496 390 497 390 498 390 499 390 500 390 501 390 502 390 504 390 505 390 506 390 507 390 507 390 508 390 509 390 511 390 512 390 516 390 518 390 521 390 524 390 526 390 527 390 526 390 523 390 520 390 516 390 511 390 507 390 498 390 494 390 484 390 480 390 476 390 473 390 472 390 471 390 470 390 469 390 468 390 467 390 466 390 463 390 462 390 461 390 460 390 459 390 457 390 456 390 455 390 454 390 453 390 452 390 451 390 450 390 449 390 448 390 447 390 446 390 444 390 442 390 440 390 436 390 435 390 428 390 425 390 421 390 408 390 401 390 393 390 378 390 371 390 364 390 354 390 351 390 341 390 336 390 331 390 322 390 317 390 314 390 311 390 309 390 308 390 307 390 306 390 305 390 304 390 303 390 302 390 301 387 301 386 301 385 301 383 301 381 301 378 301 373 301 366 301 363 301 359 301 357 301 356 301 355 301 354 301 353 301 351 301 351 301 349 301 348 301 347 301 346 301 347 301 348 301 349 301 350 301 352 301 353 301 357 301 359 301 363 301 366 301 370 301 379 301 384 301 389 301 399 301 402 301 407 301 416 301 420 301 431 301 436 301 442 301 452 301 455 301 458 301 459 301 460 301 462 301 470 301 475 301 485 301 492 301 498 301 507 301 
0 0 0 0 0 1 351 105 -1 -1 1 7633 312 598 312 594 312 590 312 586 312 580 312 573 312 562 312 532 312 515 312 477 312 456 312 436 312 404 312 392 312 384 312 379 312 378 312 377 312 373 312 366 312 343 312 331 312 318 312 290 312 276 312 264 312 242 312 231 312 220 312 195 312 183 312 163 312 154 312 145 312 125 312 108 312 89 312 56 312 41 312 11 312 0 312 0 312 0 312 0 312 0 312 0 312 0 312 0 312 0 312 0 312 0 312 0 312 0 312 0 312 0 312 0 312 0 312 0 312 0 312 1 312 3 312 5 312 6 312 7 312 8 312 9 312 11 312 13 312 15 312 28 312 39 312 47 312 55 312 61 312 69 312 75 312 87 312 93 312 99 312 105 314 105 315 105 319 105 321 105 324 105 327 105 335 105 338 105 346 105 350 105 355 105 365 105 370 105 376 105 385 105 389 105 393 105 402 105 405 105 411 105 413 105 415 105 418 105 419 105 420 105 421 105 422 105 424 105 430 105 434 105 445 105 450 105 456 105 468 105 474 105 478 105 487 105 492 105 498 105 500 105 502 105 507 105 509 105 512 105 514 105 513 105 512 105 511 105 509 105 507 105 504 105 495 105 488 105 469 105 461 105 456 105 449 105 446 105 443 105 434 105 428 105 419 105 396 105 386 105 373 105 370 105 368 105 364 105 363 105 361 105 357 105 356 105 354 105 353 105 352 105 351 105 
0 0 0 0 0 1 0 430 -1 -1 0 7882 292 236 292 237 292 233 292 229 292 224 292 218 292 212 292 196 292 188 292 177 292 174 292 173 292 172 292 171 292 172 292 174 292 178 292 182 292 192 292 203 292 228 292 241 292 262 292 268 292 273 292 279 292 282 292 285 292 292 292 297 292 304 292 320 292 327 292 339 292 340 292 341 292 343 292 347 292 352 292 359 292 366 292 378 292 381 292 382 292 383 292 384 292 392 292 399 292 407 292 417 292 415 292 412 292 404 292 390 292 369 292 346 292 306 292 290 292 262 292 248 292 235 292 209 292 196 292 183 292 151 292 134 292 116 292 78 292 59 292 21 292 4 292 0 292 0 292 0 292 0 292 0 292 0 292 0 292 0 292 0 292 0 292 0 292 0 292 0 292 0 292 0 292 0 292 1 292 2 292 3 292 4 292 5 292 6 292 6 292 7 292 8 292 9 292 10 292 12 292 14 292 17 292 18 292 22 292 25 292 32 292 37 292 45 292 65 292 76 292 89 292 115 292 128 292 142 292 167 292 178 292 200 292 211 292 221 292 243 292 253 292 263 292 282 292 291 292 307 292 315 292 322 292 336 292 343 292 350 292 363 292 370 292 377 292 387 292 390 292 394 292 396 292 398 292 400 292 403 292 407 292 420 292 426 292 429 292 430 287 430 286 430 285 430 281 430 277 430 269 430 246 430 232 430 197 430 178 430 160 430 129 430 113 430 99 430 71 430 56 430 41 430 13 430 0 430 0 430 0 430 0 430 0 430 
0 0 0 0 0 1 550 462 -1 -1 1 3915 410 462 476 462 476 462 478 462 478 462 478 462 477 462 475 462 473 462 472 462 469 462 465 462 445 462 433 462 409 462 396 462 382 462 352 462 339 462 330 462 319 462 318 462 319 462 324 462 335 462 350 462 367 462 409 462 430 462 449 462 479 462 491 462 517 462 527 462 537 462 547 462 549 462 550 462 
0 0 0 0 0 2 516 249 1 6098 5 
0 0 0 0 0 2 316 116 1 4394 2 
0 0 0 0 0 2 283 349 0 5013 2 
0 0 0 0 0 2 116 416 0 2858 3 
0 0 0 0 0 2 549 516 1 1506 1 
0 0 0 0 0 2 383 116 1 2706 3 
0 0 0 0 0 2 149 549 0 3266 5 
0 0 0 0 0 2 249 50 0 2221 3 
0 0 0 0 0 2 249 316 0 1637 3 
0 0 0 0 0 2 50 283 0 1610 4 
0 0 0 0 0 2 549 50 1 2400 5 
0 0 0 0 0 2 149 349 0 2035 4 
0 0 0 0 0 2 149 383 0 1472 4 
0 0 0 0 0 2 482 216 1 2665 5 
0 0 0 0 0 2 249 216 0 2034 3 
0 0 0 0 0 2 383 349 1 2653 4 
0 0 0 0 0 2 316 149 1 2583 2 
0 0 0 0 0 2 50 83 0 1942 5 
0 0 0 0 0 2 349 149 1 3105 2 
0 0 0 0 0 2 482 383 1 1570 5 
0 0 0 0 0 2 349 449 1 2941 3 
0 0 0 0 0 2 183 249 0 1782 4 
0 0 0 0 0 2 549 449 1 1438 5 
0 0 0 0 0 2 516 216 1 948 5 
0 0 0 0 0 2 516 349 1 749 5 
0 0 0 0 0 2 383 316 1 1592 3 
0 0 0 0 0 2 149 183 0 1962 4 
0 0 0 0 0 2 216 149 0 1562 3 
0 0 0 0 0 2 516 449 1 1246 5 
0 0 0 0 0 2 249 416 0 2521 2 
0 0 0 0 0 2 116 116 0 1570 3 
0 0 0 0 0 2 116 482 0 1195 3 
0 0 0 0 0 1 599 483 -1 -1 1 5427 539 483 528 483 530 483 532 483 536 483 541 483 546 483 556 483 561 483 571 483 578 483 585 483 599 483 599 483 599 483 599 483 599 483 599 483 599 483 599 483 599 483 599 483 599 483 
0 0 0 0 0 1 310 514 -1 -1 1 5459 176 527 176 515 176 516 176 517 176 518 176 519 176 523 176 526 176 530 176 534 176 538 176 537 176 536 176 530 176 526 176 523 176 520 176 517 176 516 176 515 176 514 177 514 178 514 179 514 180 514 181 514 183 514 184 514 186 514 192 514 195 514 199 514 208 514 213 514 218 514 228 514 235 514 251 514 260 514 268 514 282 514 288 514 292 514 299 514 300 514 301 514 303 514 307 514 314 514 319 514 323 514 324 514 323 514 322 514 321 514 319 514 317 514 316 514 313 514 311 514 310 514 
0 0 0 0 0 1 0 544 -1 -1 0 7138 542 571 549 571 554 571 561 571 566 571 573 571 578 571 587 571 589 571 588 571 585 571 581 571 577 571 573 571 571 571 569 571 567 571 565 571 564 571 563 571 559 571 558 571 557 571 553 571 551 571 548 571 544 571 541 571 531 571 524 571 516 571 500 571 491 571 483 571 466 571 458 571 449 571 431 571 421 571 404 571 398 571 396 571 395 571 396 571 397 571 397 570 397 569 397 568 397 567 397 566 397 565 397 564 397 563 397 562 397 560 397 559 397 558 397 557 397 556 397 553 397 550 397 549 397 548 397 547 397 546 397 545 397 544 395 544 394 544 393 544 391 544 390 544 389 544 387 544 379 544 374 544 359 544 351 544 347 544 341 544 340 544 337 544 332 544 329 544 325 544 314 544 307 544 290 544 280 544 272 544 256 544 248 544 241 544 226 544 220 544 208 544 201 544 195 544 182 544 175 544 168 544 151 544 144 544 137 544 122 544 115 544 100 544 93 544 85 544 69 544 58 544 44 544 14 544 0 544 0 544 0 544 0 544 0 544 0 544 0 544 0 544 0 544 
0 0 0 0 0 1 96 566 -1 -1 0 8827 345 541 345 545 345 546 345 548 345 550 345 553 345 557 345 565 345 570 345 577 345 581 345 584 345 591 345 593 345 595 345 597 345 598 345 598 345 599 345 599 345 598 345 596 345 592 345 583 345 574 345 564 345 546 345 538 345 525 345 518 345 510 345 496 345 489 345 483 345 471 345 465 345 458 345 443 345 436 345 429 345 427 345 426 345 425 345 424 345 423 345 422 345 423 345 424 345 428 345 433 345 438 345 442 345 446 345 454 345 456 345 461 345 465 345 471 345 490 345 499 345 508 345 516 345 517 345 518 345 522 345 526 345 534 345 541 345 557 345 563 345 566 343 566 342 566 341 566 337 566 333 566 327 566 305 566 291 566 259 566 241 566 221 566 181 566 164 566 148 566 126 566 118 566 111 566 100 566 96 566 98 566 102 566 109 566 113 566 117 566 120 566 121 566 122 566 123 566 122 566 121 566 120 566 117 566 112 566 108 566 99 566 96 566 
0 0 0 0 0 1 421 428 -1 -1 1 7434 22 530 22 531 22 532 22 533 22 535 22 538 22 540 22 541 22 545 22 546 22 550 22 552 22 553 22 554 22 555 22 554 22 553 22 550 22 547 22 543 22 538 22 524 22 517 22 508 22 506 22 504 22 499 22 496 22 494 22 489 22 486 22 483 22 476 22 473 22 470 22 469 22 468 22 467 22 466 22 465 22 464 22 460 22 458 22 456 22 454 22 452 22 449 22 444 22 440 22 438 22 435 22 433 22 431 22 430 22 429 22 428 23 428 24 428 26 428 30 428 34 428 38 428 42 428 43 428 45 428 49 428 54 428 60 428 68 428 86 428 96 428 120 428 132 428 143 428 165 428 175 428 186 428 200 428 206 428 211 428 219 428 223 428 225 428 227 428 228 428 230 428 235 428 243 428 252 428 274 428 286 428 313 428 325 428 334 428 343 428 344 428 346 428 349 428 354 428 364 428 374 428 399 428 410 428 421 428 
0 0 0 0 0 1 586 184 -1 -1 1 3379 586 287 586 280 586 278 586 276 586 273 586 269 586 264 586 256 586 251 586 241 586 235 586 230 586 217 586 211 586 204 586 193 586 189 586 186 586 184 
0 0 0 0 0 1 397 0 -1 -1 1 5058 73 86 73 82 73 81 73 80 73 79 73 78 73 75 73 71 73 62 73 56 73 42 73 34 73 26 73 11 73 6 73 1 73 0 73 0 73 0 73 0 73 0 73 0 73 0 73 0 72 0 69 0 64 0 54 0 43 0 31 0 12 0 5 0 0 0 0 0 0 0 0 0 1 0 5 0 18 0 38 0 64 0 93 0 148 0 169 0 201 0 212 0 222 0 236 0 242 0 247 0 251 0 253 0 255 0 259 0 260 0 266 0 275 0 286 0 297 0 309 0 340 0 360 0 391 0 398 0 397 0 
0 0 0 0 0 1 129 0 -1 -1 0 7002 457 590 457 587 457 589 457 592 457 594 457 599 457 599 457 599 457 599 457 599 457 599 457 599 457 599 457 599 457 599 457 599 457 599 457 599 457 599 457 599 457 599 457 599 457 599 457 599 457 598 457 596 457 591 457 580 457 562 457 537 457 470 457 434 457 354 457 316 457 282 457 220 457 191 457 165 457 128 457 115 457 104 457 84 457 75 457 57 457 50 457 45 457 39 457 38 457 37 457 36 457 35 457 34 457 33 457 31 457 25 457 22 457 18 457 10 457 5 457 0 457 0 457 0 457 0 457 0 457 0 457 0 457 0 457 0 457 0 457 0 457 0 457 0 457 0 457 0 457 0 457 0 457 0 457 0 457 0 457 0 457 0 457 0 457 0 457 0 457 0 454 0 449 0 442 0 435 0 424 0 401 0 390 0 364 0 352 0 338 0 315 0 305 0 297 0 286 0 280 0 271 0 252 0 246 0 245 0 244 0 241 0 235 0 224 0 212 0 185 0 168 0 135 0 118 0 100 0 68 0 55 0 46 0 35 0 33 0 32 0 33 0 37 0 42 0 49 0 56 0 61 0 67 0 68 0 69 0 72 0 77 0 85 0 92 0 106 0 113 0 124 0 127 0 128 0 129 0 
0 0 0 0 0 1 240 241 -1 -1 0 7146 441 503 441 502 441 504 441 508 441 512 441 520 441 529 441 554 441 567 441 593 441 599 441 599 441 599 441 599 441 598 441 594 441 587 441 578 441 569 441 560 441 542 441 532 441 518 441 515 441 513 441 511 440 511 439 511 437 511 435 511 433 511 431 511 423 511 417 511 401 511 392 511 384 511 366 511 356 511 347 511 330 511 322 511 315 511 297 511 289 511 280 511 279 511 278 511 277 511 273 511 269 511 264 511 258 511 247 511 243 511 240 511 240 509 240 506 240 499 240 491 240 483 240 473 240 448 240 432 240 400 240 385 240 371 240 349 240 342 240 338 240 336 240 335 240 333 240 321 240 312 240 296 240 293 240 292 240 291 240 290 240 286 240 280 240 272 240 264 240 253 240 252 240 250 240 249 240 247 240 244 240 241 
0 0 0 0 0 1 279 510 -1 -1 0 5098 64 510 66 510 67 510 68 510 70 510 73 510 78 510 85 510 88 510 95 510 99 510 102 510 109 510 113 510 116 510 125 510 129 510 134 510 145 510 151 510 162 510 167 510 173 510 184 510 189 510 193 510 202 510 207 510 212 510 225 510 230 510 238 510 240 510 242 510 246 510 247 510 248 510 249 510 250 510 252 510 254 510 255 510 257 510 258 510 261 510 262 510 267 510 269 510 271 510 273 510 274 510 275 510 276 510 277 510 278 510 279 510 
0 0 0 0 0 1 550 52 -1 -1 1 5341 550 17 550 16 550 18 550 22 550 29 550 36 550 43 550 55 550 59 550 62 550 63 550 65 550 68 550 67 550 66 550 66 550 65 550 63 550 62 550 58 550 52 
0 0 0 0 0 1 313 51 -1 -1 1 4891 17 51 18 51 19 51 20 51 21 51 22 51 24 51 26 51 29 51 40 51 48 51 63 51 73 51 82 51 103 51 113 51 122 51 142 51 152 51 161 51 181 51 192 51 213 51 224 51 234 51 256 51 265 51 272 51 284 51 286 51 287 51 288 51 289 51 291 51 292 51 294 51 296 51 297 51 298 51 300 51 303 51 308 51 311 51 313 51 313 51 
0 0 0 0 0 1 260 282 -1 -1 0 5674 49 282 53 282 58 282 66 282 76 282 85 282 93 282 111 282 121 282 141 282 149 282 157 282 171 282 181 282 191 282 207 282 212 282 216 282 221 282 222 282 223 282 224 282 226 282 229 282 232 282 235 282 238 282 240 282 242 282 243 282 243 282 244 282 245 282 246 282 247 282 248 282 249 282 250 282 251 282 252 282 253 282 254 282 255 282 256 282 257 282 258 282 259 282 260 282 
0 0 0 0 0 1 289 216 -1 -1 0 3740 276 216 276 216 277 216 278 216 279 216 280 216 281 216 282 216 283 216 284 216 285 216 286 216 287 216 288 216 289 216 
0 0 0 0 0 1 331 120 -1 -1 1 3723 254 120 255 120 256 120 257 120 258 120 260 120 261 120 265 120 267 120 272 120 274 120 277 120 284 120 287 120 290 120 298 120 303 120 306 120 312 120 313 120 315 120 316 120 317 120 318 120 319 120 319 120 320 120 321 120 322 120 323 120 324 120 325 120 326 120 327 120 328 120 329 120 330 120 331 120 
0 0 0 0 0 1 328 599 -1 -1 1 5003 382 518 381 518 383 518 384 518 385 518 387 518 388 518 391 518 393 518 394 518 395 518 395 518 393 518 391 518 389 518 388 518 386 518 379 518 374 518 366 518 363 518 361 518 359 518 358 518 356 518 354 518 353 518 351 518 347 518 344 518 342 518 341 518 340 518 339 518 338 518 337 518 335 518 329 518 328 518 328 519 328 520 328 521 328 523 328 527 328 531 328 537 328 542 328 552 328 558 328 571 328 579 328 587 328 599 328 599 328 599 328 599 328 599 328 599 328 599 328 599 328 599 328 599 328 599 328 599 
0 0 0 0 0 2 50 449 0 2348 5 
0 0 0 0 0 2 83 516 0 1272 5 
0 0 0 0 0 2 416 149 1 2257 4 
0 0 0 0 0 2 283 183 0 2704 1 
0 0 0 0 0 2 482 449 1 1369 5 
0 0 0 0 0 2 516 283 1 675 5 
0 0 0 0 0 2 416 416 1 1658 3 
0 0 0 0 0 2 482 316 1 803 5 
0 0 0 0 0 2 83 316 0 1602 5 
0 0 0 0 0 2 349 416 0 3039 1 
0 0 0 0 0 2 216 383 0 1375 4 
0 0 0 0 0 2 283 50 0 1250 2 
0 0 0 0 0 2 83 549 0 1308 1 
0 0 0 0 0 2 116 83 0 782 1 
0 0 0 0 0 2 482 183 1 2094 5 
0 0 0 0 0 2 383 549 1 3060 1 
0 0 0 0 0 2 183 283 0 1998 4 
0 0 0 0 0 2 216 549 0 868 4 
0 0 0 0 0 2 316 516 0 2575 1 
0 0 0 0 0 2 549 216 1 1532 5 
0 0 0 0 0 2 316 549 0 1809 1 
0 0 0 0 0 2 416 116 1 1329 5 
0 0 0 0 0 2 516 50 1 809 5 
0 0 0 0 0 2 482 116 1 596 5 
0 0 0 0 0 2 183 216 0 1423 3 
0 0 0 0 0 2 116 149 0 1790 4 
0 0 0 0 0 2 316 249 0 1713 2 
0 0 0 0 0 2 83 416 0 911 5 
0 0 0 0 0 2 83 482 0 648 5 
0 0 0 0 0 2 249 283 0 1125 2 
0 0 0 0 0 2 249 116 0 1176 3 
0 0 0 0 0 2 449 349 1 1481 2 
0 0 0 0 0 1 587 53 -1 -1 1 5067 483 53 469 53 470 53 475 53 484 53 496 53 510 53 523 53 544 53 552 53 563 53 567 53 569 53 572 53 573 53 576 53 583 53 584 53 585 53 586 53 587 53 587 53 
0 0 0 0 0 1 128 16 -1 -1 0 5676 366 121 366 118 366 117 366 116 366 114 366 112 366 109 366 106 366 100 366 96 366 89 366 87 366 85 366 83 366 82 366 81 366 78 366 75 366 71 366 61 366 57 366 52 366 51 366 50 366 49 366 46 366 42 366 32 366 26 366 21 366 16 367 16 368 16 369 16 372 16 376 16 381 16 385 16 397 16 403 16 421 16 431 16 441 16 460 16 470 16 478 16 486 16 487 16 488 16 490 16 492 16 494 16 497 16 501 16 505 16 504 16 502 16 495 16 484 16 471 16 459 16 432 16 420 16 393 16 379 16 366 16 341 16 330 16 319 16 299 16 289 16 278 16 257 16 247 16 226 16 217 16 209 16 193 16 185 16 177 16 163 16 157 16 150 16 137 16 133 16 129 16 128 16 
0 0 0 0 0 1 580 447 -1 -1 1 5361 513 566 513 572 513 573 513 574 513 575 513 577 513 581 513 587 513 599 513 599 513 599 513 599 513 599 513 599 513 599 513 599 513 599 513 598 513 596 513 592 513 585 513 576 513 564 513 540 513 528 513 507 513 500 513 494 513 485 513 482 513 480 513 476 513 472 513 468 513 458 513 452 513 447 512 447 511 447 510 447 508 447 506 447 504 447 498 447 494 447 486 447 483 447 479 447 470 447 466 447 463 447 457 447 456 447 457 447 462 447 473 447 489 447 508 447 530 447 575 447 593 447 599 447 599 447 599 447 598 447 597 447 596 447 595 447 593 447 591 447 589 447 585 447 582 447 580 447 
0 0 0 0 0 1 75 486 -1 -1 0 4684 258 122 258 127 258 128 258 129 258 130 258 131 258 133 258 139 258 148 258 160 258 174 258 189 258 217 258 231 258 262 258 279 258 296 258 332 258 352 258 369 258 400 258 411 258 420 258 425 258 426 258 428 258 432 258 437 258 444 258 450 258 454 258 457 258 458 258 460 258 461 258 463 258 471 258 476 258 481 258 487 258 487 258 486 256 486 255 486 253 486 250 486 246 486 240 486 227 486 218 486 197 486 184 486 170 486 146 486 133 486 119 486 89 486 76 486 65 486 59 486 60 486 62 486 64 486 67 486 70 486 73 486 75 486 
0 0 0 0 0 1 334 181 -1 -1 1 3120 270 181 267 181 269 181 270 181 272 181 274 181 277 181 287 181 293 181 306 181 313 181 317 181 322 181 323 181 324 181 327 181 331 181 332 181 334 181 
0 0 0 0 0 1 325 359 -1 -1 1 3660 482 359 481 359 480 359 478 359 476 359 473 359 471 359 470 359 467 359 458 359 451 359 435 359 426 359 419 359 405 359 398 359 392 359 381 359 376 359 371 359 363 359 359 359 355 359 354 359 353 359 352 359 351 359 349 359 347 359 345 359 339 359 336 359 329 359 327 359 325 359 
0 0 0 0 0 1 231 484 -1 -1 0 3320 451 484 452 484 451 484 449 484 447 484 442 484 437 484 421 484 412 484 394 484 382 484 370 484 343 484 330 484 318 484 301 484 294 484 288 484 277 484 273 484 268 484 267 484 266 484 265 484 262 484 257 484 252 484 248 484 238 484 235 484 231 484 
0 0 0 0 0 1 180 124 -1 -1 0 3540 77 124 77 124 76 124 75 124 73 124 72 124 68 124 65 124 57 124 51 124 39 124 32 124 27 124 22 124 23 124 25 124 28 124 32 124 38 124 44 124 58 124 65 124 81 124 88 124 95 124 108 124 114 124 118 124 122 124 125 124 127 124 134 124 138 124 142 124 143 124 144 124 145 124 147 124 148 124 151 124 154 124 163 124 167 124 170 124 173 124 175 124 176 124 177 124 179 124 180 124 
0 0 0 0 0 1 311 267 -1 -1 1 3634 264 267 265 267 266 267 267 267 268 267 269 267 270 267 271 267 272 267 273 267 274 267 275 267 276 267 277 267 278 267 279 267 280 267 281 267 282 267 283 267 284 267 291 267 294 267 299 267 302 267 304 267 307 267 309 267 310 267 311 267 
0 0 0 0 0 1 74 64 -1 -1 0 3539 74 394 74 366 74 353 74 345 74 336 74 315 74 305 74 288 74 281 74 275 74 263 74 258 74 253 74 242 74 236 74 229 74 214 74 206 74 195 74 191 74 187 74 183 74 181 74 181 74 179 74 177 74 172 74 165 74 157 74 142 74 133 74 114 74 107 74 100 74 91 74 87 74 82 74 72 74 69 74 67 74 65 74 64 
0 0 0 0 0 1 34 599 -1 -1 0 4073 209 557 233 557 230 557 226 557 221 557 212 557 200 557 160 557 138 557 98 557 83 557 71 557 64 557 65 557 64 557 62 557 56 557 49 557 41 557 34 557 34 558 34 559 34 560 34 561 34 563 34 565 34 572 34 578 34 593 34 599 34 599 34 599 34 599 34 599 34 599 34 599 34 599 34 599 34 599 34 599 
0 0 0 0 0 1 146 0 -1 -1 0 4779 522 71 521 71 517 71 508 71 495 71 481 71 465 71 425 71 404 71 364 71 349 71 334 71 309 71 301 71 297 71 292 71 289 71 281 71 258 71 247 71 236 71 235 71 234 71 232 71 226 71 217 71 209 71 201 71 187 71 182 71 177 71 177 71 176 71 175 71 171 71 165 71 151 71 146 71 146 72 146 71 146 67 146 61 146 49 146 33 146 14 146 0 146 0 146 0 146 0 146 0 146 0 146 0 146 0 146 0 146 0 146 0 146 0 146 0 146 0 146 0 146 0 146 0 146 0 146 0 146 0 146 0 146 0 
0 0 0 0 0 1 352 470 -1 -1 1 3409 100 470 111 470 120 470 136 470 153 470 170 470 186 470 213 470 226 470 250 470 261 470 272 470 290 470 298 470 304 470 311 470 314 470 316 470 323 470 325 470 326 470 327 470 328 470 329 470 331 470 332 470 334 470 337 470 343 470 347 470 351 470 352 470 352 470 
0 0 0 0 0 1 268 278 -1 -1 0 3625 163 278 148 278 147 278 145 278 142 278 135 278 122 278 90 278 71 278 31 278 13 278 0 278 0 278 0 278 1 278 4 278 10 278 23 278 41 278 65 278 125 278 154 278 197 278 213 278 223 278 233 278 235 278 239 278 245 278 255 278 263 278 268 278 
0 0 0 0 0 1 416 327 -1 -1 1 4355 569 327 574 327 574 327 576 327 577 327 579 327 584 327 589 327 599 327 599 327 599 327 599 327 597 327 591 327 583 327 572 327 558 327 543 327 514 327 501 327 477 327 466 327 457 327 446 327 444 327 443 327 442 327 440 327 439 327 437 327 436 327 435 327 433 327 428 327 423 327 419 327 417 327 416 327 
0 0 0 0 0 1 317 599 -1 -1 1 6932 376 506 382 506 383 506 384 506 385 506 387 506 391 506 405 506 416 506 439 506 448 506 457 506 474 506 480 506 484 506 486 506 484 506 478 506 471 506 462 506 451 506 438 506 402 506 380 506 338 506 324 506 311 506 293 506 288 506 283 506 277 506 275 506 273 506 272 506 271 506 270 506 270 508 270 509 270 510 270 512 270 514 270 521 270 540 270 552 270 564 270 592 270 599 270 599 270 599 270 599 270 599 270 599 270 599 270 599 270 599 270 599 267 599 266 599 265 599 264 599 263 599 262 599 260 599 259 599 258 599 257 599 254 599 250 599 249 599 250 599 251 599 252 599 254 599 256 599 259 599 266 599 268 599 272 599 274 599 276 599 282 599 284 599 285 599 288 599 291 599 295 599 299 599 300 599 301 599 302 599 304 599 307 599 308 599 309 599 310 599 311 599 312 599 313 599 314 599 315 599 317 599 
0 0 0 0 0 2 83 383 0 2624 5 
0 0 0 0 0 2 216 216 0 3160 5 
0 0 0 0 0 2 383 482 1 3197 2 
0 0 0 0 0 2 516 83 1 1701 5 
0 0 0 0 0 2 516 316 1 828 5 
0 0 0 0 0 2 83 216 0 1880 5 
0 0 0 0 0 2 249 383 0 2077 5 
0 0 0 0 0 2 216 516 0 3699 3 
0 0 0 0 0 2 116 183 0 1555 5 
0 0 0 0 0 2 516 516 1 1291 5 
0 0 0 0 0 2 216 249 0 3626 3 
0 0 0 0 0 2 316 83 0 8518 3 
0 0 0 0 0 2 183 149 0 1489 4 
0 0 0 0 0 2 283 283 0 2313 2 
0 0 0 0 0 2 116 349 0 1120 5 
0 0 0 0 0 2 283 516 0 3033 1 
0 0 0 0 0 2 283 316 0 3254 4 
0 0 0 0 0 2 383 249 1 2310 5 
0 0 0 0 0 2 416 549 1 3176 5 
0 0 0 0 0 2 449 283 1 875 5 
0 0 0 0 0 2 449 249 1 679 5 
0 0 0 0 0 2 149 449 0 2054 5 
0 0 0 0 0 2 416 283 1 2101 5 
0 0 0 0 0 2 449 482 1 1052 5 
0 0 0 0 0 2 549 549 1 869 5 
0 0 0 0 0 2 416 383 1 1656 4 
0 0 0 0 0 2 549 249 1 777 5 
0 0 0 0 0 2 83 249 0 1486 5 
0 0 0 0 0 2 149 416 0 1362 5 
0 0 0 0 0 2 216 116 0 1195 4 
0 0 0 0 0 2 349 50 0 5031 4 
0 0 0 0 0 2 516 416 1 972 5 
0 0 0 0 0 1 351 599 -1 -1 1 8555 549 517 574 517 580 517 591 517 599 517 599 517 599 517 599 517 599 517 599 517 599 517 599 517 599 517 599 517 598 517 596 517 591 517 584 517 570 517 550 517 504 517 482 517 444 517 426 517 410 517 380 517 364 517 352 517 332 517 326 517 323 517 321 517 320 517 319 517 318 517 317 517 316 517 315 517 314 517 313 517 313 517 314 517 315 517 317 517 320 517 322 517 324 517 325 517 326 517 327 517 328 517 329 517 330 517 331 517 332 517 333 517 334 517 338 517 342 517 346 517 349 517 351 517 351 516 351 514 351 511 351 507 351 502 351 495 351 477 351 465 351 438 351 424 351 411 351 389 351 382 351 378 351 377 351 379 351 384 351 395 351 413 351 435 351 463 351 545 351 599 351 599 351 599 351 599 351 599 351 599 351 599 351 599 351 599 351 599 
0 0 0 0 0 1 322 239 -1 -1 1 7378 599 270 598 270 596 270 593 270 587 270 579 270 568 270 539 270 523 270 487 270 469 270 452 270 421 270 407 270 395 270 384 270 372 270 368 270 365 270 363 270 360 270 359 270 359 270 360 270 361 270 363 270 364 270 365 270 366 270 365 270 357 270 345 270 335 270 327 270 323 270 322 270 322 271 322 272 322 273 322 274 322 276 322 280 322 284 322 292 322 296 322 307 322 312 322 314 322 317 322 316 322 314 322 311 322 308 322 303 322 299 322 290 322 285 322 281 322 280 322 280 322 278 322 277 322 276 322 275 322 271 322 270 322 267 322 266 322 264 322 262 322 261 322 260 322 259 322 258 322 256 322 255 322 254 322 253 322 252 322 251 322 251 322 249 322 248 322 248 322 246 322 245 322 244 322 243 322 242 322 241 322 240 322 239 
0 0 0 0 0 1 281 240 -1 -1 0 5224 532 276 537 276 536 276 535 276 533 276 529 276 524 276 517 276 509 276 489 276 477 276 454 276 444 276 436 276 420 276 415 276 411 276 409 276 407 276 406 276 399 276 395 276 387 276 383 276 379 276 370 276 365 276 359 276 346 276 339 276 333 276 320 276 314 276 307 276 305 276 304 276 299 276 295 276 292 276 288 276 287 276 286 276 285 276 284 276 281 276 281 275 281 274 281 273 281 272 281 271 281 270 281 269 281 268 281 264 281 262 281 260 281 255 281 253 281 252 281 251 281 250 281 249 281 248 281 247 281 246 281 245 281 244 281 243 281 242 281 241 281 240 
0 0 0 0 0 1 314 599 -1 -1 1 5931 592 528 590 528 589 528 588 528 586 528 582 528 575 528 568 528 550 528 538 528 508 528 493 528 481 528 458 528 450 528 445 528 437 528 433 528 429 528 417 528 410 528 398 528 394 528 392 528 390 528 389 528 385 528 374 528 366 528 359 528 349 528 346 528 344 528 343 528 342 528 340 528 338 528 333 528 324 528 321 528 320 528 319 528 318 528 317 528 315 528 314 528 314 529 314 530 314 532 314 537 314 545 314 555 314 577 314 589 314 599 314 599 314 599 314 599 314 599 314 599 314 599 314 599 314 599 
0 0 0 0 0 1 172 599 -1 -1 0 4452 273 132 271 132 268 132 257 132 249 132 240 132 225 132 220 132 209 132 202 132 195 132 179 132 172 132 166 132 157 132 154 132 153 132 152 132 153 132 154 132 157 132 160 132 162 132 163 132 167 132 168 132 169 132 170 132 171 132 172 132 172 133 172 134 172 136 172 140 172 144 172 148 172 149 172 150 172 151 172 155 172 161 172 185 172 203 172 224 172 275 172 296 172 315 172 350 172 370 172 427 172 454 172 481 172 535 172 558 172 577 172 599 172 599 172 599 172 599 172 599 172 599 172 599 172 599 
0 0 0 0 0 1 241 244 -1 -1 0 6026 265 224 268 224 269 224 270 224 274 224 276 224 280 224 286 224 289 224 295 224 298 224 301 224 309 224 312 224 314 224 316 224 314 224 309 224 301 224 293 224 286 224 282 224 277 224 274 224 269 224 266 224 263 224 257 224 255 224 253 224 251 224 250 224 249 224 248 224 247 224 246 224 245 224 244 224 243 224 242 224 241 224 241 224 241 225 241 226 241 227 241 229 241 232 241 236 241 243 241 246 241 247 241 248 241 249 241 250 241 251 241 250 241 249 241 248 241 247 241 246 241 245 241 244 
0 0 0 0 0 1 256 599 -1 -1 0 6771 125 20 126 20 127 20 131 20 134 20 140 20 146 20 161 20 168 20 179 20 183 20 187 20 196 20 201 20 207 20 217 20 221 20 225 20 230 20 231 20 232 20 233 20 234 20 235 20 236 20 238 20 240 20 241 20 243 20 244 20 245 20 246 20 247 20 248 20 249 20 250 20 251 20 252 20 253 20 254 20 255 20 256 20 256 19 256 19 256 18 256 17 256 16 256 13 256 7 256 1 256 0 256 0 256 0 256 0 256 0 256 0 256 0 256 0 256 0 256 0 256 0 256 0 256 0 256 0 256 0 256 0 256 0 256 0 256 0 256 0 256 0 256 0 256 0 256 0 256 0 256 0 256 0 256 0 256 1 256 5 256 10 256 20 256 36 256 58 256 111 256 144 256 211 256 246 256 280 256 342 256 371 256 399 256 449 256 472 256 495 256 538 256 558 256 591 256 599 256 599 256 599 256 599 256 599 256 599 256 599 256 599 256 599 256 599 
0 0 0 0 0 1 323 599 -1 -1 1 5497 43 131 33 131 35 131 38 131 42 131 48 131 55 131 71 131 81 131 99 131 109 131 118 131 138 131 147 131 156 131 169 131 170 131 171 131 177 131 186 131 197 131 207 131 217 131 233 131 240 131 250 131 254 131 256 131 260 131 262 131 265 131 273 131 278 131 282 131 292 131 296 131 303 131 306 131 309 131 315 131 316 131 317 131 318 131 319 131 321 131 323 131 323 130 323 128 323 122 323 112 323 97 323 80 323 47 323 30 323 0 323 0 323 0 323 0 323 0 323 0 323 0 323 0 323 0 323 0 323 0 323 0 323 0 323 0 323 0 323 0 323 0 323 1 323 8 323 21 323 43 323 69 323 134 323 168 323 205 323 282 323 318 323 383 323 413 323 442 323 494 323 517 323 537 323 573 323 589 323 599 323 599 323 599 323 599 323 599 323 599 323 599 323 599 323 599 323 599 323 599 323 599 
0 0 0 0 0 1 328 241 -1 -1 1 5938 373 67 369 67 371 67 375 67 381 67 388 67 397 67 406 67 426 67 435 67 448 67 453 67 451 67 447 67 442 67 434 67 424 67 413 67 389 67 376 67 353 67 345 67 339 67 336 67 334 67 333 67 331 67 329 67 328 67 328 68 328 70 328 73 328 75 328 78 328 82 328 90 328 95 328 101 328 104 328 107 328 117 328 124 328 130 328 132 328 134 328 135 328 136 328 138 328 148 328 158 328 170 328 191 328 198 328 203 328 206 328 207 328 210 328 225 328 233 328 247 328 252 328 256 328 257 328 257 328 256 328 255 328 254 328 254 328 253 328 253 328 250 328 249 328 248 328 248 328 247 328 247 328 246 328 245 328 245 328 244 328 243 328 242 328 241 
0 0 0 0 0 1 331 383 -1 -1 1 6556 118 383 111 383 112 383 111 383 109 383 106 383 101 383 94 383 87 383 68 383 56 383 37 383 35 383 34 383 33 383 32 383 30 383 17 383 6 383 0 383 0 383 0 383 1 383 7 383 19 383 36 383 58 383 107 383 131 383 151 383 184 383 197 383 208 383 229 383 238 383 255 383 263 383 271 383 284 383 288 383 289 383 290 383 291 383 295 383 300 383 305 383 311 383 326 383 334 383 345 383 349 383 353 383 357 383 358 383 359 383 360 383 361 383 362 383 363 383 364 383 362 383 361 383 359 383 358 383 356 383 355 383 351 383 348 383 339 383 335 383 333 383 331 383 
0 0 0 0 0 1 271 452 -1 -1 0 4283 446 452 444 452 442 452 439 452 434 452 428 452 423 452 413 452 408 452 402 452 399 452 396 452 388 452 385 452 382 452 375 452 369 452 363 452 350 452 344 452 334 452 329 452 322 452 307 452 302 452 299 452 297 452 296 452 295 452 294 452 293 452 292 452 290 452 289 452 288 452 287 452 286 452 285 452 284 452 283 452 280 452 279 452 278 452 277 452 276 452 272 452 271 452 
0 0 0 0 0 1 245 584 -1 -1 0 3915 17 584 17 584 18 584 21 584 24 584 31 584 40 584 65 584 78 584 103 584 115 584 126 584 144 584 154 584 163 584 180 584 186 584 190 584 193 584 194 584 196 584 199 584 204 584 212 584 219 584 227 584 228 584 229 584 230 584 232 584 235 584 239 584 243 584 245 584 
0 0 0 0 0 1 376 575 -1 -1 1 3451 266 575 266 575 271 575 275 575 278 575 280 575 284 575 292 575 296 575 307 575 313 575 319 575 331 575 332 575 334 575 335 575 336 575 337 575 339 575 344 575 348 575 351 575 360 575 366 575 375 575 376 575 
0 0 0 0 0 1 308 337 -1 -1 1 4235 126 337 123 337 129 337 136 337 145 337 156 337 167 337 191 337 201 337 217 337 224 337 230 337 241 337 245 337 250 337 262 337 270 337 278 337 289 337 292 337 294 337 295 337 296 337 297 337 299 337 300 337 303 337 304 337 307 337 308 337 
0 0 0 0 0 1 328 599 -1 -1 1 4771 430 301 430 301 432 301 438 301 445 301 453 301 461 301 474 301 480 301 492 301 499 301 505 301 517 301 521 301 524 301 525 301 524 301 522 301 517 301 507 301 479 301 461 301 443 301 405 301 390 301 367 301 360 301 353 301 344 301 340 301 338 301 336 301 335 301 334 301 333 301 332 301 331 301 330 301 328 301 328 302 328 303 328 305 328 310 328 319 328 329 328 357 328 372 328 410 328 431 328 455 328 503 328 527 328 548 328 580 328 592 328 599 328 599 328 599 328 599 328 599 328 599 328 599 328 599 328 599 328 599 
0 0 0 0 0 1 282 599 -1 -1 0 6355 530 446 518 446 520 446 523 446 529 446 536 446 544 446 564 446 573 446 591 446 599 446 599 446 599 446 599 446 599 446 599 446 599 446 599 446 599 446 598 446 594 446 588 446 580 446 554 446 537 446 518 446 485 446 473 446 458 446 453 446 448 446 443 446 441 446 440 446 437 446 435 446 434 446 432 446 431 446 430 446 428 446 425 446 414 446 407 446 399 446 383 446 377 446 372 446 366 446 365 446 364 446 363 446 362 446 361 446 360 446 359 446 356 446 354 446 348 446 346 446 344 446 341 446 339 446 337 446 331 446 327 446 324 446 320 446 319 446 318 446 317 446 316 446 315 446 314 446 313 446 312 446 310 446 308 446 306 446 305 446 303 446 302 446 301 446 300 446 299 446 298 446 296 446 295 446 294 446 292 446 290 446 287 446 284 446 281 446 282 446 282 452 282 457 282 464 282 471 282 480 282 490 282 518 282 536 282 578 282 599 282 599 282 599 282 599 282 599 282 599 282 599 282 599 282 599 282 599 282 599 
0 0 0 0 0 2 83 449 0 1599 5 
0 0 0 0 0 2 449 116 1 1833 4 
0 0 0 0 0 2 316 283 0 2541 4 
0 0 0 0 0 2 149 249 0 1314 4 
0 0 0 0 0 2 149 116 0 974 4 
0 0 0 0 0 2 482 149 1 1040 5 
0 0 0 0 0 2 416 349 1 621 5 
0 0 0 0 0 2 50 149 0 884 4 
0 0 0 0 0 2 449 83 1 2471 5 
0 0 0 0 0 2 549 316 1 690 5 
0 0 0 0 0 2 183 349 0 932 5 
0 0 0 0 0 2 449 449 1 1169 5 
0 0 0 0 0 2 83 149 0 839 5 
0 0 0 0 0 2 383 83 1 739 5 
0 0 0 0 0 2 482 50 1 668 5 
0 0 0 0 0 2 216 349 0 1343 5 
0 0 0 0 0 2 149 83 0 616 5 
0 0 0 0 0 2 116 316 0 646 5 
0 0 0 0 0 2 349 83 1 1946 3 
0 0 0 0 0 2 249 183 0 1419 5 
0 0 0 0 0 2 283 383 0 2917 2 
0 0 0 0 0 2 416 249 1 939 5 
0 0 0 0 0 2 516 383 1 581 5 
0 0 0 0 0 2 349 383 1 2708 2 
0 0 0 0 0 2 416 482 1 1060 5 
0 0 0 0 0 2 83 83 0 1492 5 
0 0 0 0 0 2 216 449 0 691 5 
0 0 0 0 0 2 549 383 1 781 5 
0 0 0 0 0 2 183 383 0 1958 5 
0 0 0 0 0 2 349 516 1 2012 5 
0 0 0 0 0 2 283 216 0 5137 1 
0 0 0 0 0 2 83 349 0 978 5 
0 0 0 0 0 1 301 228 -1 -1 1 6003 543 228 383 228 384 228 390 228 399 228 411 228 424 228 450 228 461 228 483 228 495 228 505 228 517 228 518 228 517 228 516 228 515 228 514 228 512 228 509 228 503 228 483 228 469 228 440 228 428 228 417 228 405 228 400 228 396 228 386 228 378 228 368 228 345 228 333 228 315 228 311 228 310 228 310 228 309 228 308 228 306 228 304 228 302 228 301 228 
0 0 0 0 0 1 119 240 -1 -1 0 8908 45 473 45 473 43 473 42 473 40 473 39 473 38 473 37 473 35 473 34 473 33 473 32 473 31 473 30 473 29 473 28 473 27 473 25 473 24 473 22 473 18 473 12 473 6 473 0 473 0 473 0 473 0 475 0 484 0 498 0 515 0 532 0 550 0 589 0 599 0 599 0 599 0 599 0 599 0 599 0 599 0 599 0 599 0 599 0 599 0 599 0 599 0 599 0 599 0 599 0 598 0 580 0 563 0 542 0 483 0 453 0 421 0 366 0 347 0 334 0 323 0 313 0 304 0 288 0 280 0 273 0 266 0 258 0 244 0 241 0 239 0 238 0 238 0 237 0 236 0 235 0 234 0 233 0 234 0 235 0 236 0 238 0 239 0 240 0 240 0 240 0 240 0 240 0 240 0 240 1 240 6 240 13 240 22 240 33 240 45 240 65 240 72 240 80 240 81 240 83 240 85 240 86 240 88 240 89 240 90 240 91 240 92 240 93 240 94 240 95 240 97 240 98 240 99 240 101 240 104 240 105 240 108 240 109 240 110 240 111 240 112 240 113 240 114 240 115 240 116 240 117 240 118 240 119 240 
0 0 0 0 0 1 177 239 -1 -1 0 6156 160 529 160 528 160 525 160 522 160 519 160 513 160 507 160 487 160 474 160 447 160 433 160 420 160 396 160 388 160 382 160 373 160 369 160 366 160 359 160 357 160 355 160 354 160 352 160 349 160 347 160 345 160 342 160 339 160 335 160 328 160 326 160 324 160 322 160 320 160 313 160 308 160 300 160 275 160 261 160 240 160 237 160 235 160 234 160 233 160 232 160 231 160 232 160 233 160 234 160 235 160 236 160 237 160 238 160 239 161 239 162 239 163 239 164 239 165 239 166 239 167 239 168 239 169 239 170 239 172 239 173 239 174 239 175 239 176 239 177 239 
0 0 0 0 0 1 223 238 -1 -1 0 7896 195 223 195 222 195 221 195 220 195 219 195 218 195 217 195 216 195 215 195 213 195 214 195 215 195 217 195 219 195 221 195 223 195 227 195 228 195 229 195 230 195 231 195 232 195 233 195 235 195 236 195 237 195 238 195 239 195 240 195 241 195 242 195 242 195 241 195 240 195 239 195 238 194 238 193 238 192 238 191 238 190 238 189 238 188 238 188 238 187 238 186 238 185 238 184 238 183 238 184 238 185 238 186 238 188 238 190 238 191 238 192 238 193 238 194 238 195 238 196 238 197 238 198 238 199 238 200 238 201 238 202 238 203 238 204 238 205 238 206 238 207 238 208 238 209 238 210 238 211 238 212 238 213 238 214 238 215 238 216 238 217 238 218 238 219 238 220 238 221 238 222 238 223 238 
0 0 0 0 0 1 272 242 -1 -1 0 8259 61 433 61 431 61 428 61 424 61 419 61 414 61 412 61 410 61 409 61 407 61 405 61 403 61 399 61 394 61 390 61 383 61 381 61 380 61 373 61 370 61 366 61 360 61 356 61 350 61 338 61 332 61 317 61 309 61 300 61 280 61 271 61 263 61 250 61 245 61 241 61 233 61 228 61 220 61 218 61 219 61 220 61 221 61 222 61 224 61 228 61 234 61 236 61 239 61 240 61 241 61 242 61 243 61 244 61 243 61 242 62 242 63 242 65 242 66 242 68 242 70 242 71 242 72 242 75 242 76 242 78 242 82 242 84 242 88 242 93 242 96 242 99 242 104 242 106 242 110 242 113 242 117 242 125 242 129 242 134 242 142 242 145 242 148 242 155 242 159 242 168 242 172 242 176 242 184 242 188 242 192 242 199 242 202 242 207 242 210 242 212 242 216 242 217 242 219 242 221 242 222 242 224 242 227 242 228 242 231 242 232 242 233 242 234 242 235 242 236 242 237 242 238 242 239 242 242 242 243 242 246 242 247 242 248 242 251 242 254 242 256 242 261 242 262 242 265 242 266 242 267 242 268 242 269 242 270 242 271 242 272 242 
0 0 0 0 0 1 350 244 -1 -1 1 4971 335 268 335 268 335 267 335 266 335 265 335 263 335 261 335 260 335 258 335 254 335 252 335 247 335 245 335 244 336 244 337 244 338 244 339 244 340 244 341 244 342 244 343 244 344 244 345 244 346 244 347 244 348 244 349 244 350 244 
0 0 0 0 0 1 306 243 -1 -1 1 4874 306 476 306 475 306 474 306 472 306 469 306 464 306 458 306 451 306 434 306 425 306 411 306 404 306 398 306 387 306 382 306 377 306 368 306 365 306 362 306 354 306 350 306 343 306 342 306 341 306 341 306 340 306 338 306 337 306 334 306 326 306 321 306 310 306 306 306 303 306 300 306 300 306 299 306 298 306 297 306 296 306 291 306 289 306 286 306 285 306 284 306 283 306 282 306 278 306 273 306 268 306 263 306 261 306 260 306 258 306 255 306 250 306 246 306 241 306 241 306 242 306 243 
0 0 0 0 0 1 375 243 -1 -1 1 6066 524 213 524 229 524 230 524 231 524 232 524 233 524 234 524 235 524 236 524 237 524 238 524 239 524 240 524 241 524 242 524 242 524 243 523 243 522 243 521 243 520 243 519 243 517 243 516 243 511 243 508 243 500 243 494 243 489 243 479 243 475 243 470 243 464 243 462 243 461 243 459 243 457 243 455 243 453 243 452 243 451 243 450 243 449 243 448 243 447 243 445 243 444 243 443 243 438 243 435 243 433 243 430 243 429 243 427 243 426 243 425 243 424 243 423 243 421 243 420 243 419 243 418 243 417 243 416 243 415 243 414 243 411 243 404 243 399 243 395 243 388 243 385 243 382 243 379 243 378 243 377 243 376 243 375 243 
0 0 0 0 0 1 207 245 -1 -1 0 7442 78 193 78 191 78 190 78 188 78 182 78 176 78 173 78 172 78 171 78 160 78 150 78 138 78 108 78 92 78 77 78 55 78 57 78 64 78 76 78 90 78 110 78 131 78 174 78 198 78 238 78 252 78 262 78 280 78 288 78 293 78 300 78 302 78 301 78 299 78 297 78 295 78 293 78 290 78 285 78 283 78 279 78 277 78 275 78 271 78 269 78 267 78 262 78 259 78 256 78 251 78 250 78 249 78 248 78 246 78 245 79 245 80 245 81 245 83 245 84 245 86 245 87 245 90 245 94 245 98 245 100 245 102 245 105 245 106 245 107 245 109 245 112 245 116 245 120 245 124 245 128 245 128 245 130 245 132 245 135 245 143 245 146 245 150 245 159 245 164 245 167 245 171 245 172 245 173 245 174 245 175 245 176 245 177 245 178 245 179 245 180 245 181 245 182 245 183 245 184 245 186 245 187 245 189 245 189 245 190 245 191 245 192 245 194 245 196 245 199 245 201 245 202 245 203 245 203 245 205 245 206 245 207 245 
0 0 0 0 0 1 368 245 -1 -1 1 7474 444 111 444 112 444 111 444 110 444 109 444 108 444 106 444 104 444 101 444 95 444 93 444 91 444 84 444 80 444 69 444 61 444 54 444 38 444 32 444 28 444 27 444 28 444 32 444 58 444 84 444 145 444 174 444 199 444 238 444 252 444 262 444 272 444 274 444 275 444 274 444 273 444 272 444 271 444 270 444 269 444 268 444 266 444 265 444 263 444 261 444 259 444 258 444 257 444 256 444 255 444 254 444 253 444 252 444 251 444 250 444 249 444 248 444 247 444 246 444 245 443 245 442 245 441 245 439 245 437 245 434 245 431 245 424 245 420 245 413 245 410 245 408 245 405 245 404 245 403 245 402 245 401 245 400 245 399 245 398 245 396 245 395 245 393 245 392 245 391 245 390 245 389 245 388 245 387 245 385 245 384 245 383 245 382 245 381 245 380 245 379 245 378 245 377 245 376 245 375 245 374 245 373 245 372 245 370 245 369 245 368 245 
0 0 0 0 0 1 334 241 -1 -1 1 8618 598 460 598 457 598 456 598 454 598 450 598 445 598 440 598 433 598 427 598 410 598 401 598 394 598 382 598 376 598 370 598 359 598 356 598 355 598 348 598 343 598 335 598 332 598 330 598 328 598 327 598 326 598 324 598 322 598 318 598 311 598 307 598 306 598 305 598 304 598 300 598 297 598 293 598 286 598 285 598 284 598 284 598 282 598 281 598 279 598 275 598 270 598 264 598 255 598 254 598 252 598 251 598 250 598 248 598 245 598 244 598 242 598 241 598 240 598 239 598 238 598 237 598 236 598 235 598 234 598 235 598 236 597 236 590 236 580 236 569 236 561 236 552 236 532 236 521 236 493 236 477 236 461 236 431 236 418 236 408 236 397 236 394 236 393 236 392 236 391 236 390 236 389 236 388 236 387 236 385 236 382 236 379 236 376 236 371 236 369 236 368 236 368 237 368 238 368 239 368 240 368 241 366 241 365 241 364 241 363 241 361 241 360 241 357 241 353 241 351 241 349 241 348 241 347 241 346 241 345 241 344 241 343 241 342 241 341 241 340 241 339 241 338 241 337 241 336 241 335 241 334 241 
0 0 0 0 0 1 255 243 -1 -1 0 6122 240 516 240 511 240 503 240 494 240 485 240 475 240 462 240 421 240 404 240 395 240 395 240 395 240 397 240 399 240 400 240 400 240 398 240 390 240 381 240 370 240 348 240 336 240 325 240 306 240 297 240 281 240 271 240 261 240 248 240 246 240 245 240 244 240 242 240 240 240 237 240 234 240 231 240 232 240 233 240 234 240 235 240 236 240 237 240 238 240 241 240 243 242 243 243 243 244 243 246 243 249 243 251 243 253 243 253 243 254 243 255 243 
0 0 0 0 0 1 487 236 -1 -1 1 5905 536 470 536 467 536 463 536 458 536 452 536 446 536 438 536 424 536 417 536 410 536 409 536 408 536 405 536 404 536 403 536 402 536 401 536 399 536 391 536 385 536 371 536 366 536 361 536 352 536 350 536 348 536 346 536 342 536 337 536 321 536 312 536 301 536 299 536 296 536 295 536 293 536 292 536 288 536 281 536 273 536 267 536 259 536 258 536 256 536 252 536 246 536 241 536 236 537 236 539 236 542 236 547 236 551 236 557 236 566 236 571 236 578 236 581 236 584 236 592 236 597 236 599 236 599 236 598 236 594 236 589 236 581 236 573 236 562 236 541 236 535 236 531 236 530 236 528 236 524 236 521 236 520 236 517 236 516 236 515 236 514 236 513 236 511 236 509 236 507 236 506 236 505 236 504 236 503 236 502 236 501 236 500 236 499 236 498 236 496 236 494 236 492 236 490 236 488 236 487 236 
0 0 0 0 0 1 326 244 -1 -1 1 6617 268 457 268 461 268 463 268 467 268 474 268 482 268 490 268 516 268 532 268 562 268 574 268 583 268 597 268 599 268 599 268 599 268 593 268 584 268 568 268 545 268 516 268 453 268 424 268 385 268 374 268 367 268 362 268 360 268 359 268 352 268 344 268 334 268 314 268 307 268 300 268 299 268 297 268 288 268 280 268 271 268 247 268 234 268 224 268 220 268 218 268 219 268 220 268 223 268 226 268 231 268 235 268 245 268 249 268 250 268 251 268 250 268 248 268 247 268 246 268 245 268 244 268 244 266 244 265 244 263 244 262 244 260 244 259 244 258 244 259 244 264 244 270 244 277 244 286 244 295 244 312 244 318 244 326 244 
0 0 0 0 0 1 336 599 -1 -1 1 5968 588 516 588 520 588 522 588 526 588 530 588 536 588 542 588 556 588 563 588 574 588 579 588 582 588 588 588 592 588 599 588 599 588 599 587 599 585 599 581 599 574 599 564 599 551 599 521 599 507 599 482 599 473 599 467 599 460 599 457 599 454 599 449 599 447 599 445 599 440 599 438 599 437 599 436 599 435 599 429 599 424 599 419 599 411 599 407 599 403 599 396 599 394 599 393 599 392 599 390 599 384 599 381 599 379 599 377 599 376 599 373 599 372 599 371 599 370 599 369 599 368 599 363 599 360 599 358 599 356 599 355 599 354 599 353 599 351 599 349 599 347 599 346 599 345 599 344 599 343 599 342 599 341 599 340 599 339 599 337 599 336 599 
0 0 0 0 0 1 291 599 -1 -1 0 4507 580 496 580 503 580 504 580 505 580 507 580 511 580 517 580 526 580 547 580 558 580 577 580 583 580 587 580 594 580 599 580 599 580 599 580 599 580 599 580 599 580 599 580 599 580 599 580 599 580 599 579 599 577 599 573 599 568 599 560 599 548 599 519 599 502 599 485 599 452 599 435 599 402 599 384 599 367 599 340 599 331 599 325 599 323 599 321 599 317 599 310 599 303 599 296 599 292 599 291 599 
0 0 0 0 0 2 149 316 0 1333 5 
0 0 0 0 0 2 449 549 1 1240 5 
0 0 0 0 0 2 349 116 1 5411 2 
0 0 0 0 0 2 183 50 0 1647 5 
0 0 0 0 0 2 482 249 1 875 5 
0 0 0 0 0 2 283 249 0 1536 5 
0 0 0 0 0 2 416 449 1 1351 5 
0 0 0 0 0 2 249 149 0 1624 5 
0 0 0 0 0 2 416 216 1 696 5 
0 0 0 0 0 2 516 482 1 1242 5 
0 0 0 0 0 2 516 549 1 602 5 
0 0 0 0 0 2 249 349 0 1321 5 
0 0 0 0 0 2 216 482 0 684 5 
0 0 0 0 0 2 416 183 1 990 5 
0 0 0 0 0 2 216 50 0 1339 5 
0 0 0 0 0 2 316 349 0 5172 2 
0 0 0 0 0 2 482 516 1 920 5 
0 0 0 0 0 2 216 416 0 2275 5 
0 0 0 0 0 2 383 216 1 1316 5 
0 0 0 0 0 2 149 516 0 1480 5 
0 0 0 0 0 2 149 50 0 690 5 
0 0 0 0 0 2 183 116 0 692 5 
0 0 0 0 0 2 416 516 1 1358 5 
0 0 0 0 0 2 283 116 0 3393 4 
0 0 0 0 0 2 50 482 0 719 4 
0 0 0 0 0 2 316 216 1 5224 3 
0 0 0 0 0 2 383 183 1 868 5 
0 0 0 0 0 2 516 183 1 788 5 
0 0 0 0 0 2 50 316 0 1035 5 
0 0 0 0 0 2 249 516 0 1236 5 
0 0 0 0 0 2 50 249 0 805 5 
0 0 0 0 0 2 316 316 0 4446 2 
0 0 0 0 0 1 317 242 -1 -1 1 8164 347 66 397 66 403 66 406 66 409 66 411 66 413 66 424 66 446 66 477 66 509 66 538 66 577 66 593 66 599 66 598 66 595 66 592 66 589 66 586 66 582 66 574 66 567 66 542 66 524 66 505 66 457 66 432 66 412 66 383 66 374 66 371 66 372 66 372 68 372 70 372 77 372 90 372 105 372 124 372 172 372 200 372 253 372 276 372 297 372 328 372 333 372 332 372 330 372 326 372 320 372 314 372 310 372 305 372 302 372 297 372 292 372 286 372 271 372 262 372 252 372 234 372 228 372 224 372 223 372 222 372 220 372 219 372 220 372 221 372 222 372 223 372 225 372 226 372 227 372 228 372 229 372 230 372 231 372 232 372 233 372 235 372 236 372 237 372 238 372 239 372 240 372 240 372 241 372 242 371 242 370 242 369 242 368 242 367 242 363 242 361 242 360 242 359 242 358 242 354 242 352 242 349 242 344 242 340 242 336 242 325 242 321 242 318 242 317 242 
0 0 0 0 0 1 241 237 -1 -1 0 4834 548 237 549 237 552 237 560 237 572 237 589 237 599 237 599 237 599 237 599 237 599 237 599 237 599 237 599 237 599 237 598 237 592 237 583 237 570 237 552 237 510 237 489 237 469 237 433 237 418 237 394 237 385 237 378 237 371 237 370 237 370 237 368 237 367 237 366 237 364 237 363 237 361 237 359 237 356 237 353 237 347 237 345 237 343 237 339 237 338 237 336 237 330 237 327 237 322 237 312 237 306 237 296 237 293 237 291 237 289 237 288 237 287 237 282 237 279 237 275 237 264 237 257 237 247 237 245 237 244 237 243 237 242 237 241 237 
0 0 0 0 0 1 259 412 -1 -1 0 3675 241 412 243 412 244 412 245 412 246 412 247 412 248 412 250 412 251 412 252 412 254 412 255 412 256 412 257 412 258 412 259 412 
0 0 0 0 0 1 237 328 -1 -1 0 3538 125 328 126 328 129 328 135 328 144 328 157 328 171 328 200 328 213 328 227 328 228 328 229 328 230 328 231 328 232 328 234 328 236 328 237 328 
0 0 0 0 0 1 253 446 -1 -1 0 3515 53 446 55 446 57 446 63 446 71 446 80 446 90 446 101 446 121 446 131 446 149 446 158 446 167 446 184 446 190 446 196 446 205 446 210 446 213 446 218 446 219 446 223 446 224 446 225 446 226 446 227 446 229 446 241 446 247 446 251 446 253 446 
0 0 0 0 0 1 302 50 -1 -1 1 3018 211 50 211 50 213 50 218 50 225 50 234 50 244 50 264 50 272 50 284 50 287 50 289 50 290 50 291 50 293 50 295 50 298 50 300 50 301 50 302 50 
0 0 0 0 0 1 297 239 -1 -1 0 5218 214 484 215 484 217 484 222 484 226 484 232 484 235 484 237 484 238 484 240 484 242 484 243 484 251 484 253 484 254 484 256 484 257 484 259 484 261 484 263 484 269 484 273 484 276 484 279 484 281 484 285 484 292 484 295 484 297 484 297 484 297 483 297 481 297 478 297 475 297 472 297 461 297 450 297 430 297 421 297 413 297 396 297 387 297 377 297 364 297 360 297 357 297 354 297 353 297 344 297 341 297 338 297 335 297 332 297 330 297 321 297 314 297 306 297 291 297 283 297 275 297 273 297 271 297 270 297 269 297 267 297 262 297 258 297 253 297 244 297 241 297 239 
0 0 0 0 0 1 313 599 -1 -1 1 8356 148 19 151 19 152 19 153 19 156 19 161 19 166 19 173 19 186 19 194 19 210 19 219 19 226 19 241 19 245 19 250 19 258 19 261 19 263 19 265 19 266 19 267 19 269 19 270 19 271 19 273 19 279 19 282 19 285 19 287 19 288 19 289 19 290 19 291 19 291 18 291 17 291 13 291 6 291 0 291 0 291 0 291 0 291 0 291 0 291 0 291 0 291 0 291 0 291 0 291 0 291 0 291 0 291 0 291 0 291 2 291 8 291 17 291 33 291 54 291 78 291 140 291 176 291 251 291 286 291 317 291 367 291 388 291 405 291 440 291 458 291 475 291 509 291 524 291 547 291 556 291 563 291 577 291 590 291 599 291 599 291 599 291 599 291 599 291 599 291 599 288 599 287 599 286 599 285 599 284 599 283 599 282 599 281 599 280 599 278 599 272 599 269 599 264 599 261 599 258 599 252 599 251 599 252 599 256 599 263 599 270 599 280 599 290 599 310 599 319 599 333 599 338 599 341 599 344 599 345 599 346 599 349 599 351 599 352 599 356 599 358 599 359 599 358 599 356 599 355 599 354 599 352 599 350 599 348 599 347 599 346 599 344 599 343 599 342 599 341 599 340 599 339 599 337 599 336 599 335 599 334 599 332 599 331 599 329 599 328 599 327 599 325 599 323 599 322 599 321 599 320 599 319 599 318 599 315 599 313 599 
0 0 0 0 0 1 290 250 -1 -1 0 5586 556 595 554 595 560 595 570 595 586 595 599 595 599 595 599 595 599 595 599 595 599 595 597 595 591 595 580 595 562 595 539 595 510 595 445 595 412 595 357 595 337 595 319 595 295 595 289 595 287 595 288 595 289 595 290 595 290 594 290 593 290 591 290 585 290 577 290 566 290 554 290 528 290 513 290 482 290 470 290 462 290 452 290 446 290 438 290 414 290 398 290 379 290 329 290 306 290 268 290 256 290 249 290 243 290 241 290 239 290 230 290 225 290 219 290 210 290 208 290 210 290 216 290 224 290 232 290 239 290 243 290 246 290 248 290 249 290 250 
0 0 0 0 0 1 289 246 -1 -1 0 6530 162 68 181 68 188 68 195 68 203 68 211 68 218 68 230 68 238 68 257 68 266 68 272 68 283 68 288 68 296 68 318 68 328 68 336 68 341 68 340 68 341 68 343 68 344 68 346 68 346 67 346 66 346 63 346 58 346 49 346 37 346 23 346 0 346 0 346 0 346 0 346 0 346 0 346 0 346 0 346 0 346 0 346 0 346 0 346 0 346 0 346 0 346 0 346 1 346 7 346 14 346 27 346 43 346 60 346 99 346 120 346 159 346 177 346 193 346 221 346 231 346 239 346 247 346 248 346 249 346 250 346 251 346 250 346 249 346 248 346 248 346 247 346 246 342 246 341 246 339 246 337 246 334 246 333 246 328 246 325 246 320 246 318 246 315 246 311 246 309 246 308 246 301 246 299 246 297 246 294 246 292 246 291 246 289 246 
0 0 0 0 0 1 290 599 -1 -1 0 5273 348 271 349 271 350 271 352 271 353 271 355 271 358 271 362 271 363 271 365 271 366 271 367 271 364 271 357 271 347 271 340 271 334 271 331 271 325 271 322 271 321 271 320 271 319 271 313 271 311 271 309 271 308 271 307 271 306 271 303 271 302 271 301 271 300 271 298 271 294 271 293 271 292 271 291 271 290 271 290 272 290 273 290 275 290 281 290 290 290 305 290 322 290 339 290 375 290 393 290 426 290 440 290 454 290 483 290 500 290 519 290 553 290 570 290 595 290 599 290 599 290 599 290 599 290 599 290 599 290 599 290 599 290 599 290 599 
0 0 0 0 0 1 303 599 -1 -1 1 4753 223 412 221 412 222 412 222 412 224 412 226 412 228 412 234 412 237 412 242 412 244 412 246 412 251 412 255 412 259 412 266 412 271 412 275 412 284 412 287 412 292 412 295 412 298 412 300 412 301 412 302 412 303 412 303 411 303 408 303 403 303 397 303 392 303 387 303 372 303 358 303 327 303 310 303 296 303 269 303 258 303 247 303 241 303 242 303 246 303 253 303 263 303 297 303 321 303 343 303 389 303 409 303 424 303 448 303 456 303 461 303 467 303 469 303 479 303 486 303 494 303 512 303 522 303 532 303 552 303 566 303 596 303 599 303 599 303 599 303 599 303 599 303 599 
0 0 0 0 0 1 254 599 -1 -1 0 5939 407 474 400 474 399 474 398 474 397 474 396 474 395 474 393 474 392 474 390 474 387 474 382 474 380 474 379 474 378 474 376 474 375 474 373 474 372 474 369 474 367 474 366 474 365 474 364 474 363 474 363 475 363 478 363 486 363 499 363 515 363 530 363 569 363 589 363 599 363 599 363 599 363 599 363 599 363 599 363 599 363 599 365 599 366 599 368 599 371 599 375 599 383 599 387 599 395 599 399 599 403 599 414 599 418 599 420 599 419 599 417 599 411 599 403 599 390 599 375 599 344 599 330 599 307 599 297 599 289 599 278 599 275 599 273 599 272 599 271 599 270 599 268 599 266 599 263 599 260 599 255 599 254 599 
0 0 0 0 0 1 363 232 -1 -1 1 6384 512 49 513 49 507 49 501 49 493 49 484 49 473 49 446 49 430 49 401 49 392 49 385 49 378 49 377 49 376 49 375 49 374 49 373 49 372 49 371 49 369 49 368 49 365 49 363 49 363 48 363 49 363 52 363 60 363 68 363 79 363 91 363 116 363 128 363 145 363 149 363 150 363 154 363 157 363 158 363 159 363 160 363 161 363 163 363 167 363 172 363 177 363 197 363 207 363 219 363 221 363 222 363 224 363 226 363 227 363 228 363 230 363 232 363 236 363 238 363 240 363 241 363 242 363 243 363 247 363 250 363 252 363 251 363 250 363 248 363 246 363 243 363 238 363 233 363 227 363 228 363 229 363 230 363 231 363 232 
0 0 0 0 0 1 282 245 -1 -1 0 10314 125 174 125 174 126 174 127 174 130 174 135 174 140 174 146 174 157 174 160 174 164 174 165 174 167 174 175 174 180 174 184 174 188 174 189 174 190 174 191 174 192 174 193 174 195 174 197 174 199 174 201 174 203 174 207 174 208 174 212 174 214 174 216 174 219 174 220 174 221 174 223 174 224 174 224 173 224 168 224 158 224 146 224 133 224 120 224 102 224 97 224 94 224 93 224 92 224 88 224 84 224 79 224 76 224 78 224 86 224 97 224 114 224 134 224 156 224 190 224 201 224 215 224 218 224 220 224 223 224 224 224 225 224 226 224 227 224 228 224 229 224 232 224 237 224 239 224 244 224 245 224 245 224 246 224 247 224 247 224 249 224 250 224 251 224 252 224 251 224 250 224 248 224 247 224 246 224 245 224 245 223 245 222 245 220 245 219 245 218 245 217 245 216 245 215 245 214 245 211 245 208 245 206 245 207 245 211 245 216 245 222 245 230 245 237 245 246 245 247 245 250 245 251 245 252 245 253 245 254 245 255 245 257 245 259 245 260 245 261 245 262 245 263 245 264 245 265 245 266 245 267 245 268 245 269 245 270 245 271 245 272 245 273 245 274 245 275 245 276 245 277 245 279 245 280 245 281 245 282 245 
0 0 0 0 0 1 319 240 -1 -1 1 8145 74 326 71 326 76 326 84 326 92 326 101 326 112 326 135 326 146 326 162 326 169 326 177 326 191 326 200 326 208 326 225 326 234 326 244 326 261 326 267 326 275 326 277 326 278 326 279 326 280 326 281 326 282 326 283 326 284 326 285 326 286 326 287 326 288 326 289 326 291 326 293 326 295 326 298 326 300 326 299 326 297 326 297 325 297 324 297 321 297 318 297 315 297 312 297 306 297 302 297 293 297 290 297 289 297 288 297 287 297 286 297 285 297 284 297 283 297 282 297 280 297 278 297 276 297 271 297 270 297 268 297 267 297 266 297 265 297 264 297 263 297 262 297 261 297 260 297 259 297 258 297 257 297 257 297 256 297 255 297 254 297 253 297 252 297 251 297 250 297 249 297 248 297 248 297 246 297 245 297 244 297 243 297 242 297 241 297 240 298 240 299 240 301 240 303 240 307 240 309 240 314 240 316 240 317 240 318 240 319 240 
0 0 0 0 0 2 416 50 1 1309 5 
0 0 0 0 0 2 482 482 1 561 5 
0 0 0 0 0 2 416 83 1 534 5 
0 0 0 0 0 2 83 116 0 830 5 
0 0 0 0 0 2 549 116 1 669 5 
0 0 0 0 0 2 116 516 0 688 5 
0 0 0 0 0 2 183 516 0 658 5 
0 0 0 0 0 2 183 183 0 578 5 
0 0 0 0 0 2 416 316 1 1083 5 
0 0 0 0 0 2 349 349 1 1134 5 
0 0 0 0 0 2 183 416 0 815 5 
0 0 0 0 0 2 249 249 0 766 5 
0 0 0 0 0 2 482 83 1 662 5 
0 0 0 0 0 2 316 416 0 1754 5 
0 0 0 0 0 2 449 383 1 757 5 
0 0 0 0 0 2 549 283 1 640 5 
0 0 0 0 0 2 316 50 0 2668 2 
0 0 0 0 0 2 116 249 0 985 5 
0 0 0 0 0 2 383 383 1 1977 5 
0 0 0 0 0 2 316 383 0 3604 3 
0 0 0 0 0 2 283 449 0 1431 2 
0 0 0 0 0 2 449 149 1 1280 5 
0 0 0 0 0 2 116 216 0 970 5 
0 0 0 0 0 2 449 516 1 1134 5 
0 0 0 0 0 2 449 183 1 593 5 
0 0 0 0 0 2 183 316 0 988 5 
0 0 0 0 0 2 116 283 0 544 5 
0 0 0 0 0 2 216 183 0 517 5 
0 0 0 0 0 2 183 549 0 606 5 
0 0 0 0 0 2 50 549 0 515 5 
0 0 0 0 0 2 216 316 0 1126 5 
0 0 0 0 0 2 249 83 0 628 5 
0 0 0 0 0 1 300 520 -1 -1 0 4908 182 520 8 520 12 520 23 520 35 520 51 520 69 520 120 520 150 520 201 520 225 520 245 520 275 520 284 520 289 520 290 520 289 520 287 520 282 520 275 520 266 520 256 520 237 520 229 520 212 520 204 520 195 520 180 520 175 520 173 520 175 520 184 520 200 520 219 520 238 520 256 520 283 520 292 520 300 520 
0 0 0 0 0 1 391 242 -1 -1 1 3570 265 242 266 242 270 242 274 242 282 242 291 242 301 242 318 242 326 242 340 242 345 242 352 242 361 242 363 242 367 242 377 242 382 242 386 242 391 242 391 242 
0 0 0 0 0 1 401 505 -1 -1 1 2778 479 505 476 505 475 505 469 505 466 505 462 505 457 505 445 505 439 505 427 505 420 505 415 505 405 505 402 505 401 505 
0 0 0 0 0 1 276 498 -1 -1 0 2771 159 498 162 498 164 498 170 498 181 498 195 498 212 498 246 498 257 498 270 498 274 498 276 498 
0 0 0 0 0 1 388 224 -1 -1 1 3242 557 224 556 224 557 224 558 224 562 224 565 224 571 224 578 224 593 224 599 224 599 224 599 224 599 224 599 224 599 224 599 224 599 224 599 224 599 224 595 224 587 224 561 224 541 224 517 224 458 224 433 224 412 224 391 224 389 224 388 224 
0 0 0 0 0 1 321 306 -1 -1 1 2771 248 306 253 306 255 306 259 306 266 306 273 306 282 306 296 306 301 306 310 306 314 306 317 306 321 306 
0 0 0 0 0 1 374 393 -1 -1 1 3344 583 393 584 393 588 393 591 393 596 393 599 393 599 393 599 393 596 393 588 393 573 393 555 393 535 393 516 393 482 393 471 393 454 393 450 393 446 393 438 393 434 393 431 393 426 393 425 393 424 393 423 393 422 393 421 393 415 393 409 393 401 393 392 393 384 393 378 393 376 393 375 393 374 393 
0 0 0 0 0 1 251 258 -1 -1 0 3261 174 258 195 258 198 258 203 258 209 258 215 258 221 258 230 258 232 258 233 258 234 258 235 258 236 258 238 258 240 258 244 258 250 258 251 258 
0 0 0 0 0 1 327 535 -1 -1 1 4474 542 535 547 535 549 535 554 535 560 535 567 535 574 535 585 535 587 535 585 535 581 535 571 535 549 535 534 535 516 535 484 535 472 535 463 535 452 535 451 535 450 535 449 535 448 535 445 535 444 535 443 535 442 535 441 535 439 535 436 535 431 535 415 535 407 535 401 535 397 535 395 535 394 535 389 535 382 535 374 535 366 535 352 535 350 535 348 535 347 535 345 535 342 535 340 535 338 535 333 535 329 535 326 535 327 535 
0 0 0 0 0 1 315 537 -1 -1 1 3931 459 537 533 537 524 537 513 537 500 537 485 537 470 537 441 537 429 537 414 537 413 537 412 537 410 537 406 537 401 537 395 537 391 537 387 537 385 537 377 537 371 537 365 537 355 537 352 537 350 537 349 537 348 537 347 537 343 537 340 537 335 537 332 537 330 537 329 537 328 537 327 537 326 537 325 537 324 537 323 537 321 537 319 537 316 537 315 537 
0 0 0 0 0 1 291 589 -1 -1 0 3376 281 589 287 589 286 589 284 589 281 589 276 589 271 589 264 589 248 589 240 589 224 589 217 589 210 589 197 589 192 589 189 589 188 589 189 589 190 589 192 589 195 589 199 589 203 589 213 589 218 589 228 589 233 589 237 589 243 589 246 589 250 589 260 589 267 589 274 589 286 589 290 589 291 589 
0 0 0 0 0 1 272 7 -1 -1 0 3650 86 7 85 7 84 7 83 7 82 7 83 7 87 7 91 7 98 7 105 7 114 7 134 7 144 7 166 7 175 7 184 7 198 7 202 7 204 7 206 7 207 7 209 7 217 7 219 7 222 7 224 7 225 7 226 7 227 7 231 7 233 7 234 7 235 7 236 7 237 7 240 7 242 7 244 7 250 7 252 7 255 7 258 7 259 7 260 7 266 7 270 7 272 7 
0 0 0 0 0 1 337 327 -1 -1 1 3427 519 327 523 327 524 327 525 327 526 327 528 327 529 327 531 327 533 327 538 327 541 327 542 327 541 327 538 327 532 327 523 327 511 327 494 327 457 327 440 327 417 327 411 327 407 327 403 327 402 327 401 327 397 327 390 327 382 327 376 327 373 327 372 327 371 327 369 327 368 327 367 327 366 327 365 327 364 327 362 327 360 327 353 327 347 327 338 327 337 327 
0 0 0 0 0 1 230 560 -1 -1 0 3810 466 560 493 560 480 560 464 560 445 560 423 560 399 560 359 560 345 560 332 560 328 560 326 560 323 560 321 560 318 560 310 560 304 560 297 560 286 560 282 560 280 560 275 560 265 560 253 560 243 560 232 560 230 560 
0 0 0 0 0 1 295 288 -1 -1 0 3145 461 288 464 288 463 288 461 288 456 288 448 288 436 288 409 288 395 288 366 288 352 288 338 288 316 288 308 288 302 288 296 288 295 288 295 288 
0 0 0 0 0 1 300 282 -1 -1 1 3178 197 282 202 282 201 282 200 282 199 282 198 282 199 282 200 282 202 282 204 282 209 282 216 282 229 282 236 282 247 282 250 282 254 282 264 282 269 282 272 282 278 282 283 282 289 282 298 282 300 282 
0 0 0 0 0 2 50 416 0 1098 5 
0 0 0 0 0 2 283 416 0 2220 2 
0 0 0 0 0 2 283 149 0 2291 2 
0 0 0 0 0 2 549 416 1 761 5 
0 0 0 0 0 2 449 316 1 521 5 
0 0 0 0 0 2 383 149 1 616 5 
0 0 0 0 0 2 283 482 0 1623 5 
0 0 0 0 0 2 149 283 0 700 5 
0 0 0 0 0 2 249 549 0 583 5 
0 0 0 0 0 2 116 383 0 793 5 
0 0 0 0 0 2 383 50 1 643 5 
0 0 0 0 0 2 50 50 1 3630 1 
0 0 0 0 0 2 549 183 1 945 5 
0 0 0 0 0 2 349 216 1 3997 3 
0 0 0 0 0 2 549 83 1 953 5 
0 0 0 0 0 2 283 83 0 2356 3 
0 0 0 0 0 2 383 416 1 1104 5 
0 0 0 0 0 2 149 149 0 921 5 
0 0 0 0 0 2 482 349 1 1081 5 
0 0 0 0 0 2 183 449 0 1667 5 
0 0 0 0 0 2 50 516 0 721 5 
0 0 0 0 0 2 449 50 1 695 5 
0 0 0 0 0 2 449 216 1 629 5 
0 0 0 0 0 2 349 482 1 1517 5 
0 0 0 0 0 2 183 83 0 956 5 
0 0 0 0 0 2 316 449 1 5383 2 
0 0 0 0 0 2 83 183 0 935 5 
0 0 0 0 0 2 516 149 1 757 5 
0 0 0 0 0 2 216 83 0 4142 4 
0 0 0 0 0 2 383 516 1 1186 5 
0 0 0 0 0 2 149 482 0 883 5 
0 0 0 0 0 2 383 449 1 731 5 
0 0 0 0 0 1 202 549 -1 -1 0 4124 272 549 131 549 118 549 107 549 100 549 97 549 97 549 99 549 105 549 114 549 127 549 156 549 171 549 184 549 202 549 
0 0 0 0 0 1 262 387 -1 -1 0 4298 234 387 266 387 267 387 268 387 269 387 268 387 267 387 266 387 265 387 264 387 263 387 262 387 
0 0 0 0 0 1 427 112 -1 -1 1 3515 554 112 553 112 553 112 552 112 551 112 550 112 549 112 546 112 541 112 535 112 522 112 514 112 501 112 494 112 487 112 479 112 477 112 474 112 465 112 463 112 461 112 460 112 458 112 456 112 451 112 446 112 434 112 431 112 429 112 427 112 
0 0 0 0 0 1 283 363 -1 -1 0 2803 372 363 370 363 368 363 363 363 359 363 355 363 347 363 345 363 344 363 341 363 339 363 337 363 336 363 335 363 334 363 333 363 332 363 331 363 330 363 326 363 323 363 318 363 306 363 300 363 287 363 283 363 
0 0 0 0 0 1 343 131 -1 -1 1 3281 360 131 358 131 358 131 356 131 355 131 354 131 353 131 352 131 351 131 350 131 348 131 344 131 343 131 
0 0 0 0 0 1 334 425 -1 -1 1 2890 356 425 354 425 353 425 350 425 347 425 344 425 341 425 339 425 338 425 337 425 336 425 335 425 334 425 
0 0 0 0 0 1 350 73 -1 -1 1 3473 554 73 553 73 552 73 550 73 546 73 541 73 533 73 511 73 500 73 479 73 471 73 463 73 450 73 446 73 443 73 439 73 435 73 427 73 408 73 400 73 394 73 393 73 392 73 389 73 381 73 371 73 362 73 356 73 350 73 
0 0 0 0 0 1 322 296 -1 -1 1 3115 432 296 433 296 432 296 431 296 429 296 427 296 425 296 424 296 422 296 421 296 420 296 419 296 418 296 416 296 414 296 413 296 410 296 408 296 403 296 399 296 393 296 381 296 373 296 363 296 346 296 339 296 331 296 329 296 327 296 324 296 323 296 322 296 
0 0 0 0 0 1 229 310 -1 -1 0 6121 10 310 7 310 6 310 4 310 1 310 0 310 0 310 0 310 0 310 1 310 3 310 5 310 9 310 13 310 18 310 28 310 33 310 46 310 53 310 60 310 77 310 85 310 90 310 97 310 101 310 105 310 112 310 116 310 122 310 126 310 130 310 137 310 139 310 140 310 141 310 142 310 143 310 144 310 145 310 146 310 147 310 148 310 149 310 151 310 152 310 154 310 155 310 156 310 157 310 158 310 159 310 160 310 162 310 165 310 167 310 171 310 182 310 187 310 191 310 192 310 193 310 194 310 195 310 196 310 197 310 198 310 200 310 202 310 203 310 204 310 205 310 206 310 208 310 210 310 214 310 219 310 220 310 222 310 223 310 224 310 226 310 227 310 229 310 230 310 234 310 238 310 242 310 245 310 246 310 247 310 248 310 247 310 246 310 245 310 244 310 243 310 242 310 241 310 240 310 238 310 235 310 229 310 
0 0 0 0 0 1 304 517 -1 -1 1 3602 403 517 405 517 403 517 401 517 399 517 395 517 390 517 379 517 375 517 365 517 359 517 354 517 343 517 339 517 336 517 332 517 331 517 330 517 329 517 327 517 324 517 323 517 322 517 321 517 320 517 319 517 317 517 316 517 314 517 311 517 309 517 307 517 305 517 304 517 
0 0 0 0 0 1 256 402 -1 -1 0 3450 280 402 282 402 281 402 280 402 278 402 275 402 270 402 265 402 255 402 250 402 240 402 235 402 230 402 223 402 222 402 220 402 219 402 218 402 219 402 220 402 222 402 224 402 227 402 231 402 238 402 240 402 242 402 243 402 244 402 245 402 246 402 247 402 248 402 249 402 251 402 253 402 255 402 256 402 
0 0 0 0 0 1 301 27 -1 -1 1 3512 145 27 146 27 150 27 154 27 160 27 169 27 180 27 205 27 217 27 241 27 251 27 261 27 273 27 277 27 278 27 279 27 280 27 281 27 281 27 282 27 284 27 288 27 293 27 297 27 301 27 
0 0 0 0 0 1 224 447 -1 -1 0 3516 108 447 107 447 106 447 106 447 105 447 104 447 103 447 102 447 103 447 107 447 110 447 116 447 122 447 129 447 141 447 147 447 157 447 164 447 171 447 186 447 193 447 198 447 206 447 209 447 211 447 213 447 214 447 216 447 218 447 221 447 223 447 224 447 
0 0 0 0 0 1 264 147 -1 -1 0 3362 321 147 316 147 314 147 312 147 306 147 298 147 291 147 283 147 282 147 281 147 280 147 279 147 278 147 277 147 275 147 272 147 268 147 265 147 264 147 
0 0 0 0 0 1 256 437 -1 -1 0 3275 277 437 270 437 269 437 268 437 267 437 266 437 265 437 264 437 263 437 262 437 261 437 260 437 259 437 258 437 257 437 256 437 
0 0 0 0 0 1 206 285 -1 -1 0 3396 29 285 30 285 31 285 32 285 34 285 36 285 39 285 43 285 55 285 63 285 86 285 98 285 110 285 133 285 143 285 149 285 158 285 162 285 167 285 180 285 186 285 197 285 200 285 202 285 203 285 204 285 205 285 206 285 
0 0 0 0 0 2 249 449 0 2061 5 
0 0 0 0 0 2 116 449 0 668 5 
0 0 0 0 0 2 249 482 0 1932 2 
0 0 0 0 0 2 349 249 1 690 5 
0 0 0 0 0 2 283 549 0 2002 3 
0 0 0 0 0 2 149 216 0 786 5 
0 0 0 0 0 2 216 283 0 1519 5 
0 0 0 0 0 2 116 549 0 695 5 
0 0 0 0 0 2 349 549 1 740 5 
0 0 0 0 0 2 83 50 0 1073 5 
0 0 0 0 0 2 349 283 1 2478 3 
0 0 0 0 0 2 50 383 0 1429 5 
0 0 0 0 0 2 482 549 1 1770 5 
0 0 0 0 0 2 183 482 0 2302 5 
0 0 0 0 0 2 50 116 0 693 5 
0 0 0 0 0 2 449 416 1 1197 5 
0 0 0 0 0 2 549 482 1 530 5 
0 0 0 0 0 2 50 183 0 1327 5 
0 0 0 0 0 2 316 482 0 7272 1 
0 0 0 0 0 2 83 283 0 1674 5 
0 0 0 0 0 2 383 283 1 846 5 
0 0 0 0 0 2 482 416 1 810 5 
0 0 0 0 0 2 482 283 1 644 5 
0 0 0 0 0 2 116 50 0 1458 5 
0 0 0 0 0 2 50 216 0 648 5 
0 0 0 0 0 2 516 116 1 724 5 
0 0 0 0 0 2 549 149 1 594 5 
0 0 0 0 0 2 50 349 0 1018 5 
0 0 0 0 0 2 349 316 1 1727 5 
0 0 0 0 0 2 349 183 1 673 5 
0 0 0 0 0 2 316 183 1 951 5 
0 0 0 0 0 2 549 349 1 824 5 
