Subject 104 in condition 0
Training Condition: 0
Task: 0
Rule: [[[220, 300], [[2000, 0], [0, 9000]]], [[380, 300], [[2000, 0], [0, 9000]]]]
Noise: 0
CATA=0
CATB=1
Sample keys: 120 122
Resp keys: 307 309
Dim direction: 0 0
Dim minimum: 32 75
Test order: [3, 6, 7, 0, 5, 2, 1, 4]
104 0 0 0 0 1 142 341 -1 -1 0 17196 53 16 53 0 53 0 53 0 53 0 53 0 53 1 53 2 53 4 53 6 53 10 53 14 53 25 53 31 53 40 53 44 53 49 53 59 53 66 53 73 53 87 53 94 53 106 53 110 53 115 53 123 53 128 53 132 53 142 53 148 53 158 53 163 53 167 53 175 53 179 53 183 53 192 53 196 53 203 53 206 53 209 53 215 53 217 53 219 53 226 53 232 53 238 53 252 53 259 53 273 53 278 53 283 53 287 53 289 53 289 53 291 53 295 53 299 53 303 53 305 53 308 53 309 53 310 53 312 53 314 53 316 53 318 53 319 53 320 53 321 53 322 53 323 53 324 53 325 53 326 53 327 53 328 53 329 53 330 53 331 53 332 53 333 53 334 53 335 53 336 53 337 53 338 53 339 53 340 53 341 51 341 50 341 49 341 48 341 47 341 46 341 45 341 44 341 43 341 42 341 41 341 39 341 38 341 38 341 39 341 40 341 43 341 44 341 45 341 46 341 48 341 49 341 51 341 52 341 51 341 49 341 45 341 38 341 33 341 28 341 21 341 19 341 16 341 14 341 12 341 7 341 4 341 3 341 0 341 0 341 0 341 0 341 0 341 0 341 0 341 0 341 0 341 0 341 0 341 0 341 0 341 0 341 0 341 0 341 0 341 1 341 2 341 2 341 3 341 4 341 5 341 7 341 8 341 10 341 12 341 13 341 15 341 16 341 17 341 18 341 19 341 21 341 23 341 25 341 28 341 30 341 31 341 34 341 35 341 36 341 37 341 37 341 40 341 41 341 42 341 45 341 49 341 51 341 54 341 56 341 57 341 58 341 59 341 65 341 70 341 77 341 91 341 96 341 105 341 108 341 110 341 114 341 115 341 116 341 117 341 118 341 119 341 120 341 121 341 122 341 124 341 125 341 128 341 129 341 133 341 135 341 136 341 140 341 141 341 142 341 
104 0 0 0 0 1 439 599 -1 -1 1 10585 201 559 189 559 191 559 194 559 198 559 202 559 205 559 210 559 212 559 214 559 215 559 216 559 217 559 218 559 219 559 221 559 224 559 229 559 233 559 239 559 242 559 244 559 245 559 246 559 247 559 248 559 252 559 258 559 263 559 272 559 277 559 281 559 286 559 288 559 288 558 288 557 288 556 288 555 288 554 288 553 288 552 288 551 288 550 288 549 288 548 288 547 288 548 288 550 288 553 288 557 288 561 288 566 288 578 288 582 288 591 288 595 288 599 288 599 288 599 288 599 288 599 288 599 288 599 288 599 288 599 288 599 288 599 288 599 288 599 288 599 288 599 288 599 288 599 288 599 288 599 288 599 288 599 288 599 288 599 288 599 259 599 260 599 261 599 262 599 263 599 265 599 267 599 268 599 271 599 272 599 276 599 278 599 282 599 289 599 294 599 298 599 307 599 310 599 320 599 325 599 331 599 343 599 349 599 355 599 370 599 379 599 399 599 407 599 416 599 431 599 436 599 439 599 
104 0 0 0 0 1 34 526 -1 -1 0 9947 254 457 254 272 254 270 254 266 254 259 254 250 254 242 254 231 254 228 254 221 254 216 254 212 254 210 254 211 254 213 254 217 254 222 254 227 254 231 254 238 254 241 254 248 254 253 254 259 254 270 254 275 254 279 254 285 254 287 254 293 254 297 254 301 254 307 254 308 254 309 254 310 254 312 254 316 254 322 254 328 254 348 254 360 254 385 254 397 254 409 254 424 254 429 254 433 254 439 254 442 254 451 254 456 254 461 254 471 254 476 254 480 254 485 254 487 254 488 254 491 254 494 254 499 254 503 254 507 254 510 254 511 254 512 254 512 254 513 254 515 254 518 254 521 254 523 254 524 254 524 254 526 251 526 250 526 249 526 248 526 246 526 244 526 243 526 239 526 235 526 222 526 213 526 205 526 184 526 170 526 158 526 137 526 129 526 115 526 109 526 105 526 97 526 93 526 91 526 81 526 78 526 71 526 68 526 60 526 44 526 40 526 37 526 35 526 34 526 
104 0 0 0 0 1 65 126 -1 -1 0 8338 255 66 255 58 255 57 255 56 255 55 255 54 255 53 255 52 255 53 255 55 255 59 255 64 255 70 255 75 255 79 255 80 255 81 255 82 255 83 255 84 255 85 255 86 255 87 255 88 255 90 255 91 255 92 255 93 255 94 255 95 255 96 255 99 255 101 255 104 255 106 255 107 255 108 255 109 255 110 255 111 255 112 255 114 255 116 255 118 255 119 255 120 255 120 255 122 255 123 255 124 255 125 255 126 254 126 253 126 251 126 250 126 248 126 247 126 241 126 239 126 235 126 233 126 231 126 225 126 221 126 218 126 209 126 206 126 197 126 194 126 190 126 182 126 179 126 177 126 167 126 164 126 158 126 155 126 149 126 138 126 134 126 130 126 124 126 121 126 119 126 115 126 113 126 107 126 103 126 100 126 96 126 95 126 94 126 93 126 92 126 90 126 87 126 84 126 79 126 77 126 75 126 73 126 72 126 71 126 70 126 69 126 68 126 67 126 66 126 65 126 
104 0 0 0 0 1 445 257 -1 -1 1 6561 445 267 445 259 445 260 445 261 445 262 445 263 445 265 445 268 445 270 445 272 445 273 445 272 445 269 445 264 445 260 445 257 
104 0 0 0 0 1 524 0 -1 -1 1 6521 381 192 384 192 385 192 386 192 387 192 390 192 393 192 400 192 403 192 406 192 408 192 410 192 416 192 421 192 425 192 436 192 442 192 454 192 459 192 465 192 476 192 481 192 486 192 495 192 499 192 506 192 509 192 513 192 519 192 521 192 523 192 524 192 524 185 524 184 524 183 524 182 524 180 524 174 524 167 524 159 524 150 524 132 524 120 524 91 524 77 524 66 524 50 524 42 524 34 524 26 524 24 524 21 524 16 524 8 524 0 524 0 524 0 524 0 524 0 524 0 524 0 524 0 524 0 524 0 524 0 524 0 524 0 524 0 524 0 524 0 524 0 524 0 524 0 524 0 
104 0 0 0 0 1 497 403 -1 -1 1 5961 497 485 497 483 497 482 497 481 497 479 497 478 497 476 497 470 497 465 497 458 497 455 497 451 497 444 497 439 497 435 497 431 497 428 497 417 497 411 497 407 497 405 497 404 497 404 497 403 
104 0 0 0 0 1 191 599 -1 -1 0 5585 191 223 191 223 191 224 191 225 191 227 191 230 191 234 191 241 191 261 191 273 191 287 191 318 191 332 191 345 191 369 191 383 191 412 191 428 191 443 191 474 191 489 191 503 191 524 191 534 191 552 191 559 191 565 191 576 191 581 191 585 191 592 191 595 191 598 191 599 191 599 
104 0 0 0 0 1 580 599 -1 -1 1 7978 580 461 580 380 580 379 580 378 580 376 580 374 580 369 580 363 580 349 580 341 580 326 580 316 580 305 580 281 580 270 580 260 580 244 580 237 580 220 580 213 580 206 580 196 580 190 580 184 580 177 580 175 580 174 580 181 580 182 580 183 580 184 580 186 580 190 580 194 580 199 580 212 580 220 580 242 580 253 580 265 580 291 580 308 580 325 580 361 580 379 580 415 580 431 580 445 580 471 580 482 580 494 580 514 580 522 580 539 580 550 580 560 580 578 580 584 580 590 580 599 580 599 580 599 580 599 580 599 580 599 580 599 580 599 580 599 580 599 580 599 580 599 580 599 580 599 580 599 580 599 580 599 580 599 580 599 580 599 580 599 580 599 580 599 580 599 580 599 580 599 
104 0 0 0 0 1 0 180 -1 -1 0 5724 431 282 431 240 431 239 431 238 431 238 431 236 431 231 431 226 431 218 431 214 431 210 431 198 431 192 431 187 431 181 431 180 431 180 428 180 427 180 426 180 422 180 419 180 417 180 415 180 409 180 404 180 385 180 373 180 363 180 344 180 333 180 320 180 294 180 282 180 258 180 244 180 231 180 212 180 204 180 196 180 177 180 168 180 151 180 144 180 137 180 122 180 114 180 109 180 103 180 99 180 89 180 85 180 83 180 81 180 79 180 78 180 77 180 75 180 72 180 67 180 53 180 50 180 49 180 48 180 44 180 25 180 13 180 2 180 0 180 0 180 0 180 0 180 0 180 0 180 0 180 0 180 0 180 0 180 0 180 0 180 
104 0 0 0 0 1 599 0 -1 -1 1 8169 146 293 146 301 146 299 146 296 146 291 146 283 146 274 146 258 146 251 146 237 146 233 146 231 146 228 146 225 146 220 146 210 146 205 146 196 146 191 146 181 146 153 146 137 146 125 146 115 146 114 146 106 146 96 146 85 146 66 146 61 146 60 146 54 146 51 146 49 146 47 146 46 146 45 146 44 146 43 146 41 146 40 146 33 146 26 146 11 146 5 146 0 146 0 146 0 146 0 146 0 146 0 146 0 146 0 146 0 147 0 148 0 149 0 152 0 158 0 165 0 174 0 192 0 204 0 237 0 254 0 269 0 297 0 314 0 335 0 381 0 406 0 459 0 488 0 519 0 579 0 599 0 599 0 599 0 599 0 599 0 599 0 599 0 599 0 599 0 599 0 599 0 599 0 599 0 599 0 599 0 599 0 599 0 599 0 599 0 599 0 
104 0 0 0 0 1 0 0 -1 -1 0 10067 207 445 207 409 207 407 207 400 207 389 207 372 207 353 207 314 207 295 207 258 207 241 207 225 207 201 207 191 207 184 207 181 207 182 207 188 207 199 207 216 207 236 207 259 207 304 207 323 207 356 207 366 207 372 207 376 207 377 207 378 207 380 207 384 207 394 207 399 207 403 207 413 207 416 207 420 207 426 207 428 207 430 207 431 207 432 207 433 207 437 207 440 207 445 207 447 207 449 207 451 207 452 207 453 207 455 207 456 207 457 207 458 207 459 207 461 207 462 207 464 207 465 207 466 207 467 207 468 207 471 207 472 207 473 207 475 207 476 207 478 207 479 207 480 207 481 207 482 207 483 207 485 207 486 207 487 207 488 207 489 207 490 207 491 207 492 207 493 207 495 207 499 207 502 207 507 207 515 207 521 207 533 207 538 207 544 207 553 207 557 207 562 207 569 207 572 207 578 207 578 206 578 205 578 202 578 198 578 192 578 186 578 163 578 145 578 117 578 107 578 97 578 66 578 45 578 28 578 0 578 0 578 0 578 0 578 0 578 0 578 0 578 0 578 0 578 0 578 0 578 0 578 0 578 0 578 0 578 0 578 0 578 0 578 0 578 0 579 0 583 0 591 0 599 0 599 0 599 0 599 0 599 0 599 0 599 0 599 0 599 0 599 0 599 0 599 0 599 0 599 0 599 0 599 0 599 0 599 0 599 0 596 0 564 0 539 0 518 0 478 0 454 0 423 0 371 0 354 0 338 0 302 0 278 0 240 0 227 0 215 0 197 0 192 0 187 0 173 0 166 0 145 0 137 0 130 0 119 0 111 0 98 0 80 0 75 0 70 0 67 0 62 0 51 0 43 0 35 0 22 0 18 0 10 0 5 0 0 0 0 0 0 0 0 0 0 0 0 0 0 0 0 0 0 0 0 0 0 0 0 0 0 0 0 0 0 0 0 0 0 0 0 0 0 0 0 
104 0 0 0 0 1 174 420 -1 -1 0 9561 133 551 133 554 133 555 133 556 133 559 133 563 133 568 133 572 133 576 133 586 133 594 133 599 133 599 133 599 133 599 133 598 133 595 133 589 133 578 133 562 133 545 133 510 133 496 133 476 133 470 133 465 133 457 133 456 133 455 133 454 133 453 133 452 133 451 133 451 133 449 133 449 133 447 133 446 133 446 133 445 133 445 133 445 133 445 133 445 133 444 133 443 133 443 133 443 133 443 133 444 133 444 133 446 133 446 133 446 133 448 133 448 133 450 133 450 133 451 133 453 133 453 133 454 133 454 133 455 133 455 133 455 133 454 133 452 133 450 133 451 133 453 133 457 133 462 133 468 133 473 133 476 133 476 133 477 133 476 133 474 133 472 133 470 133 467 133 466 133 467 133 467 133 469 133 471 133 476 133 480 133 485 133 487 133 492 133 496 133 498 133 499 133 500 133 500 133 500 133 497 133 492 133 484 133 474 133 465 133 453 133 449 133 443 133 441 133 439 133 436 133 435 133 435 133 435 133 435 133 435 133 435 133 433 133 430 133 429 133 429 133 428 133 428 133 428 133 428 133 428 133 428 133 428 133 428 133 428 133 428 133 428 133 428 133 428 133 428 133 427 133 426 133 425 133 421 133 418 133 417 133 417 133 417 133 417 133 417 133 417 133 418 133 420 133 420 133 421 133 420 133 420 132 420 131 420 130 420 129 420 129 420 130 420 132 420 133 420 135 420 136 420 137 420 138 420 139 420 140 420 141 420 143 420 149 420 153 420 155 420 157 420 160 420 162 420 164 420 166 420 168 420 169 420 172 420 173 420 173 420 174 420 
104 0 0 0 0 1 287 396 -1 -1 0 9337 389 281 389 277 389 278 389 279 389 280 389 281 389 283 389 288 389 306 389 318 389 345 389 357 389 366 389 371 389 372 389 374 389 379 389 385 389 392 389 400 389 409 389 410 389 412 389 413 389 415 389 416 389 420 389 432 389 438 389 444 389 452 389 455 389 456 389 457 389 458 389 457 389 456 389 454 389 453 389 452 389 451 389 450 389 448 389 445 389 440 389 437 389 436 389 436 389 436 389 433 389 428 389 425 389 421 389 418 389 413 389 412 389 407 389 404 389 400 389 396 389 393 389 391 389 392 389 393 389 395 389 396 388 396 386 396 385 396 384 396 384 396 383 396 382 396 381 396 379 396 376 396 373 396 372 396 370 396 366 396 364 396 363 396 359 396 357 396 354 396 353 396 352 396 349 396 348 396 346 396 345 396 342 396 336 396 333 396 331 396 325 396 322 396 317 396 314 396 312 396 306 396 304 396 303 396 302 396 301 396 300 396 299 396 298 396 297 396 296 396 295 396 292 396 291 396 288 396 287 396 
104 0 0 0 0 1 342 390 -1 -1 1 6679 507 16 507 149 507 148 507 146 507 139 507 128 507 112 507 94 507 59 507 43 507 17 507 11 507 9 507 8 507 7 507 3 507 0 507 0 507 0 507 0 507 0 507 0 507 0 507 0 507 0 507 0 507 0 507 0 507 0 507 0 507 0 507 0 507 1 507 3 507 8 507 18 507 22 507 38 507 57 507 85 507 129 507 148 507 168 507 218 507 242 507 275 507 278 507 279 507 281 507 285 507 288 507 290 507 306 507 320 507 329 507 342 507 347 507 353 507 373 507 379 507 381 507 384 507 386 507 389 507 390 506 390 503 390 501 390 498 390 496 390 494 390 486 390 477 390 454 390 442 390 430 390 418 390 416 390 413 390 403 390 396 390 381 390 375 390 371 390 365 390 363 390 362 390 361 390 359 390 357 390 354 390 349 390 347 390 345 390 344 390 342 390 342 390 
104 0 0 0 0 1 517 45 -1 -1 1 7155 288 45 328 45 324 45 316 45 305 45 293 45 281 45 267 45 262 45 257 45 256 45 257 45 261 45 265 45 270 45 278 45 287 45 306 45 314 45 320 45 321 45 322 45 323 45 324 45 324 45 326 45 329 45 335 45 342 45 355 45 359 45 363 45 376 45 384 45 393 45 409 45 416 45 434 45 443 45 451 45 470 45 480 45 491 45 510 45 515 45 517 45 
104 0 0 0 0 2 83 183 0 6628 5 
104 0 0 0 0 2 283 149 1 5965 3 
104 0 0 0 0 2 283 482 0 11457 2 
104 0 0 0 0 2 383 516 1 3611 5 
104 0 0 0 0 2 316 449 1 3181 3 
104 0 0 0 0 2 516 149 1 2934 5 
104 0 0 0 0 2 549 416 1 3334 5 
104 0 0 0 0 2 116 383 0 4070 5 
104 0 0 0 0 2 283 416 0 7201 3 
104 0 0 0 0 2 349 482 1 1988 5 
104 0 0 0 0 2 449 316 1 1557 5 
104 0 0 0 0 2 183 83 0 2751 4 
104 0 0 0 0 2 549 183 1 1782 5 
104 0 0 0 0 2 149 283 0 2410 5 
104 0 0 0 0 2 149 149 0 1971 5 
104 0 0 0 0 2 183 449 0 3440 3 
104 0 0 0 0 2 349 216 1 1855 5 
104 0 0 0 0 2 482 349 1 1663 5 
104 0 0 0 0 2 449 216 1 1562 5 
104 0 0 0 0 2 449 50 1 4777 5 
104 0 0 0 0 2 383 416 1 2295 5 
104 0 0 0 0 2 249 549 1 3397 3 
104 0 0 0 0 2 383 149 1 2043 5 
104 0 0 0 0 2 383 449 1 1595 5 
104 0 0 0 0 2 50 516 0 1821 5 
104 0 0 0 0 2 283 83 0 3959 3 
104 0 0 0 0 2 216 83 1 13900 2 
104 0 0 0 0 2 50 50 1 6104 5 
104 0 0 0 0 2 50 416 0 2638 5 
104 0 0 0 0 2 149 482 0 1195 5 
104 0 0 0 0 2 549 83 1 1391 5 
104 0 0 0 0 2 383 50 1 1607 5 
104 0 0 0 0 1 105 428 -1 -1 0 11491 426 50 360 50 358 50 352 50 342 50 329 50 318 50 301 50 295 50 277 50 266 50 256 50 243 50 238 50 236 50 229 50 227 50 223 50 215 50 204 50 194 50 185 50 165 50 154 50 130 50 123 50 118 50 116 50 115 50 114 50 113 50 112 50 111 50 110 50 108 50 107 50 106 50 105 50 105 48 105 47 105 46 105 45 105 43 105 42 105 39 105 37 105 34 105 33 105 31 105 24 105 19 105 13 105 2 105 0 105 0 105 0 105 0 105 0 105 0 105 0 105 0 105 0 105 0 105 0 105 0 105 0 105 0 105 0 105 0 105 6 105 14 105 30 105 39 105 58 105 72 105 86 105 106 105 119 105 138 105 178 105 192 105 216 105 233 105 255 105 284 105 290 105 297 105 318 105 327 105 333 105 333 105 334 105 335 105 335 105 337 105 340 105 345 105 358 105 365 105 371 105 376 105 377 105 381 105 382 105 383 105 384 105 386 105 389 105 391 105 393 105 396 105 399 105 401 105 402 105 404 105 405 105 406 105 406 105 408 105 410 105 411 105 415 105 417 105 419 105 423 105 425 105 426 105 428 
104 0 0 0 0 1 433 427 -1 -1 1 5865 433 505 433 505 433 504 433 503 433 501 433 497 433 493 433 490 433 488 433 487 433 485 433 481 433 478 433 474 433 473 433 472 433 468 433 467 433 465 433 464 433 462 433 458 433 456 433 455 433 453 433 452 433 448 433 446 433 445 433 444 433 443 433 442 433 440 433 439 433 438 433 437 433 435 433 434 433 433 433 432 433 431 433 430 433 429 433 428 433 427 
104 0 0 0 0 1 123 60 -1 -1 0 12946 250 586 250 587 250 588 250 590 250 594 250 597 250 599 250 599 250 599 250 599 250 599 250 599 250 599 250 599 250 599 250 599 250 597 250 593 250 588 250 585 250 584 250 583 250 582 250 580 250 576 250 569 250 559 250 527 250 510 250 485 250 475 250 465 250 443 250 433 250 423 250 405 250 396 250 376 250 370 250 364 250 351 250 343 250 335 250 324 250 320 250 314 250 312 250 311 250 311 250 311 250 311 250 309 250 308 250 307 250 307 250 307 250 312 250 318 250 327 250 350 250 366 250 384 250 423 250 442 250 470 250 483 250 494 250 517 250 524 250 528 250 534 250 541 250 564 250 573 250 577 250 578 250 576 250 564 250 544 250 515 250 446 250 415 250 391 250 353 250 337 250 322 250 299 250 289 250 270 250 257 250 243 250 213 250 197 250 181 250 152 250 139 250 129 250 111 250 103 250 89 250 83 250 77 250 65 250 59 250 54 250 46 250 44 250 41 250 40 250 39 250 37 250 36 250 34 250 33 250 32 250 31 250 30 250 29 250 28 250 28 250 27 250 26 250 24 250 21 250 19 250 16 250 14 250 10 250 9 250 7 250 4 250 3 250 2 250 0 250 0 250 0 250 0 250 0 250 0 250 0 250 0 250 1 250 2 250 3 250 7 250 11 250 14 250 19 250 20 250 20 250 22 250 23 250 24 250 25 250 27 250 30 250 31 250 32 250 33 250 36 250 41 250 43 250 44 250 45 250 46 250 46 250 48 250 49 250 50 250 52 250 52 250 53 250 54 250 55 250 56 250 57 250 59 250 60 251 60 250 60 249 60 248 60 243 60 235 60 226 60 207 60 197 60 179 60 170 60 161 60 142 60 135 60 131 60 127 60 125 60 124 60 123 60 
104 0 0 0 0 1 0 0 -1 -1 0 7978 28 1 28 0 28 0 28 0 28 0 28 0 28 0 28 0 28 0 28 0 28 0 28 0 28 0 28 0 28 0 28 0 28 0 28 0 28 0 29 0 27 0 23 0 17 0 9 0 1 0 0 0 0 0 0 0 0 0 0 0 0 0 0 0 0 0 0 0 0 0 0 0 0 0 0 0 0 0 0 0 0 0 0 0 0 0 0 0 
104 0 0 0 0 1 103 0 -1 -1 0 8571 570 318 570 317 570 310 570 299 570 284 570 267 570 250 570 217 570 204 570 178 570 163 570 146 570 108 570 89 570 66 570 24 570 8 570 0 570 0 570 1 570 2 570 4 570 6 570 7 570 8 570 9 570 11 570 21 570 23 570 24 570 25 570 26 570 27 570 29 570 33 570 42 570 50 570 58 570 66 570 67 570 68 570 70 570 74 570 85 570 92 570 96 570 108 570 117 570 125 570 134 570 137 570 139 570 142 570 146 570 149 570 151 570 152 570 156 570 158 570 159 570 163 570 164 570 175 570 182 570 187 570 192 570 193 570 191 570 185 570 176 570 158 570 130 570 95 570 36 570 15 570 0 570 0 570 0 570 0 570 0 570 0 570 0 570 0 570 0 569 0 565 0 558 0 549 0 538 0 528 0 500 0 482 0 449 0 433 0 417 0 386 0 369 0 353 0 314 0 294 0 258 0 239 0 221 0 187 0 172 0 157 0 131 0 119 0 94 0 82 0 72 0 52 0 40 0 28 0 8 0 0 0 0 0 0 0 0 0 0 0 0 0 0 0 0 0 0 0 0 0 0 0 0 0 0 0 0 0 0 0 0 0 0 0 0 0 1 0 5 0 13 0 23 0 32 0 43 0 62 0 72 0 86 0 89 0 93 0 96 0 97 0 98 0 99 0 100 0 101 0 102 0 103 0 
104 0 0 0 0 1 599 143 -1 -1 1 10664 11 73 11 97 11 99 11 101 11 101 11 100 11 94 11 86 11 75 11 63 11 51 11 33 11 25 11 9 11 2 11 0 11 0 11 0 11 0 11 0 11 0 11 0 11 0 11 0 11 0 11 0 11 0 11 0 11 0 11 0 11 0 11 0 11 1 11 9 11 20 11 30 11 42 11 70 11 88 11 107 11 135 11 144 11 164 11 174 11 183 11 195 11 202 11 208 11 222 11 229 11 241 11 246 11 251 11 259 11 263 11 267 11 276 11 279 11 288 11 292 11 295 11 302 11 305 11 309 11 315 11 318 11 322 11 330 11 335 11 345 11 349 11 355 11 367 11 373 11 380 11 393 11 401 11 415 11 422 11 428 11 437 11 439 11 441 11 444 11 447 11 454 11 455 11 457 11 457 11 458 11 462 11 465 11 469 11 474 11 480 11 490 11 495 11 498 11 503 11 505 11 507 11 511 11 513 11 516 11 516 11 517 11 517 11 517 11 516 11 514 11 511 11 509 11 503 11 497 11 480 11 470 11 463 11 449 11 443 11 431 11 401 11 386 11 354 11 337 11 321 11 297 11 286 11 272 11 236 11 215 11 174 11 159 11 149 11 141 11 142 11 143 11 143 16 143 16 143 17 143 18 143 20 143 23 143 25 143 28 143 40 143 49 143 73 143 83 143 91 143 100 143 101 143 102 143 105 143 112 143 142 143 163 143 189 143 252 143 287 143 322 143 385 143 417 143 481 143 510 143 533 143 569 143 583 143 598 143 599 143 599 143 599 143 599 143 599 143 599 143 599 143 599 143 599 143 599 143 599 143 599 143 599 143 599 143 599 143 599 143 599 143 599 143 599 143 599 143 598 143 595 143 593 143 591 143 589 143 588 143 587 143 586 143 581 143 578 143 573 143 567 143 565 143 564 143 563 143 562 143 561 143 559 143 553 143 541 143 522 143 477 143 456 143 414 143 388 143 362 143 329 143 325 143 326 143 348 143 366 143 411 143 433 143 457 143 510 143 535 143 557 143 594 143 599 143 599 143 599 143 599 143 599 143 599 143 599 143 599 143 599 143 599 143 599 143 599 143 599 143 599 143 
104 0 0 0 0 1 438 253 -1 -1 1 4522 548 253 434 253 433 253 431 253 429 253 426 253 421 253 418 253 415 253 413 253 412 253 411 253 410 253 401 253 395 253 388 253 373 253 368 253 363 253 362 253 363 253 366 253 371 253 378 253 383 253 389 253 400 253 406 253 416 253 419 253 422 253 430 253 432 253 435 253 437 253 438 253 
104 0 0 0 0 1 553 509 -1 -1 1 3586 561 509 558 509 557 509 556 509 555 509 554 509 553 509 
104 0 0 0 0 1 124 59 -1 -1 0 17272 320 281 319 281 318 281 318 281 319 281 321 281 325 281 332 281 343 281 356 281 394 281 423 281 486 281 516 281 545 281 599 281 599 281 599 281 599 281 599 281 599 281 599 281 599 281 599 281 598 281 596 281 592 281 588 281 582 281 578 281 571 281 569 281 567 281 563 281 555 281 545 281 533 281 505 281 491 281 464 281 449 281 435 281 412 281 401 281 388 281 361 281 347 281 317 281 302 281 287 281 254 281 237 281 221 281 185 281 166 281 131 281 114 281 98 281 65 281 50 281 36 281 6 281 0 281 0 281 0 281 0 281 0 281 0 281 0 281 0 281 0 281 0 281 0 281 0 281 0 281 0 281 0 281 0 281 1 281 5 281 10 281 17 281 26 281 36 281 57 281 66 281 81 281 87 281 95 281 113 281 119 281 122 281 123 281 124 281 124 280 124 278 124 273 124 263 124 252 124 241 124 220 124 210 124 189 124 179 124 170 124 155 124 145 124 135 124 117 124 111 124 97 124 85 124 70 124 47 124 35 124 23 124 0 124 0 124 0 124 0 124 0 124 0 124 0 124 0 124 0 124 0 124 0 124 0 124 5 124 19 124 39 124 67 124 100 124 167 124 200 124 260 124 286 124 310 124 348 124 362 124 374 124 391 124 399 124 413 124 419 124 424 124 429 124 430 124 431 124 435 124 435 124 436 124 436 124 437 124 440 124 442 124 443 124 443 124 443 124 443 124 443 124 443 124 443 124 443 124 443 124 441 124 439 124 435 124 424 124 418 124 403 124 392 124 379 124 346 124 331 124 315 124 282 124 269 124 247 124 240 124 236 124 236 124 237 124 239 124 242 124 248 124 268 124 282 124 298 124 328 124 343 124 358 124 387 124 398 124 417 124 425 124 434 124 454 124 465 124 475 124 493 124 502 124 518 124 526 124 533 124 544 124 549 124 554 124 561 124 564 124 566 124 568 124 568 124 565 124 561 124 554 124 533 124 518 124 501 124 460 124 436 124 383 124 353 124 322 124 265 124 236 124 210 124 167 124 151 124 124 124 123 124 123 124 127 124 135 124 148 124 163 124 199 124 213 124 209 124 192 124 167 124 79 124 11 124 0 124 0 124 0 124 0 124 0 124 0 124 0 124 0 124 0 124 0 124 0 124 0 124 0 124 0 124 0 124 0 124 0 124 1 124 9 124 25 124 90 124 143 124 296 124 385 124 483 124 599 124 599 124 599 124 599 124 599 124 599 124 599 124 599 124 599 124 599 124 599 124 599 124 599 124 599 124 599 124 599 124 599 124 599 124 599 124 599 124 597 124 587 124 571 124 551 124 527 124 495 124 402 124 336 124 177 124 102 124 34 124 0 124 0 124 0 124 0 124 0 124 0 124 0 124 0 124 0 124 1 124 9 124 21 124 35 124 62 124 77 124 95 124 133 124 154 124 175 124 221 124 249 124 281 124 354 124 397 124 493 124 544 124 598 124 599 124 599 124 599 124 599 124 599 124 599 124 599 124 599 124 599 124 599 124 598 124 599 124 599 124 599 124 599 124 599 124 599 124 599 124 599 124 599 124 599 124 599 124 599 124 599 124 599 124 599 124 597 124 587 124 570 124 542 124 456 124 395 124 326 124 172 124 81 124 0 124 0 124 0 124 0 124 0 124 0 124 0 124 0 124 0 124 0 124 0 124 0 124 0 124 0 124 0 124 0 124 0 124 1 124 5 124 14 124 27 124 41 124 57 124 92 124 109 124 142 124 159 124 176 124 207 124 219 124 228 124 242 124 248 124 262 124 268 124 277 124 300 124 314 124 329 124 362 124 379 124 411 124 427 124 443 124 473 124 488 124 503 124 530 124 542 124 552 124 571 124 578 124 590 124 596 124 599 124 599 124 599 124 599 124 599 124 599 124 599 124 599 124 599 124 599 124 599 124 599 124 599 124 599 124 598 124 596 124 591 124 583 124 573 124 561 124 543 124 538 124 531 124 529 124 527 124 524 124 523 124 522 124 521 124 519 124 516 124 512 124 505 124 502 124 500 124 500 124 499 124 497 124 495 124 493 124 491 124 490 124 488 124 486 124 485 124 484 124 483 124 482 124 478 124 476 124 474 124 473 124 472 124 471 124 470 124 469 124 468 124 467 124 466 124 465 124 464 124 462 124 460 124 454 124 439 124 432 124 426 124 410 124 399 124 371 124 356 124 341 124 310 124 294 124 277 124 248 124 236 124 219 124 211 124 204 124 189 124 180 124 172 124 150 124 141 124 121 124 111 124 101 124 85 124 75 124 67 124 55 124 48 124 42 124 36 124 34 124 35 124 37 124 41 124 45 124 50 124 53 124 57 124 58 124 59 
104 0 0 0 0 1 0 72 -1 -1 0 23544 303 474 303 480 303 478 303 475 303 471 303 466 303 459 303 446 303 440 303 425 303 418 303 409 303 389 303 375 303 362 303 333 303 322 303 302 303 290 303 277 303 246 303 230 303 215 303 186 303 171 303 137 303 123 303 112 303 98 303 91 303 86 303 76 303 73 303 66 303 66 303 66 303 66 303 66 303 67 303 68 303 0 303 0 303 0 303 0 303 0 303 0 303 0 303 0 303 0 303 0 303 0 303 0 303 0 303 0 303 0 310 0 308 0 307 0 305 0 304 0 301 0 296 0 290 0 272 0 264 0 246 0 237 0 230 0 219 0 214 0 208 0 184 0 170 0 149 0 139 0 128 0 102 0 85 0 66 0 27 0 6 0 0 0 0 0 0 0 0 0 0 0 0 0 0 0 0 0 0 0 0 0 0 6 0 14 0 24 0 35 0 49 0 60 0 83 0 93 0 110 0 120 0 129 0 142 0 143 0 144 0 146 0 148 0 151 0 157 0 162 0 173 0 179 0 190 0 197 0 204 0 216 0 220 0 222 0 221 0 214 0 201 0 186 0 170 0 156 0 144 0 142 0 141 0 139 0 137 0 133 0 127 0 122 0 119 0 118 0 117 0 115 0 112 0 109 0 108 0 107 0 103 0 98 0 92 0 91 0 90 0 89 0 88 0 87 0 86 0 83 0 80 0 79 0 78 0 77 0 76 0 75 0 74 0 74 0 72 0 71 0 69 0 67 0 66 0 65 0 64 0 63 0 61 0 60 0 59 0 58 0 57 0 57 0 55 0 56 0 57 0 58 0 59 0 60 0 61 0 62 0 63 1 63 2 63 3 63 5 63 6 63 7 63 9 63 146 63 189 63 281 63 327 63 373 63 480 63 508 63 509 63 509 63 509 62 509 61 509 59 509 53 509 43 509 32 509 21 509 6 509 4 508 4 506 4 503 4 498 4 493 4 487 4 471 4 454 4 416 4 397 4 383 4 363 4 353 4 342 4 319 4 307 4 277 4 259 4 238 4 197 4 180 4 164 4 134 4 122 4 104 4 98 4 94 4 85 4 79 4 73 4 65 4 61 4 51 4 44 4 35 4 19 4 8 4 0 4 0 4 0 4 0 4 0 4 0 4 0 4 0 4 0 4 0 4 0 1 0 0 0 0 0 0 0 0 0 0 0 0 0 0 0 0 0 0 0 0 0 0 0 0 0 0 0 0 0 1 0 4 0 7 0 10 0 14 0 17 0 23 0 24 0 29 0 31 0 34 0 39 0 41 0 42 0 43 0 44 0 49 0 52 0 55 0 62 0 67 0 71 0 73 0 74 0 75 0 76 0 78 0 81 0 82 0 83 0 84 0 83 0 82 0 79 0 77 0 73 0 70 0 67 0 66 0 65 0 64 0 63 0 63 0 61 0 62 0 63 0 64 0 65 0 66 0 67 0 68 0 69 0 70 0 71 0 72 
104 0 0 0 0 1 0 100 -1 -1 0 9392 523 209 523 208 523 207 523 205 523 203 523 200 523 197 523 188 523 181 523 167 523 160 523 152 523 134 523 126 523 120 523 109 523 103 523 97 523 96 523 95 523 93 523 85 523 78 523 72 523 69 523 66 523 64 523 63 523 62 523 62 523 63 523 64 523 65 523 66 523 67 523 68 523 69 523 70 523 71 523 72 523 73 523 74 523 75 523 75 522 75 521 75 520 75 514 75 511 75 507 75 500 75 497 75 495 75 493 75 492 75 491 75 489 75 480 75 462 75 447 75 413 75 392 75 369 75 319 75 294 75 269 75 223 75 202 75 164 75 146 75 128 75 91 75 72 75 52 75 11 75 0 75 0 75 0 75 0 75 0 75 0 75 0 75 0 75 0 75 0 75 0 82 0 81 0 80 0 79 0 77 0 76 0 75 0 76 0 77 0 78 0 79 0 80 0 81 0 82 0 83 0 84 0 85 0 86 0 87 0 88 0 89 0 91 0 92 0 94 0 95 0 96 0 97 0 98 0 99 0 100 
104 0 0 0 0 1 0 599 -1 -1 0 8994 16 545 16 561 16 560 16 559 16 556 16 551 16 545 16 533 16 529 16 516 16 507 16 499 16 484 16 476 16 468 16 453 16 447 16 434 16 427 16 419 16 402 16 390 16 375 16 339 16 322 16 305 16 272 16 253 16 214 16 195 16 176 16 143 16 127 16 113 16 94 16 88 16 75 16 69 16 64 16 59 16 56 16 54 16 52 16 50 16 49 16 48 16 47 16 45 16 44 16 41 16 39 16 32 16 30 16 26 16 23 16 18 16 7 16 0 16 0 16 0 16 0 16 0 16 0 16 0 16 0 16 0 16 0 16 0 16 0 16 0 16 0 16 0 16 0 16 0 16 6 16 7 16 8 16 10 16 12 16 17 16 23 16 39 16 49 16 69 16 79 16 88 16 107 16 119 16 132 16 156 16 168 16 203 16 224 16 244 16 275 16 288 16 301 16 326 16 337 16 361 16 379 16 396 16 421 16 429 16 436 16 447 16 454 16 459 16 470 16 476 16 481 16 481 16 481 16 482 16 482 16 482 16 482 16 482 16 480 16 478 16 474 16 464 16 457 16 452 16 441 16 437 16 428 16 421 16 415 16 397 16 386 16 372 16 343 16 331 16 314 16 311 16 310 16 317 16 327 16 341 16 380 16 404 16 460 16 487 16 511 16 549 16 564 16 577 16 599 16 599 16 599 16 599 16 599 16 599 16 599 16 599 10 599 10 599 9 599 5 599 0 599 0 599 0 599 0 599 0 599 0 599 0 599 0 599 0 599 0 599 0 599 0 599 0 599 0 599 0 599 0 599 0 599 0 599 0 599 0 599 0 599 0 599 0 599 
104 0 0 0 0 1 251 3 -1 -1 0 7769 228 14 228 21 228 21 228 22 228 24 228 31 228 39 228 47 228 65 228 78 228 109 228 130 228 157 228 209 228 228 228 244 228 253 228 253 228 248 228 244 228 240 228 231 228 228 228 227 224 227 222 227 219 227 212 227 204 227 193 227 187 227 189 227 211 227 231 227 254 227 313 227 367 227 433 227 596 227 599 227 599 227 599 227 599 227 599 227 599 227 599 227 599 227 599 227 599 227 599 227 599 227 599 227 599 227 599 227 599 227 599 227 599 0 599 0 599 0 599 0 599 0 599 0 599 0 599 0 599 0 599 0 599 0 599 0 599 0 599 0 599 0 599 0 599 1 599 3 599 3 597 3 593 3 586 3 570 3 549 3 497 3 468 3 411 3 380 3 348 3 290 3 262 3 237 3 193 3 176 3 165 3 166 3 165 3 159 3 151 3 140 3 128 3 118 3 110 3 111 3 138 3 167 3 204 3 248 3 300 3 364 3 506 3 577 3 599 3 599 3 599 3 599 3 599 3 599 3 599 3 599 3 599 3 599 3 597 3 588 3 571 3 550 3 528 3 505 3 481 3 455 3 425 3 396 3 352 3 332 3 312 3 292 3 275 3 264 3 260 3 259 3 258 3 257 3 255 3 252 3 251 3 
104 0 0 0 0 1 165 258 -1 -1 0 4363 351 364 351 367 351 363 351 358 351 353 351 346 351 340 351 322 351 311 351 295 351 289 351 282 351 263 351 257 351 258 348 258 347 258 345 258 343 258 339 258 335 258 329 258 327 258 315 258 306 258 293 258 262 258 247 258 231 258 204 258 191 258 172 258 165 258 
104 0 0 0 0 1 475 104 -1 -1 1 4600 591 104 592 104 591 104 590 104 588 104 586 104 584 104 579 104 577 104 570 104 567 104 564 104 562 104 561 104 560 104 557 104 553 104 544 104 535 104 527 104 515 104 512 104 509 104 504 104 499 104 490 104 485 104 481 104 477 104 476 104 475 104 
104 0 0 0 0 1 564 293 -1 -1 1 2765 583 293 577 293 576 293 575 293 574 293 573 293 571 293 564 293 
104 0 0 0 0 2 50 383 0 3761 5 
104 0 0 0 0 2 116 549 0 4361 5 
104 0 0 0 0 2 283 549 1 1412 5 
104 0 0 0 0 2 249 482 1 1127 5 
104 0 0 0 0 2 349 549 1 1049 5 
104 0 0 0 0 2 50 183 0 784 5 
104 0 0 0 0 2 349 249 1 1212 5 
104 0 0 0 0 2 349 316 1 1552 5 
104 0 0 0 0 2 549 149 1 1277 5 
104 0 0 0 0 2 549 349 0 2193 1 
104 0 0 0 0 2 349 183 1 5319 3 
104 0 0 0 0 2 482 549 1 1813 5 
104 0 0 0 0 2 249 449 0 2260 3 
104 0 0 0 0 2 116 50 0 5450 5 
104 0 0 0 0 2 183 482 1 2703 3 
104 0 0 0 0 2 316 482 1 2632 3 
104 0 0 0 0 2 316 183 1 4199 4 
104 0 0 0 0 2 516 116 1 2488 5 
104 0 0 0 0 2 482 283 1 2289 5 
104 0 0 0 0 2 83 283 0 2234 5 
104 0 0 0 0 2 383 283 1 1326 5 
104 0 0 0 0 2 50 349 0 3482 5 
104 0 0 0 0 2 549 482 1 1673 5 
104 0 0 0 0 2 50 116 0 2406 5 
104 0 0 0 0 2 349 283 1 1219 5 
104 0 0 0 0 2 482 416 1 1903 5 
104 0 0 0 0 2 216 283 1 3506 4 
104 0 0 0 0 2 449 416 1 3310 5 
104 0 0 0 0 2 83 50 0 2470 5 
104 0 0 0 0 2 116 449 0 3192 5 
104 0 0 0 0 2 50 216 0 913 5 
104 0 0 0 0 2 149 216 0 3190 4 
104 0 0 0 0 1 491 235 -1 -1 1 7779 491 475 491 424 491 418 491 409 491 397 491 386 491 377 491 359 491 347 491 318 491 307 491 300 491 287 491 281 491 274 491 261 491 258 491 251 491 247 491 243 491 239 491 235 
104 0 0 0 0 1 0 493 -1 -1 0 6731 359 493 363 493 365 493 370 493 382 493 395 493 412 493 456 493 480 493 528 493 550 493 572 493 599 493 599 493 599 493 599 493 599 493 599 493 599 493 599 493 599 493 599 493 599 493 599 493 599 493 599 493 599 493 599 493 599 493 599 493 599 493 599 493 596 493 585 493 569 493 549 493 505 493 479 493 450 493 390 493 358 493 328 493 274 493 249 493 205 493 183 493 163 493 130 493 115 493 102 493 78 493 67 493 51 493 44 493 39 493 27 493 22 493 19 493 13 493 8 493 0 493 0 493 0 493 0 493 0 493 0 493 0 493 0 493 0 493 0 493 0 493 0 493 0 493 
104 0 0 0 0 1 54 216 -1 -1 0 3972 109 400 109 399 109 395 109 388 109 379 109 370 109 362 109 345 109 333 109 305 109 294 109 284 109 263 109 252 109 239 109 220 109 216 109 215 109 216 109 216 105 216 103 216 100 216 99 216 98 216 97 216 95 216 93 216 92 216 91 216 90 216 88 216 85 216 80 216 72 216 54 216 
104 0 0 0 0 1 94 94 -1 -1 0 5976 576 94 471 94 464 94 450 94 432 94 411 94 389 94 353 94 336 94 304 94 292 94 280 94 257 94 248 94 240 94 228 94 224 94 213 94 207 94 202 94 194 94 190 94 186 94 178 94 176 94 172 94 170 94 168 94 164 94 162 94 159 94 156 94 154 94 150 94 148 94 147 94 146 94 145 94 144 94 143 94 142 94 141 94 140 94 139 94 137 94 136 94 135 94 134 94 132 94 131 94 127 94 126 94 124 94 125 94 126 94 125 94 124 94 122 94 120 94 118 94 115 94 112 94 111 94 110 94 109 94 108 94 107 94 106 94 105 94 104 94 103 94 102 94 101 94 100 94 99 94 98 94 96 94 95 94 94 94 
104 0 0 0 0 1 255 499 -1 -1 0 4087 356 499 355 499 351 499 346 499 340 499 333 499 329 499 320 499 315 499 298 499 289 499 282 499 275 499 273 499 272 499 270 499 269 499 268 499 267 499 266 499 265 499 264 499 263 499 262 499 261 499 260 499 259 499 257 499 256 499 255 499 
104 0 0 0 0 1 0 520 -1 -1 0 3210 157 520 157 520 153 520 149 520 143 520 136 520 126 520 99 520 83 520 51 520 34 520 18 520 0 520 0 520 0 520 0 520 0 520 0 520 0 520 0 520 0 520 
104 0 0 0 0 1 468 35 -1 -1 1 3298 598 35 597 35 593 35 589 35 583 35 574 35 565 35 544 35 532 35 512 35 504 35 500 35 495 35 494 35 493 35 491 35 488 35 484 35 480 35 473 35 471 35 468 35 
104 0 0 0 0 1 186 567 -1 -1 0 2859 240 567 252 567 251 567 247 567 241 567 233 567 224 567 216 567 201 567 196 567 189 567 187 567 186 567 
104 0 0 0 0 1 435 570 -1 -1 1 3338 560 570 559 570 558 570 556 570 554 570 552 570 551 570 548 570 546 570 541 570 538 570 536 570 531 570 528 570 524 570 515 570 512 570 506 570 503 570 499 570 492 570 489 570 486 570 479 570 475 570 470 570 469 570 467 570 462 570 459 570 455 570 447 570 444 570 439 570 435 570 
104 0 0 0 0 1 312 473 -1 -1 1 3873 263 473 264 473 263 473 261 473 259 473 257 473 256 473 255 473 254 473 253 473 252 473 251 473 250 473 249 473 248 473 247 473 245 473 243 473 244 473 247 473 251 473 254 473 256 473 258 473 262 473 264 473 266 473 267 473 268 473 272 473 273 473 275 473 278 473 279 473 283 473 287 473 291 473 298 473 301 473 303 473 305 473 307 473 308 473 309 473 310 473 311 473 312 473 
104 0 0 0 0 1 333 452 -1 -1 1 3322 342 452 341 452 340 452 339 452 338 452 337 452 336 452 335 452 334 452 333 452 
104 0 0 0 0 1 289 97 -1 -1 0 3858 423 97 422 97 421 97 420 97 418 97 417 97 416 97 415 97 414 97 410 97 408 97 407 97 403 97 401 97 399 97 393 97 389 97 379 97 374 97 369 97 360 97 356 97 352 97 344 97 339 97 330 97 326 97 322 97 317 97 312 97 308 97 302 97 300 97 296 97 294 97 292 97 291 97 290 97 289 97 
104 0 0 0 0 1 440 141 -1 -1 1 6193 594 141 550 141 548 141 543 141 536 141 527 141 519 141 511 141 507 141 503 141 500 141 497 141 487 141 482 141 478 141 472 141 466 141 462 141 460 141 459 141 458 141 457 141 457 141 456 141 455 141 454 141 453 141 452 141 452 141 450 141 449 141 448 141 447 141 446 141 445 141 444 141 443 141 441 141 440 141 
104 0 0 0 0 1 203 481 -1 -1 0 3667 151 481 155 481 155 481 156 481 158 481 161 481 163 481 166 481 167 481 169 481 170 481 171 481 172 481 174 481 176 481 180 481 184 481 186 481 187 481 189 481 191 481 192 481 193 481 195 481 198 481 200 481 201 481 202 481 203 481 203 481 
104 0 0 0 0 1 401 432 -1 -1 1 3011 464 432 444 432 443 432 441 432 437 432 432 432 427 432 417 432 413 432 409 432 408 432 407 432 406 432 405 432 405 432 404 432 403 432 402 432 401 432 
104 0 0 0 0 1 425 33 -1 -1 1 4323 66 33 82 33 84 33 88 33 89 33 90 33 91 33 94 33 98 33 102 33 106 33 115 33 118 33 121 33 132 33 139 33 147 33 165 33 174 33 195 33 205 33 215 33 238 33 252 33 269 33 300 33 316 33 347 33 360 33 372 33 394 33 403 33 411 33 425 33 432 33 436 33 435 33 433 33 430 33 428 33 427 33 426 33 425 33 
104 0 0 0 0 2 482 216 1 15272 3 
104 0 0 0 0 2 149 549 0 2444 5 
104 0 0 0 0 2 249 50 0 1177 5 
104 0 0 0 0 2 50 83 0 722 5 
104 0 0 0 0 2 516 249 1 2004 3 
104 0 0 0 0 2 482 383 1 1430 3 
104 0 0 0 0 2 383 316 0 3513 5 
104 0 0 0 0 2 249 416 0 1898 5 
104 0 0 0 0 2 516 216 1 13143 5 
104 0 0 0 0 2 283 349 0 1255 5 
104 0 0 0 0 2 383 116 1 4602 5 
104 0 0 0 0 2 549 516 1 1584 5 
104 0 0 0 0 2 349 449 0 593 5 
104 0 0 0 0 2 316 116 0 481 5 
104 0 0 0 0 2 116 482 0 987 5 
104 0 0 0 0 2 249 316 0 482 5 
104 0 0 0 0 2 316 149 0 1181 5 
104 0 0 0 0 2 149 349 0 1138 5 
104 0 0 0 0 2 149 383 0 1192 5 
104 0 0 0 0 2 249 216 0 2095 5 
104 0 0 0 0 2 216 149 0 1328 5 
104 0 0 0 0 2 349 149 0 2507 5 
104 0 0 0 0 2 516 349 1 1695 5 
104 0 0 0 0 2 116 416 0 1034 5 
104 0 0 0 0 2 383 349 0 3114 5 
104 0 0 0 0 2 183 249 0 697 5 
104 0 0 0 0 2 149 183 0 669 5 
104 0 0 0 0 2 516 449 1 973 5 
104 0 0 0 0 2 50 283 0 1329 5 
104 0 0 0 0 2 549 449 1 1481 5 
104 0 0 0 0 2 116 116 0 2572 5 
104 0 0 0 0 2 549 50 1 1338 5 
104 0 0 0 0 1 50 0 -1 -1 0 4900 50 155 50 191 50 190 50 187 50 183 50 176 50 166 50 146 50 136 50 112 50 100 50 90 50 76 50 72 50 69 50 61 50 57 50 42 50 29 50 14 50 0 50 0 50 0 50 0 50 0 50 0 50 0 50 0 50 0 50 0 50 0 50 0 50 0 50 0 50 0 50 0 50 0 50 0 
104 0 0 0 0 1 0 240 -1 -1 0 7171 554 194 554 200 554 199 554 190 554 175 554 159 554 144 554 133 554 112 554 103 554 77 554 66 554 58 554 58 554 59 554 61 554 62 554 62 556 62 555 62 554 62 552 62 546 62 538 62 528 62 514 62 499 62 470 62 459 62 442 62 437 62 434 62 431 62 428 62 423 62 403 62 388 62 352 62 332 62 311 62 267 62 246 62 228 62 196 62 181 62 151 62 135 62 122 62 115 62 109 62 93 62 76 62 57 62 37 62 19 62 0 62 0 62 0 62 0 62 0 62 0 62 0 62 0 62 0 62 0 62 0 62 0 63 0 64 0 65 0 67 0 72 0 80 0 108 0 119 0 133 0 143 0 155 0 186 0 198 0 206 0 218 0 224 0 233 0 234 0 235 0 237 0 239 0 240 
104 0 0 0 0 1 574 206 -1 -1 1 4544 574 569 574 599 574 597 574 594 574 589 574 582 574 574 574 553 574 537 574 488 574 466 574 449 574 427 574 419 574 410 574 400 574 397 574 389 574 384 574 380 574 378 574 376 574 369 574 357 574 343 574 319 574 314 574 312 574 310 574 307 574 293 574 280 574 267 574 240 574 231 574 224 574 212 574 208 574 206 574 206 
104 0 0 0 0 1 599 0 -1 -1 1 6138 49 412 49 418 49 420 49 424 49 431 49 442 49 458 49 496 49 519 49 568 49 596 49 599 49 599 49 599 49 599 49 599 49 599 49 599 49 599 49 599 49 599 0 599 0 599 0 599 0 599 0 599 0 599 3 599 18 599 73 599 110 599 148 599 213 599 237 599 257 599 304 599 332 599 382 599 401 599 419 599 448 599 463 599 480 599 526 599 555 599 599 599 599 599 599 599 599 599 599 599 599 599 599 599 599 599 599 599 599 599 599 599 599 599 599 599 599 599 599 599 599 519 599 494 599 466 599 437 599 405 599 373 599 304 599 268 599 204 599 171 599 134 599 63 599 33 599 7 599 0 599 0 599 0 599 0 599 1 599 7 599 14 599 25 599 37 599 66 599 78 599 90 599 108 599 113 599 117 599 120 599 121 599 123 599 127 599 134 599 145 599 148 599 150 599 149 599 145 599 138 599 126 599 109 599 93 599 70 599 66 599 63 599 61 599 59 599 55 599 51 599 45 599 26 599 20 599 11 599 6 599 2 599 0 599 0 599 0 599 0 599 0 
104 0 0 0 0 1 187 543 -1 -1 0 4114 187 77 187 77 187 79 187 83 187 91 187 103 187 121 187 170 187 200 187 246 187 262 187 282 187 335 187 366 187 399 187 449 187 458 187 460 187 459 187 457 187 452 187 449 187 448 187 446 187 445 187 444 187 443 187 441 187 439 187 440 187 445 187 451 187 459 187 468 187 478 187 494 187 501 187 511 187 514 187 518 187 526 187 531 187 535 187 542 187 543 187 543 
104 0 0 0 0 1 308 525 -1 -1 1 5609 308 263 308 212 308 211 308 209 308 204 308 198 308 191 308 185 308 174 308 168 308 162 308 163 308 161 308 155 308 149 308 139 308 126 308 112 308 88 308 78 308 64 308 59 308 54 308 38 308 27 308 14 308 0 308 0 308 0 308 0 308 0 308 0 308 0 308 0 308 0 308 0 308 0 308 0 308 0 308 1 308 3 308 6 308 14 308 28 308 50 308 110 308 138 308 189 308 216 308 240 308 277 308 290 308 303 308 338 308 357 308 379 308 388 308 397 308 414 308 416 308 416 308 421 308 425 308 431 308 433 308 434 308 438 308 440 308 441 308 443 308 443 308 443 308 443 308 444 308 447 308 449 308 450 308 453 308 457 308 460 308 469 308 473 308 486 308 493 308 499 308 507 308 512 308 518 308 525 308 525 308 525 308 525 308 525 308 525 308 525 
104 0 0 0 0 1 390 536 -1 -1 1 4240 390 76 390 23 390 22 390 21 390 20 390 19 390 17 390 13 390 3 390 0 390 0 390 0 390 0 390 0 390 0 390 0 390 0 390 0 390 0 390 0 390 0 390 0 390 0 390 0 390 0 390 0 390 0 390 0 390 0 390 16 390 37 390 64 390 135 390 182 390 229 390 332 390 378 390 439 390 459 390 475 390 497 390 501 390 505 390 519 390 525 390 534 390 535 390 536 390 536 390 536 
104 0 0 0 0 1 320 454 -1 -1 1 5504 320 68 320 0 320 0 320 0 320 0 320 0 320 0 320 0 320 0 320 0 320 0 320 0 320 0 320 0 320 0 320 0 320 0 320 0 320 23 320 93 320 129 320 165 320 235 320 264 320 287 320 329 320 349 320 382 320 390 320 395 320 400 320 402 320 405 320 409 320 411 320 417 320 422 320 425 320 431 320 435 320 437 320 438 320 438 320 438 320 437 320 436 320 436 320 434 320 427 320 404 320 391 320 379 320 358 320 349 320 333 320 324 320 316 320 306 320 305 320 306 320 311 320 315 320 321 320 324 320 330 320 347 320 356 320 367 320 391 320 407 320 446 320 464 320 478 320 498 320 503 320 506 320 506 320 500 320 482 320 472 320 462 320 446 320 442 320 439 320 437 320 437 320 437 320 437 320 437 320 437 320 438 320 440 320 444 320 447 320 450 320 453 320 458 320 459 320 454 
104 0 0 0 0 1 350 343 -1 -1 1 4832 221 504 202 504 201 504 200 504 199 504 197 504 194 504 189 504 172 504 161 504 145 504 141 504 143 504 149 504 157 504 168 504 183 504 200 504 233 504 247 504 265 504 269 504 270 504 271 504 273 504 276 504 278 504 281 504 284 504 292 504 298 504 311 504 320 504 329 504 343 504 346 504 348 504 349 504 350 504 350 503 350 500 350 496 350 486 350 474 350 460 350 438 350 429 350 412 350 403 350 392 350 377 350 371 350 366 350 355 350 351 350 346 350 345 350 344 350 343 
104 0 0 0 0 1 251 88 -1 -1 0 5962 191 169 191 164 191 162 191 158 191 153 191 146 191 137 191 117 191 108 191 92 191 84 191 75 191 62 191 54 191 46 191 35 191 31 191 26 191 25 191 26 191 27 191 28 191 29 191 30 191 32 191 33 191 39 191 41 191 43 191 44 191 45 191 47 191 50 191 51 191 52 191 53 191 54 191 55 191 56 191 57 191 58 191 59 191 60 191 60 191 62 191 63 191 64 191 65 191 66 191 67 191 68 191 69 191 71 191 72 191 73 191 75 191 76 191 80 191 81 191 82 191 82 191 84 191 85 191 86 191 86 191 88 193 88 193 88 195 88 196 88 198 88 200 88 203 88 210 88 214 88 219 88 229 88 233 88 237 88 241 88 243 88 244 88 245 88 246 88 248 88 250 88 251 88 
104 0 0 0 0 1 384 317 -1 -1 1 3529 559 317 561 317 555 317 544 317 531 317 520 317 509 317 485 317 474 317 455 317 448 317 440 317 423 317 414 317 407 317 405 317 403 317 401 317 396 317 392 317 390 317 388 317 387 317 386 317 384 317 
104 0 0 0 0 1 599 294 -1 -1 1 5425 259 424 260 424 256 424 251 424 244 424 234 424 222 424 195 424 189 424 185 424 191 424 199 424 212 424 233 424 263 424 296 424 364 424 400 424 468 424 502 424 533 424 587 424 599 424 599 424 599 424 599 424 599 424 599 424 599 424 599 424 599 424 599 424 599 424 599 424 599 424 599 355 599 348 599 343 599 342 599 342 599 341 599 340 599 334 599 301 599 274 599 244 599 172 599 131 599 94 599 30 599 4 599 0 599 0 599 0 599 0 599 0 599 0 599 0 599 0 599 0 599 0 599 0 599 0 599 0 599 0 599 0 599 0 599 1 599 5 599 15 599 30 599 53 599 86 599 172 599 211 599 262 599 277 599 285 599 288 599 289 599 291 599 294 599 294 
104 0 0 0 0 1 524 526 -1 -1 1 8522 96 139 96 141 96 142 96 146 96 155 96 168 96 183 96 213 96 225 96 244 96 257 96 270 96 288 96 294 96 297 96 299 96 301 96 308 96 312 96 315 96 325 96 332 96 339 96 357 96 367 96 385 96 397 96 410 96 434 96 444 96 451 96 452 96 445 96 429 96 425 96 424 96 425 96 428 96 430 96 434 96 436 96 446 96 450 96 455 96 459 96 461 96 462 96 462 96 456 96 452 96 446 96 445 96 452 96 458 96 464 96 469 96 469 96 466 96 453 96 448 96 435 96 422 96 399 96 303 96 249 96 217 96 168 96 133 96 43 96 12 96 0 96 0 96 0 96 0 96 0 96 0 96 0 96 0 96 0 96 0 96 0 96 0 96 0 96 0 96 0 96 0 96 0 96 6 96 15 96 31 96 83 96 117 96 207 96 253 96 302 96 373 96 399 96 418 96 442 96 454 96 475 96 484 96 493 96 506 96 509 96 509 96 506 96 505 96 509 96 513 96 517 96 526 96 529 96 532 96 534 96 531 96 524 96 519 96 521 96 532 96 540 96 548 96 559 96 572 96 596 96 599 96 599 96 599 96 599 96 599 96 599 96 599 96 599 96 599 96 599 96 599 96 599 96 599 96 599 96 599 96 599 96 599 96 594 96 587 96 570 96 561 96 547 96 542 96 540 96 539 96 539 96 540 96 541 96 541 96 541 96 543 96 544 96 546 96 552 96 555 96 558 96 558 96 558 96 560 96 560 96 560 96 562 96 562 96 559 96 555 96 551 96 542 96 539 96 536 96 530 96 528 96 526 96 526 95 526 94 526 93 526 93 526 93 526 95 526 99 526 112 526 120 526 154 526 188 526 221 526 278 526 305 526 325 526 362 526 374 526 393 526 402 526 412 526 431 526 442 526 453 526 478 526 493 526 518 526 523 526 524 526 
104 0 0 0 0 1 540 514 -1 -1 1 5833 308 130 284 130 286 130 292 130 301 130 317 130 341 130 372 130 446 130 474 130 499 130 502 130 502 130 505 130 508 130 513 130 522 130 528 130 538 130 541 130 542 130 541 130 540 130 540 24 540 11 540 0 540 0 540 0 540 0 540 0 540 0 540 0 540 0 540 0 540 0 540 0 540 0 540 0 540 0 540 0 540 0 540 0 540 0 540 2 540 13 540 33 540 64 540 156 540 225 540 301 540 455 540 502 540 532 540 569 540 582 540 595 540 599 540 599 540 599 540 599 540 597 540 585 540 584 540 586 540 588 540 589 540 589 540 589 540 586 540 579 540 559 540 556 540 554 540 543 540 535 540 526 540 522 540 521 540 519 540 519 540 519 540 519 540 519 540 518 540 518 540 518 540 517 540 517 540 515 540 515 540 515 540 515 540 515 540 515 540 515 540 515 540 515 540 514 540 514 540 514 
104 0 0 0 0 1 368 573 -1 -1 1 4202 368 14 368 7 368 6 368 3 368 0 368 0 368 0 368 0 368 0 368 0 368 0 368 0 368 0 368 0 368 0 368 0 368 0 368 0 368 0 368 0 368 0 368 1 368 9 368 24 368 49 368 83 368 193 368 255 368 336 368 355 368 366 368 374 368 379 368 384 368 401 368 414 368 435 368 443 368 449 368 456 368 458 368 459 368 463 368 466 368 475 368 482 368 489 368 507 368 516 368 524 368 538 368 547 368 560 368 564 368 566 368 570 368 571 368 573 368 573 
104 0 0 0 0 1 344 591 -1 -1 1 5050 402 476 402 458 402 457 402 456 402 455 402 454 402 453 402 454 402 456 402 461 402 468 402 477 402 485 402 496 402 500 402 511 402 521 402 533 402 560 402 572 402 584 402 599 402 599 402 599 402 599 402 599 402 599 402 599 402 598 402 597 402 597 402 596 402 593 402 592 402 591 401 591 401 591 400 591 399 591 398 591 394 591 392 591 388 591 381 591 373 591 366 591 355 591 353 591 352 591 350 591 348 591 346 591 344 591 
104 0 0 0 0 2 249 283 0 5487 5 
104 0 0 0 0 2 482 449 1 1676 5 
104 0 0 0 0 2 482 183 1 1031 5 
104 0 0 0 0 2 216 549 0 1051 5 
104 0 0 0 0 2 83 416 0 1041 5 
104 0 0 0 0 2 50 449 0 808 5 
104 0 0 0 0 2 283 183 0 4816 5 
104 0 0 0 0 2 516 50 1 1174 5 
104 0 0 0 0 2 516 283 1 671 5 
104 0 0 0 0 2 283 50 0 7470 5 
104 0 0 0 0 2 449 349 1 1093 5 
104 0 0 0 0 2 482 116 1 935 5 
104 0 0 0 0 2 316 516 0 3861 3 
104 0 0 0 0 2 83 482 1 4223 1 
104 0 0 0 0 2 316 549 1 3461 3 
104 0 0 0 0 2 249 116 0 4210 4 
104 0 0 0 0 2 183 283 0 2716 4 
104 0 0 0 0 2 482 316 1 3685 4 
104 0 0 0 0 2 83 516 0 4923 5 
104 0 0 0 0 2 416 116 1 1282 5 
104 0 0 0 0 2 416 149 0 4153 3 
104 0 0 0 0 2 383 549 1 4199 4 
104 0 0 0 0 2 83 549 0 1509 5 
104 0 0 0 0 2 116 149 0 5501 5 
104 0 0 0 0 2 549 216 1 1507 5 
104 0 0 0 0 2 83 316 0 2363 5 
104 0 0 0 0 2 116 83 0 1311 5 
104 0 0 0 0 2 416 416 1 1129 5 
104 0 0 0 0 2 316 249 1 3242 1 
104 0 0 0 0 2 349 416 1 5538 3 
104 0 0 0 0 2 216 383 0 2075 3 
104 0 0 0 0 2 183 216 0 2196 3 
104 0 0 0 0 1 264 359 -1 -1 0 8012 452 151 452 175 452 176 452 182 452 190 452 201 452 214 452 227 452 249 452 260 452 280 452 289 452 298 452 314 452 322 452 333 452 361 452 375 452 406 452 420 452 431 452 453 452 462 452 471 452 490 452 503 452 529 452 541 452 554 452 574 452 583 452 591 452 599 452 599 452 599 452 599 452 599 452 599 452 599 452 599 452 599 452 599 452 599 452 599 452 598 452 597 452 596 452 595 452 594 452 593 452 592 452 586 452 576 452 564 452 549 452 532 452 527 452 519 452 512 452 502 452 485 452 477 452 464 452 434 452 428 452 427 452 426 452 423 452 417 452 411 452 408 452 399 452 387 452 373 452 361 452 360 452 359 451 359 450 359 449 359 447 359 442 359 436 359 431 359 420 359 412 359 387 359 372 359 361 359 353 359 349 359 342 359 318 359 304 359 280 359 269 359 258 359 234 359 228 359 224 359 213 359 202 359 189 359 190 359 196 359 211 359 231 359 250 359 268 359 270 359 271 359 272 359 273 359 274 359 276 359 280 359 283 359 285 359 284 359 283 359 281 359 277 359 274 359 269 359 264 359 
104 0 0 0 0 1 336 272 -1 -1 1 3970 403 272 406 272 405 272 403 272 401 272 398 272 396 272 388 272 383 272 378 272 377 272 376 272 374 272 373 272 372 272 371 272 367 272 365 272 363 272 361 272 357 272 356 272 355 272 354 272 353 272 352 272 351 272 350 272 349 272 348 272 347 272 346 272 343 272 342 272 341 272 340 272 339 272 338 272 338 272 336 272 
104 0 0 0 0 1 266 18 -1 -1 0 5193 250 18 247 18 243 18 239 18 236 18 234 18 231 18 224 18 221 18 215 18 212 18 211 18 209 18 207 18 206 18 205 18 204 18 203 18 202 18 201 18 200 18 199 18 200 18 201 18 202 18 205 18 209 18 211 18 215 18 217 18 224 18 228 18 230 18 232 18 233 18 234 18 242 18 247 18 251 18 252 18 253 18 256 18 258 18 260 18 262 18 264 18 265 18 266 18 266 18 
104 0 0 0 0 1 348 191 -1 -1 1 4418 40 191 44 191 45 191 48 191 56 191 68 191 82 191 112 191 129 191 169 191 189 191 212 191 254 191 275 191 294 191 329 191 343 191 356 191 360 191 367 191 380 191 389 191 398 191 415 191 427 191 443 191 447 191 450 191 450 191 451 191 450 191 449 191 447 191 446 191 445 191 439 191 425 191 418 191 411 191 409 191 406 191 398 191 394 191 392 191 388 191 386 191 380 191 378 191 377 191 376 191 376 191 375 191 374 191 372 191 369 191 367 191 360 191 357 191 355 191 353 191 352 191 351 191 349 191 348 191 
104 0 0 0 0 1 252 365 -1 -1 0 3337 135 365 113 365 114 365 116 365 123 365 132 365 141 365 146 365 146 365 148 365 149 365 152 365 159 365 167 365 172 365 176 365 178 365 182 365 186 365 192 365 211 365 223 365 231 365 249 365 252 365 
104 0 0 0 0 1 229 507 -1 -1 0 34802 536 507 531 507 530 507 529 507 525 507 521 507 512 507 497 507 462 507 442 507 397 507 357 507 296 507 171 507 125 507 92 507 58 507 43 507 14 507 0 507 0 507 0 507 0 507 0 507 0 507 0 507 0 507 0 507 0 507 0 507 0 507 0 507 0 507 0 507 0 507 0 507 1 507 2 507 3 507 4 507 5 507 6 507 7 507 8 507 9 507 10 507 11 507 12 507 13 507 14 507 15 507 16 507 17 507 17 507 18 507 19 507 20 507 21 507 22 507 23 507 24 507 25 507 25 507 26 507 27 507 28 507 29 507 30 507 31 507 32 507 33 507 34 507 35 507 36 507 37 507 38 507 39 507 40 507 41 507 42 507 43 507 44 507 45 507 46 507 47 507 48 507 48 507 49 507 50 507 51 507 52 507 53 507 54 507 54 507 56 507 57 507 58 507 59 507 60 507 61 507 62 507 63 507 64 507 65 507 66 507 67 507 68 507 69 507 70 507 71 507 72 507 73 507 74 507 75 507 76 507 77 507 78 507 79 507 80 507 81 507 82 507 83 507 84 507 85 507 86 507 87 507 88 507 89 507 90 507 91 507 92 507 93 507 94 507 95 507 96 507 97 507 98 507 99 507 100 507 101 507 102 507 103 507 104 507 105 507 106 507 107 507 108 507 109 507 110 507 111 507 112 507 113 507 114 507 115 507 116 507 117 507 118 507 119 507 120 507 121 507 122 507 123 507 124 507 125 507 126 507 127 507 128 507 129 507 130 507 131 507 132 507 133 507 134 507 135 507 136 507 137 507 138 507 139 507 140 507 141 507 142 507 143 507 144 507 145 507 146 507 147 507 148 507 149 507 150 507 151 507 152 507 153 507 154 507 155 507 155 507 156 507 157 507 158 507 159 507 160 507 161 507 162 507 163 507 164 507 165 507 166 507 167 507 168 507 169 507 170 507 171 507 172 507 173 507 174 507 175 507 176 507 177 507 178 507 179 507 180 507 181 507 182 507 183 507 184 507 185 507 186 507 187 507 188 507 189 507 190 507 191 507 192 507 193 507 194 507 195 507 196 507 197 507 198 507 199 507 200 507 201 507 202 507 203 507 204 507 205 507 206 507 207 507 208 507 209 507 210 507 211 507 212 507 213 507 214 507 215 507 216 507 217 507 218 507 219 507 220 507 221 507 222 507 223 507 224 507 225 507 226 507 227 507 228 507 229 507 
104 0 0 0 0 1 242 374 -1 -1 0 3889 109 374 102 374 103 374 106 374 112 374 120 374 127 374 147 374 157 374 174 374 184 374 192 374 209 374 216 374 222 374 226 374 227 374 228 374 229 374 230 374 231 374 232 374 233 374 234 374 235 374 236 374 237 374 238 374 239 374 240 374 241 374 242 374 
104 0 0 0 0 1 350 371 -1 -1 1 6082 450 371 445 371 448 371 453 371 462 371 473 371 484 371 505 371 513 371 528 371 539 371 550 371 569 371 577 371 584 371 599 371 599 371 599 371 599 371 599 371 599 371 599 371 599 371 599 371 599 371 599 371 599 371 598 371 597 371 595 371 590 371 580 371 567 371 540 371 532 371 518 371 512 371 507 371 504 371 502 371 501 371 498 371 496 371 495 371 494 371 492 371 487 371 485 371 483 371 482 371 481 371 478 371 477 371 476 371 475 371 474 371 473 371 472 371 472 371 470 371 469 371 468 371 467 371 465 371 464 371 464 371 463 371 462 371 461 371 460 371 458 371 457 371 456 371 454 371 453 371 453 371 452 371 451 371 448 371 444 371 441 371 436 371 436 371 435 371 434 371 432 371 431 371 430 371 429 371 428 371 427 371 424 371 423 371 422 371 421 371 419 371 417 371 416 371 415 371 411 371 406 371 403 371 399 371 398 371 395 371 394 371 392 371 390 371 388 371 387 371 383 371 382 371 379 371 378 371 376 371 375 371 374 371 372 371 369 371 368 371 367 371 366 371 365 371 363 371 362 371 361 371 359 371 358 371 357 371 355 371 353 371 352 371 351 371 350 371 
104 0 0 0 0 1 261 512 -1 -1 0 3215 267 512 264 512 263 512 262 512 261 512 260 512 259 512 260 512 261 512 
104 0 0 0 0 1 276 516 -1 -1 0 4684 218 516 219 516 220 516 221 516 222 516 223 516 224 516 225 516 226 516 226 516 228 516 229 516 230 516 230 516 231 516 232 516 233 516 234 516 235 516 236 516 237 516 238 516 239 516 240 516 241 516 242 516 243 516 244 516 245 516 245 516 247 516 248 516 249 516 250 516 251 516 252 516 253 516 255 516 256 516 259 516 260 516 261 516 262 516 262 516 263 516 264 516 265 516 266 516 267 516 268 516 270 516 272 516 273 516 274 516 275 516 276 516 
104 0 0 0 0 1 289 252 -1 -1 0 3370 50 252 49 252 50 252 51 252 53 252 57 252 61 252 66 252 75 252 80 252 97 252 109 252 121 252 143 252 154 252 163 252 183 252 192 252 207 252 214 252 220 252 230 252 235 252 241 252 251 252 257 252 265 252 268 252 273 252 281 252 283 252 286 252 289 252 
104 0 0 0 0 1 382 439 -1 -1 1 3554 407 439 405 439 404 439 403 439 402 439 401 439 400 439 399 439 397 439 396 439 393 439 392 439 391 439 390 439 389 439 388 439 387 439 386 439 385 439 384 439 383 439 382 439 
104 0 0 0 0 1 377 556 -1 -1 1 3785 598 556 596 556 595 556 594 556 591 556 589 556 586 556 578 556 569 556 545 556 533 556 524 556 512 556 508 556 501 556 488 556 481 556 468 556 459 556 448 556 427 556 421 556 419 556 417 556 415 556 405 556 399 556 394 556 391 556 390 556 389 556 383 556 380 556 379 556 378 556 377 556 
104 0 0 0 0 1 318 390 -1 -1 1 4107 451 390 468 390 466 390 462 390 456 390 450 390 444 390 432 390 426 390 414 390 412 390 411 390 409 390 408 390 406 390 405 390 404 390 396 390 389 390 381 390 367 390 363 390 358 390 348 390 344 390 336 390 334 390 333 390 332 390 331 390 330 390 328 390 327 390 325 390 323 390 321 390 319 390 318 390 
104 0 0 0 0 1 327 530 -1 -1 1 3930 309 530 325 530 324 530 322 530 319 530 317 530 317 530 319 530 320 530 321 530 322 530 323 530 324 530 325 530 326 530 327 530 
104 0 0 0 0 1 249 492 -1 -1 0 4082 46 492 47 492 48 492 50 492 55 492 60 492 64 492 74 492 80 492 92 492 100 492 110 492 131 492 147 492 159 492 182 492 192 492 206 492 210 492 215 492 226 492 232 492 236 492 246 492 248 492 249 492 
104 0 0 0 0 2 416 316 1 4514 3 
104 0 0 0 0 2 116 516 0 1803 5 
104 0 0 0 0 2 116 249 0 1268 5 
104 0 0 0 0 2 183 549 0 980 5 
104 0 0 0 0 2 216 316 0 1326 5 
104 0 0 0 0 2 183 516 0 1962 5 
104 0 0 0 0 2 50 549 0 1012 5 
104 0 0 0 0 2 249 249 0 2455 5 
104 0 0 0 0 2 416 50 1 1027 5 
104 0 0 0 0 2 416 83 1 1027 5 
104 0 0 0 0 2 116 216 0 935 5 
104 0 0 0 0 2 183 183 0 2396 5 
104 0 0 0 0 2 449 383 1 928 5 
104 0 0 0 0 2 183 416 0 1944 5 
104 0 0 0 0 2 283 449 0 2062 5 
104 0 0 0 0 2 449 183 1 999 5 
104 0 0 0 0 2 83 116 0 929 5 
104 0 0 0 0 2 249 83 0 4005 5 
104 0 0 0 0 2 216 183 0 934 5 
104 0 0 0 0 2 316 416 1 985 5 
104 0 0 0 0 2 549 283 1 854 5 
104 0 0 0 0 2 183 316 0 712 5 
104 0 0 0 0 2 449 149 1 5109 5 
104 0 0 0 0 2 383 383 1 4250 3 
104 0 0 0 0 2 316 383 1 6434 3 
104 0 0 0 0 2 549 116 1 1387 5 
104 0 0 0 0 2 349 349 0 3303 3 
104 0 0 0 0 2 449 516 1 3093 2 
104 0 0 0 0 2 316 50 0 6812 2 
104 0 0 0 0 2 482 482 1 2603 5 
104 0 0 0 0 2 116 283 0 1504 5 
104 0 0 0 0 2 482 83 1 1117 5 
104 0 0 0 0 1 253 207 -1 -1 0 6749 235 229 235 210 235 206 235 201 235 193 235 181 235 168 235 144 235 135 235 125 235 123 235 122 235 122 235 121 235 117 235 110 235 105 235 102 235 99 235 97 235 98 235 104 235 115 235 126 235 136 235 145 235 164 235 172 235 180 235 182 235 183 235 184 235 185 235 187 235 191 235 194 235 199 235 205 235 207 236 207 237 207 239 207 240 207 241 207 242 207 243 207 244 207 245 207 246 207 247 207 248 207 249 207 250 207 251 207 252 207 253 207 
104 0 0 0 0 1 306 258 -1 -1 1 4457 392 258 391 258 390 258 389 258 388 258 387 258 385 258 384 258 383 258 382 258 380 258 379 258 378 258 377 258 375 258 373 258 372 258 371 258 368 258 366 258 363 258 362 258 361 258 359 258 358 258 357 258 355 258 354 258 353 258 350 258 348 258 345 258 343 258 340 258 331 258 327 258 324 258 321 258 319 258 312 258 310 258 309 258 308 258 307 258 306 258 
104 0 0 0 0 1 220 66 -1 -1 0 4667 155 66 155 66 156 66 157 66 158 66 159 66 160 66 162 66 163 66 167 66 169 66 170 66 173 66 177 66 180 66 184 66 185 66 186 66 188 66 190 66 193 66 194 66 194 66 196 66 197 66 198 66 199 66 200 66 200 66 201 66 202 66 203 66 204 66 205 66 206 66 207 66 207 66 209 66 210 66 211 66 212 66 214 66 215 66 216 66 217 66 218 66 219 66 220 66 
104 0 0 0 0 1 173 287 -1 -1 0 3146 173 418 173 414 173 413 173 412 173 411 173 407 173 405 173 401 173 392 173 385 173 368 173 357 173 345 173 318 173 307 173 298 173 291 173 290 173 287 
104 0 0 0 0 1 98 518 -1 -1 0 3578 98 16 98 16 98 14 98 12 98 9 98 7 98 5 98 1 98 0 98 0 98 0 98 0 98 0 98 0 98 0 98 0 98 0 98 0 98 0 98 0 98 0 98 0 98 0 98 4 98 16 98 61 98 95 98 134 98 240 98 292 98 337 98 390 98 410 98 429 98 462 98 476 98 499 98 507 98 511 98 515 98 515 98 517 98 518 
104 0 0 0 0 1 336 106 -1 -1 1 3467 364 106 360 106 361 106 362 106 364 106 366 106 369 106 372 106 376 106 377 106 381 106 387 106 392 106 397 106 401 106 403 106 405 106 406 106 405 106 404 106 401 106 395 106 385 106 376 106 357 106 352 106 347 106 345 106 342 106 337 106 336 106 
104 0 0 0 0 1 237 356 -1 -1 0 3345 99 356 100 356 101 356 105 356 109 356 115 356 122 356 132 356 133 356 134 356 135 356 137 356 146 356 150 356 152 356 153 356 156 356 168 356 173 356 177 356 182 356 188 356 194 356 205 356 207 356 213 356 219 356 224 356 235 356 237 356 
104 0 0 0 0 1 336 349 -1 -1 1 3419 346 349 345 349 345 349 344 349 343 349 342 349 341 349 340 349 339 349 338 349 337 349 336 349 
104 0 0 0 0 1 234 316 -1 -1 0 7602 5 316 7 316 9 316 12 316 15 316 18 316 22 316 24 316 28 316 30 316 36 316 42 316 49 316 58 316 61 316 64 316 71 316 75 316 86 316 90 316 94 316 104 316 111 316 116 316 124 316 128 316 134 316 138 316 142 316 147 316 149 316 151 316 157 316 160 316 164 316 165 316 166 316 167 316 169 316 171 316 173 316 174 316 176 316 181 316 184 316 191 316 194 316 196 316 203 316 208 316 211 316 216 316 218 316 220 316 222 316 223 316 226 316 228 316 230 316 231 316 232 316 232 316 233 316 234 316 
104 0 0 0 0 1 383 157 -1 -1 1 11659 383 217 383 178 383 177 383 176 383 172 383 169 383 166 383 163 383 158 383 157 
104 0 0 0 0 1 357 347 -1 -1 1 20243 329 287 320 287 319 287 318 287 316 287 313 287 310 287 302 287 296 287 282 287 274 287 269 287 260 287 258 287 257 287 256 287 257 287 259 287 260 287 261 287 262 287 263 287 264 287 265 287 266 287 268 287 270 287 272 287 274 287 280 287 282 287 287 287 289 287 290 287 296 287 299 287 302 287 304 287 305 287 306 287 307 287 307 287 308 287 309 287 310 287 311 287 312 287 313 287 315 287 316 287 317 287 318 287 319 287 320 287 321 287 322 287 215 287 213 287 211 287 207 287 203 287 200 287 197 287 195 287 191 287 186 287 179 287 164 287 153 287 141 287 120 287 111 287 101 287 103 287 108 287 116 287 128 287 143 287 156 287 174 287 181 287 191 287 194 287 198 287 206 287 212 287 218 287 229 287 237 287 254 287 263 287 270 287 283 287 288 287 290 287 295 287 296 287 296 286 296 280 296 272 296 259 296 244 296 227 296 198 296 187 296 167 296 155 296 142 296 120 296 112 296 107 296 106 296 107 296 111 296 118 296 130 296 147 296 165 296 203 296 217 296 230 296 233 296 235 296 241 296 246 296 251 296 264 296 269 296 280 296 286 296 292 296 303 296 309 296 315 296 325 296 331 296 339 296 342 296 344 296 346 296 346 296 347 295 347 291 347 285 347 279 347 274 347 270 347 258 347 247 347 222 347 211 347 200 347 184 347 180 347 178 347 175 347 174 347 175 347 179 347 185 347 194 347 206 347 221 347 250 347 265 347 284 347 290 347 297 347 311 347 318 347 325 347 334 347 338 347 346 347 350 347 353 347 360 347 363 347 366 347 371 347 373 347 374 347 375 347 376 347 377 347 378 347 379 347 381 347 382 347 383 347 384 347 385 347 386 347 387 347 388 347 389 347 390 347 391 347 339 347 338 347 337 347 335 347 331 347 329 347 327 347 326 347 325 347 324 347 345 347 346 347 347 347 348 347 349 347 350 347 351 347 352 347 353 347 354 347 355 347 356 347 357 347 
104 0 0 0 0 1 305 140 -1 -1 1 7313 305 178 305 174 305 173 305 172 305 171 305 169 305 166 305 163 305 161 305 159 305 158 305 157 305 157 305 156 305 154 305 151 305 149 305 144 305 142 305 140 
104 0 0 0 0 1 386 422 -1 -1 1 10298 554 422 547 422 544 422 538 422 527 422 515 422 505 422 490 422 491 422 494 422 499 422 504 422 509 422 512 422 517 422 519 422 523 422 525 422 526 422 527 422 529 422 531 422 531 422 532 422 533 422 534 422 537 422 538 422 539 422 540 422 540 422 543 422 547 422 551 422 557 422 577 422 588 422 599 422 599 422 599 422 599 422 599 422 599 422 599 422 599 422 599 422 599 422 599 422 599 422 599 422 599 422 598 422 590 422 580 422 568 422 556 422 545 422 522 422 513 422 497 422 490 422 481 422 461 422 453 422 444 422 424 422 416 422 409 422 408 422 407 422 400 422 394 422 389 422 385 422 384 422 378 422 373 422 370 422 367 422 365 422 363 422 361 422 359 422 359 422 360 422 362 422 364 422 366 422 369 422 373 422 376 422 379 422 380 422 382 422 383 422 385 422 386 422 
104 0 0 0 0 1 258 395 -1 -1 0 8515 111 425 111 419 111 417 111 412 111 408 111 403 111 400 111 397 111 396 111 395 111 395 112 395 113 395 114 395 115 395 116 395 118 395 120 395 125 395 129 395 137 395 141 395 143 395 146 395 147 395 148 395 149 395 150 395 152 395 153 395 154 395 155 395 156 395 157 395 158 395 160 395 164 395 166 395 170 395 173 395 175 395 178 395 179 395 180 395 181 395 182 395 183 395 184 395 185 395 186 395 187 395 188 395 189 395 190 395 191 395 196 395 198 395 200 395 201 395 203 395 208 395 210 395 211 395 213 395 214 395 216 395 217 395 218 395 222 395 223 395 225 395 230 395 233 395 236 395 239 395 241 395 243 395 244 395 245 395 246 395 247 395 248 395 249 395 250 395 251 395 253 395 254 395 255 395 256 395 257 395 258 395 
104 0 0 0 0 1 240 294 -1 -1 0 6042 141 294 97 294 99 294 103 294 108 294 114 294 122 294 133 294 135 294 138 294 139 294 141 294 144 294 145 294 146 294 147 294 148 294 149 294 150 294 152 294 155 294 157 294 158 294 159 294 160 294 162 294 165 294 167 294 168 294 170 294 171 294 173 294 185 294 193 294 203 294 210 294 215 294 217 294 219 294 220 294 221 294 222 294 223 294 224 294 225 294 226 294 227 294 228 294 229 294 230 294 231 294 232 294 232 294 233 294 234 294 235 294 236 294 236 294 237 294 238 294 239 294 240 294 
104 0 0 0 0 1 272 472 -1 -1 0 4823 234 472 248 472 251 472 255 472 258 472 261 472 262 472 263 472 264 472 265 472 265 472 266 472 266 472 268 472 269 472 270 472 271 472 272 472 
104 0 0 0 0 2 183 349 0 5514 5 
104 0 0 0 0 2 416 349 1 4655 5 
104 0 0 0 0 2 83 83 0 1604 5 
104 0 0 0 0 2 349 516 1 6218 3 
104 0 0 0 0 2 116 316 0 2115 5 
104 0 0 0 0 2 216 349 0 4291 5 
104 0 0 0 0 2 216 449 0 3959 5 
104 0 0 0 0 2 516 383 1 2849 5 
104 0 0 0 0 2 149 249 0 1965 5 
104 0 0 0 0 2 449 449 1 3812 3 
104 0 0 0 0 2 83 149 0 1509 5 
104 0 0 0 0 2 416 249 1 2231 5 
104 0 0 0 0 2 283 383 0 4434 3 
104 0 0 0 0 2 149 116 0 3054 5 
104 0 0 0 0 2 149 83 0 4501 5 
104 0 0 0 0 2 183 383 0 1807 5 
104 0 0 0 0 2 249 183 0 3778 5 
104 0 0 0 0 2 50 149 0 1458 5 
104 0 0 0 0 2 549 316 1 1762 5 
104 0 0 0 0 2 549 383 1 1372 5 
104 0 0 0 0 2 83 449 0 1397 5 
104 0 0 0 0 2 383 83 0 5763 1 
104 0 0 0 0 2 449 116 1 12855 4 
104 0 0 0 0 2 349 383 0 6083 3 
104 0 0 0 0 2 349 83 0 10431 3 
104 0 0 0 0 2 416 482 1 6314 2 
104 0 0 0 0 2 283 216 0 3465 5 
104 0 0 0 0 2 316 283 0 1983 5 
104 0 0 0 0 2 83 349 0 1401 5 
104 0 0 0 0 2 449 83 1 1377 5 
104 0 0 0 0 2 482 149 1 2853 5 
104 0 0 0 0 2 482 50 1 1320 5 
104 0 0 0 0 1 120 413 -1 -1 0 5514 120 506 120 506 120 505 120 504 120 503 120 501 120 499 120 498 120 490 120 487 120 482 120 480 120 478 120 476 120 475 120 474 120 471 120 470 120 469 120 467 120 466 120 465 120 464 120 463 120 462 120 460 120 458 120 454 120 446 120 441 120 435 120 433 120 432 120 431 120 430 120 429 120 428 120 427 120 426 120 425 120 423 120 422 120 419 120 418 120 415 120 414 120 413 
104 0 0 0 0 1 198 599 -1 -1 0 4116 198 217 198 215 198 216 198 218 198 219 198 220 198 223 198 230 198 241 198 253 198 276 198 286 198 298 198 323 198 333 198 350 198 357 198 366 198 391 198 402 198 411 198 428 198 441 198 475 198 488 198 497 198 511 198 518 198 525 198 531 198 534 198 540 198 544 198 548 198 553 198 554 198 556 198 562 198 566 198 569 198 571 198 575 198 582 198 585 198 587 198 590 198 594 198 598 198 599 198 599 198 599 198 599 198 599 198 599 198 599 
104 0 0 0 0 1 195 599 -1 -1 0 6529 195 181 195 181 195 180 195 179 195 177 195 176 195 175 195 173 195 172 195 168 195 164 195 154 195 151 195 149 195 140 195 133 195 126 195 121 195 120 195 109 195 99 195 88 195 76 195 77 195 83 195 94 195 111 195 133 195 159 195 212 195 235 195 274 195 288 195 302 195 327 195 338 195 347 195 368 195 383 195 406 195 413 195 418 195 424 195 426 195 429 195 440 195 447 195 457 195 462 195 467 195 477 195 481 195 482 195 485 195 490 195 497 195 504 195 504 195 504 195 504 195 504 195 503 195 500 195 495 195 485 195 482 195 479 195 478 195 476 195 470 195 467 195 464 195 462 195 461 195 461 195 461 195 462 195 464 195 466 195 468 195 471 195 471 195 471 195 465 195 462 195 455 195 449 195 441 195 416 195 400 195 383 195 353 195 339 195 299 195 274 195 266 195 266 195 272 195 286 195 303 195 319 195 334 195 335 195 332 195 325 195 317 195 304 195 298 195 293 195 285 195 281 195 272 195 267 195 264 195 263 195 263 195 267 195 283 195 290 195 303 195 307 195 310 195 317 195 325 195 336 195 370 195 392 195 421 195 508 195 553 195 599 195 599 195 599 195 599 195 599 195 599 195 599 195 599 195 599 195 599 195 599 195 599 195 599 
104 0 0 0 0 1 351 360 -1 -1 1 3258 351 480 351 160 351 160 351 161 351 162 351 164 351 166 351 168 351 175 351 200 351 214 351 233 351 242 351 257 351 283 351 289 351 293 351 301 351 310 351 330 351 338 351 343 351 349 351 352 351 355 351 358 351 358 351 359 351 360 
104 0 0 0 0 1 599 318 -1 -1 1 12345 242 587 242 588 242 588 242 590 242 592 242 595 242 599 242 599 242 599 242 599 242 599 242 599 242 599 242 599 242 599 242 599 242 599 242 599 242 599 242 597 242 593 242 586 242 574 242 558 242 509 242 489 242 454 242 438 242 422 242 393 242 382 242 374 242 361 242 357 242 353 242 352 243 352 244 352 246 352 250 352 256 352 263 352 277 352 283 352 285 352 288 352 292 352 298 352 307 352 318 352 346 352 362 352 399 352 419 352 438 352 474 352 492 352 512 352 556 352 578 352 599 352 599 352 599 352 599 352 599 352 599 352 599 352 599 352 599 352 599 352 599 352 599 352 599 352 599 346 599 345 599 343 599 341 599 339 599 335 599 332 599 328 599 323 599 322 599 321 599 321 599 321 599 323 599 324 599 326 599 335 599 342 599 356 599 360 599 364 599 370 599 371 599 372 599 372 599 370 599 367 599 365 599 362 599 347 599 333 599 319 599 319 599 318 
104 0 0 0 0 1 449 407 -1 -1 1 5793 494 476 494 426 494 425 494 424 494 423 494 422 494 420 494 419 494 417 494 414 494 412 494 408 494 407 493 407 492 407 491 407 490 407 488 407 485 407 482 407 477 407 476 407 473 407 471 407 470 407 468 407 466 407 465 407 464 407 463 407 462 407 461 407 460 407 459 407 458 407 457 407 456 407 456 407 454 407 453 407 452 407 451 407 450 407 449 407 
104 0 0 0 0 1 428 473 -1 -1 1 3810 493 473 492 473 491 473 490 473 489 473 488 473 487 473 486 473 485 473 484 473 481 473 480 473 479 473 478 473 477 473 476 473 475 473 474 473 473 473 471 473 469 473 469 473 468 473 464 473 463 473 462 473 459 473 457 473 450 473 447 473 445 473 441 473 439 473 438 473 435 473 434 473 431 473 430 473 429 473 428 473 
104 0 0 0 0 1 433 155 -1 -1 1 4362 592 155 592 155 591 155 589 155 587 155 584 155 581 155 572 155 570 155 566 155 563 155 560 155 551 155 546 155 541 155 530 155 526 155 521 155 520 155 518 155 513 155 510 155 507 155 501 155 497 155 491 155 490 155 489 155 488 155 486 155 485 155 484 155 483 155 480 155 477 155 476 155 475 155 474 155 473 155 469 155 468 155 466 155 463 155 462 155 460 155 459 155 457 155 455 155 453 155 452 155 450 155 448 155 446 155 444 155 443 155 438 155 436 155 435 155 433 155 
104 0 0 0 0 1 275 410 -1 -1 0 3537 383 410 382 410 381 410 380 410 378 410 373 410 367 410 361 410 351 410 347 410 336 410 330 410 323 410 314 410 311 410 309 410 301 410 300 410 297 410 296 410 295 410 292 410 290 410 289 410 288 410 287 410 286 410 284 410 283 410 282 410 281 410 280 410 279 410 278 410 276 410 275 410 
104 0 0 0 0 1 389 250 -1 -1 1 3714 228 250 227 250 226 250 225 250 225 250 226 250 230 250 234 250 241 250 247 250 252 250 255 250 272 250 284 250 295 250 316 250 326 250 334 250 350 250 356 250 368 250 374 250 378 250 386 250 388 250 389 250 
104 0 0 0 0 1 307 50 -1 -1 1 3370 317 50 317 50 316 50 315 50 314 50 313 50 312 50 311 50 311 50 310 50 309 50 308 50 307 50 
104 0 0 0 0 1 288 305 -1 -1 0 3947 73 305 74 305 75 305 76 305 80 305 84 305 89 305 92 305 97 305 99 305 105 305 109 305 112 305 120 305 124 305 129 305 139 305 144 305 155 305 161 305 167 305 183 305 191 305 198 305 211 305 221 305 240 305 248 305 253 305 261 305 264 305 270 305 281 305 285 305 288 305 
104 0 0 0 0 1 363 364 -1 -1 1 3929 133 364 117 364 115 364 113 364 113 364 113 364 121 364 137 364 146 364 169 364 183 364 196 364 213 364 219 364 222 364 225 364 226 364 228 364 233 364 240 364 256 364 261 364 266 364 273 364 276 364 277 364 278 364 279 364 281 364 283 364 285 364 286 364 291 364 295 364 307 364 313 364 320 364 330 364 334 364 339 364 348 364 354 364 359 364 360 364 361 364 362 364 363 364 
104 0 0 0 0 1 352 22 -1 -1 1 4844 404 22 248 22 249 22 253 22 255 22 258 22 260 22 263 22 264 22 265 22 266 22 267 22 268 22 269 22 270 22 272 22 273 22 275 22 276 22 277 22 278 22 279 22 280 22 281 22 282 22 284 22 287 22 294 22 296 22 300 22 309 22 314 22 323 22 326 22 328 22 331 22 333 22 334 22 335 22 336 22 337 22 338 22 339 22 340 22 341 22 342 22 343 22 343 22 345 22 346 22 347 22 348 22 349 22 350 22 351 22 352 22 
104 0 0 0 0 1 394 273 -1 -1 1 3361 463 273 463 273 462 273 461 273 459 273 458 273 456 273 450 273 444 273 437 273 436 273 435 273 430 273 428 273 426 273 420 273 418 273 410 273 406 273 404 273 399 273 397 273 396 273 395 273 394 273 
104 0 0 0 0 1 309 197 -1 -1 1 3299 245 197 244 197 243 197 244 197 247 197 249 197 255 197 264 197 274 197 294 197 303 197 307 197 309 197 
104 0 0 0 0 2 216 482 0 4445 5 
104 0 0 0 0 2 283 116 1 7082 2 
104 0 0 0 0 2 249 349 0 2707 5 
104 0 0 0 0 2 249 149 0 3482 3 
104 0 0 0 0 2 216 416 0 2626 5 
104 0 0 0 0 2 516 482 1 1573 5 
104 0 0 0 0 2 316 316 1 2797 3 
104 0 0 0 0 2 50 249 0 1543 5 
104 0 0 0 0 2 316 349 0 3895 3 
104 0 0 0 0 2 149 316 0 2284 5 
104 0 0 0 0 2 249 516 0 3882 4 
104 0 0 0 0 2 149 516 0 1462 5 
104 0 0 0 0 2 516 549 1 1517 5 
104 0 0 0 0 2 183 116 0 2159 4 
104 0 0 0 0 2 516 183 1 2396 5 
104 0 0 0 0 2 316 216 0 5286 1 
104 0 0 0 0 2 383 183 1 3317 3 
104 0 0 0 0 2 482 249 1 2219 5 
104 0 0 0 0 2 416 216 1 1905 5 
104 0 0 0 0 2 50 482 0 1257 5 
104 0 0 0 0 2 416 183 1 2594 5 
104 0 0 0 0 2 416 449 1 2627 3 
104 0 0 0 0 2 183 50 0 1615 5 
104 0 0 0 0 2 383 216 1 4797 3 
104 0 0 0 0 2 349 116 0 4725 1 
104 0 0 0 0 2 449 549 1 1503 5 
104 0 0 0 0 2 50 316 0 3054 5 
104 0 0 0 0 2 416 516 1 1892 5 
104 0 0 0 0 2 482 516 1 1441 5 
104 0 0 0 0 2 216 50 0 1142 5 
104 0 0 0 0 2 283 249 0 1462 5 
104 0 0 0 0 2 149 50 0 910 5 
104 0 0 0 0 1 456 599 -1 -1 1 6018 456 324 456 227 456 226 456 225 456 224 456 220 456 213 456 204 456 194 456 180 456 174 456 168 456 161 456 157 456 153 456 151 456 150 456 149 456 148 456 147 456 144 456 145 456 153 456 163 456 172 456 181 456 190 456 219 456 236 456 266 456 276 456 285 456 310 456 324 456 339 456 367 456 383 456 420 456 440 456 459 456 495 456 512 456 529 456 563 456 578 456 599 456 599 456 599 456 599 456 599 456 599 456 599 456 599 
104 0 0 0 0 1 269 599 -1 -1 0 6234 162 456 162 457 162 465 162 476 162 489 162 502 162 513 162 530 162 535 162 548 162 555 162 563 162 576 162 583 162 590 162 599 162 599 162 599 162 599 162 599 162 599 162 599 162 599 162 599 162 599 162 599 162 599 162 599 162 599 162 599 162 599 162 599 162 599 162 599 162 599 162 599 159 599 158 599 157 599 156 599 155 599 153 599 151 599 149 599 146 599 145 599 141 599 139 599 138 599 135 599 133 599 131 599 130 599 129 599 128 599 129 599 131 599 139 599 147 599 155 599 161 599 171 599 178 599 189 599 194 599 196 599 199 599 201 599 204 599 211 599 213 599 217 599 218 599 220 599 223 599 224 599 225 599 226 599 227 599 228 599 229 599 230 599 231 599 232 599 233 599 235 599 235 599 236 599 237 599 239 599 242 599 244 599 245 599 248 599 251 599 252 599 254 599 255 599 258 599 260 599 262 599 265 599 266 599 267 599 268 599 269 599 269 599 
104 0 0 0 0 1 398 599 -1 -1 1 7298 480 341 480 322 480 321 480 316 480 308 480 300 480 291 480 268 480 255 480 230 480 219 480 212 480 206 480 205 480 203 480 202 480 205 480 238 480 270 480 317 480 447 480 511 480 567 480 599 480 599 480 599 480 599 480 599 480 599 480 599 480 599 480 599 480 599 480 599 480 599 480 599 459 599 458 599 458 599 459 599 460 599 461 599 461 599 459 599 457 599 454 599 451 599 448 599 442 599 439 599 435 599 434 599 431 599 427 599 425 599 424 599 421 599 419 599 418 599 417 599 416 599 415 599 414 599 412 599 411 599 410 599 409 599 408 599 405 599 403 599 402 599 401 599 400 599 399 599 398 599 
104 0 0 0 0 1 244 599 -1 -1 0 4385 212 181 212 181 212 182 212 186 212 194 212 209 212 229 212 260 212 372 212 464 212 599 212 599 212 599 212 599 212 599 212 599 212 599 212 599 212 599 212 599 212 599 212 599 212 599 209 599 208 599 207 599 206 599 202 599 199 599 194 599 189 599 175 599 169 599 161 599 158 599 155 599 149 599 148 599 147 599 148 599 152 599 159 599 167 599 176 599 184 599 200 599 206 599 215 599 217 599 219 599 227 599 230 599 232 599 235 599 237 599 242 599 243 599 244 599 
104 0 0 0 0 1 289 599 -1 -1 0 7361 244 7 244 11 244 23 244 41 244 58 244 75 244 91 244 127 244 144 244 168 244 175 244 181 244 196 244 204 244 211 244 221 244 225 244 234 244 239 244 245 244 248 244 247 244 242 244 229 244 201 244 49 244 0 244 0 244 0 244 0 244 0 244 0 244 0 244 0 244 0 244 0 244 0 244 0 244 0 244 0 244 0 244 0 244 0 244 3 244 13 244 33 244 66 244 129 244 215 244 434 244 527 244 599 244 599 244 599 244 599 244 599 244 599 244 599 244 599 244 599 244 599 244 599 244 599 244 599 244 598 244 584 244 588 244 599 244 599 244 599 244 599 244 599 244 599 244 599 244 599 244 599 244 599 244 599 244 599 244 599 244 599 246 599 247 599 248 599 249 599 250 599 251 599 252 599 253 599 253 599 254 599 255 599 256 599 257 599 258 599 259 599 261 599 262 599 262 599 264 599 265 599 266 599 269 599 270 599 271 599 272 599 273 599 274 599 274 599 275 599 276 599 277 599 278 599 278 599 279 599 280 599 281 599 282 599 283 599 284 599 285 599 286 599 287 599 288 599 289 599 289 599 
104 0 0 0 0 1 267 433 -1 -1 0 3561 50 433 48 433 49 433 54 433 61 433 72 433 86 433 100 433 132 433 147 433 175 433 188 433 199 433 216 433 226 433 235 433 250 433 255 433 264 433 267 433 
104 0 0 0 0 1 373 153 -1 -1 1 4474 551 153 548 153 549 153 550 153 551 153 552 153 553 153 554 153 556 153 557 153 559 153 561 153 560 153 558 153 554 153 549 153 543 153 537 153 526 153 517 153 502 153 497 153 489 153 473 153 468 153 464 153 463 153 462 153 461 153 460 153 459 153 458 153 457 153 456 153 454 153 453 153 451 153 449 153 447 153 444 153 443 153 441 153 436 153 434 153 432 153 430 153 426 153 417 153 414 153 413 153 407 153 404 153 402 153 398 153 396 153 391 153 388 153 387 153 386 153 385 153 384 153 383 153 382 153 381 153 380 153 379 153 378 153 377 153 376 153 375 153 373 153 
104 0 0 0 0 1 318 509 -1 -1 1 7098 487 509 485 509 484 509 483 509 483 509 481 509 480 509 479 509 477 509 474 509 473 509 469 509 465 509 454 509 447 509 442 509 436 509 434 509 430 509 419 509 414 509 406 509 401 509 395 509 384 509 381 509 378 509 373 509 366 509 356 509 341 509 337 509 330 509 324 509 318 509 306 509 302 509 300 509 298 509 294 509 288 509 286 509 285 509 283 509 281 509 279 509 277 509 276 509 275 509 274 509 273 509 271 509 270 509 269 509 267 509 265 509 264 509 263 509 261 509 260 509 259 509 258 509 257 509 256 509 255 509 254 509 253 509 252 509 253 509 254 509 255 509 256 509 257 509 258 509 259 509 260 509 261 509 262 509 263 509 264 509 265 509 266 509 267 509 268 509 269 509 271 509 273 509 274 509 276 509 286 509 291 509 297 509 298 509 300 509 301 509 302 509 303 509 304 509 305 509 306 509 307 509 308 509 310 509 312 509 313 509 314 509 316 509 318 509 
104 0 0 0 0 1 339 100 -1 -1 1 9667 581 100 580 100 578 100 575 100 569 100 561 100 551 100 530 100 519 100 495 100 484 100 478 100 479 100 478 100 472 100 464 100 453 100 442 100 431 100 412 100 406 100 391 100 384 100 376 100 375 100 371 100 368 100 364 100 361 100 359 100 357 100 355 100 354 100 353 100 352 100 351 100 350 100 349 100 348 100 347 100 345 100 341 100 338 100 336 100 335 100 336 100 337 100 339 100 343 100 347 100 352 100 357 100 358 100 359 100 361 100 365 100 370 100 371 100 372 100 380 100 384 100 387 100 388 100 389 100 393 100 395 100 397 100 399 100 400 100 402 100 403 100 404 100 405 100 406 100 407 100 408 100 408 100 409 100 408 100 406 100 405 100 404 100 403 100 402 100 399 100 398 100 396 100 395 100 394 100 393 100 392 100 391 100 386 100 384 100 381 100 380 100 379 100 375 100 373 100 372 100 370 100 368 100 363 100 361 100 359 100 357 100 356 100 355 100 354 100 353 100 352 100 351 100 350 100 349 100 348 100 347 100 346 100 345 100 345 100 344 100 343 100 342 100 341 100 340 100 339 100 
104 0 0 0 0 1 339 264 -1 -1 1 4282 574 264 574 264 572 264 570 264 565 264 558 264 550 264 529 264 517 264 493 264 482 264 471 264 452 264 442 264 436 264 427 264 419 264 413 264 409 264 404 264 395 264 392 264 389 264 387 264 386 264 382 264 380 264 379 264 377 264 374 264 364 264 361 264 358 264 352 264 349 264 348 264 347 264 346 264 345 264 343 264 342 264 341 264 340 264 339 264 339 264 
104 0 0 0 0 1 296 424 -1 -1 0 15857 402 269 401 269 400 269 399 269 398 269 395 269 392 269 386 269 383 269 380 269 379 269 378 269 379 269 383 269 391 269 396 269 397 269 407 269 414 269 417 269 416 269 414 269 410 269 405 269 401 269 396 269 393 269 390 269 384 269 382 269 380 269 378 269 376 269 375 269 372 269 371 269 370 269 369 269 368 269 367 269 366 269 365 269 365 271 365 274 365 276 365 277 365 278 365 282 365 303 365 313 365 324 365 331 365 342 365 382 365 400 365 411 365 433 365 453 365 505 365 533 365 558 365 599 365 599 365 599 365 599 365 599 365 599 365 599 365 599 355 599 353 599 352 599 350 599 348 599 346 599 337 599 333 599 326 599 323 599 321 599 318 599 316 599 313 599 309 599 307 599 304 599 302 599 300 599 297 599 296 599 296 599 296 599 296 599 296 599 296 599 296 599 296 599 296 599 296 599 296 599 296 599 296 599 296 599 296 599 296 599 296 599 296 599 296 598 296 595 296 591 296 586 296 582 296 580 296 578 296 577 296 578 296 579 296 583 296 586 296 589 296 593 296 597 296 599 296 599 296 599 296 599 296 599 296 599 296 599 296 599 296 599 296 598 296 590 296 577 296 563 296 546 296 529 296 501 296 491 296 477 296 471 296 467 296 462 296 461 296 460 296 460 296 458 296 457 296 456 296 456 296 455 296 455 296 455 296 455 296 455 296 455 296 455 296 455 296 455 296 455 296 455 296 455 296 455 296 455 296 456 296 459 296 462 296 463 296 464 296 464 296 464 296 464 296 464 296 463 296 463 296 460 296 457 296 454 296 453 296 451 296 451 296 452 296 457 296 462 296 464 296 465 296 466 296 466 296 466 296 466 296 464 296 462 296 460 296 459 296 458 296 458 296 459 296 463 296 466 296 469 296 469 296 469 296 469 296 470 296 470 296 471 296 472 296 473 296 473 296 474 296 474 296 474 296 472 296 470 296 467 296 464 296 463 296 464 296 468 296 470 296 474 296 476 296 479 296 482 296 482 296 483 296 486 296 487 296 488 296 490 296 491 296 494 296 496 296 499 296 506 296 511 296 518 296 527 296 530 296 531 296 532 296 534 296 539 296 541 296 542 296 544 296 546 296 548 296 548 296 547 296 545 296 544 296 543 296 541 296 537 296 534 296 527 296 519 296 493 296 476 296 458 296 429 296 415 296 402 296 381 296 369 296 342 296 329 296 319 296 308 296 306 296 304 296 303 296 303 296 305 296 307 296 309 296 313 296 319 296 333 296 339 296 342 296 346 296 348 296 350 296 350 296 350 296 350 296 351 296 351 296 351 296 351 296 351 296 351 296 351 296 351 296 349 296 348 296 348 296 348 296 348 296 348 296 348 296 347 296 346 296 346 296 348 296 348 296 348 296 346 296 346 296 347 296 348 296 350 296 356 296 367 296 381 296 393 296 420 296 433 296 459 296 470 296 480 296 488 296 488 296 487 296 481 296 474 296 466 296 459 296 454 296 452 296 451 296 447 296 442 296 438 296 435 296 434 296 433 296 433 296 432 296 431 296 431 296 431 296 431 296 430 296 430 296 430 296 430 296 428 296 428 296 428 296 427 296 427 296 427 296 427 296 426 296 426 296 426 296 426 296 425 296 425 296 424 296 424 296 424 296 424 296 424 
104 0 0 0 0 1 274 431 -1 -1 0 6912 224 146 224 140 224 145 224 153 224 164 224 175 224 189 224 212 224 216 224 219 224 220 224 222 224 224 224 229 224 235 224 243 224 261 224 272 224 298 224 312 224 326 224 346 224 351 224 353 224 353 224 354 224 355 224 359 224 363 224 369 224 376 224 387 224 391 224 396 224 401 224 406 224 418 224 423 224 428 224 435 224 438 224 442 224 443 224 443 224 441 224 440 224 438 224 437 224 437 224 436 224 436 224 436 224 435 224 435 224 434 224 433 224 433 224 432 224 432 224 431 223 431 223 431 223 431 224 431 225 431 229 431 234 431 240 431 246 431 268 431 279 431 287 431 292 431 293 431 292 431 291 431 289 431 288 431 286 431 284 431 281 431 279 431 278 431 278 431 277 431 276 431 275 431 274 431 
104 0 0 0 0 1 255 64 -1 -1 0 6538 189 321 190 321 191 321 191 321 193 321 194 321 195 321 197 321 198 321 199 321 200 321 201 321 202 321 203 321 204 321 205 321 206 321 207 321 208 321 209 321 210 321 211 321 212 321 213 321 214 321 215 321 216 321 217 321 218 321 220 321 221 321 222 321 223 321 224 321 225 321 226 321 229 321 230 321 232 321 235 321 236 321 237 321 238 321 239 321 242 321 245 321 246 321 248 321 248 321 251 321 252 321 253 321 253 321 255 321 255 323 255 322 255 320 255 313 255 300 255 285 255 277 255 265 255 255 255 236 255 233 255 233 255 232 255 230 255 228 255 210 255 204 255 189 255 176 255 157 255 114 255 99 255 86 255 77 255 74 255 73 255 72 255 70 255 68 255 66 255 65 255 64 
104 0 0 0 0 1 317 60 -1 -1 1 7537 179 385 182 385 188 385 198 385 209 385 221 385 233 385 261 385 274 385 293 385 303 385 312 385 333 385 343 385 352 385 359 385 360 385 360 384 360 380 360 371 360 358 360 344 360 331 360 303 360 287 360 261 360 255 360 251 360 240 360 228 360 214 360 182 360 167 360 135 360 123 360 112 360 92 360 79 360 66 360 52 360 50 360 49 360 48 360 47 360 48 360 50 360 51 360 52 360 53 360 54 360 56 360 57 360 58 360 59 360 60 359 60 358 60 356 60 355 60 353 60 352 60 349 60 348 60 346 60 345 60 344 60 343 60 342 60 341 60 338 60 337 60 336 60 335 60 334 60 333 60 332 60 331 60 331 60 330 60 329 60 328 60 327 60 326 60 325 60 324 60 323 60 322 60 321 60 320 60 319 60 318 60 317 60 
104 0 0 0 0 1 320 431 -1 -1 1 9457 302 513 302 513 304 513 305 513 307 513 311 513 319 513 340 513 350 513 363 513 369 513 377 513 392 513 399 513 403 513 402 513 400 513 398 513 398 511 398 507 398 504 398 498 398 487 398 474 398 451 398 441 398 424 398 416 398 408 398 392 398 384 398 374 398 349 398 333 398 302 398 287 398 271 398 232 398 210 398 184 398 143 398 125 398 102 398 91 398 83 398 68 398 59 398 51 398 47 398 46 398 47 398 48 398 50 398 51 398 53 398 54 398 58 398 61 398 64 398 65 398 67 398 71 398 80 398 94 398 113 398 150 398 167 398 193 398 205 398 215 398 228 398 233 398 240 398 258 398 266 398 278 398 283 398 289 398 303 398 308 398 313 398 325 398 335 398 354 398 360 398 364 398 370 398 374 398 376 398 380 398 382 398 385 398 390 398 391 398 392 398 392 398 393 398 395 398 398 398 400 398 406 398 411 398 418 398 420 398 422 398 425 398 427 398 429 398 431 397 431 396 431 395 431 393 431 391 431 389 431 387 431 383 431 381 431 373 431 369 431 366 431 364 431 363 431 362 431 360 431 359 431 356 431 355 431 354 431 353 431 352 431 351 431 350 431 349 431 347 431 346 431 346 431 345 431 344 431 343 431 342 431 341 431 340 431 339 431 338 431 337 431 336 431 335 431 334 431 333 431 332 431 331 431 331 431 330 431 329 431 328 431 327 431 326 431 325 431 324 431 323 431 322 431 322 431 321 431 320 431 
104 0 0 0 0 1 299 429 -1 -1 0 9298 371 264 372 264 374 264 377 264 382 264 388 264 396 264 417 264 429 264 451 264 461 264 468 264 475 264 474 264 471 264 469 264 465 264 458 264 446 264 404 264 390 264 373 264 368 264 362 264 355 264 352 264 348 264 337 264 329 264 324 264 323 264 322 264 321 264 320 264 318 264 317 264 316 264 316 268 316 269 316 273 316 280 316 291 316 302 316 316 316 337 316 342 316 349 316 351 316 356 316 367 316 373 316 378 316 393 316 401 316 425 316 436 316 446 316 461 316 469 316 480 316 507 316 526 316 569 316 596 316 599 316 599 316 599 316 599 316 599 316 599 316 599 316 599 316 599 316 599 316 599 316 599 316 599 316 598 316 581 316 559 316 543 316 504 316 470 316 426 316 375 316 359 316 341 316 317 316 318 316 322 316 325 316 331 316 335 316 339 316 347 316 353 316 370 316 382 316 395 316 416 316 421 316 423 316 426 316 427 316 425 316 420 316 417 316 418 316 419 316 423 316 427 316 434 316 441 316 449 316 449 316 447 316 442 316 436 316 433 316 432 316 431 316 430 316 429 316 429 313 429 314 429 315 429 315 429 316 429 315 429 311 429 308 429 306 429 305 429 304 429 303 429 302 429 301 429 300 429 299 429 
104 0 0 0 0 2 416 283 1 6644 3 
104 0 0 0 0 2 283 316 0 1824 4 
104 0 0 0 0 2 283 516 0 4846 4 
104 0 0 0 0 2 416 383 1 1166 4 
104 0 0 0 0 2 449 482 1 2997 4 
104 0 0 0 0 2 216 116 0 1144 4 
104 0 0 0 0 2 83 249 0 860 4 
104 0 0 0 0 2 116 183 0 640 4 
104 0 0 0 0 2 549 249 1 945 4 
104 0 0 0 0 2 83 216 0 826 4 
104 0 0 0 0 2 216 216 0 2328 4 
104 0 0 0 0 2 516 516 1 1045 4 
104 0 0 0 0 2 516 83 1 2110 4 
104 0 0 0 0 2 149 416 0 2621 4 
104 0 0 0 0 2 449 249 1 1029 4 
104 0 0 0 0 2 349 50 1 2994 4 
104 0 0 0 0 2 516 316 0 3967 1 
104 0 0 0 0 2 283 283 1 5508 2 
104 0 0 0 0 2 449 283 1 963 2 
104 0 0 0 0 2 383 482 1 4242 4 
104 0 0 0 0 2 316 83 0 2740 2 
104 0 0 0 0 2 216 249 0 1521 5 
104 0 0 0 0 2 383 249 1 1776 3 
104 0 0 0 0 2 549 549 1 1577 5 
104 0 0 0 0 2 83 383 0 1840 5 
104 0 0 0 0 2 416 549 1 4784 3 
104 0 0 0 0 2 183 149 0 2710 4 
104 0 0 0 0 2 216 516 0 1942 3 
104 0 0 0 0 2 149 449 0 1678 5 
104 0 0 0 0 2 116 349 0 922 5 
104 0 0 0 0 2 516 416 1 1647 3 
104 0 0 0 0 2 249 383 0 4088 3 
