Subject 113 in condition 1
Training Condition: 0
Task: 0
Rule: [[[300, 220], [[9000, 0], [0, 2000]]], [[300, 380], [[9000, 0], [0, 2000]]]]
Noise: 0
CATA=1
CATB=0
Sample keys: 120 122
Resp keys: 309 307
Dim direction: 0 1
Dim minimum: 17 55
Test order: [4, 5, 7, 0, 6, 2, 3, 1]
113 1 0 0 1 1 574 490 -1 -1 1 17663 234 490 599 490 599 490 599 490 599 490 599 490 599 490 599 490 599 490 599 490 599 490 599 490 599 490 599 490 599 490 599 490 599 490 599 490 599 490 599 490 363 490 363 490 361 490 358 490 351 490 336 490 312 490 282 490 248 490 210 490 177 490 147 490 125 490 114 490 112 490 113 490 121 490 134 490 153 490 179 490 209 490 242 490 276 490 311 490 348 490 380 490 411 490 437 490 460 490 479 490 497 490 513 490 528 490 542 490 555 490 568 490 584 490 599 490 599 490 599 490 599 490 599 490 599 490 599 490 599 490 599 490 599 490 599 490 599 490 599 490 599 490 599 490 599 490 599 490 599 490 599 490 599 490 598 490 596 490 594 490 591 490 586 490 579 490 571 490 565 490 559 490 555 490 551 490 549 490 548 490 549 490 551 490 558 490 571 490 586 490 599 490 599 490 599 490 599 490 599 490 599 490 599 490 599 490 599 490 599 490 599 490 599 490 599 490 599 490 599 490 599 490 599 490 599 490 598 490 597 490 596 490 595 490 593 490 593 490 593 490 592 490 591 490 591 490 589 490 588 490 586 490 583 490 581 490 579 490 577 490 576 490 574 490 
113 1 0 0 1 1 108 252 -1 -1 0 8961 472 252 475 252 480 252 483 252 487 252 491 252 496 252 500 252 505 252 512 252 524 252 538 252 555 252 575 252 594 252 599 252 599 252 599 252 599 252 599 252 599 252 599 252 599 252 599 252 599 252 599 252 599 252 599 252 599 252 599 252 599 252 599 252 599 252 599 252 599 252 599 252 599 252 599 252 599 252 599 252 598 252 596 252 593 252 589 252 585 252 579 252 573 252 561 252 547 252 532 252 516 252 498 252 479 252 457 252 433 252 408 252 385 252 364 252 344 252 323 252 301 252 283 252 269 252 257 252 250 252 245 252 242 252 241 252 240 252 239 252 237 252 232 252 225 252 214 252 199 252 182 252 165 252 150 252 136 252 126 252 118 252 112 252 108 252 
113 1 0 0 1 1 599 571 -1 -1 1 16338 307 571 274 571 274 571 274 571 274 571 272 571 267 571 257 571 243 571 226 571 204 571 183 571 158 571 130 571 109 571 88 571 69 571 52 571 39 571 29 571 24 571 22 571 21 571 21 571 21 571 23 571 27 571 34 571 44 571 57 571 74 571 95 571 120 571 147 571 182 571 223 571 267 571 318 571 378 571 442 571 507 571 575 571 599 571 599 571 599 571 599 571 599 571 599 571 599 571 599 571 
113 1 0 0 1 1 0 66 -1 -1 0 8140 224 66 223 66 222 66 221 66 220 66 217 66 214 66 210 66 203 66 196 66 188 66 178 66 168 66 155 66 141 66 128 66 117 66 109 66 105 66 103 66 101 66 99 66 96 66 91 66 86 66 79 66 72 66 65 66 60 66 58 66 57 66 54 66 47 66 36 66 24 66 10 66 0 66 0 66 0 66 0 66 0 66 0 66 0 66 0 66 0 66 0 66 0 66 0 66 0 66 
113 1 0 0 1 1 37 465 -1 -1 1 7171 141 465 140 465 136 465 133 465 126 465 116 465 105 465 92 465 77 465 63 465 48 465 33 465 19 465 4 465 0 465 0 465 0 465 0 465 0 465 0 465 0 465 0 465 0 465 0 465 3 465 11 465 27 465 49 465 81 465 122 465 162 465 196 465 231 465 259 465 281 465 301 465 316 465 327 465 338 465 347 465 355 465 367 465 385 465 407 465 430 465 455 465 479 465 504 465 527 465 548 465 569 465 590 465 599 465 599 465 599 465 599 465 599 465 599 465 599 465 599 465 599 465 599 465 599 465 599 465 599 465 599 465 599 465 599 465 599 465 599 465 599 465 599 465 599 465 598 465 597 465 595 465 592 465 584 465 569 465 551 465 538 465 525 465 509 465 488 465 459 465 427 465 389 465 349 465 312 465 273 465 231 465 191 465 156 465 124 465 96 465 73 465 56 465 44 465 38 465 37 465 
113 1 0 0 1 1 599 451 -1 -1 1 4875 46 451 124 451 122 451 119 451 117 451 115 451 114 451 112 451 113 451 117 451 123 451 130 451 140 451 153 451 167 451 182 451 195 451 209 451 224 451 238 451 254 451 269 451 284 451 302 451 318 451 333 451 350 451 367 451 384 451 401 451 416 451 429 451 439 451 447 451 455 451 460 451 468 451 477 451 486 451 489 451 489 451 489 451 489 451 487 451 486 451 485 451 485 451 485 451 485 451 492 451 502 451 517 451 536 451 559 451 585 451 599 451 599 451 599 451 599 451 599 451 599 451 599 451 599 451 599 451 599 451 599 451 599 451 599 451 599 451 599 451 599 451 
113 1 0 0 1 1 599 506 -1 -1 1 7741 155 506 115 506 116 506 118 506 123 506 131 506 142 506 156 506 174 506 192 506 211 506 227 506 243 506 262 506 282 506 300 506 318 506 335 506 350 506 362 506 376 506 390 506 405 506 419 506 429 506 439 506 447 506 456 506 464 506 471 506 479 506 488 506 497 506 508 506 518 506 528 506 541 506 555 506 569 506 582 506 593 506 599 506 599 506 599 506 599 506 599 506 599 506 599 506 599 506 599 506 599 506 599 506 599 506 599 506 599 506 599 506 599 506 599 506 599 506 599 506 599 506 599 506 
113 1 0 0 1 1 599 337 -1 -1 1 5127 427 337 0 337 0 337 0 337 0 337 0 337 0 337 0 337 0 337 0 337 0 337 0 337 0 337 0 337 0 337 0 337 0 337 0 337 0 337 1 337 3 337 7 337 12 337 16 337 19 337 20 337 21 337 22 337 24 337 29 337 37 337 48 337 66 337 99 337 138 337 189 337 247 337 310 337 371 337 433 337 484 337 530 337 563 337 588 337 599 337 599 337 599 337 599 337 599 337 599 337 599 337 599 337 599 337 599 337 599 337 599 337 599 337 599 337 599 337 599 337 599 337 599 337 599 337 599 337 599 337 599 337 599 337 
113 1 0 0 1 1 55 548 -1 -1 1 4643 315 548 310 548 309 548 307 548 302 548 294 548 284 548 273 548 258 548 243 548 225 548 206 548 187 548 166 548 148 548 132 548 120 548 108 548 97 548 86 548 76 548 67 548 60 548 56 548 55 548 
113 1 0 0 1 1 595 349 -1 -1 1 8664 446 524 441 524 441 524 441 524 441 524 442 524 442 524 442 524 442 524 442 524 442 524 442 524 442 524 442 524 442 524 442 524 442 524 442 524 443 524 444 524 446 524 448 524 451 524 456 524 464 524 473 524 485 524 497 524 512 524 528 524 544 524 557 524 569 524 580 524 589 524 594 524 596 524 597 524 599 524 599 524 599 524 599 524 599 524 599 524 599 524 599 524 599 524 599 524 599 524 599 524 599 524 599 524 599 524 599 524 599 524 598 524 598 524 596 524 595 524 595 515 595 515 595 515 595 515 595 515 595 515 595 515 595 512 595 505 595 497 595 488 595 476 595 464 595 448 595 429 595 409 595 387 595 365 595 344 595 321 595 300 595 284 595 270 595 259 595 249 595 242 595 238 595 237 595 238 595 240 595 242 595 248 595 253 595 259 595 265 595 272 595 279 595 288 595 295 595 302 595 308 595 311 595 313 595 314 595 315 595 317 595 318 595 320 595 323 595 325 595 326 595 328 595 330 595 332 595 334 595 336 595 340 595 343 595 346 595 347 595 347 595 349 
113 1 0 0 1 1 0 381 -1 -1 1 9657 114 561 114 382 114 381 114 381 113 381 112 381 110 381 108 381 104 381 97 381 89 381 79 381 68 381 56 381 44 381 30 381 16 381 1 381 0 381 0 381 0 381 0 381 0 381 0 381 0 381 0 381 0 381 0 381 0 381 0 381 
113 1 0 0 1 1 17 599 -1 -1 1 7967 17 496 17 497 17 498 17 499 17 499 17 499 17 499 17 499 17 499 17 499 17 499 17 499 17 499 17 499 17 499 17 498 17 498 17 497 17 497 17 497 17 497 17 497 17 497 17 497 17 497 17 497 17 497 17 497 17 497 17 497 17 497 17 498 17 500 17 505 17 511 17 517 17 523 17 526 17 528 17 528 17 528 17 527 17 527 17 526 17 525 17 523 17 521 17 517 17 514 17 510 17 507 17 503 17 499 17 492 17 483 17 473 17 462 17 452 17 442 17 434 17 426 17 422 17 417 17 411 17 406 17 402 17 399 17 397 17 395 17 392 17 390 17 389 17 389 17 387 17 384 17 380 17 374 17 371 17 370 17 370 17 371 17 374 17 380 17 389 17 399 17 413 17 428 17 446 17 464 17 484 17 504 17 524 17 542 17 557 17 568 17 576 17 581 17 582 17 583 17 583 17 585 17 590 17 597 17 599 17 599 17 599 17 599 17 599 17 599 17 599 17 599 17 599 17 599 17 599 17 599 17 599 17 599 17 599 17 599 17 599 17 599 17 599 17 599 
113 1 0 0 1 1 477 0 -1 -1 0 5176 477 186 477 174 477 173 477 172 477 172 477 171 477 171 477 168 477 165 477 161 477 158 477 154 477 150 477 144 477 136 477 126 477 117 477 108 477 99 477 90 477 77 477 62 477 48 477 31 477 13 477 0 477 0 477 0 477 0 477 0 477 0 477 0 477 0 477 0 477 0 477 0 477 0 477 0 477 0 477 0 477 0 477 0 477 0 477 0 477 0 477 0 477 0 
113 1 0 0 1 1 547 577 -1 -1 1 5412 547 441 547 495 547 495 547 493 547 491 547 488 547 486 547 485 547 483 547 482 547 480 547 477 547 473 547 469 547 465 547 460 547 455 547 448 547 441 547 433 547 426 547 421 547 419 547 419 547 418 547 416 547 410 547 402 547 394 547 386 547 378 547 371 547 364 547 358 547 353 547 349 547 348 547 348 547 348 547 348 547 349 547 349 547 349 547 348 547 345 547 342 547 337 547 331 547 325 547 319 547 313 547 310 547 311 547 317 547 329 547 346 547 364 547 383 547 407 547 436 547 470 547 510 547 553 547 595 547 599 547 599 547 599 547 599 547 599 547 599 547 599 547 599 547 599 547 599 547 599 547 599 547 599 547 599 547 597 547 594 547 592 547 588 547 586 547 584 547 583 547 582 547 581 547 580 547 580 547 580 547 580 547 579 547 579 547 578 547 578 547 577 547 577 547 577 547 577 
113 1 0 0 1 1 519 94 -1 -1 0 9743 519 76 519 0 519 0 519 0 519 0 519 0 519 1 519 3 519 5 519 7 519 11 519 16 519 22 519 29 519 36 519 43 519 48 519 54 519 61 519 68 519 75 519 83 519 90 519 98 519 104 519 111 519 117 519 122 519 127 519 132 519 136 519 139 519 143 519 146 519 149 519 152 519 153 519 153 519 154 519 154 519 154 519 154 519 153 519 153 519 152 519 152 519 152 519 152 519 151 519 150 519 149 519 147 519 147 519 146 519 145 519 145 519 144 519 144 519 144 519 144 519 144 519 144 519 143 519 142 519 141 519 141 519 140 519 139 519 137 519 134 519 130 519 128 519 126 519 126 519 126 519 126 519 124 519 124 519 123 519 123 519 121 519 120 519 117 519 116 519 114 519 113 519 112 519 109 519 105 519 101 519 98 519 95 519 91 519 88 519 86 519 85 519 85 519 85 519 85 519 85 519 87 519 88 519 88 519 90 519 90 519 92 519 92 519 93 519 93 519 94 519 94 
113 1 0 0 1 1 315 150 -1 -1 0 5293 315 157 315 158 315 158 315 158 315 158 315 157 315 157 315 156 315 155 315 155 315 155 315 155 315 155 315 155 315 155 315 155 315 154 315 154 315 154 315 154 315 154 315 153 315 153 315 152 315 151 315 151 315 151 315 151 315 151 315 150 315 150 
113 1 0 0 1 2 416 383 1 5888 3 
113 1 0 0 1 2 283 283 0 2052 3 
113 1 0 0 1 2 116 349 1 6247 2 
113 1 0 0 1 2 216 116 0 2612 4 
113 1 0 0 1 2 516 416 0 2476 4 
113 1 0 0 1 2 249 383 0 5312 3 
113 1 0 0 1 2 149 416 1 3614 2 
113 1 0 0 1 2 383 482 1 3547 4 
113 1 0 0 1 2 316 83 1 4315 3 
113 1 0 0 1 2 549 549 1 1944 4 
113 1 0 0 1 2 283 316 0 1655 4 
113 1 0 0 1 2 83 383 1 1997 4 
113 1 0 0 1 2 283 516 1 1291 3 
113 1 0 0 1 2 83 216 0 1241 2 
113 1 0 0 1 2 216 516 1 2112 4 
113 1 0 0 1 2 449 482 1 1580 3 
113 1 0 0 1 2 216 216 0 2273 3 
113 1 0 0 1 2 149 449 1 6517 3 
113 1 0 0 1 2 416 283 0 1824 4 
113 1 0 0 1 2 549 249 0 1310 4 
113 1 0 0 1 2 516 316 0 1028 4 
113 1 0 0 1 2 416 549 1 1615 3 
113 1 0 0 1 2 116 183 1 1121 3 
113 1 0 0 1 2 216 249 0 3579 3 
113 1 0 0 1 2 516 516 1 1388 3 
113 1 0 0 1 2 383 249 0 1500 3 
113 1 0 0 1 2 516 83 1 1546 3 
113 1 0 0 1 2 183 149 1 2688 3 
113 1 0 0 1 2 349 50 1 2290 3 
113 1 0 0 1 2 449 249 0 1298 4 
113 1 0 0 1 2 83 249 0 1294 3 
113 1 0 0 1 2 449 283 1 2590 3 
113 1 0 0 1 1 0 594 -1 -1 1 22290 46 594 0 594 1 594 2 594 3 594 4 594 5 594 5 594 5 594 3 594 3 594 1 594 0 594 0 594 0 594 0 594 0 594 0 594 0 594 0 594 0 594 0 594 0 594 
113 1 0 0 1 1 0 547 -1 -1 1 13254 86 220 86 221 86 223 86 230 86 241 86 256 86 275 86 293 86 314 86 328 86 341 86 353 86 366 86 375 86 382 86 386 86 388 86 388 86 389 86 389 86 389 86 387 86 383 86 380 86 376 86 372 86 368 86 365 86 362 86 360 86 360 86 360 86 360 86 360 86 360 86 359 86 356 86 352 86 347 86 342 86 336 86 329 86 322 86 314 86 306 86 297 86 289 86 279 86 267 86 257 86 252 86 250 86 250 86 252 86 258 86 272 86 288 86 305 86 322 86 338 86 355 86 373 86 394 86 416 86 438 86 460 86 483 86 505 86 526 86 547 86 566 86 586 86 599 86 599 86 599 86 599 86 599 86 599 86 599 86 599 86 599 86 599 86 599 86 599 86 599 86 599 86 599 86 599 86 599 86 599 86 599 86 599 86 599 86 599 86 599 86 599 86 599 86 599 86 599 86 598 86 597 86 595 86 591 86 586 86 577 86 566 86 551 86 534 86 515 86 495 86 476 86 458 86 441 86 426 86 413 86 404 86 399 86 398 86 399 86 401 86 406 86 413 86 422 86 431 86 443 86 457 86 473 86 490 86 507 86 523 86 538 86 552 86 564 86 575 86 582 86 587 86 591 86 593 86 598 86 599 86 599 86 599 86 599 86 599 86 599 86 599 86 599 86 599 86 599 86 599 86 599 86 596 86 596 86 594 86 593 86 593 86 592 86 591 86 589 86 587 86 586 86 584 86 583 86 582 86 580 86 578 86 577 86 577 86 575 86 574 86 572 86 570 86 568 86 564 86 560 86 557 86 554 86 552 86 550 86 549 86 548 86 547 85 547 84 547 84 547 82 547 80 547 76 547 70 547 63 547 54 547 42 547 30 547 16 547 1 547 0 547 0 547 0 547 0 547 0 547 0 547 0 547 0 547 0 547 
113 1 0 0 1 1 0 456 -1 -1 1 11651 449 263 449 262 449 260 449 252 449 239 449 218 449 186 449 147 449 102 449 55 449 14 449 0 449 0 449 0 449 0 449 0 449 0 449 0 449 0 449 0 449 0 449 0 449 0 449 0 449 0 449 0 449 0 449 0 449 0 449 0 449 0 449 0 449 0 449 0 449 0 449 0 449 0 449 0 449 0 449 0 449 0 449 0 449 0 449 0 449 0 449 0 449 4 449 11 449 26 449 47 449 76 449 117 449 173 449 243 449 323 449 407 449 492 449 575 449 599 449 599 449 599 449 599 449 599 449 599 449 599 449 599 449 599 449 599 449 599 449 598 449 596 449 594 449 590 449 584 449 574 449 562 449 549 449 539 449 529 449 518 449 502 449 489 449 478 449 471 449 466 449 462 449 459 449 455 449 453 449 452 449 451 449 451 449 448 449 446 449 444 449 443 449 442 449 441 449 440 449 441 449 441 449 443 449 444 449 446 449 446 449 448 449 448 449 449 449 449 449 450 449 451 449 451 449 453 449 454 449 454 449 455 449 456 449 456 449 456 449 456 449 456 449 456 449 456 449 456 448 456 445 456 441 456 435 456 429 456 423 456 419 456 417 456 417 456 417 456 417 456 417 456 415 456 414 456 412 456 408 456 403 456 398 456 395 456 393 456 391 456 390 456 386 456 382 456 378 456 373 456 369 456 366 456 362 456 359 456 356 456 353 456 349 456 344 456 337 456 329 456 320 456 310 456 301 456 293 456 286 456 279 456 273 456 267 456 261 456 255 456 248 456 242 456 237 456 232 456 229 456 226 456 224 456 224 456 224 456 224 456 225 456 227 456 228 456 229 456 230 456 232 456 232 456 232 456 234 456 237 456 245 456 257 456 263 456 264 456 264 456 265 456 268 456 272 456 276 456 279 456 282 456 282 456 282 456 282 456 282 456 282 456 282 456 281 456 280 456 279 456 279 456 279 456 279 456 280 456 281 456 281 456 281 456 281 456 281 456 281 456 281 456 281 456 283 456 286 456 289 456 292 456 295 456 295 456 295 456 295 456 295 456 295 456 297 456 297 456 296 456 289 456 289 456 289 456 292 456 293 456 293 456 290 456 285 456 277 456 267 456 254 456 238 456 219 456 194 456 164 456 134 456 100 456 64 456 22 456 0 456 0 456 0 456 0 456 0 456 0 456 0 456 0 456 0 456 0 456 0 456 0 456 0 456 0 456 0 456 0 456 0 456 0 456 
113 1 0 0 1 1 0 301 -1 -1 1 10463 559 481 559 467 559 467 559 468 559 470 559 474 559 480 559 487 559 494 559 501 559 510 559 523 559 541 559 559 559 576 559 591 559 599 559 599 559 599 559 599 559 599 559 599 559 599 559 599 559 599 559 599 559 599 559 599 559 599 559 597 559 590 559 578 559 564 559 550 559 534 559 513 559 483 559 453 559 424 559 401 559 379 559 354 559 328 559 300 559 274 559 253 559 236 559 220 559 204 559 188 559 179 559 173 559 171 559 169 559 166 559 167 559 168 559 170 559 171 559 171 559 172 559 173 559 174 559 175 559 176 559 180 559 185 559 191 559 198 559 205 559 212 559 223 559 232 559 243 559 253 559 261 559 271 559 281 559 290 559 297 559 299 559 301 559 301 559 301 558 301 557 301 556 301 556 301 556 301 556 301 556 301 554 301 552 301 547 301 541 301 533 301 526 301 518 301 509 301 498 301 488 301 478 301 470 301 464 301 458 301 454 301 449 301 444 301 438 301 431 301 424 301 416 301 407 301 398 301 390 301 384 301 378 301 372 301 364 301 358 301 353 301 349 301 342 301 333 301 322 301 310 301 296 301 283 301 272 301 262 301 252 301 241 301 229 301 218 301 207 301 195 301 187 301 177 301 169 301 161 301 153 301 147 301 140 301 135 301 130 301 125 301 120 301 115 301 110 301 105 301 100 301 93 301 88 301 82 301 78 301 73 301 70 301 66 301 63 301 60 301 58 301 57 301 56 301 54 301 52 301 50 301 48 301 44 301 40 301 36 301 32 301 29 301 24 301 21 301 17 301 14 301 9 301 5 301 2 301 0 301 0 301 0 301 0 301 2 301 6 301 9 301 12 301 15 301 17 301 18 301 18 301 19 301 20 301 21 301 21 301 23 301 24 301 24 301 22 301 12 301 7 301 4 301 2 301 2 301 2 301 2 301 1 301 0 301 0 301 0 301 0 301 0 301 0 301 0 301 0 301 0 301 0 301 0 301 
113 1 0 0 1 1 0 599 -1 -1 1 8853 513 24 513 24 511 24 507 24 500 24 488 24 475 24 460 24 446 24 429 24 410 24 390 24 370 24 352 24 336 24 323 24 313 24 306 24 298 24 291 24 284 24 278 24 271 24 265 24 258 24 250 24 241 24 232 24 222 24 212 24 201 24 189 24 177 24 164 24 151 24 137 24 124 24 111 24 99 24 87 24 76 24 65 24 55 24 46 24 37 24 28 24 20 24 14 24 7 24 1 24 0 24 0 24 0 24 0 24 0 24 0 24 0 24 0 24 0 24 0 24 0 25 0 27 0 28 0 30 0 32 0 34 0 37 0 39 0 40 0 41 0 41 0 41 0 41 0 41 0 41 0 41 0 41 0 40 0 39 0 38 0 37 0 37 0 37 0 36 0 36 0 35 0 33 0 30 0 26 0 21 0 12 0 1 0 0 0 0 0 0 0 2 0 8 0 17 0 26 0 37 0 49 0 60 0 69 0 75 0 77 0 77 0 75 0 69 0 61 0 51 0 37 0 21 0 1 0 0 0 0 0 0 0 0 0 0 0 0 0 0 0 0 0 0 0 0 0 0 0 0 0 0 0 0 0 0 0 0 0 0 0 0 0 0 0 0 0 0 0 0 0 0 0 0 0 2 0 5 0 12 0 21 0 34 0 49 0 67 0 89 0 115 0 144 0 174 0 207 0 241 0 275 0 310 0 342 0 374 0 408 0 437 0 464 0 486 0 508 0 530 0 552 0 573 0 594 0 599 0 599 0 599 0 599 0 599 0 599 0 599 
113 1 0 0 1 1 453 456 -1 -1 1 11753 71 410 30 410 34 410 41 410 50 410 60 410 74 410 88 410 106 410 125 410 145 410 165 410 183 410 201 410 216 410 230 410 242 410 252 410 261 410 270 410 279 410 289 410 297 410 306 410 314 410 323 410 330 410 338 410 344 410 349 410 354 410 361 410 368 410 374 410 379 410 385 410 392 410 400 410 408 410 414 410 418 410 423 410 430 410 436 410 442 410 445 410 447 410 449 410 450 410 452 410 453 410 453 403 453 403 453 403 453 402 453 402 453 401 453 400 453 399 453 399 453 397 453 394 453 389 453 383 453 378 453 375 453 373 453 372 453 372 453 372 453 373 453 374 453 375 453 377 453 379 453 381 453 384 453 387 453 391 453 394 453 398 453 403 453 409 453 414 453 419 453 424 453 427 453 433 453 438 453 443 453 448 453 454 453 462 453 471 453 481 453 490 453 499 453 506 453 511 453 513 453 513 453 512 453 509 453 506 453 502 453 498 453 494 453 492 453 488 453 486 453 484 453 482 453 481 453 480 453 479 453 478 453 477 453 476 453 475 453 474 453 473 453 472 453 471 453 470 453 469 453 468 453 467 453 466 453 465 453 464 453 463 453 462 453 461 453 460 453 459 453 458 453 457 453 456 
113 1 0 0 1 1 419 286 -1 -1 0 7632 419 177 419 99 419 98 419 98 419 97 419 97 419 99 419 101 419 103 419 105 419 109 419 114 419 119 419 125 419 130 419 136 419 142 419 148 419 156 419 162 419 169 419 176 419 186 419 196 419 207 419 218 419 228 419 238 419 248 419 256 419 264 419 269 419 273 419 275 419 276 419 276 419 276 419 276 419 276 419 278 419 280 419 282 419 283 419 285 419 286 419 286 
113 1 0 0 1 1 599 95 -1 -1 0 7837 116 78 116 116 116 117 116 119 116 122 116 127 116 135 116 145 116 160 116 175 116 190 116 203 116 215 116 222 116 229 116 234 116 238 116 243 116 246 116 249 116 251 116 251 116 252 116 253 116 254 116 254 116 254 116 254 116 254 116 254 116 254 116 254 116 254 116 254 116 254 116 254 116 254 116 254 116 254 116 254 116 254 116 254 116 254 116 254 116 254 116 254 116 254 116 254 116 254 116 255 116 256 116 257 116 258 116 259 116 260 116 260 116 260 116 262 116 262 116 262 116 262 116 261 116 260 116 259 116 258 116 256 116 253 116 249 116 243 116 237 116 231 116 222 116 213 116 205 116 197 116 189 116 179 116 170 116 162 116 154 116 148 116 143 116 138 116 133 116 126 116 120 116 114 116 108 116 103 116 98 116 96 116 95 114 95 116 95 122 95 136 95 151 95 167 95 190 95 220 95 256 95 298 95 343 95 385 95 427 95 465 95 496 95 524 95 547 95 567 95 583 95 595 95 599 95 599 95 599 95 599 95 
113 1 0 0 1 1 599 575 -1 -1 1 3934 407 575 343 575 346 575 354 575 362 575 372 575 384 575 396 575 410 575 425 575 442 575 458 575 474 575 491 575 506 575 520 575 533 575 542 575 549 575 551 575 553 575 557 575 561 575 565 575 569 575 574 575 584 575 593 575 599 575 599 575 599 575 599 575 599 575 599 575 599 575 599 575 599 575 599 575 
113 1 0 0 1 1 484 539 -1 -1 1 9169 264 82 260 82 264 82 271 82 283 82 299 82 317 82 338 82 359 82 381 82 402 82 421 82 440 82 457 82 471 82 482 82 485 82 485 82 484 82 484 44 484 43 484 43 484 42 484 41 484 41 484 40 484 40 484 39 484 38 484 37 484 35 484 31 484 23 484 16 484 10 484 6 484 3 484 0 484 0 484 0 484 0 484 0 484 0 484 0 484 0 484 0 484 0 484 0 484 0 484 0 484 0 484 0 484 0 484 0 484 0 484 1 484 3 484 9 484 17 484 28 484 42 484 57 484 70 484 85 484 103 484 125 484 143 484 162 484 179 484 193 484 205 484 217 484 225 484 232 484 238 484 241 484 242 484 241 484 237 484 230 484 222 484 214 484 206 484 198 484 188 484 176 484 164 484 151 484 138 484 126 484 116 484 107 484 97 484 86 484 77 484 68 484 60 484 54 484 52 484 50 484 47 484 44 484 41 484 39 484 37 484 35 484 32 484 27 484 20 484 9 484 0 484 0 484 0 484 0 484 0 484 0 484 0 484 0 484 0 484 0 484 0 484 0 484 0 484 0 484 0 484 0 484 0 484 0 484 0 484 0 484 0 484 0 484 0 484 0 484 0 484 0 484 0 484 0 484 0 484 0 484 0 484 0 484 0 484 0 484 0 484 0 484 0 484 0 484 0 484 0 484 0 484 0 484 0 484 0 484 0 484 0 484 0 484 0 484 0 484 1 484 6 484 13 484 24 484 38 484 58 484 79 484 104 484 135 484 166 484 198 484 233 484 266 484 301 484 337 484 369 484 402 484 433 484 458 484 483 484 506 484 526 484 540 484 554 484 565 484 575 484 582 484 586 484 585 484 583 484 581 484 578 484 575 484 571 484 566 484 560 484 554 484 548 484 543 484 540 484 539 
113 1 0 0 1 1 599 417 -1 -1 1 6219 550 543 550 543 550 542 550 542 550 542 550 540 550 538 550 535 550 531 550 526 550 521 550 515 550 508 550 499 550 488 550 476 550 462 550 447 550 430 550 408 550 388 550 367 550 346 550 326 550 305 550 285 550 265 550 248 550 235 550 230 550 227 550 229 550 230 550 235 550 240 550 248 550 257 550 265 550 275 550 287 550 300 550 315 550 330 550 345 550 358 550 369 550 382 550 392 550 401 550 407 550 411 550 414 550 415 550 416 550 417 549 417 545 417 541 417 534 417 524 417 510 417 494 417 474 417 453 417 437 417 426 417 422 417 420 417 421 417 427 417 439 417 457 417 479 417 505 417 531 417 559 417 591 417 599 417 599 417 599 417 599 417 599 417 599 417 599 417 599 417 599 417 599 417 599 417 599 417 599 417 599 417 599 417 599 417 599 417 599 417 
113 1 0 0 1 1 599 138 -1 -1 0 7257 280 282 280 281 280 278 280 274 280 270 280 266 280 261 280 257 280 253 280 249 280 246 280 242 280 239 280 236 280 234 280 232 280 229 280 224 280 217 280 210 280 200 280 188 280 176 280 165 280 156 280 148 280 143 280 141 280 140 280 139 280 138 280 138 280 138 280 138 281 138 281 138 282 138 282 138 283 138 284 138 284 138 284 138 284 138 283 138 282 138 280 138 277 138 273 138 269 138 267 138 264 138 262 138 259 138 255 138 248 138 238 138 227 138 218 138 215 138 215 138 215 138 213 138 213 138 211 138 208 138 203 138 195 138 184 138 170 138 154 138 138 138 123 138 108 138 93 138 78 138 63 138 48 138 36 138 27 138 20 138 17 138 15 138 15 138 18 138 23 138 31 138 39 138 50 138 62 138 77 138 97 138 118 138 142 138 164 138 182 138 201 138 218 138 235 138 251 138 264 138 277 138 289 138 302 138 315 138 328 138 340 138 351 138 359 138 365 138 371 138 377 138 385 138 390 138 396 138 402 138 408 138 416 138 426 138 439 138 454 138 471 138 489 138 504 138 518 138 533 138 543 138 555 138 564 138 574 138 581 138 590 138 597 138 599 138 599 138 599 138 599 138 599 138 599 138 599 138 599 138 599 138 599 138 599 138 599 138 599 138 599 138 599 138 599 138 599 138 599 138 599 138 599 138 599 138 599 138 
113 1 0 0 1 1 398 181 -1 -1 0 10738 398 471 398 196 398 196 398 196 398 196 398 196 398 195 398 194 398 194 398 192 398 191 398 187 398 183 398 177 398 171 398 162 398 153 398 148 398 147 398 148 398 151 398 153 398 156 398 157 398 159 398 163 398 166 398 171 398 175 398 179 398 184 398 190 398 196 398 203 398 209 398 215 398 221 398 228 398 235 398 239 398 243 398 247 398 250 398 252 398 254 398 255 398 255 398 255 398 255 398 255 398 255 398 255 398 255 398 255 398 254 398 254 398 254 398 254 398 254 398 254 398 254 398 253 398 251 398 249 398 247 398 246 398 245 398 245 398 245 398 243 398 239 398 234 398 229 398 226 398 222 398 219 398 216 398 213 398 207 398 201 398 194 398 186 398 176 398 168 398 161 398 155 398 150 398 146 398 142 398 137 398 133 398 129 398 125 398 122 398 122 398 122 398 124 398 128 398 136 398 146 398 156 398 167 398 177 398 185 398 191 398 195 398 197 398 197 398 197 398 197 398 197 398 195 398 194 398 193 398 193 398 192 398 191 398 191 398 190 398 188 398 186 398 184 398 182 398 181 
113 1 0 0 1 1 338 212 -1 -1 0 12088 54 452 54 445 54 445 54 444 54 444 54 443 54 442 54 440 54 438 54 435 54 431 54 426 54 421 54 416 54 411 54 407 54 402 54 399 54 395 54 394 54 392 54 392 54 393 54 394 54 395 54 395 54 396 54 397 54 397 54 398 54 398 54 400 54 403 54 409 54 414 54 418 54 424 54 431 54 439 54 448 54 456 54 464 54 472 54 479 54 488 54 496 54 504 54 513 54 521 54 531 54 540 54 549 54 558 54 564 54 568 54 570 54 572 54 575 54 579 54 584 54 589 54 591 54 594 58 594 63 594 70 594 77 594 84 594 88 594 93 594 99 594 112 594 112 594 112 594 110 594 109 594 109 594 109 594 112 594 116 594 124 594 129 594 132 594 132 594 131 594 127 594 122 594 116 594 108 594 100 594 90 594 81 594 72 594 65 594 57 594 49 594 40 594 29 594 18 594 4 594 0 594 0 594 0 594 0 594 0 594 0 594 0 594 0 594 0 594 0 594 1 594 6 594 12 594 18 594 26 594 34 594 46 594 61 594 76 594 91 594 105 594 118 594 130 594 141 594 151 594 160 594 169 594 176 594 181 594 187 594 193 594 198 594 203 594 206 594 209 594 212 594 215 594 219 594 224 594 231 594 238 594 247 594 257 594 268 594 279 594 289 594 298 594 306 594 312 594 318 594 322 594 326 594 330 594 333 594 335 594 338 594 338 593 338 591 338 589 338 586 338 583 338 579 338 572 338 564 338 555 338 545 338 533 338 521 338 508 338 495 338 480 338 466 338 452 338 437 338 425 338 412 338 401 338 391 338 383 338 377 338 372 338 370 338 369 338 368 338 367 338 366 338 364 338 360 338 356 338 349 338 340 338 331 338 320 338 310 338 298 338 284 338 273 338 262 338 252 338 245 338 239 338 233 338 230 338 227 338 226 338 225 338 224 338 223 338 222 338 220 338 219 338 216 338 214 338 213 338 212 
113 1 0 0 1 1 599 16 -1 -1 0 11996 61 419 71 419 72 419 72 419 73 419 74 419 76 419 79 419 83 419 87 419 93 419 101 419 107 419 115 419 122 419 130 419 139 419 146 419 152 419 157 419 161 419 164 419 167 419 170 419 174 419 178 419 183 419 188 419 191 419 193 419 194 419 195 419 197 419 198 419 199 419 199 419 199 419 200 419 201 419 202 419 203 419 206 419 208 419 209 419 209 419 210 419 210 419 210 419 211 419 212 419 214 419 216 419 217 419 217 419 217 419 217 419 216 419 216 419 215 419 215 419 214 419 214 419 213 419 213 419 213 419 213 419 215 419 218 419 221 419 225 419 227 419 229 419 229 419 229 419 229 419 230 419 233 419 236 419 241 419 244 419 247 419 252 419 259 419 265 419 272 419 280 419 289 419 297 419 307 419 317 419 325 419 332 419 338 419 342 419 345 419 350 419 355 419 361 419 368 419 375 419 381 419 389 419 400 419 411 419 422 419 434 419 448 419 464 419 482 419 503 419 525 419 551 419 576 419 599 419 599 419 599 419 599 419 599 419 599 419 599 419 599 419 599 419 599 419 599 419 599 419 599 419 599 419 599 419 599 419 599 419 599 419 599 419 599 419 599 419 598 419 597 419 596 419 594 419 591 419 587 419 584 419 582 419 580 419 580 419 579 419 578 419 577 419 576 419 576 419 574 419 571 419 567 419 563 419 560 419 557 419 555 419 554 419 553 419 553 419 552 419 552 419 512 419 512 419 511 419 512 419 516 419 523 419 531 419 542 419 554 419 568 419 579 419 589 419 598 419 599 419 599 419 599 419 599 419 599 419 599 419 599 419 599 419 599 419 599 419 599 419 599 416 599 416 599 416 599 416 599 418 599 422 599 427 599 434 599 441 599 448 599 447 599 447 599 444 599 442 599 437 599 432 599 426 599 419 599 412 599 407 599 403 599 399 599 394 599 387 599 378 599 367 599 354 599 340 599 328 599 318 599 307 599 294 599 278 599 260 599 241 599 220 599 200 599 178 599 154 599 130 599 101 599 74 599 50 599 31 599 14 599 4 599 0 599 0 599 1 599 2 599 2 599 3 599 3 599 4 599 6 599 8 599 12 599 14 599 16 
113 1 0 0 1 1 593 599 -1 -1 1 18663 219 529 219 529 220 529 226 529 236 529 251 529 270 529 291 529 314 529 336 529 361 529 384 529 406 529 424 529 438 529 446 529 449 529 449 529 449 529 449 529 449 528 449 527 449 525 449 521 449 516 449 511 449 505 449 500 449 494 449 490 449 487 449 482 449 478 449 472 449 466 449 460 449 455 449 449 449 443 449 438 449 431 449 426 449 420 449 414 449 409 449 403 449 400 449 399 449 399 449 399 449 400 449 403 449 405 449 411 449 418 449 430 449 445 449 463 449 487 449 519 449 554 449 587 449 599 449 599 449 599 449 599 449 599 449 599 449 599 449 599 449 599 449 599 449 599 449 599 449 599 449 599 449 599 449 599 449 599 449 599 449 599 449 599 449 599 449 599 447 599 444 599 438 599 431 599 425 599 422 599 422 599 422 599 423 599 425 599 431 599 439 599 448 599 460 599 473 599 489 599 506 599 525 599 545 599 565 599 583 599 599 599 599 599 599 599 599 599 599 599 599 599 599 599 598 599 596 599 594 599 593 599 593 502 593 489 593 475 593 458 593 438 593 414 593 385 593 357 593 327 593 296 593 264 593 235 593 204 593 178 593 152 593 131 593 116 593 107 593 104 593 103 593 103 593 101 593 100 593 100 593 99 593 97 593 95 593 92 593 89 593 86 593 81 593 74 593 70 593 64 593 58 593 52 593 44 593 36 593 29 593 22 593 16 593 9 593 4 593 0 593 0 593 0 593 0 593 0 593 0 593 0 593 0 593 0 593 0 593 0 593 0 593 0 593 0 593 0 593 0 593 0 593 0 593 0 593 0 593 0 593 0 593 0 593 0 593 0 593 0 593 0 593 0 593 0 593 0 593 0 593 0 593 0 593 0 593 0 593 0 593 0 593 1 593 4 593 8 593 11 593 15 593 18 593 20 593 23 593 24 593 24 593 25 593 27 593 31 593 36 593 44 593 54 593 65 593 77 593 86 593 96 593 104 593 111 593 119 593 123 593 126 593 127 593 127 593 127 593 124 593 122 593 120 593 119 593 119 593 118 593 117 593 117 593 117 593 117 593 117 593 117 593 116 593 113 593 109 593 104 593 98 593 88 593 79 593 66 593 49 593 30 593 2 593 0 593 0 593 0 593 0 593 0 593 0 593 0 593 0 593 0 593 0 593 0 593 0 593 0 593 0 593 0 593 0 593 0 593 0 593 0 593 0 593 2 593 8 593 15 593 24 593 38 593 57 593 83 593 115 593 158 593 198 593 241 593 288 593 338 593 389 593 436 593 482 593 523 593 555 593 581 593 599 593 599 593 599 593 599 593 599 593 599 593 596 593 588 593 580 593 573 593 568 593 566 593 565 593 564 593 558 593 552 593 541 593 528 593 513 593 498 593 483 593 473 593 464 593 461 593 459 593 458 593 459 593 460 593 462 593 463 593 467 593 469 593 474 593 480 593 486 593 493 593 501 593 513 593 524 593 536 593 549 593 562 593 575 593 588 593 599 593 599 593 599 593 599 593 599 593 599 593 599 593 599 593 599 593 599 593 599 
113 1 0 0 1 2 216 183 0 4907 3 
113 1 0 0 1 2 383 383 0 3021 4 
113 1 0 0 1 2 482 482 1 7955 3 
113 1 0 0 1 2 416 316 0 1448 4 
113 1 0 0 1 2 116 283 0 1807 4 
113 1 0 0 1 2 116 249 0 1257 4 
113 1 0 0 1 2 416 83 0 3059 3 
113 1 0 0 1 2 50 549 1 1448 2 
113 1 0 0 1 2 216 316 0 3429 3 
113 1 0 0 1 2 316 50 1 2213 3 
113 1 0 0 1 2 83 116 1 1549 3 
113 1 0 0 1 2 116 516 1 892 3 
113 1 0 0 1 2 449 383 0 1181 3 
113 1 0 0 1 2 549 283 0 1742 4 
113 1 0 0 1 2 183 516 1 1494 3 
113 1 0 0 1 2 249 249 0 1304 4 
113 1 0 0 1 2 482 83 0 2360 4 
113 1 0 0 1 2 283 449 1 5301 3 
113 1 0 0 1 2 549 116 0 2714 3 
113 1 0 0 1 2 449 149 0 864 3 
113 1 0 0 1 2 183 183 0 7142 3 
113 1 0 0 1 2 249 83 1 1655 3 
113 1 0 0 1 2 183 416 0 1634 3 
113 1 0 0 1 2 316 383 0 1221 3 
113 1 0 0 1 2 416 50 1 1216 3 
113 1 0 0 1 2 183 549 1 1199 3 
113 1 0 0 1 2 316 416 0 994 4 
113 1 0 0 1 2 449 516 0 1123 3 
113 1 0 0 1 2 449 183 0 811 3 
113 1 0 0 1 2 183 316 0 948 3 
113 1 0 0 1 2 116 216 1 842 3 
113 1 0 0 1 2 349 349 0 1460 3 
113 1 0 0 1 1 252 395 -1 -1 1 10176 26 395 92 395 93 395 95 395 97 395 102 395 111 395 121 395 132 395 144 395 154 395 166 395 175 395 183 395 188 395 190 395 191 395 192 395 192 395 195 395 201 395 205 395 211 395 215 395 220 395 224 395 225 395 229 395 233 395 238 395 243 395 247 395 250 395 252 395 
113 1 0 0 1 1 343 192 -1 -1 0 6153 355 192 355 192 355 192 355 192 355 192 355 192 355 192 355 192 355 192 354 192 354 192 354 192 354 192 354 192 354 192 354 192 354 192 354 192 353 192 352 192 351 192 349 192 347 192 345 192 345 192 343 192 
113 1 0 0 1 1 301 578 -1 -1 1 6722 18 578 17 578 17 578 17 578 18 578 19 578 20 578 22 578 24 578 25 578 26 578 27 578 27 578 27 578 26 578 24 578 22 578 21 578 20 578 19 578 17 578 15 578 11 578 7 578 1 578 0 578 0 578 0 578 0 578 0 578 0 578 0 578 0 578 0 578 0 578 0 578 2 578 7 578 15 578 26 578 37 578 52 578 67 578 81 578 95 578 110 578 126 578 144 578 165 578 191 578 219 578 247 578 267 578 284 578 296 578 302 578 303 578 301 578 
113 1 0 0 1 1 356 368 -1 -1 1 9974 476 54 475 54 475 54 473 54 473 54 471 54 469 54 466 54 465 54 463 54 461 54 459 54 455 54 452 54 449 54 446 54 444 54 443 54 442 54 441 54 441 54 440 54 438 54 436 54 432 54 428 54 423 54 417 54 411 54 405 54 401 54 399 54 397 54 396 54 394 54 393 54 393 54 391 54 390 54 389 54 388 54 386 54 384 54 383 54 381 54 380 54 378 54 377 54 376 54 374 54 373 54 371 54 370 54 367 54 364 54 361 54 359 54 358 54 357 54 357 54 356 54 356 39 356 37 356 37 356 41 356 48 356 60 356 81 356 121 356 175 356 222 356 265 356 298 356 326 356 352 356 371 356 385 356 395 356 399 356 401 356 400 356 398 356 395 356 392 356 389 356 385 356 381 356 376 356 372 356 369 356 368 
113 1 0 0 1 1 325 310 -1 -1 1 21096 434 310 428 310 428 310 428 310 428 310 427 310 426 310 424 310 421 310 416 310 410 310 403 310 396 310 390 310 383 310 375 310 366 310 360 310 353 310 348 310 344 310 342 310 340 310 338 310 336 310 335 310 333 310 332 310 330 310 328 310 326 310 325 310 
113 1 0 0 1 1 465 86 -1 -1 0 8537 465 229 465 226 465 225 465 224 465 223 465 220 465 217 465 213 465 208 465 203 465 198 465 192 465 185 465 179 465 172 465 166 465 160 465 154 465 148 465 143 465 136 465 129 465 122 465 116 465 109 465 103 465 97 465 93 465 89 465 87 465 86 
113 1 0 0 1 1 470 407 -1 -1 1 6598 470 309 470 308 470 308 470 308 470 308 470 308 470 308 470 308 470 309 470 309 470 309 470 309 470 309 470 309 470 309 470 309 470 309 470 310 470 311 470 313 470 314 470 316 470 318 470 321 470 323 470 327 470 331 470 339 470 348 470 359 470 370 470 379 470 387 470 393 470 400 470 404 470 407 
113 1 0 0 1 1 215 358 -1 -1 1 9454 379 358 379 358 378 358 374 358 367 358 356 358 341 358 322 358 302 358 282 358 264 358 250 358 241 358 234 358 228 358 222 358 218 358 215 358 215 358 
113 1 0 0 1 1 417 162 -1 -1 0 8228 417 234 417 232 417 231 417 230 417 228 417 223 417 217 417 210 417 203 417 197 417 192 417 187 417 181 417 176 417 171 417 167 417 165 417 163 417 162 
113 1 0 0 1 1 199 493 -1 -1 1 9619 305 493 302 493 298 493 290 493 279 493 263 493 243 493 223 493 205 493 191 493 180 493 171 493 164 493 160 493 158 493 157 493 158 493 158 493 160 493 164 493 171 493 179 493 188 493 195 493 198 493 199 493 200 493 199 493 
113 1 0 0 1 1 542 473 -1 -1 1 7222 186 473 178 473 177 473 176 473 175 473 174 473 173 473 172 473 172 473 172 473 174 473 177 473 180 473 184 473 189 473 196 473 204 473 213 473 222 473 231 473 239 473 245 473 250 473 252 473 253 473 254 473 254 473 255 473 257 473 260 473 263 473 268 473 274 473 283 473 294 473 306 473 319 473 333 473 349 473 366 473 382 473 396 473 409 473 420 473 431 473 442 473 454 473 465 473 475 473 485 473 496 473 505 473 513 473 520 473 526 473 532 473 538 473 542 473 
113 1 0 0 1 1 188 277 -1 -1 0 6737 323 598 323 577 323 576 323 575 323 574 323 572 323 571 323 570 323 569 323 568 323 567 323 566 323 566 323 562 323 559 323 555 323 548 323 541 323 533 323 523 323 514 323 507 323 504 323 502 323 501 323 500 323 499 323 498 323 498 323 496 323 494 323 490 323 484 323 476 323 465 323 454 323 441 323 427 323 411 323 396 323 382 323 369 323 355 323 342 323 329 323 318 323 307 323 298 323 290 323 285 323 281 323 279 323 277 323 277 322 277 321 277 318 277 315 277 310 277 303 277 295 277 284 277 274 277 264 277 254 277 247 277 238 277 229 277 219 277 210 277 202 277 197 277 193 277 191 277 190 277 189 277 189 277 189 277 189 277 188 277 188 277 188 277 188 277 188 277 
113 1 0 0 1 1 183 534 -1 -1 1 5894 401 534 399 534 400 534 404 534 409 534 414 534 417 534 417 534 417 534 412 534 408 534 400 534 391 534 381 534 369 534 357 534 345 534 335 534 327 534 321 534 317 534 315 534 314 534 313 534 313 534 312 534 311 534 311 534 310 534 310 534 309 534 309 534 305 534 299 534 289 534 278 534 267 534 256 534 248 534 239 534 233 534 226 534 218 534 210 534 203 534 196 534 192 534 185 534 178 534 170 534 163 534 158 534 157 534 157 534 159 534 163 534 167 534 170 534 171 534 176 534 180 534 183 534 184 534 184 534 184 534 184 534 184 534 184 534 184 534 184 534 184 534 184 534 183 534 
113 1 0 0 1 1 599 350 -1 -1 1 5863 402 350 599 350 599 350 599 350 599 350 599 350 599 350 599 350 599 350 596 350 592 350 584 350 574 350 561 350 546 350 528 350 512 350 499 350 488 350 481 350 477 350 473 350 471 350 471 350 470 350 470 350 470 350 474 350 479 350 487 350 500 350 515 350 527 350 544 350 567 350 595 350 599 350 599 350 599 350 599 350 599 350 599 350 599 350 599 350 599 350 599 350 599 350 
113 1 0 0 1 1 386 350 -1 -1 1 7831 445 561 445 546 445 544 445 544 445 544 445 543 445 540 445 534 445 525 445 511 445 491 445 468 445 445 445 423 445 397 445 366 445 332 445 297 445 260 445 228 445 199 445 179 445 169 445 165 445 166 445 167 445 169 445 175 445 182 445 189 445 196 445 204 445 214 445 226 445 240 445 257 445 272 445 286 445 299 445 311 445 323 445 336 445 347 445 354 445 360 445 362 445 364 445 365 445 364 445 363 445 361 445 359 445 358 445 357 445 355 445 354 445 353 445 352 445 351 445 350 443 350 443 350 443 350 442 350 440 350 436 350 431 350 423 350 413 350 405 350 397 350 390 350 387 350 386 350 
113 1 0 0 1 1 274 440 -1 -1 1 9811 469 440 468 440 467 440 465 440 463 440 460 440 455 440 452 440 451 440 451 440 451 440 451 440 451 440 451 440 451 440 451 440 451 440 451 440 451 440 451 440 451 440 451 440 452 440 453 440 454 440 456 440 458 440 463 440 467 440 471 440 477 440 482 440 487 440 491 440 495 440 499 440 503 440 505 440 507 440 508 440 509 440 510 440 510 440 511 440 512 440 512 440 513 440 514 440 515 440 517 440 518 440 518 440 517 440 510 440 502 440 490 440 479 440 468 440 459 440 451 440 447 440 444 440 443 440 442 440 442 440 442 440 442 440 442 440 442 440 442 440 442 440 442 440 442 440 443 440 443 440 444 440 445 440 445 440 445 440 445 440 444 440 441 440 437 440 434 440 429 440 425 440 420 440 415 440 410 440 403 440 396 440 390 440 386 440 383 440 383 440 383 440 385 440 390 440 396 440 396 440 394 440 388 440 383 440 378 440 374 440 374 440 374 440 375 440 377 440 379 440 382 440 383 440 383 440 383 440 379 440 377 440 373 440 370 440 366 440 361 440 354 440 347 440 340 440 334 440 329 440 325 440 322 440 321 440 318 440 317 440 315 440 311 440 307 440 303 440 299 440 296 440 293 440 290 440 288 440 285 440 283 440 280 440 277 440 273 440 270 440 268 440 266 440 264 440 261 440 259 440 257 440 255 440 254 440 254 440 256 440 258 440 260 440 261 440 264 440 266 440 268 440 270 440 272 440 273 440 274 440 274 440 274 440 274 440 
113 1 0 0 1 2 516 216 0 6120 4 
113 1 0 0 1 2 116 416 1 2904 3 
113 1 0 0 1 2 316 149 0 2947 3 
113 1 0 0 1 2 482 383 1 3999 3 
113 1 0 0 1 2 283 349 1 846 3 
113 1 0 0 1 2 516 449 1 1280 3 
113 1 0 0 1 2 149 349 0 957 3 
113 1 0 0 1 2 183 249 0 928 3 
113 1 0 0 1 2 249 416 0 706 3 
113 1 0 0 1 2 149 549 1 896 3 
113 1 0 0 1 2 149 383 1 1331 3 
113 1 0 0 1 2 549 50 0 2056 3 
113 1 0 0 1 2 50 283 1 1019 3 
113 1 0 0 1 2 249 216 0 1200 3 
113 1 0 0 1 2 149 183 1 1116 3 
113 1 0 0 1 2 549 449 1 2414 3 
113 1 0 0 1 2 349 149 0 930 3 
113 1 0 0 1 2 482 216 0 879 3 
113 1 0 0 1 2 249 316 1 1739 3 
113 1 0 0 1 2 383 349 0 3692 3 
113 1 0 0 1 2 383 116 0 1310 3 
113 1 0 0 1 2 116 116 1 805 4 
113 1 0 0 1 2 516 349 0 2572 3 
113 1 0 0 1 2 516 249 0 696 3 
113 1 0 0 1 2 349 449 1 811 3 
113 1 0 0 1 2 249 50 1 3318 2 
113 1 0 0 1 2 383 316 0 719 3 
113 1 0 0 1 2 216 149 1 3163 3 
113 1 0 0 1 2 549 516 1 4500 3 
113 1 0 0 1 2 50 83 1 1463 3 
113 1 0 0 1 2 316 116 1 1257 3 
113 1 0 0 1 2 116 482 1 734 3 
113 1 0 0 1 1 302 94 -1 -1 0 51666 380 94 599 94 597 94 591 94 576 94 554 94 523 94 489 94 451 94 415 94 380 94 350 94 328 94 311 94 304 94 302 94 
113 1 0 0 1 1 521 493 -1 -1 1 4405 304 493 599 493 597 493 593 493 587 493 578 493 568 493 558 493 549 493 541 493 533 493 527 493 523 493 521 493 
113 1 0 0 1 1 445 32 -1 -1 0 4358 288 32 288 32 288 32 291 32 295 32 300 32 307 32 314 32 322 32 330 32 339 32 349 32 362 32 376 32 387 32 399 32 411 32 422 32 433 32 440 32 444 32 445 32 
113 1 0 0 1 1 444 330 -1 -1 1 4668 563 330 563 330 563 330 561 330 560 330 559 330 558 330 555 330 551 330 546 330 540 330 530 330 518 330 507 330 496 330 486 330 475 330 466 330 457 330 451 330 447 330 445 330 444 330 444 330 
113 1 0 0 1 1 131 509 -1 -1 1 5035 32 509 32 509 36 509 42 509 46 509 51 509 56 509 62 509 69 509 76 509 83 509 91 509 100 509 109 509 117 509 123 509 128 509 129 509 130 509 131 509 
113 1 0 0 1 1 368 286 -1 -1 0 4587 427 286 427 286 427 286 427 286 427 286 427 286 426 286 426 286 425 286 425 286 425 286 425 286 425 286 425 286 425 286 425 286 423 286 423 286 421 286 419 286 415 286 411 286 405 286 400 286 395 286 390 286 386 286 381 286 376 286 371 286 369 286 368 286 368 286 
113 1 0 0 1 1 65 66 -1 -1 0 27110 65 117 65 101 65 97 65 85 65 64 65 30 65 0 65 0 65 0 65 0 65 0 65 0 65 0 65 0 65 0 65 0 65 0 65 0 65 0 65 1 65 5 65 12 65 19 65 28 65 38 65 49 65 57 65 63 65 66 
113 1 0 0 1 1 64 442 -1 -1 1 5894 55 534 55 589 55 588 55 588 55 587 55 584 55 580 55 574 55 566 55 556 55 544 55 531 55 515 55 499 55 483 55 469 55 458 55 450 55 444 55 442 197 442 198 442 200 442 203 442 205 442 206 442 207 442 207 442 205 442 204 442 202 442 199 442 197 442 194 442 191 442 191 442 191 442 191 442 191 442 191 442 191 442 191 442 194 442 200 442 208 442 217 442 229 442 243 442 259 442 272 442 285 442 299 442 309 442 318 442 324 442 330 442 336 442 338 442 339 442 339 442 339 442 340 442 342 442 345 442 346 442 346 442 344 442 337 442 330 442 323 442 313 442 301 442 290 442 279 442 267 442 256 442 245 442 231 442 216 442 204 442 191 442 179 442 169 442 160 442 151 442 142 442 131 442 121 442 110 442 101 442 96 442 93 442 93 442 93 442 94 442 94 442 91 442 86 442 83 442 79 442 76 442 74 442 71 442 67 442 64 442 61 442 60 442 60 442 60 442 61 442 64 442 
113 1 0 0 1 1 0 244 -1 -1 0 4367 292 244 140 244 140 244 139 244 137 244 134 244 130 244 125 244 119 244 111 244 103 244 94 244 84 244 73 244 62 244 52 244 41 244 31 244 22 244 14 244 7 244 2 244 1 244 0 244 0 244 0 244 
113 1 0 0 1 1 0 15 -1 -1 0 4106 273 15 272 15 271 15 267 15 261 15 250 15 237 15 222 15 209 15 194 15 178 15 164 15 146 15 129 15 114 15 101 15 90 15 83 15 78 15 73 15 70 15 65 15 59 15 53 15 47 15 40 15 35 15 28 15 22 15 15 15 9 15 5 15 1 15 0 15 0 15 0 15 
113 1 0 0 1 1 355 318 -1 -1 1 5267 563 318 537 318 539 318 549 318 564 318 582 318 599 318 599 318 599 318 599 318 599 318 599 318 599 318 599 318 593 318 578 318 555 318 529 318 506 318 487 318 473 318 465 318 460 318 457 318 455 318 454 318 453 318 452 318 452 318 453 318 459 318 468 318 480 318 494 318 516 318 546 318 580 318 599 318 599 318 599 318 599 318 599 318 599 318 599 318 599 318 599 318 599 318 599 318 597 318 591 318 580 318 556 318 520 318 471 318 411 318 355 318 
113 1 0 0 1 1 88 353 -1 -1 1 13123 327 353 328 353 336 353 343 353 347 353 347 353 342 353 330 353 312 353 292 353 271 353 249 353 227 353 206 353 188 353 172 353 158 353 144 353 129 353 118 353 109 353 99 353 93 353 90 353 88 353 
113 1 0 0 1 1 262 0 -1 -1 0 6057 196 174 196 174 196 174 196 174 196 175 196 176 196 177 196 178 196 177 196 172 196 166 196 158 196 147 196 134 196 120 196 105 196 93 196 80 196 67 196 53 196 36 196 21 196 8 196 0 196 0 196 0 196 0 196 0 196 0 196 0 196 0 196 0 196 0 196 0 196 0 196 0 196 0 196 0 196 0 196 0 196 0 196 0 196 0 196 0 196 0 196 0 196 0 196 0 196 0 196 0 196 0 196 0 196 0 196 0 196 0 196 0 196 0 196 0 196 0 194 0 194 0 194 0 194 0 194 0 194 0 197 0 203 0 212 0 221 0 230 0 237 0 243 0 249 0 254 0 258 0 261 0 262 0 262 0 
113 1 0 0 1 1 46 0 -1 -1 0 5216 46 262 46 316 46 318 46 319 46 316 46 310 46 299 46 285 46 264 46 240 46 214 46 186 46 160 46 138 46 119 46 105 46 95 46 89 46 86 46 85 46 84 46 83 46 82 46 80 46 75 46 67 46 56 46 43 46 27 46 9 46 0 46 0 46 0 46 0 46 0 46 0 46 0 46 0 46 0 46 0 46 0 46 0 
113 1 0 0 1 1 597 506 -1 -1 1 3862 106 506 102 506 102 506 102 506 102 506 102 506 104 506 106 506 107 506 108 506 107 506 103 506 96 506 91 506 90 506 91 506 106 506 135 506 173 506 222 506 277 506 335 506 389 506 436 506 474 506 503 506 529 506 550 506 567 506 584 506 598 506 599 506 599 506 599 506 599 506 599 506 599 506 599 506 599 506 599 506 599 506 599 506 598 506 598 506 597 506 
113 1 0 0 1 1 520 132 -1 -1 0 4891 320 132 517 132 515 132 515 132 515 132 515 132 515 132 515 132 516 132 517 132 519 132 520 132 520 132 
113 1 0 0 1 2 516 283 0 4825 3 
113 1 0 0 1 2 116 83 0 2587 2 
113 1 0 0 1 2 482 449 1 1647 2 
113 1 0 0 1 2 283 183 1 1219 2 
113 1 0 0 1 2 449 349 1 929 2 
113 1 0 0 1 2 50 449 1 858 2 
113 1 0 0 1 2 216 549 0 763 2 
113 1 0 0 1 2 83 482 0 804 2 
113 1 0 0 1 2 249 116 0 1275 2 
113 1 0 0 1 2 183 283 0 743 2 
113 1 0 0 1 2 83 316 1 1020 2 
113 1 0 0 1 2 549 216 1 733 2 
113 1 0 0 1 2 482 183 0 633 2 
113 1 0 0 1 2 216 383 0 1651 2 
113 1 0 0 1 2 316 516 1 842 2 
113 1 0 0 1 2 283 50 0 812 2 
113 1 0 0 1 2 116 149 1 837 2 
113 1 0 0 1 2 482 116 0 1713 2 
113 1 0 0 1 2 83 549 1 699 2 
113 1 0 0 1 2 482 316 0 1237 2 
113 1 0 0 1 2 416 149 1 644 2 
113 1 0 0 1 2 349 416 1 994 2 
113 1 0 0 1 2 83 516 1 1150 2 
113 1 0 0 1 2 316 249 0 557 2 
113 1 0 0 1 2 516 50 0 1662 2 
113 1 0 0 1 2 316 549 1 3409 2 
113 1 0 0 1 2 416 416 1 1156 2 
113 1 0 0 1 2 416 116 0 929 2 
113 1 0 0 1 2 83 416 1 1267 2 
113 1 0 0 1 2 383 549 0 1116 2 
113 1 0 0 1 2 249 283 1 641 2 
113 1 0 0 1 2 183 216 0 559 2 
113 1 0 0 1 1 451 14 -1 -1 0 28402 451 104 451 73 451 73 451 73 451 74 451 76 451 78 451 80 451 82 451 83 451 83 451 83 451 81 451 79 451 76 451 72 451 68 451 63 451 58 451 52 451 45 451 37 451 29 451 21 451 14 
113 1 0 0 1 1 175 3 -1 -1 0 5881 175 266 175 312 175 310 175 308 175 306 175 304 175 301 175 297 175 290 175 284 175 277 175 268 175 257 175 247 175 236 175 225 175 212 175 199 175 187 175 175 175 165 175 157 175 148 175 137 175 123 175 103 175 80 175 51 175 21 175 0 175 0 175 0 175 0 175 0 175 0 175 0 175 0 175 0 175 0 175 0 175 0 175 0 175 0 175 0 175 0 175 0 175 0 175 0 175 0 175 0 175 0 175 4 175 8 175 12 175 16 175 19 175 22 175 24 175 25 175 26 175 27 175 27 175 28 175 27 175 23 175 16 175 4 175 0 175 0 175 0 175 0 175 0 175 0 175 0 175 0 175 0 175 0 175 0 175 0 175 0 175 0 175 0 175 0 175 0 175 0 175 0 175 0 175 0 175 0 175 0 175 1 175 1 175 1 175 1 175 1 175 1 175 2 175 3 175 3 
113 1 0 0 1 1 453 283 -1 -1 0 4220 170 283 599 283 597 283 590 283 578 283 561 283 540 283 517 283 494 283 475 283 464 283 457 283 454 283 453 283 453 283 
113 1 0 0 1 1 0 0 -1 -1 0 6445 363 225 363 223 363 218 363 209 363 198 363 183 363 162 363 136 363 101 363 61 363 7 363 0 363 0 363 0 363 0 363 0 363 0 363 0 363 0 363 0 363 0 363 0 363 0 363 0 363 0 363 0 363 0 363 2 363 8 363 17 363 28 363 38 363 50 363 62 363 75 363 91 363 107 363 122 363 132 363 136 363 135 363 133 363 129 363 123 363 116 363 110 363 102 363 89 363 72 363 52 363 32 363 12 363 0 363 0 363 0 363 0 364 0 365 0 366 0 366 0 368 0 369 0 369 0 369 0 369 0 369 0 372 0 377 0 382 0 386 0 391 0 394 0 395 0 395 0 395 0 395 0 393 0 389 0 385 0 379 0 370 0 359 0 345 0 331 0 321 0 313 0 308 0 304 0 303 0 303 0 305 0 311 0 324 0 343 0 369 0 398 0 437 0 480 0 528 0 577 0 599 0 599 0 599 0 599 0 599 0 599 0 599 0 599 0 599 0 599 0 599 0 599 0 599 0 599 0 599 0 599 0 599 0 599 0 599 0 599 0 599 0 599 0 599 0 599 0 599 0 599 0 598 0 596 0 590 0 581 0 565 0 538 0 499 0 452 0 393 0 319 0 228 0 135 0 33 0 0 0 0 0 0 0 0 0 0 0 0 0 0 0 0 0 0 0 0 0 0 0 0 0 0 0 0 0 0 0 0 0 0 0 0 0 0 0 0 0 0 0 0 0 0 0 0 0 0 0 
113 1 0 0 1 1 461 599 -1 -1 1 5655 461 265 461 0 461 2 461 5 461 6 461 5 461 0 461 0 461 0 461 0 461 0 461 0 461 0 461 0 461 0 461 0 461 0 461 0 461 0 461 0 461 0 461 0 461 0 461 0 461 0 461 0 461 0 461 0 461 0 461 0 461 0 461 0 461 0 461 0 461 0 461 0 461 0 461 0 461 0 461 0 461 2 461 12 461 21 461 31 461 42 461 55 461 73 461 96 461 130 461 178 461 238 461 306 461 376 461 464 461 547 461 599 461 599 461 599 461 599 461 599 461 599 461 599 461 599 461 599 461 599 461 599 461 597 461 593 461 585 461 574 461 562 461 553 461 548 461 545 461 543 461 544 461 546 461 549 461 555 461 561 461 569 461 577 461 586 461 595 461 599 461 599 461 599 461 599 461 599 
113 1 0 0 1 1 315 337 -1 -1 1 7395 355 210 356 210 357 210 358 210 362 210 364 210 368 210 373 210 377 210 379 210 380 210 380 210 379 210 374 210 369 210 363 210 358 210 353 210 349 210 346 210 345 210 345 210 344 210 342 210 339 210 336 210 334 210 330 210 326 210 323 210 319 210 317 210 315 210 315 210 315 209 315 209 315 208 315 207 315 207 315 206 315 206 315 206 315 206 315 206 315 206 315 206 315 206 315 206 315 208 315 208 315 209 315 210 315 212 315 214 315 217 315 219 315 222 315 223 315 224 315 225 315 226 315 227 315 228 315 229 315 231 315 233 315 237 315 243 315 250 315 256 315 263 315 271 315 279 315 289 315 298 315 309 315 318 315 326 315 332 315 336 315 337 
113 1 0 0 1 1 342 81 -1 -1 0 5282 113 240 118 240 118 240 121 240 126 240 132 240 141 240 152 240 164 240 176 240 189 240 204 240 218 240 232 240 245 240 257 240 270 240 281 240 289 240 297 240 304 240 311 240 317 240 322 240 325 240 328 240 331 240 333 240 335 240 337 240 339 240 341 240 342 240 342 240 342 240 342 240 342 239 342 239 342 238 342 237 342 236 342 234 342 232 342 229 342 225 342 221 342 217 342 211 342 204 342 197 342 190 342 181 342 171 342 160 342 146 342 133 342 121 342 110 342 100 342 92 342 87 342 83 342 81 
113 1 0 0 1 1 149 104 -1 -1 0 5857 90 358 83 358 87 358 94 358 102 358 110 358 120 358 128 358 137 358 145 358 149 358 149 360 149 360 149 360 149 360 149 360 149 360 149 360 149 360 149 358 149 354 149 349 149 342 149 333 149 322 149 311 149 297 149 281 149 265 149 247 149 225 149 205 149 186 149 167 149 153 149 139 149 129 149 125 149 124 149 123 149 123 149 121 149 120 149 119 149 118 149 116 149 115 149 114 149 113 149 112 149 112 149 111 149 110 149 110 149 108 149 107 149 106 149 106 149 104 
113 1 0 0 1 1 267 477 -1 -1 1 6269 39 330 39 344 39 346 39 348 39 352 39 358 39 366 39 374 39 382 39 391 39 401 39 412 39 424 39 435 39 444 39 452 39 459 39 467 39 473 39 475 39 476 39 476 39 477 39 477 40 477 40 477 41 477 43 477 47 477 54 477 64 477 76 477 90 477 105 477 123 477 142 477 158 477 173 477 190 477 209 477 227 477 245 477 257 477 265 477 267 477 267 477 
113 1 0 0 1 1 0 336 -1 -1 1 4056 171 336 158 336 161 336 166 336 174 336 184 336 200 336 222 336 248 336 276 336 294 336 314 336 333 336 346 336 355 336 358 336 357 336 353 336 346 336 331 336 309 336 274 336 232 336 189 336 146 336 101 336 48 336 0 336 0 336 0 336 0 336 0 336 0 336 0 336 0 336 0 336 0 336 
113 1 0 0 1 1 599 390 -1 -1 1 4229 269 390 262 390 262 390 266 390 273 390 282 390 289 390 297 390 302 390 308 390 314 390 321 390 326 390 330 390 332 390 332 390 335 390 337 390 339 390 340 390 341 390 341 390 342 390 344 390 346 390 351 390 357 390 367 390 382 390 400 390 420 390 442 390 462 390 484 390 506 390 525 390 542 390 558 390 572 390 584 390 593 390 599 390 599 390 599 390 599 390 599 390 599 390 599 390 599 390 599 390 599 390 599 390 599 390 599 390 599 390 599 390 599 390 599 390 599 390 599 390 599 390 599 390 599 390 599 390 599 390 599 390 599 390 599 390 
113 1 0 0 1 1 599 0 -1 -1 0 5337 300 335 297 335 301 335 310 335 321 335 339 335 357 335 377 335 398 335 419 335 438 335 457 335 476 335 492 335 507 335 520 335 530 335 536 335 541 335 546 335 550 335 553 335 555 335 559 335 562 335 566 335 571 335 578 335 586 335 596 335 599 335 599 335 599 335 599 335 599 335 599 335 599 335 599 335 599 335 599 335 599 335 599 335 599 335 599 335 599 335 599 335 599 335 599 335 599 337 599 338 599 340 599 343 599 349 599 355 599 360 599 365 599 370 599 379 599 389 599 398 599 407 599 412 599 414 599 415 599 414 599 409 599 401 599 389 599 378 599 366 599 355 599 342 599 328 599 311 599 294 599 276 599 257 599 234 599 210 599 176 599 136 599 100 599 62 599 33 599 10 599 0 599 0 599 0 599 0 599 0 599 0 599 0 599 0 599 0 599 0 599 0 599 0 599 0 599 0 599 0 599 0 599 0 
113 1 0 0 1 1 0 142 -1 -1 0 3945 439 142 421 142 421 142 424 142 428 142 432 142 436 142 440 142 442 142 445 142 447 142 450 142 454 142 458 142 461 142 463 142 463 142 463 142 462 142 461 142 461 142 460 142 460 142 459 142 458 142 456 142 452 142 445 142 433 142 416 142 393 142 358 142 316 142 271 142 218 142 165 142 115 142 72 142 37 142 9 142 0 142 0 142 0 142 0 142 0 142 
113 1 0 0 1 1 65 431 -1 -1 1 3048 65 102 65 104 65 105 65 107 65 112 65 118 65 129 65 143 65 164 65 186 65 210 65 232 65 249 65 265 65 280 65 295 65 308 65 321 65 332 65 343 65 353 65 366 65 381 65 395 65 407 65 416 65 423 65 429 65 431 65 431 
113 1 0 0 1 1 439 0 -1 -1 0 7897 594 176 569 176 568 176 568 176 567 176 566 176 564 176 561 176 558 176 553 176 548 176 542 176 535 176 526 176 516 176 506 176 497 176 488 176 479 176 470 176 460 176 449 176 438 176 429 176 422 176 420 176 419 176 420 176 420 176 422 176 425 176 428 176 431 176 434 176 436 176 437 176 439 176 439 177 439 178 439 179 439 180 439 181 439 182 439 183 439 185 439 190 439 197 439 206 439 215 439 222 439 224 439 225 439 224 439 221 439 216 439 210 439 205 439 197 439 188 439 179 439 171 439 164 439 157 439 151 439 144 439 136 439 128 439 123 439 120 439 118 439 115 439 112 439 108 439 104 439 100 439 96 439 92 439 87 439 82 439 77 439 73 439 68 439 64 439 59 439 55 439 52 439 51 439 49 439 47 439 44 439 41 439 39 439 38 439 38 439 36 439 34 439 31 439 27 439 24 439 20 439 16 439 11 439 7 439 1 439 0 439 0 439 0 439 0 439 0 439 0 439 0 439 0 439 0 439 0 439 0 439 0 439 0 439 0 439 0 439 0 439 0 439 0 439 0 439 0 439 0 439 0 439 0 439 0 439 0 439 0 439 0 439 0 439 0 439 1 439 2 439 3 439 5 439 11 439 19 439 32 439 46 439 62 439 80 439 99 439 117 439 128 439 131 439 132 439 133 439 134 439 134 439 131 439 126 439 122 439 120 439 121 439 130 439 142 439 153 439 164 439 174 439 185 439 192 439 199 439 200 439 200 439 198 439 196 439 192 439 187 439 179 439 170 439 162 439 155 439 148 439 142 439 134 439 124 439 112 439 98 439 83 439 64 439 43 439 19 439 0 439 0 439 0 439 0 439 0 439 0 439 0 439 0 439 0 439 0 439 0 439 0 439 0 439 0 
113 1 0 0 1 1 355 377 -1 -1 1 4579 33 377 230 377 224 377 215 377 201 377 183 377 168 377 158 377 153 377 153 377 155 377 164 377 180 377 198 377 213 377 225 377 232 377 237 377 243 377 248 377 249 377 249 377 251 377 257 377 266 377 277 377 292 377 308 377 324 377 338 377 348 377 355 377 357 377 356 377 355 377 
113 1 0 0 1 2 482 283 1 6031 2 
113 1 0 0 1 2 349 183 0 2023 3 
113 1 0 0 1 2 50 349 0 718 3 
113 1 0 0 1 2 249 482 1 1295 3 
113 1 0 0 1 2 549 482 1 1494 3 
113 1 0 0 1 2 50 183 0 1367 3 
113 1 0 0 1 2 83 50 0 799 3 
113 1 0 0 1 2 482 549 0 841 3 
113 1 0 0 1 2 349 549 1 2634 3 
113 1 0 0 1 2 249 449 1 1313 3 
113 1 0 0 1 2 283 549 1 1523 3 
113 1 0 0 1 2 316 183 0 678 3 
113 1 0 0 1 2 50 116 0 938 3 
113 1 0 0 1 2 349 283 0 720 3 
113 1 0 0 1 2 449 416 1 686 3 
113 1 0 0 1 2 549 349 1 678 3 
113 1 0 0 1 2 549 149 0 621 3 
113 1 0 0 1 2 183 482 1 1526 3 
113 1 0 0 1 2 482 416 1 763 3 
113 1 0 0 1 2 50 383 0 1157 3 
113 1 0 0 1 2 349 249 0 666 3 
113 1 0 0 1 2 316 482 1 594 3 
113 1 0 0 1 2 149 216 0 696 3 
113 1 0 0 1 2 216 283 1 638 3 
113 1 0 0 1 2 349 316 1 799 3 
113 1 0 0 1 2 83 283 0 730 3 
113 1 0 0 1 2 383 283 0 804 2 
113 1 0 0 1 2 516 116 1 910 2 
113 1 0 0 1 2 116 449 1 1331 2 
113 1 0 0 1 2 50 216 0 1160 2 
113 1 0 0 1 2 116 50 0 2553 3 
113 1 0 0 1 2 116 549 1 2200 3 
113 1 0 0 1 1 216 8 -1 -1 0 64689 216 45 216 107 216 107 216 107 216 107 216 107 216 107 216 105 216 103 216 101 216 99 216 97 216 95 216 94 216 93 216 91 216 89 216 86 216 83 216 79 216 70 216 57 216 38 216 22 216 8 216 0 216 0 216 0 216 0 216 0 216 0 216 0 216 0 216 0 216 0 216 0 216 1 216 4 216 7 216 8 216 8 216 8 216 8 216 8 216 8 
113 1 0 0 1 1 536 367 -1 -1 1 4816 155 367 161 367 164 367 170 367 180 367 198 367 235 367 286 367 340 367 390 367 429 367 461 367 485 367 505 367 520 367 531 367 536 367 
113 1 0 0 1 1 0 286 -1 -1 0 7403 476 381 476 364 476 363 476 363 476 361 476 357 476 352 476 344 476 335 476 322 476 306 476 289 476 266 476 233 476 193 476 152 476 112 476 78 476 54 476 34 476 20 476 10 476 5 476 3 476 3 476 3 476 3 476 3 476 3 476 3 476 7 476 14 476 26 476 44 476 75 476 111 476 147 476 183 476 217 476 256 476 296 476 330 476 358 476 381 476 404 476 424 476 443 476 455 476 459 476 460 476 460 476 459 476 458 476 456 476 454 476 451 476 446 476 439 476 431 476 423 476 414 476 401 476 383 476 365 476 350 476 336 476 324 476 313 476 300 476 290 476 287 476 286 475 286 474 286 474 286 472 286 469 286 465 286 460 286 452 286 441 286 427 286 412 286 396 286 381 286 366 286 353 286 338 286 325 286 312 286 301 286 292 286 284 286 277 286 269 286 257 286 244 286 231 286 217 286 204 286 190 286 175 286 160 286 145 286 128 286 113 286 99 286 86 286 73 286 61 286 50 286 41 286 31 286 20 286 11 286 1 286 0 286 0 286 0 286 0 286 0 286 0 286 0 286 0 286 0 286 0 286 
113 1 0 0 1 1 394 0 -1 -1 0 9034 150 190 150 194 150 195 150 196 150 198 150 201 150 204 150 207 150 209 150 211 150 211 150 211 150 211 150 210 150 206 150 200 150 193 150 186 150 179 150 170 150 159 150 150 150 145 150 141 150 137 150 134 150 133 150 131 150 129 150 128 150 124 150 117 150 108 150 97 150 81 150 59 150 29 150 0 150 0 150 0 150 0 150 0 150 0 150 0 150 0 150 0 150 0 150 0 150 0 150 0 150 0 149 0 149 0 149 0 148 0 147 0 145 0 144 0 143 0 142 0 141 0 141 0 140 0 139 0 139 0 138 0 136 0 134 0 131 0 129 0 127 0 124 0 122 0 120 0 121 0 123 0 125 0 128 0 132 0 134 0 134 0 132 0 128 0 123 0 119 0 118 0 117 0 117 0 117 0 118 0 119 0 121 0 123 0 127 0 134 0 144 0 158 0 174 0 192 0 214 0 238 0 260 0 281 0 301 0 321 0 339 0 358 0 373 0 385 0 392 0 394 0 394 0 394 0 
113 1 0 0 1 1 3 3 -1 -1 0 4178 564 285 564 285 564 283 564 277 564 266 564 247 564 221 564 188 564 153 564 107 564 40 564 0 564 0 564 0 564 0 564 0 564 0 564 0 564 0 564 0 564 0 564 1 564 2 564 3 564 3 564 3 563 3 563 3 563 3 563 3 563 3 563 3 561 3 558 3 555 3 551 3 547 3 543 3 536 3 528 3 514 3 494 3 474 3 450 3 423 3 391 3 354 3 317 3 271 3 222 3 169 3 119 3 65 3 12 3 0 3 0 3 0 3 0 3 0 3 0 3 0 3 0 3 0 3 0 3 0 3 0 3 1 3 1 3 2 3 2 3 3 3 
113 1 0 0 1 1 0 123 -1 -1 0 12693 175 123 171 123 171 123 171 123 171 123 170 123 165 123 156 123 143 123 125 123 101 123 71 123 38 123 14 123 0 123 0 123 0 123 0 123 0 123 0 123 0 123 
113 1 0 0 1 1 60 524 -1 -1 1 13116 335 473 335 316 335 316 335 317 335 318 335 318 335 321 335 326 335 333 335 341 335 350 335 357 335 363 335 368 335 370 335 370 335 371 335 373 335 375 335 377 335 377 335 376 335 372 335 366 335 359 335 351 335 343 335 335 335 327 335 323 335 319 335 317 335 315 335 314 335 311 335 307 335 303 335 299 335 296 335 294 335 293 335 293 335 293 335 294 335 298 335 302 335 309 335 321 335 336 335 354 335 373 335 394 335 415 335 434 335 452 335 468 335 482 335 495 335 505 335 512 335 515 335 516 335 518 335 519 335 521 335 523 335 524 336 524 336 524 334 524 331 524 328 524 323 524 317 524 309 524 299 524 289 524 280 524 270 524 263 524 258 524 255 524 255 524 254 524 254 524 254 524 257 524 262 524 268 524 275 524 283 524 289 524 295 524 297 524 297 524 297 524 297 524 296 524 294 524 291 524 287 524 280 524 273 524 263 524 252 524 240 524 226 524 214 524 204 524 197 524 190 524 183 524 177 524 170 524 164 524 158 524 151 524 145 524 139 524 135 524 131 524 126 524 122 524 118 524 115 524 109 524 104 524 98 524 92 524 88 524 83 524 78 524 74 524 70 524 68 524 66 524 64 524 63 524 62 524 60 524 
113 1 0 0 1 1 599 599 -1 -1 1 8141 135 252 136 252 136 252 136 252 137 252 138 252 141 252 145 252 148 252 151 252 153 252 157 252 163 252 168 252 170 252 171 252 170 252 169 252 168 252 168 252 167 252 164 252 162 252 161 252 161 252 161 252 161 252 163 252 167 252 173 252 181 252 191 252 205 252 222 252 243 252 276 252 323 252 370 252 417 252 468 252 518 252 582 252 599 252 599 252 599 252 599 252 599 252 599 252 599 252 599 252 599 252 599 252 599 252 599 252 599 252 599 251 599 251 599 250 599 249 599 246 599 244 599 239 599 233 599 224 599 214 599 202 599 188 599 174 599 158 599 143 599 125 599 107 599 89 599 76 599 65 599 53 599 38 599 20 599 1 599 0 599 0 599 0 599 0 599 0 599 0 599 0 599 0 599 0 599 0 599 0 599 0 599 0 599 0 599 0 599 0 599 0 599 0 599 0 599 0 599 0 599 0 599 0 599 0 599 0 599 0 599 0 599 0 599 0 599 0 599 0 599 0 599 0 599 0 599 0 599 0 599 0 599 0 599 0 599 0 599 0 599 0 599 0 599 0 599 0 599 0 599 0 599 0 599 0 599 0 599 0 599 0 599 0 599 0 599 0 599 0 599 1 599 6 599 17 599 37 599 67 599 104 599 146 599 199 599 259 599 317 599 377 599 435 599 492 599 543 599 589 599 599 599 599 599 599 599 599 599 599 599 599 599 592 599 578 599 553 599 520 599 486 599 464 599 450 599 445 599 443 599 442 599 438 599 431 599 421 599 408 599 395 599 382 599 369 599 357 599 349 599 346 599 344 599 348 599 354 599 365 599 381 599 397 599 411 599 423 599 433 599 445 599 457 599 469 599 478 599 482 599 479 599 465 599 441 599 403 599 354 599 290 599 220 599 159 599 92 599 45 599 0 599 0 599 0 599 0 599 0 599 0 599 0 599 1 599 3 599 11 599 25 599 39 599 53 599 65 599 78 599 93 599 115 599 142 599 176 599 211 599 249 599 293 599 333 599 373 599 408 599 442 599 471 599 503 599 532 599 560 599 588 599 599 599 599 599 599 599 599 599 599 599 599 599 599 599 599 599 599 599 599 599 599 599 599 599 599 599 599 599 599 
113 1 0 0 1 1 264 0 -1 -1 0 4098 264 138 264 139 264 138 264 136 264 131 264 126 264 122 264 114 264 100 264 80 264 55 264 26 264 0 264 0 264 0 264 0 264 0 264 0 264 0 264 0 264 0 264 0 264 0 264 0 264 0 264 0 264 0 
113 1 0 0 1 1 294 406 -1 -1 1 3658 5 406 0 406 1 406 1 406 4 406 9 406 18 406 30 406 45 406 66 406 89 406 121 406 155 406 192 406 225 406 252 406 272 406 285 406 294 406 
113 1 0 0 1 1 170 0 -1 -1 0 3846 170 315 170 320 170 320 170 321 170 322 170 324 170 328 170 334 170 340 170 347 170 355 170 361 170 365 170 368 170 370 170 371 170 368 170 356 170 338 170 315 170 281 170 237 170 192 170 145 170 99 170 58 170 24 170 0 170 0 170 0 170 0 170 0 170 0 170 0 170 0 170 0 170 0 170 0 
113 1 0 0 1 1 538 429 -1 -1 1 3886 247 429 247 429 247 429 247 429 249 429 253 429 260 429 271 429 283 429 299 429 315 429 335 429 358 429 384 429 407 429 430 429 448 429 463 429 479 429 493 429 506 429 519 429 528 429 534 429 537 429 538 429 538 429 
113 1 0 0 1 1 431 0 -1 -1 0 21284 555 297 189 297 187 297 183 297 176 297 164 297 146 297 120 297 91 297 60 297 34 297 10 297 0 297 0 297 0 297 0 297 0 297 0 297 0 297 0 297 0 297 1 297 2 297 4 297 9 297 14 297 20 297 25 297 25 297 24 297 21 297 19 297 18 297 17 297 17 297 21 297 28 297 41 297 63 297 94 297 129 297 167 297 205 297 241 297 271 297 297 297 319 297 332 297 340 297 343 297 477 297 481 297 489 297 497 297 506 297 516 297 525 297 534 297 540 297 543 297 544 297 541 297 533 297 519 297 501 297 477 297 447 297 426 297 408 297 394 297 386 297 383 297 383 297 383 297 383 297 383 297 384 297 385 297 386 297 387 297 389 297 390 297 392 297 394 297 397 297 400 297 404 297 407 297 411 297 415 297 419 297 423 297 425 297 427 297 428 297 429 297 430 297 431 297 431 299 431 300 431 300 431 302 431 305 431 310 431 317 431 325 431 334 431 340 431 344 431 345 431 344 431 340 431 332 431 321 431 310 431 298 431 287 431 274 431 262 431 248 431 233 431 217 431 198 431 177 431 156 431 137 431 120 431 105 431 92 431 81 431 72 431 65 431 55 431 41 431 24 431 6 431 0 431 0 431 0 431 0 431 0 431 0 431 0 431 0 431 0 431 0 431 0 431 0 431 0 431 0 431 0 431 0 431 0 431 0 431 0 
113 1 0 0 1 1 324 599 -1 -1 1 5820 145 105 143 105 145 105 150 105 159 105 171 105 188 105 207 105 226 105 243 105 259 105 274 105 285 105 293 105 299 105 304 105 311 105 318 105 323 105 324 105 324 105 324 105 324 106 324 108 324 108 324 110 324 111 324 114 324 119 324 128 324 135 324 145 324 153 324 161 324 168 324 174 324 179 324 183 324 186 324 186 324 185 324 181 324 175 324 168 324 161 324 152 324 144 324 138 324 136 324 136 324 136 324 136 324 137 324 141 324 145 324 150 324 150 324 146 324 136 324 124 324 113 324 100 324 84 324 66 324 42 324 15 324 0 324 0 324 0 324 0 324 0 324 0 324 0 324 0 324 0 324 0 324 0 324 0 324 0 324 0 324 0 324 0 324 0 324 0 324 0 324 0 324 0 324 0 324 0 324 0 324 0 324 0 324 0 324 0 324 0 324 0 324 0 324 0 324 0 324 1 324 2 324 6 324 16 324 32 324 58 324 101 324 163 324 241 324 329 324 422 324 523 324 599 324 599 324 599 324 599 324 599 324 599 324 599 324 599 324 599 324 599 324 599 324 599 324 599 324 599 324 599 324 599 324 599 
113 1 0 0 1 1 300 0 -1 -1 0 11126 27 383 0 383 0 383 0 383 0 383 2 383 4 383 7 383 8 383 8 383 8 383 9 383 9 383 9 383 9 383 9 383 11 383 13 383 14 383 16 383 18 383 22 383 28 383 38 383 50 383 62 383 73 383 82 383 87 383 91 383 92 383 92 383 92 383 92 383 92 383 92 383 92 383 92 383 92 383 92 383 92 383 92 383 92 383 92 383 92 383 92 383 93 383 95 383 98 383 101 383 105 383 110 383 117 383 125 383 133 383 140 383 144 383 147 383 150 383 153 383 155 383 157 383 157 383 159 383 160 383 162 383 167 383 173 383 182 383 194 383 207 383 222 383 237 383 251 383 264 383 275 383 284 383 291 383 297 383 299 383 300 383 300 382 300 379 300 373 300 364 300 353 300 341 300 327 300 310 300 290 300 268 300 243 300 217 300 189 300 162 300 134 300 113 300 96 300 82 300 70 300 62 300 58 300 57 300 56 300 54 300 48 300 40 300 32 300 20 300 6 300 0 300 0 300 0 300 0 300 0 300 0 300 0 300 0 300 0 300 0 300 0 300 0 300 0 300 0 
113 1 0 0 1 1 447 102 -1 -1 0 3921 55 102 196 102 198 102 200 102 204 102 209 102 216 102 225 102 237 102 251 102 267 102 285 102 304 102 323 102 341 102 356 102 370 102 382 102 393 102 403 102 414 102 425 102 433 102 439 102 443 102 444 102 445 102 446 102 447 102 447 102 
113 1 0 0 1 2 349 516 1 4372 2 
113 1 0 0 1 2 216 349 0 1637 3 
113 1 0 0 1 2 482 149 0 1059 3 
113 1 0 0 1 2 449 449 1 859 2 
113 1 0 0 1 2 416 482 1 2109 3 
113 1 0 0 1 2 283 216 0 778 3 
113 1 0 0 1 2 50 149 0 1513 3 
113 1 0 0 1 2 482 50 0 704 3 
113 1 0 0 1 2 149 249 0 995 3 
113 1 0 0 1 2 83 83 0 1844 3 
113 1 0 0 1 2 183 349 1 621 2 
113 1 0 0 1 2 383 83 0 1018 2 
113 1 0 0 1 2 349 83 1 1273 2 
113 1 0 0 1 2 83 149 0 822 3 
113 1 0 0 1 2 149 116 0 700 3 
113 1 0 0 1 2 416 349 1 1367 3 
113 1 0 0 1 2 116 316 1 708 3 
113 1 0 0 1 2 83 449 1 814 3 
113 1 0 0 1 2 316 283 0 1281 3 
113 1 0 0 1 2 216 449 1 651 3 
113 1 0 0 1 2 549 316 0 1437 3 
113 1 0 0 1 2 149 83 0 1174 3 
113 1 0 0 1 2 183 383 1 880 4 
113 1 0 0 1 2 416 249 0 1560 3 
113 1 0 0 1 2 549 383 1 1438 4 
113 1 0 0 1 2 349 383 1 720 4 
113 1 0 0 1 2 449 83 0 1099 2 
113 1 0 0 1 2 449 116 0 1218 3 
113 1 0 0 1 2 249 183 0 900 3 
113 1 0 0 1 2 283 383 1 1191 3 
113 1 0 0 1 2 516 383 1 539 3 
113 1 0 0 1 2 83 349 1 641 3 
113 1 0 0 1 1 599 16 -1 -1 0 38890 147 236 147 187 147 156 147 118 147 76 147 34 147 0 147 0 147 0 147 0 147 0 147 0 147 3 147 9 147 16 156 16 168 16 183 16 206 16 247 16 313 16 403 16 520 16 599 16 599 16 599 16 599 16 599 16 599 16 599 16 599 16 
113 1 0 0 1 1 182 537 -1 -1 1 2558 405 537 272 537 255 537 238 537 222 537 207 537 196 537 190 537 188 537 187 537 186 537 184 537 183 537 182 537 
113 1 0 0 1 1 509 267 -1 -1 0 2565 509 51 509 267 
113 1 0 0 1 1 227 382 -1 -1 1 2487 253 382 249 382 249 382 247 382 244 382 238 382 227 382 
113 1 0 0 1 1 2 84 -1 -1 0 3575 2 56 2 0 2 2 2 8 2 21 2 40 2 61 2 76 2 84 2 86 2 86 2 84 
113 1 0 0 1 1 481 460 -1 -1 1 2804 483 460 478 460 478 460 481 460 
113 1 0 0 1 1 499 0 -1 -1 0 2909 89 360 89 0 89 0 89 0 83 0 81 0 80 0 80 0 87 0 106 0 149 0 212 0 280 0 333 0 376 0 412 0 442 0 467 0 486 0 496 0 499 0 499 0 
113 1 0 0 1 1 161 584 -1 -1 1 2490 139 584 161 584 162 584 162 584 162 584 161 584 
113 1 0 0 1 1 553 157 -1 -1 0 2607 301 157 405 157 404 157 404 157 402 157 402 157 401 157 403 157 416 157 441 157 470 157 496 157 518 157 536 157 548 157 553 157 
113 1 0 0 1 1 22 528 -1 -1 1 2825 250 528 249 528 248 528 247 528 245 528 240 528 230 528 213 528 191 528 164 528 134 528 104 528 75 528 53 528 38 528 29 528 24 528 23 528 23 528 22 528 
113 1 0 0 1 1 445 0 -1 -1 0 3356 445 215 445 214 445 210 445 204 445 190 445 171 445 142 445 112 445 80 445 46 445 15 445 0 445 0 445 0 445 0 
113 1 0 0 1 1 499 325 -1 -1 1 2757 505 325 498 325 498 325 499 325 
113 1 0 0 1 1 364 244 -1 -1 0 2775 364 95 364 105 364 131 364 162 364 191 364 215 364 233 364 244 
113 1 0 0 1 1 220 95 -1 -1 0 2653 213 95 217 95 219 95 232 95 241 95 241 95 231 95 225 95 222 95 220 95 
113 1 0 0 1 1 269 240 -1 -1 0 3242 269 240 269 240 
113 1 0 0 1 1 520 552 -1 -1 1 2799 520 264 520 271 520 273 520 275 520 285 520 303 520 332 520 364 520 403 520 449 520 484 520 513 520 534 520 548 520 553 520 552 
113 1 0 0 1 2 449 50 0 3928 2 
113 1 0 0 1 2 183 83 0 1091 3 
113 1 0 0 1 2 283 482 1 1003 2 
113 1 0 0 1 2 549 183 0 1293 3 
113 1 0 0 1 2 149 283 0 1227 4 
113 1 0 0 1 2 149 149 0 741 4 
113 1 0 0 1 2 482 349 1 3326 4 
113 1 0 0 1 2 516 149 0 821 4 
113 1 0 0 1 2 50 516 1 1308 4 
113 1 0 0 1 2 383 516 1 1053 4 
113 1 0 0 1 2 149 482 1 1184 4 
113 1 0 0 1 2 249 549 1 783 3 
113 1 0 0 1 2 283 416 1 1621 3 
113 1 0 0 1 2 50 50 1 1691 3 
113 1 0 0 1 2 449 316 0 3950 3 
113 1 0 0 1 2 283 149 0 2925 4 
113 1 0 0 1 2 349 482 1 874 3 
113 1 0 0 1 2 549 83 0 947 4 
113 1 0 0 1 2 383 449 1 722 3 
113 1 0 0 1 2 83 183 0 1834 3 
113 1 0 0 1 2 349 216 0 1319 4 
113 1 0 0 1 2 383 50 0 812 4 
113 1 0 0 1 2 216 83 0 1049 4 
113 1 0 0 1 2 183 449 1 714 3 
113 1 0 0 1 2 449 216 0 1449 4 
113 1 0 0 1 2 50 416 0 1768 3 
113 1 0 0 1 2 116 383 1 3061 4 
113 1 0 0 1 2 383 416 1 638 4 
113 1 0 0 1 2 283 83 1 1041 4 
113 1 0 0 1 2 549 416 1 829 5 
113 1 0 0 1 2 316 449 1 1549 5 
113 1 0 0 1 2 383 149 0 1741 3 
113 1 0 0 1 1 191 14 -1 -1 0 11998 91 14 0 14 0 14 0 14 0 14 0 14 3 14 9 14 19 14 35 14 56 14 84 14 113 14 137 14 159 14 176 14 186 14 191 14 
113 1 0 0 1 1 44 348 -1 -1 1 3997 478 348 465 348 461 348 454 348 443 348 430 348 414 348 394 348 374 348 354 348 337 348 323 348 311 348 302 348 297 348 295 348 293 348 287 348 275 348 259 348 237 348 214 348 189 348 163 348 137 348 114 348 92 348 74 348 61 348 51 348 47 348 44 348 
113 1 0 0 1 1 0 568 -1 -1 1 3348 574 568 574 568 572 568 566 568 555 568 538 568 514 568 480 568 431 568 363 568 277 568 182 568 88 568 3 568 0 568 0 568 0 568 0 568 
113 1 0 0 1 1 599 254 -1 -1 0 4048 15 254 28 254 34 254 47 254 69 254 109 254 169 254 242 254 314 254 377 254 436 254 481 254 513 254 532 254 541 254 542 254 542 254 541 254 533 254 511 254 458 254 358 254 221 254 60 254 0 254 0 254 0 254 0 254 0 254 0 254 0 254 2 254 10 254 31 254 98 254 229 254 407 254 599 254 599 254 599 254 599 254 599 254 599 254 599 254 599 254 599 254 599 254 599 254 
113 1 0 0 1 1 0 8 -1 -1 0 2907 144 8 138 8 138 8 137 8 135 8 127 8 109 8 78 8 30 8 0 8 0 8 0 8 0 8 0 8 0 8 0 8 0 8 0 8 0 8 0 8 
113 1 0 0 1 1 599 451 -1 -1 1 2892 522 451 519 451 525 451 534 451 547 451 565 451 589 451 599 451 599 451 599 451 599 451 599 451 599 451 599 451 599 451 
113 1 0 0 1 1 170 58 -1 -1 0 2930 170 409 170 421 170 415 170 404 170 387 170 363 170 333 170 296 170 255 170 213 170 169 170 128 170 97 170 77 170 65 170 58 
113 1 0 0 1 1 0 239 -1 -1 0 3164 280 239 279 239 285 239 300 239 323 239 361 239 413 239 479 239 554 239 599 239 599 239 599 239 599 239 599 239 599 239 599 239 598 239 590 239 573 239 538 239 479 239 398 239 303 239 199 239 102 239 22 239 0 239 0 239 0 239 0 239 
113 1 0 0 1 1 211 599 -1 -1 1 2888 211 371 211 372 211 374 211 379 211 385 211 392 211 404 211 422 211 446 211 475 211 511 211 547 211 583 211 599 211 599 211 599 211 599 211 599 211 599 211 599 
113 1 0 0 1 1 283 353 -1 -1 1 3106 283 265 283 277 283 283 283 290 283 301 283 318 283 340 283 363 283 383 283 397 283 404 283 403 283 397 283 386 283 373 283 362 283 355 283 353 
113 1 0 0 1 1 0 399 -1 -1 1 2880 308 399 308 399 301 399 289 399 274 399 251 399 222 399 184 399 131 399 72 399 15 399 0 399 0 399 0 399 0 399 0 399 0 399 
113 1 0 0 1 1 280 599 -1 -1 1 2900 280 457 280 458 280 460 280 472 280 492 280 520 280 566 280 599 280 599 280 599 280 599 280 599 280 599 280 599 
113 1 0 0 1 1 67 125 -1 -1 0 2827 553 125 568 125 564 125 551 125 526 125 491 125 442 125 380 125 310 125 237 125 170 125 121 125 90 125 74 125 67 125 66 125 67 125 
113 1 0 0 1 1 576 229 -1 -1 0 2446 576 142 576 150 576 158 576 172 576 196 576 229 
113 1 0 0 1 1 599 89 -1 -1 0 2521 448 89 599 89 
113 1 0 0 1 1 487 0 -1 -1 0 2569 487 296 487 25 487 25 487 25 487 17 487 0 487 0 487 0 487 0 487 0 487 0 487 0 487 0 487 0 
113 1 0 0 1 2 216 50 0 8332 3 
113 1 0 0 1 2 50 316 1 2002 4 
113 1 0 0 1 2 416 216 0 1437 4 
113 1 0 0 1 2 516 549 1 1801 5 
113 1 0 0 1 2 249 149 0 1290 4 
113 1 0 0 1 2 149 50 1 3145 4 
113 1 0 0 1 2 349 116 1 1202 3 
113 1 0 0 1 2 383 216 1 917 4 
113 1 0 0 1 2 516 482 0 1208 5 
113 1 0 0 1 2 449 549 1 748 5 
113 1 0 0 1 2 316 349 1 778 5 
113 1 0 0 1 2 416 183 0 1320 4 
113 1 0 0 1 2 283 249 0 1590 4 
113 1 0 0 1 2 149 516 1 2304 5 
113 1 0 0 1 2 516 183 0 956 4 
113 1 0 0 1 2 383 183 0 1182 4 
113 1 0 0 1 2 216 482 1 848 5 
113 1 0 0 1 2 416 449 1 626 5 
113 1 0 0 1 2 249 349 1 624 5 
113 1 0 0 1 2 149 316 1 1161 5 
113 1 0 0 1 2 216 416 1 974 5 
113 1 0 0 1 2 283 116 0 981 4 
113 1 0 0 1 2 316 316 1 3269 4 
113 1 0 0 1 2 482 249 1 1004 3 
113 1 0 0 1 2 183 116 0 2705 4 
113 1 0 0 1 2 316 216 0 830 5 
113 1 0 0 1 2 50 482 1 1758 4 
113 1 0 0 1 2 183 50 0 1668 4 
113 1 0 0 1 2 482 516 1 1316 5 
113 1 0 0 1 2 50 249 0 1612 3 
113 1 0 0 1 2 416 516 1 2965 4 
113 1 0 0 1 2 249 516 1 725 5 
