Subject 25 in condition 1
Training Condition: 0
Task: 0
Rule: [[[300, 220], [[9000, 0], [0, 2000]]], [[300, 380], [[9000, 0], [0, 2000]]]]
Noise: 0
CATA=1
CATB=0
Sample keys: 122 120
Resp keys: 309 307
Dim direction: 1 1
Dim minimum: 86 55
Test order: [2, 4, 1, 7, 6, 0, 5, 3]
25 1 0 0 1 1 193 293 -1 -1 0 8140 372 293 463 293 461 293 460 293 458 293 456 293 455 293 454 293 453 293 444 293 434 293 421 293 384 293 363 293 338 293 282 293 258 293 237 293 207 293 200 293 195 293 197 293 203 293 212 293 223 293 235 293 249 293 276 293 285 293 290 293 289 293 281 293 270 293 254 293 238 293 221 293 197 293 193 293 
25 1 0 0 1 1 457 100 -1 -1 0 3851 217 100 282 100 278 100 271 100 261 100 247 100 228 100 186 100 166 100 136 100 126 100 119 100 109 100 104 100 100 100 95 100 94 100 92 100 86 100 75 100 58 100 33 100 0 100 0 100 0 100 1 100 3 100 8 100 14 100 22 100 34 100 64 100 79 100 112 100 130 100 148 100 182 100 201 100 222 100 275 100 304 100 334 100 389 100 411 100 445 100 454 100 457 100 
25 1 0 0 1 1 98 399 -1 -1 1 6105 98 580 98 473 98 464 98 453 98 441 98 430 98 419 98 394 98 380 98 349 98 335 98 322 98 310 98 311 98 313 98 322 98 337 98 356 98 376 98 388 98 396 98 399 
25 1 0 0 1 1 263 262 -1 -1 0 3586 263 301 263 301 263 300 263 299 263 296 263 290 263 283 263 277 263 272 263 264 263 263 263 262 
25 1 0 0 1 1 474 169 -1 -1 0 2938 150 169 153 169 162 169 172 169 185 169 199 169 216 169 253 169 275 169 318 169 339 169 360 169 397 169 414 169 427 169 449 169 459 169 467 169 474 169 
25 1 0 0 1 1 419 0 -1 -1 0 2858 419 321 419 320 419 319 419 317 419 314 419 306 419 295 419 281 419 244 419 223 419 174 419 150 419 127 419 84 419 63 419 45 419 14 419 0 419 0 419 0 419 0 419 0 419 0 419 0 419 0 
25 1 0 0 1 1 380 491 -1 -1 1 4465 369 491 370 491 371 491 372 491 374 491 376 491 380 491 
25 1 0 0 1 1 599 203 -1 -1 0 3187 302 203 307 203 321 203 339 203 364 203 394 203 427 203 484 203 505 203 533 203 544 203 552 203 566 203 572 203 577 203 588 203 594 203 599 203 599 203 
25 1 0 0 1 1 443 0 -1 -1 0 2674 443 305 443 302 443 298 443 292 443 276 443 252 443 219 443 126 443 75 443 0 443 0 443 0 443 0 443 0 443 0 
25 1 0 0 1 1 335 376 -1 -1 1 2463 13 376 13 376 14 376 17 376 21 376 31 376 43 376 55 376 89 376 110 376 156 376 187 376 217 376 271 376 291 376 307 376 326 376 332 376 335 376 
25 1 0 0 1 1 333 219 -1 -1 0 2329 333 358 333 339 333 334 333 328 333 321 333 317 333 314 333 308 333 304 333 293 333 283 333 268 333 219 
25 1 0 0 1 1 259 372 -1 -1 1 2302 302 372 52 372 53 372 54 372 55 372 66 372 79 372 96 372 132 372 150 372 170 372 227 372 259 372 
25 1 0 0 1 1 294 411 -1 -1 1 2189 294 250 294 482 294 475 294 466 294 447 294 437 294 428 294 411 
25 1 0 0 1 1 90 412 -1 -1 1 3009 225 412 49 412 50 412 52 412 57 412 65 412 74 412 90 412 
25 1 0 0 1 1 177 297 -1 -1 0 3427 362 297 361 297 359 297 356 297 350 297 339 297 324 297 286 297 266 297 228 297 211 297 199 297 184 297 182 297 180 297 178 297 177 297 177 297 177 297 
25 1 0 0 1 1 431 346 -1 -1 1 2830 414 346 415 346 417 346 420 346 425 346 431 346 
25 1 0 0 1 2 83 83 1 6111 4 
25 1 0 0 1 2 216 349 1 515 3 
25 1 0 0 1 2 83 349 0 349 3 
25 1 0 0 1 2 449 449 1 1203 3 
25 1 0 0 1 2 183 349 1 518 4 
25 1 0 0 1 2 116 316 0 703 3 
25 1 0 0 1 2 149 116 1 998 5 
25 1 0 0 1 2 482 50 0 826 4 
25 1 0 0 1 2 349 516 1 484 4 
25 1 0 0 1 2 416 249 0 629 4 
25 1 0 0 1 2 383 83 0 348 4 
25 1 0 0 1 2 449 116 0 800 5 
25 1 0 0 1 2 549 316 0 590 5 
25 1 0 0 1 2 216 449 0 502 4 
25 1 0 0 1 2 482 149 0 203 3 
25 1 0 0 1 2 249 183 1 306 2 
25 1 0 0 1 2 283 383 1 271 4 
25 1 0 0 1 2 316 283 0 353 2 
25 1 0 0 1 2 349 383 0 275 3 
25 1 0 0 1 2 416 349 0 514 1 
25 1 0 0 1 2 83 449 0 116 4 
25 1 0 0 1 2 283 216 0 574 3 
25 1 0 0 1 2 149 249 0 156 4 
25 1 0 0 1 2 549 383 0 800 3 
25 1 0 0 1 2 50 149 1 436 2 
25 1 0 0 1 2 149 83 0 814 2 
25 1 0 0 1 2 83 149 0 491 2 
25 1 0 0 1 2 183 383 0 185 4 
25 1 0 0 1 2 449 83 0 486 3 
25 1 0 0 1 2 516 383 0 52 3 
25 1 0 0 1 2 349 83 0 209 2 
25 1 0 0 1 2 416 482 0 531 4 
25 1 0 0 1 1 159 437 -1 -1 1 4522 206 437 241 437 240 437 240 437 240 437 238 437 236 437 233 437 227 437 223 437 215 437 210 437 204 437 192 437 186 437 180 437 170 437 166 437 162 437 157 437 154 437 152 437 152 437 151 437 151 437 151 437 152 437 155 437 159 437 
25 1 0 0 1 1 555 549 -1 -1 1 3906 555 327 555 403 555 407 555 414 555 424 555 436 555 451 555 483 555 497 555 519 555 528 555 535 555 542 555 544 555 547 555 549 
25 1 0 0 1 1 83 354 -1 -1 1 2569 398 354 290 354 278 354 251 354 238 354 227 354 207 354 200 354 193 354 187 354 185 354 181 354 177 354 171 354 153 354 142 354 129 354 105 354 96 354 90 354 83 354 
25 1 0 0 1 1 391 163 -1 -1 0 3443 340 163 376 163 378 163 382 163 391 163 
25 1 0 0 1 1 0 292 -1 -1 0 3010 203 292 162 292 142 292 114 292 76 292 31 292 0 292 0 292 0 292 0 292 
25 1 0 0 1 1 555 380 -1 -1 1 2353 555 375 555 380 
25 1 0 0 1 1 296 0 -1 -1 0 2988 296 311 296 428 296 427 296 426 296 425 296 425 296 423 296 417 296 408 296 394 296 377 296 336 296 314 296 267 296 241 296 217 296 171 296 152 296 135 296 108 296 98 296 90 296 78 296 73 296 64 296 58 296 52 296 38 296 28 296 18 296 0 296 0 296 0 296 0 296 0 296 0 296 0 296 0 
25 1 0 0 1 1 350 30 -1 -1 0 2443 350 1 350 3 350 5 350 9 350 13 350 22 350 30 
25 1 0 0 1 1 283 330 -1 -1 1 2497 187 330 599 330 588 330 566 330 556 330 544 330 520 330 508 330 496 330 472 330 456 330 440 330 404 330 386 330 351 330 333 330 316 330 292 330 286 330 283 330 
25 1 0 0 1 1 0 396 -1 -1 1 4073 465 396 599 396 598 396 597 396 596 396 595 396 594 396 593 396 581 396 570 396 536 396 516 396 493 396 442 396 413 396 382 396 321 396 290 396 260 396 211 396 187 396 145 396 125 396 106 396 73 396 58 396 41 396 12 396 0 396 0 396 0 396 0 396 0 396 0 396 0 396 0 396 0 396 0 396 0 396 0 396 0 396 0 396 0 396 0 396 
25 1 0 0 1 1 529 599 -1 -1 1 3928 529 558 529 599 529 599 529 599 529 599 529 599 529 599 529 599 529 599 529 599 529 599 529 599 529 599 529 599 529 599 529 599 529 599 529 599 529 599 529 599 529 599 529 599 529 599 529 599 529 599 529 599 529 599 529 599 529 599 529 599 529 599 529 599 529 599 529 599 529 599 529 599 529 599 529 599 529 598 529 597 529 595 529 593 529 589 529 582 529 565 529 556 529 542 529 538 529 536 529 533 529 532 529 531 529 532 529 538 529 548 529 563 529 582 529 599 529 599 529 599 529 599 529 599 529 599 529 599 
25 1 0 0 1 1 599 442 -1 -1 1 3033 196 442 192 442 191 442 190 442 189 442 188 442 186 442 184 442 180 442 176 442 161 442 150 442 120 442 103 442 85 442 47 442 28 442 12 442 0 442 0 442 2 442 10 442 28 442 56 442 105 442 170 442 340 442 437 442 599 442 599 442 599 442 599 442 599 442 599 442 599 442 599 442 599 442 599 442 
25 1 0 0 1 1 599 158 -1 -1 0 6946 412 158 599 158 599 158 599 158 599 158 599 158 599 158 599 158 599 158 599 158 599 158 599 158 599 158 599 158 599 158 599 158 599 158 599 158 599 158 599 158 599 158 599 158 599 158 599 158 599 158 599 158 599 158 590 158 577 158 559 158 510 158 484 158 456 158 400 158 372 158 343 158 291 158 268 158 228 158 212 158 200 158 187 158 186 158 185 158 185 158 186 158 192 158 200 158 215 158 234 158 278 158 304 158 370 158 409 158 450 158 529 158 558 158 582 158 599 158 599 158 599 158 599 158 599 158 599 158 599 158 599 158 599 158 
25 1 0 0 1 1 599 39 -1 -1 0 3083 557 39 568 39 569 39 570 39 572 39 576 39 582 39 590 39 599 39 599 39 599 39 599 39 599 39 599 39 
25 1 0 0 1 1 569 441 -1 -1 1 2415 569 444 569 441 569 441 
25 1 0 0 1 1 599 237 -1 -1 0 3334 226 237 22 237 19 237 13 237 7 237 0 237 0 237 0 237 0 237 0 237 0 237 0 237 0 237 0 237 0 237 0 237 0 237 0 237 0 237 3 237 14 237 37 237 72 237 128 237 196 237 354 237 435 237 573 237 599 237 599 237 599 237 599 237 599 237 
25 1 0 0 1 2 116 349 1 1726 3 
25 1 0 0 1 2 216 116 1 567 3 
25 1 0 0 1 2 349 50 0 231 3 
25 1 0 0 1 2 83 216 0 63 3 
25 1 0 0 1 2 516 516 1 31 4 
25 1 0 0 1 2 416 383 0 877 3 
25 1 0 0 1 2 449 283 0 472 4 
25 1 0 0 1 2 83 249 0 393 4 
25 1 0 0 1 2 516 83 0 232 4 
25 1 0 0 1 2 449 482 0 133 4 
25 1 0 0 1 2 316 83 0 302 4 
25 1 0 0 1 2 183 149 0 41 4 
25 1 0 0 1 2 216 516 0 248 3 
25 1 0 0 1 2 249 383 0 179 3 
25 1 0 0 1 2 83 383 0 275 5 
25 1 0 0 1 2 283 283 1 93 4 
25 1 0 0 1 2 383 482 1 195 3 
25 1 0 0 1 2 116 183 1 31 4 
25 1 0 0 1 2 549 249 0 492 4 
25 1 0 0 1 2 516 316 0 31 3 
25 1 0 0 1 2 216 216 1 44 4 
25 1 0 0 1 2 149 416 0 100 3 
25 1 0 0 1 2 283 316 1 252 3 
25 1 0 0 1 2 416 549 0 205 3 
25 1 0 0 1 2 449 249 0 69 3 
25 1 0 0 1 2 516 416 1 47 3 
25 1 0 0 1 2 283 516 1 36 3 
25 1 0 0 1 2 216 249 1 91 3 
25 1 0 0 1 2 383 249 1 46 3 
25 1 0 0 1 2 549 549 0 123 3 
25 1 0 0 1 2 149 449 0 74 3 
25 1 0 0 1 2 416 283 1 123 3 
25 1 0 0 1 1 146 348 -1 -1 1 4147 292 348 290 348 286 348 282 348 279 348 273 348 264 348 232 348 213 348 175 348 158 348 148 348 145 348 146 348 
25 1 0 0 1 1 457 386 -1 -1 1 2794 540 386 564 386 563 386 561 386 560 386 559 386 557 386 555 386 554 386 550 386 546 386 541 386 525 386 515 386 504 386 500 386 498 386 492 386 486 386 480 386 469 386 461 386 457 386 
25 1 0 0 1 1 343 3 -1 -1 0 3099 557 3 599 3 594 3 586 3 577 3 568 3 560 3 530 3 508 3 455 3 429 3 406 3 372 3 358 3 349 3 343 3 
25 1 0 0 1 1 0 123 -1 -1 0 3358 168 123 166 123 163 123 156 123 143 123 126 123 103 123 56 123 35 123 0 123 0 123 0 123 0 123 0 123 0 123 0 123 
25 1 0 0 1 1 0 130 -1 -1 0 2568 80 130 108 130 106 130 103 130 100 130 87 130 77 130 52 130 36 130 22 130 2 130 0 130 0 130 0 130 0 130 0 130 0 130 0 130 0 130 0 130 0 130 
25 1 0 0 1 1 211 421 -1 -1 1 3596 260 421 260 421 254 421 247 421 241 421 235 421 228 421 216 421 212 421 211 421 
25 1 0 0 1 1 131 257 -1 -1 0 4264 130 257 133 257 133 257 133 257 132 257 132 257 131 257 
25 1 0 0 1 1 62 356 -1 -1 1 2876 202 356 189 356 171 356 153 356 137 356 123 356 111 356 90 356 82 356 69 356 65 356 63 356 62 356 
25 1 0 0 1 1 113 99 -1 -1 0 3344 158 99 270 99 264 99 257 99 251 99 244 99 238 99 222 99 210 99 183 99 170 99 153 99 124 99 113 99 
25 1 0 0 1 1 599 408 -1 -1 1 2787 585 408 599 408 599 408 599 408 599 408 599 408 599 408 
25 1 0 0 1 1 586 253 -1 -1 0 2835 593 253 586 253 586 253 
25 1 0 0 1 1 463 258 -1 -1 0 2344 306 258 222 258 227 258 241 258 267 258 306 258 346 258 414 258 437 258 463 258 
25 1 0 0 1 1 0 25 -1 -1 0 4947 68 25 51 25 46 25 39 25 30 25 21 25 11 25 0 25 0 25 0 25 
25 1 0 0 1 1 379 397 -1 -1 1 2626 145 397 134 397 138 397 145 397 154 397 168 397 186 397 232 397 258 397 303 397 322 397 340 397 366 397 374 397 377 397 379 397 
25 1 0 0 1 1 104 225 -1 -1 0 3491 104 361 104 346 104 345 104 345 104 344 104 342 104 338 104 331 104 322 104 312 104 287 104 273 104 258 104 236 104 228 104 225 
25 1 0 0 1 1 466 530 -1 -1 1 2440 340 530 341 530 347 530 352 530 359 530 369 530 379 530 405 530 421 530 451 530 461 530 466 530 
25 1 0 0 1 2 50 249 1 2239 3 
25 1 0 0 1 2 249 149 0 753 2 
25 1 0 0 1 2 449 549 0 108 3 
25 1 0 0 1 2 383 183 0 120 3 
25 1 0 0 1 2 416 216 0 182 3 
25 1 0 0 1 2 416 449 0 185 3 
25 1 0 0 1 2 149 516 0 183 3 
25 1 0 0 1 2 482 249 0 31 3 
25 1 0 0 1 2 416 183 0 373 3 
25 1 0 0 1 2 183 50 0 178 2 
25 1 0 0 1 2 349 116 0 30 2 
25 1 0 0 1 2 283 116 0 153 2 
25 1 0 0 1 2 216 416 0 31 2 
25 1 0 0 1 2 283 249 0 111 3 
25 1 0 0 1 2 50 316 1 136 3 
25 1 0 0 1 2 316 349 0 85 2 
25 1 0 0 1 2 249 349 0 52 3 
25 1 0 0 1 2 183 116 0 54 3 
25 1 0 0 1 2 149 50 0 30 3 
25 1 0 0 1 2 383 216 1 129 2 
25 1 0 0 1 2 50 482 1 11269 1 
25 1 0 0 1 2 216 50 0 77 3 
25 1 0 0 1 2 516 183 1 52 3 
25 1 0 0 1 2 482 516 0 53 3 
25 1 0 0 1 2 249 516 0 57 3 
25 1 0 0 1 2 416 516 1 63 4 
25 1 0 0 1 2 216 482 1 55 3 
25 1 0 0 1 2 149 316 1 53 3 
25 1 0 0 1 2 516 549 1 84 4 
25 1 0 0 1 2 516 482 0 30 3 
25 1 0 0 1 2 316 216 1 36 3 
25 1 0 0 1 2 316 316 0 31 3 
25 1 0 0 1 1 270 333 -1 -1 1 5877 468 333 338 333 334 333 328 333 319 333 310 333 301 333 285 333 280 333 273 333 272 333 271 333 270 333 
25 1 0 0 1 1 142 70 -1 -1 0 2276 47 70 142 70 
25 1 0 0 1 1 297 155 -1 -1 0 8087 449 155 305 155 310 155 315 155 315 155 312 155 306 155 298 155 297 155 
25 1 0 0 1 1 156 68 -1 -1 0 2395 156 69 156 69 156 69 156 68 156 68 
25 1 0 0 1 1 7 239 -1 -1 0 2419 7 306 7 167 7 169 7 174 7 182 7 194 7 207 7 220 7 237 7 239 
25 1 0 0 1 1 389 120 -1 -1 0 2425 389 89 389 87 389 89 389 95 389 101 389 109 389 117 389 120 
25 1 0 0 1 1 33 177 -1 -1 0 2541 33 341 33 329 33 328 33 327 33 324 33 321 33 317 33 313 33 300 33 293 33 279 33 272 33 264 33 247 33 237 33 227 33 207 33 198 33 190 33 181 33 178 33 177 
25 1 0 0 1 1 256 472 -1 -1 1 6276 256 68 256 69 256 71 256 74 256 79 256 84 256 92 256 110 256 120 256 138 256 147 256 154 256 163 256 167 256 169 256 170 256 170 256 168 256 156 256 147 256 120 256 100 256 78 256 26 256 0 256 0 256 0 256 0 256 0 256 0 256 0 256 0 256 0 256 1 256 6 256 9 256 11 256 15 256 17 256 22 256 26 256 32 256 49 256 60 256 73 256 103 256 116 256 128 256 142 256 146 256 151 256 152 256 152 256 152 256 152 256 152 256 153 256 155 256 156 256 161 256 164 256 175 256 181 256 188 256 201 256 207 256 212 256 218 256 219 256 222 256 223 256 226 256 239 256 250 256 263 256 295 256 310 256 323 256 336 256 335 256 313 256 299 256 284 256 257 256 245 256 237 256 228 256 227 256 226 256 225 256 224 256 223 256 221 256 217 256 213 256 201 256 196 256 190 256 174 256 165 256 157 256 147 256 144 256 143 256 145 256 151 256 164 256 182 256 204 256 263 256 292 256 347 256 369 256 389 256 429 256 449 256 471 256 515 256 535 256 553 256 582 256 592 256 599 256 599 256 599 256 599 256 599 256 599 256 599 256 599 256 599 256 599 256 597 256 592 256 584 256 574 256 562 256 551 256 538 256 526 256 514 256 496 256 488 256 483 256 480 256 478 256 477 256 476 256 475 256 474 256 473 256 472 
25 1 0 0 1 1 0 543 -1 -1 1 3166 52 543 38 543 37 543 36 543 35 543 33 543 29 543 25 543 20 543 13 543 0 543 0 543 0 543 0 543 0 543 0 543 0 543 0 543 
25 1 0 0 1 1 501 179 -1 -1 0 4260 501 400 501 396 501 386 501 368 501 342 501 307 501 267 501 206 501 189 501 179 
25 1 0 0 1 1 599 308 -1 -1 1 2945 501 308 599 308 
25 1 0 0 1 1 220 0 -1 -1 0 2546 220 23 220 0 
25 1 0 0 1 1 153 281 -1 -1 0 3089 164 240 164 286 164 285 164 285 164 283 164 282 163 282 163 282 160 282 160 282 158 282 157 282 156 282 154 282 153 282 153 282 153 279 153 279 153 280 153 281 
25 1 0 0 1 1 161 599 -1 -1 1 2762 161 153 161 159 161 169 161 189 161 218 161 265 161 338 161 532 161 599 161 599 161 599 161 599 161 599 
25 1 0 0 1 1 185 241 -1 -1 0 2297 196 241 192 241 191 241 190 241 189 241 189 241 187 241 185 241 
25 1 0 0 1 1 558 163 -1 -1 0 2279 558 422 558 102 558 107 558 118 558 131 558 146 558 163 
25 1 0 0 1 2 50 283 1 10395 3 
25 1 0 0 1 2 149 183 1 74 4 
25 1 0 0 1 2 249 50 0 68 3 
25 1 0 0 1 2 116 116 1 119 4 
25 1 0 0 1 2 149 549 1 68 4 
25 1 0 0 1 2 50 83 0 30 3 
25 1 0 0 1 2 516 216 0 29 3 
25 1 0 0 1 2 116 482 1 89 3 
25 1 0 0 1 2 549 50 0 92 3 
25 1 0 0 1 2 183 249 0 53 3 
25 1 0 0 1 2 216 149 1 133 3 
25 1 0 0 1 2 249 216 0 124 3 
25 1 0 0 1 2 482 216 1 30 3 
25 1 0 0 1 2 349 449 0 117 3 
25 1 0 0 1 2 316 149 0 80 3 
25 1 0 0 1 2 249 416 0 33 3 
25 1 0 0 1 2 383 316 1 446 3 
25 1 0 0 1 2 549 516 1 392 3 
25 1 0 0 1 2 249 316 1 64 3 
25 1 0 0 1 2 283 349 0 455 4 
25 1 0 0 1 2 149 383 1 962 4 
25 1 0 0 1 2 349 149 1 48 3 
25 1 0 0 1 2 149 349 1 386 3 
25 1 0 0 1 2 383 349 1 769 4 
25 1 0 0 1 2 549 449 0 41 4 
25 1 0 0 1 2 116 416 0 361 3 
25 1 0 0 1 2 482 383 1 664 3 
25 1 0 0 1 2 516 449 0 363 3 
25 1 0 0 1 2 516 249 0 224 3 
25 1 0 0 1 2 516 349 1 385 4 
25 1 0 0 1 2 316 116 1 318 4 
25 1 0 0 1 2 383 116 1 209 4 
25 1 0 0 1 1 443 322 -1 -1 1 4051 374 322 374 322 389 322 403 322 416 322 426 322 434 322 442 322 443 322 
25 1 0 0 1 1 373 206 -1 -1 0 2644 373 224 373 206 
25 1 0 0 1 1 0 581 -1 -1 1 2849 35 581 24 581 16 581 7 581 0 581 0 581 0 581 0 581 0 581 0 581 0 581 0 581 0 581 0 581 0 581 0 581 0 581 0 581 0 581 
25 1 0 0 1 1 556 412 -1 -1 1 2514 556 264 556 411 556 412 
25 1 0 0 1 1 535 490 -1 -1 1 2366 573 490 569 490 565 490 558 490 550 490 535 490 
25 1 0 0 1 1 202 343 -1 -1 1 2503 202 399 202 194 202 204 202 223 202 270 202 291 202 311 202 335 202 340 202 341 202 342 202 343 
25 1 0 0 1 1 381 532 -1 -1 1 2371 143 532 168 532 178 532 203 532 217 532 252 532 269 532 286 532 318 532 333 532 345 532 360 532 366 532 369 532 378 532 381 532 
25 1 0 0 1 1 3 334 -1 -1 1 2552 3 588 3 597 3 578 3 554 3 524 3 490 3 456 3 391 3 367 3 339 3 334 
25 1 0 0 1 1 448 539 -1 -1 1 2370 540 539 525 539 518 539 505 539 500 539 491 539 489 539 488 539 487 539 487 539 485 539 483 539 480 539 470 539 461 539 448 539 
25 1 0 0 1 1 320 164 -1 -1 0 2842 70 164 6 164 18 164 32 164 54 164 82 164 111 164 175 164 205 164 261 164 283 164 300 164 316 164 319 164 320 164 
25 1 0 0 1 1 265 271 -1 -1 0 2484 265 480 265 477 265 476 265 474 265 470 265 467 265 463 265 453 265 449 265 437 265 429 265 421 265 401 265 389 265 377 265 351 265 337 265 323 265 296 265 284 265 271 
25 1 0 0 1 1 141 599 -1 -1 1 2619 141 449 141 551 141 561 141 577 141 585 141 594 141 599 141 599 141 599 141 599 141 599 141 599 141 599 141 599 141 599 141 599 141 599 141 599 141 599 141 599 141 599 141 599 141 599 
25 1 0 0 1 1 30 281 -1 -1 0 2337 252 281 139 281 40 281 34 281 32 281 30 281 
25 1 0 0 1 1 254 599 -1 -1 1 2426 254 580 254 599 254 599 254 599 254 599 254 599 254 599 254 599 254 599 254 599 254 599 254 599 254 599 
25 1 0 0 1 1 0 188 -1 -1 0 2793 68 188 0 188 0 188 0 188 0 188 0 188 0 188 0 188 0 188 0 188 0 188 0 188 0 188 0 188 0 188 0 188 0 188 0 188 0 188 0 188 0 188 0 188 
25 1 0 0 1 1 163 599 -1 -1 1 2714 163 194 163 194 163 195 163 195 163 199 163 208 163 222 163 242 163 292 163 322 163 382 163 412 163 444 163 508 163 537 163 562 163 598 163 599 163 599 163 599 163 599 
25 1 0 0 1 2 183 482 1 3164 3 
25 1 0 0 1 2 549 349 0 1037 3 
25 1 0 0 1 2 83 50 1 826 3 
25 1 0 0 1 2 549 482 1 615 3 
25 1 0 0 1 2 349 316 1 884 3 
25 1 0 0 1 2 116 449 1 421 3 
25 1 0 0 1 2 50 116 1 633 3 
25 1 0 0 1 2 482 549 1 668 3 
25 1 0 0 1 2 349 283 1 956 3 
25 1 0 0 1 2 449 416 0 845 3 
25 1 0 0 1 2 83 283 1 1128 3 
25 1 0 0 1 2 316 183 1 1016 3 
25 1 0 0 1 2 349 183 0 1398 3 
25 1 0 0 1 2 116 549 1 665 3 
25 1 0 0 1 2 249 449 0 305 3 
25 1 0 0 1 2 316 482 1 344 3 
25 1 0 0 1 2 482 283 0 226 3 
25 1 0 0 1 2 50 383 1 203 3 
25 1 0 0 1 2 50 183 1 57 3 
25 1 0 0 1 2 116 50 1 344 3 
25 1 0 0 1 2 249 482 1 314 4 
25 1 0 0 1 2 549 149 1 100 3 
25 1 0 0 1 2 349 249 1 309 3 
25 1 0 0 1 2 283 549 1 239 3 
25 1 0 0 1 2 516 116 1 460 3 
25 1 0 0 1 2 50 216 1 302 3 
25 1 0 0 1 2 349 549 1 391 3 
25 1 0 0 1 2 149 216 1 774 4 
25 1 0 0 1 2 216 283 1 315 3 
25 1 0 0 1 2 482 416 1 262 3 
25 1 0 0 1 2 50 349 0 244 3 
25 1 0 0 1 2 383 283 0 100 3 
25 1 0 0 1 1 257 167 -1 -1 0 5444 395 167 394 167 387 167 378 167 368 167 358 167 347 167 327 167 316 167 294 167 284 167 276 167 263 167 257 167 
25 1 0 0 1 1 513 538 -1 -1 1 3699 513 509 513 509 513 509 513 512 513 514 513 518 513 522 513 528 513 531 513 535 513 536 513 537 513 537 513 538 
25 1 0 0 1 1 65 82 -1 -1 0 3655 71 82 65 82 
25 1 0 0 1 1 173 137 -1 -1 0 2558 313 137 174 137 173 137 
25 1 0 0 1 1 509 331 -1 -1 1 7587 509 316 509 330 509 331 
25 1 0 0 1 1 518 227 -1 -1 0 2231 523 227 518 227 
25 1 0 0 1 1 511 592 -1 -1 1 3226 541 592 567 592 566 592 565 592 564 592 561 592 556 592 551 592 550 592 549 592 546 592 540 592 531 592 521 592 515 592 513 592 513 592 513 592 513 592 513 592 512 592 511 592 
25 1 0 0 1 1 89 401 -1 -1 1 2659 89 409 89 402 89 401 89 401 
25 1 0 0 1 1 353 23 -1 -1 0 2729 354 23 353 23 353 23 
25 1 0 0 1 1 536 304 -1 -1 1 3299 584 304 536 304 536 304 536 304 536 304 
25 1 0 0 1 1 231 111 -1 -1 0 4587 235 111 233 111 232 111 231 111 230 111 230 111 230 111 230 111 230 111 230 111 230 111 230 111 231 111 
25 1 0 0 1 1 168 99 -1 -1 0 2921 381 99 381 99 379 99 375 99 370 99 360 99 348 99 334 99 296 99 273 99 226 99 206 99 189 99 171 99 169 99 168 99 
25 1 0 0 1 1 145 364 -1 -1 1 3120 84 167 84 364 98 364 109 364 118 364 125 364 131 364 139 364 141 364 144 364 145 364 
25 1 0 0 1 1 322 45 -1 -1 0 2774 326 45 384 45 383 45 380 45 376 45 371 45 366 45 353 45 346 45 331 45 326 45 323 45 322 45 
25 1 0 0 1 1 593 424 -1 -1 1 2899 341 424 341 424 341 424 341 424 341 424 342 424 344 424 348 424 356 424 362 424 367 424 380 424 387 424 394 424 405 424 412 424 420 424 439 424 451 424 475 424 488 424 500 424 522 424 529 424 537 424 548 424 552 424 558 424 561 424 566 424 577 424 582 424 586 424 592 424 593 424 
25 1 0 0 1 1 151 187 -1 -1 0 6922 356 187 187 187 175 187 167 187 160 187 154 187 151 187 
25 1 0 0 1 2 83 416 1 1123 2 
25 1 0 0 1 2 283 50 0 530 3 
25 1 0 0 1 2 83 316 1 514 3 
25 1 0 0 1 2 316 249 1 567 3 
25 1 0 0 1 2 482 449 0 197 3 
25 1 0 0 1 2 516 283 1 31 3 
25 1 0 0 1 2 249 283 1 232 3 
25 1 0 0 1 2 216 549 1 119 3 
25 1 0 0 1 2 83 516 0 170 3 
25 1 0 0 1 2 183 283 1 239 3 
25 1 0 0 1 2 383 549 0 50 3 
25 1 0 0 1 2 549 216 1 133 3 
25 1 0 0 1 2 50 449 0 563 3 
25 1 0 0 1 2 83 549 1 259 3 
25 1 0 0 1 2 449 349 0 1315 3 
25 1 0 0 1 2 183 216 1 93 3 
25 1 0 0 1 2 516 50 1 163 3 
25 1 0 0 1 2 283 183 1 31 3 
25 1 0 0 1 2 482 183 1 105 3 
25 1 0 0 1 2 482 116 0 30 3 
25 1 0 0 1 2 116 83 1 58 3 
25 1 0 0 1 2 416 416 1 95 3 
25 1 0 0 1 2 316 549 1 161 3 
25 1 0 0 1 2 116 149 0 30 3 
25 1 0 0 1 2 482 316 0 101 3 
25 1 0 0 1 2 316 516 1 33 3 
25 1 0 0 1 2 416 149 0 98 3 
25 1 0 0 1 2 349 416 1 55 3 
25 1 0 0 1 2 249 116 1 93 3 
25 1 0 0 1 2 83 482 0 212 3 
25 1 0 0 1 2 216 383 0 123 3 
25 1 0 0 1 2 416 116 1 30 3 
25 1 0 0 1 1 598 520 -1 -1 1 5355 198 520 344 520 405 520 457 520 496 520 521 520 539 520 566 520 574 520 587 520 593 520 596 520 598 520 
25 1 0 0 1 1 352 209 -1 -1 0 2770 352 535 352 537 352 531 352 520 352 503 352 481 352 453 352 383 352 348 352 285 352 262 352 242 352 216 352 210 352 209 
25 1 0 0 1 1 286 112 -1 -1 0 2307 276 112 284 112 286 112 
25 1 0 0 1 1 596 0 -1 -1 0 2622 596 29 596 181 596 180 596 179 596 178 596 177 596 176 596 175 596 173 596 171 596 170 596 168 596 168 596 165 596 157 596 145 596 111 596 88 596 62 596 10 596 0 596 0 596 0 
25 1 0 0 1 1 599 430 -1 -1 1 2342 403 430 404 430 414 430 429 430 447 430 471 430 502 430 566 430 593 430 599 430 599 430 
25 1 0 0 1 1 105 64 -1 -1 0 2327 105 365 105 364 105 354 105 341 105 322 105 276 105 248 105 221 105 153 105 123 105 102 105 73 105 66 105 64 
25 1 0 0 1 1 464 367 -1 -1 1 2361 77 367 364 367 408 367 434 367 451 367 462 367 464 367 
25 1 0 0 1 1 280 0 -1 -1 0 2435 280 36 280 34 280 21 280 7 280 0 280 0 
25 1 0 0 1 1 599 4 -1 -1 0 2855 52 4 0 4 2 4 5 4 26 4 48 4 78 4 153 4 201 4 252 4 349 4 383 4 407 4 423 4 425 4 426 4 430 4 441 4 455 4 476 4 534 4 565 4 599 4 599 4 599 4 599 4 599 4 599 4 599 4 599 4 599 4 599 4 599 4 599 4 
25 1 0 0 1 1 369 0 -1 -1 0 2595 369 510 369 287 369 272 369 255 369 235 369 214 369 191 369 137 369 108 369 38 369 1 369 0 369 0 369 0 369 0 369 0 369 0 369 0 
25 1 0 0 1 1 599 27 -1 -1 0 2496 347 27 599 27 599 27 599 27 599 27 599 27 599 27 599 27 599 27 599 27 599 27 599 27 599 27 599 27 599 27 599 27 599 27 599 27 
25 1 0 0 1 1 527 0 -1 -1 0 2572 527 52 527 0 527 0 527 0 527 0 527 0 527 0 527 0 527 0 527 0 527 0 527 0 527 0 527 0 527 0 527 0 527 0 
25 1 0 0 1 1 590 53 -1 -1 0 2343 573 53 572 53 572 53 574 53 575 53 577 53 582 53 590 53 
25 1 0 0 1 1 431 366 -1 -1 1 2547 431 425 431 599 431 594 431 583 431 568 431 548 431 522 431 461 431 435 431 394 431 380 431 371 431 366 
25 1 0 0 1 1 599 269 -1 -1 0 2290 404 269 397 269 400 269 409 269 424 269 441 269 462 269 522 269 549 269 570 269 594 269 599 269 
25 1 0 0 1 1 93 599 -1 -1 1 2245 93 483 93 575 93 583 93 599 93 599 93 599 93 599 93 599 93 599 93 599 
25 1 0 0 1 2 416 316 1 1417 1 
25 1 0 0 1 2 116 249 0 193 3 
25 1 0 0 1 2 116 216 0 57 2 
25 1 0 0 1 2 183 183 0 270 2 
25 1 0 0 1 2 449 183 0 53 2 
25 1 0 0 1 2 183 416 0 114 2 
25 1 0 0 1 2 83 116 0 64 3 
25 1 0 0 1 2 449 516 1 304 3 
25 1 0 0 1 2 316 383 0 78 4 
25 1 0 0 1 2 416 50 0 78 4 
25 1 0 0 1 2 116 283 1 34 4 
25 1 0 0 1 2 216 316 0 45 4 
25 1 0 0 1 2 383 383 0 136 4 
25 1 0 0 1 2 349 349 0 125 4 
25 1 0 0 1 2 249 249 0 170 4 
25 1 0 0 1 2 482 482 0 182 4 
25 1 0 0 1 2 316 416 1 161 4 
25 1 0 0 1 2 449 383 0 932 4 
25 1 0 0 1 2 482 83 1 412 4 
25 1 0 0 1 2 50 549 1 113 4 
25 1 0 0 1 2 249 83 1 323 4 
25 1 0 0 1 2 183 549 1 263 4 
25 1 0 0 1 2 416 83 0 5987 4 
25 1 0 0 1 2 283 449 1 191 4 
25 1 0 0 1 2 549 116 1 116 4 
25 1 0 0 1 2 316 50 1 119 4 
25 1 0 0 1 2 116 516 1 39 4 
25 1 0 0 1 2 183 316 1 367 4 
25 1 0 0 1 2 549 283 1 126 4 
25 1 0 0 1 2 449 149 1 2930 4 
25 1 0 0 1 2 183 516 1 1112 4 
25 1 0 0 1 2 216 183 1 146 4 
25 1 0 0 1 1 361 555 -1 -1 1 4212 535 555 361 555 361 555 361 555 361 555 361 555 
25 1 0 0 1 1 599 335 -1 -1 1 2634 433 247 481 247 483 247 488 247 499 247 514 247 532 247 552 247 588 247 599 247 599 333 599 335 
25 1 0 0 1 1 30 352 -1 -1 1 2169 48 352 34 352 30 352 
25 1 0 0 1 1 544 261 -1 -1 0 2123 543 261 599 261 570 261 552 261 544 261 
25 1 0 0 1 1 349 576 -1 -1 1 2466 381 576 323 576 324 576 324 576 326 576 329 576 332 576 341 576 349 576 
25 1 0 0 1 1 496 337 -1 -1 1 2327 496 263 496 372 496 370 496 366 496 359 496 350 496 337 
25 1 0 0 1 1 499 184 -1 -1 0 2143 522 184 369 184 405 184 437 184 488 184 499 184 
25 1 0 0 1 1 155 155 -1 -1 0 3023 155 348 155 85 155 89 155 97 155 108 155 119 155 131 155 149 155 155 
25 1 0 0 1 1 263 438 -1 -1 1 2314 72 438 142 438 164 438 188 438 213 438 236 438 253 438 262 438 263 438 
25 1 0 0 1 1 462 231 -1 -1 0 4002 440 231 599 231 592 231 586 231 579 231 571 231 564 231 548 231 541 231 522 231 512 231 502 231 481 231 471 231 462 231 
25 1 0 0 1 1 183 263 -1 -1 0 2387 183 244 183 258 183 258 183 259 183 260 183 261 183 263 
25 1 0 0 1 1 249 382 -1 -1 1 2325 271 382 376 382 375 382 373 382 363 382 354 382 330 382 317 382 303 382 276 382 265 382 258 382 250 382 249 382 
25 1 0 0 1 1 188 407 -1 -1 1 2787 198 407 196 407 196 407 196 407 196 407 196 407 197 407 200 407 200 407 199 407 197 407 194 407 191 407 189 407 188 407 
25 1 0 0 1 1 599 87 -1 -1 0 3049 551 87 558 87 558 87 559 87 562 87 564 87 565 87 574 87 581 87 598 87 599 87 599 87 599 87 599 87 599 87 599 87 599 87 599 87 599 87 599 87 599 87 
25 1 0 0 1 1 0 553 -1 -1 1 4530 32 553 29 553 24 553 16 553 8 553 0 553 0 553 0 553 0 553 0 553 0 553 0 553 0 553 0 553 0 553 0 553 0 553 0 553 0 553 
25 1 0 0 1 1 206 328 -1 -1 1 3660 471 328 305 328 293 328 280 328 267 328 254 328 241 328 222 328 215 328 206 328 204 328 204 328 204 328 205 328 206 328 
25 1 0 0 1 2 516 149 1 1013 3 
25 1 0 0 1 2 183 449 1 1104 3 
25 1 0 0 1 2 50 416 1 374 3 
25 1 0 0 1 2 449 216 0 939 4 
25 1 0 0 1 2 283 416 0 31 4 
25 1 0 0 1 2 349 216 1 58 4 
25 1 0 0 1 2 316 449 1 199 4 
25 1 0 0 1 2 183 83 1 66 4 
25 1 0 0 1 2 383 50 0 59 4 
25 1 0 0 1 2 149 482 1 124 4 
25 1 0 0 1 2 549 416 1 57 4 
25 1 0 0 1 2 482 349 0 113 4 
25 1 0 0 1 2 549 83 0 30 4 
25 1 0 0 1 2 216 83 0 158 4 
25 1 0 0 1 2 449 50 0 53 4 
25 1 0 0 1 2 383 416 1 38 4 
25 1 0 0 1 2 83 183 0 86 4 
25 1 0 0 1 2 283 83 1 61 4 
25 1 0 0 1 2 50 50 0 100 4 
25 1 0 0 1 2 249 549 1 135 3 
25 1 0 0 1 2 116 383 0 115 3 
25 1 0 0 1 2 383 149 1 53 3 
25 1 0 0 1 2 349 482 1 131 4 
25 1 0 0 1 2 149 149 1 122 3 
25 1 0 0 1 2 383 449 1 1629 3 
25 1 0 0 1 2 50 516 0 31 3 
25 1 0 0 1 2 283 149 1 30 3 
25 1 0 0 1 2 449 316 1 62 3 
25 1 0 0 1 2 549 183 1 3699 4 
25 1 0 0 1 2 149 283 0 95 3 
25 1 0 0 1 2 283 482 0 51 3 
25 1 0 0 1 2 383 516 0 30 3 
