Subject 32 in condition 0
Training Condition: 0
Task: 0
Rule: [[[220, 300], [[2000, 0], [0, 9000]]], [[380, 300], [[2000, 0], [0, 9000]]]]
Noise: 0
CATA=0
CATB=1
Sample keys: 122 120
Resp keys: 309 307
Dim direction: 1 0
Dim minimum: 37 79
Test order: [7, 2, 1, 5, 6, 0, 3, 4]
32 0 0 0 0 1 513 73 -1 -1 1 5691 543 73 542 73 541 73 541 73 540 73 540 73 539 73 539 73 538 73 538 73 538 73 536 73 536 73 536 73 536 73 536 73 536 73 535 73 535 73 534 73 534 73 534 73 533 73 533 73 533 73 533 73 533 73 533 73 532 73 532 73 532 73 532 73 532 73 532 73 532 73 532 73 532 73 532 73 531 73 530 73 528 73 527 73 526 73 524 73 523 73 522 73 519 73 518 73 517 73 515 73 514 73 513 73 513 73 
32 0 0 0 0 1 514 585 -1 -1 1 10066 535 413 535 413 535 413 535 413 535 413 535 414 535 414 535 415 535 416 535 417 535 418 535 419 535 421 535 421 535 422 535 424 535 426 535 428 535 435 535 439 535 442 535 446 535 448 535 451 535 453 535 455 535 461 535 465 535 468 535 478 535 485 535 493 535 509 535 517 535 529 535 534 535 538 535 546 535 549 535 551 535 557 535 561 535 572 535 578 535 584 535 597 535 599 535 599 535 599 535 599 535 599 535 599 535 599 535 599 535 599 535 599 535 599 535 597 535 595 535 594 535 592 535 591 535 590 535 589 535 587 535 587 535 585 535 585 535 585 535 585 536 585 536 585 537 585 537 585 537 585 540 585 540 585 541 585 543 585 544 585 546 585 548 585 548 585 550 585 550 585 550 585 551 585 551 585 552 585 552 585 552 585 552 585 551 585 549 585 547 585 544 585 541 585 536 585 534 585 531 585 528 585 527 585 524 585 522 585 521 585 520 585 520 585 519 585 518 585 518 585 516 585 515 585 514 585 514 585 514 585 514 585 
32 0 0 0 0 1 103 67 -1 -1 0 8250 103 518 103 516 103 515 103 514 103 510 103 507 103 504 103 497 103 494 103 489 103 488 103 487 103 485 103 483 103 480 103 472 103 469 103 464 103 454 103 450 103 443 103 441 103 440 103 438 103 438 103 438 103 438 103 438 103 438 103 438 103 438 103 438 103 439 103 440 103 441 103 441 103 442 103 442 103 442 103 443 103 444 103 444 103 441 103 439 103 437 103 437 103 437 103 438 103 439 103 439 103 438 103 438 103 438 103 444 103 452 103 463 103 490 103 509 103 528 103 574 103 599 103 599 103 599 103 599 103 599 103 599 103 599 103 599 103 599 103 596 103 583 103 558 103 519 103 467 103 396 103 245 103 186 103 110 103 82 103 57 103 14 103 0 103 0 103 0 103 0 103 0 103 2 103 3 103 3 103 4 103 5 103 9 103 14 103 24 103 37 103 64 103 77 103 93 103 95 103 95 103 94 103 93 103 93 103 91 103 90 103 89 103 88 103 87 103 86 103 84 103 83 103 83 103 82 103 81 103 80 103 79 103 78 103 77 103 76 103 75 103 73 103 71 103 69 103 68 103 67 
32 0 0 0 0 1 105 598 -1 -1 0 5250 105 342 105 342 105 342 105 343 105 343 105 344 105 345 105 349 105 350 105 352 105 353 105 355 105 358 105 360 105 363 105 371 105 375 105 381 105 399 105 412 105 436 105 451 105 466 105 489 105 498 105 506 105 523 105 533 105 542 105 560 105 566 105 575 105 578 105 582 105 588 105 591 105 592 105 595 105 596 105 597 105 598 105 598 105 598 
32 0 0 0 0 1 549 482 -1 -1 1 9379 441 482 445 482 444 482 444 482 444 482 443 482 442 482 441 482 441 482 440 482 440 482 439 482 439 482 438 482 437 482 432 482 428 482 423 482 421 482 419 482 416 482 416 482 414 482 414 482 414 482 414 482 412 482 412 482 410 482 412 482 416 482 421 482 427 482 431 482 435 482 445 482 450 482 465 482 473 482 482 482 504 482 514 482 523 482 533 482 537 482 540 482 547 482 548 482 549 482 
32 0 0 0 0 1 14 166 -1 -1 0 5487 243 168 243 168 243 166 243 166 242 166 241 166 241 166 243 166 243 166 244 166 245 166 245 166 245 166 247 166 250 166 256 166 259 166 260 166 262 166 263 166 264 166 267 166 270 166 282 166 292 166 304 166 330 166 342 166 352 166 359 166 361 166 357 166 349 166 338 166 301 166 279 166 258 166 214 166 196 166 176 166 144 166 128 166 101 166 90 166 82 166 71 166 67 166 63 166 56 166 52 166 47 166 37 166 31 166 23 166 20 166 17 166 14 166 
32 0 0 0 0 1 599 182 -1 -1 1 6708 449 428 468 428 467 428 465 428 462 428 458 428 453 428 439 428 431 428 413 428 405 428 398 428 390 428 389 428 388 428 386 428 385 428 385 428 385 428 387 428 391 428 396 428 403 428 410 428 425 428 434 428 450 428 458 428 467 428 486 428 496 428 506 428 525 428 533 428 541 428 554 428 560 428 570 428 574 428 578 428 582 428 584 428 585 428 586 428 587 428 589 428 593 428 594 428 596 428 596 428 598 428 599 428 599 428 599 428 599 428 599 428 599 428 599 428 599 428 599 428 599 427 599 425 599 421 599 416 599 404 599 398 599 389 599 384 599 378 599 364 599 357 599 347 599 315 599 290 599 266 599 242 599 236 599 229 599 227 599 224 599 214 599 206 599 199 599 192 599 190 599 189 599 185 599 184 599 182 599 182 599 182 
32 0 0 0 0 1 0 376 -1 -1 0 18303 569 376 568 376 566 376 563 376 557 376 548 376 537 376 512 376 499 376 475 376 465 376 456 376 442 376 435 376 428 376 413 376 405 376 396 376 380 376 373 376 360 376 355 376 350 376 340 376 341 376 347 376 357 376 361 376 365 376 392 376 412 376 405 376 385 376 370 376 362 376 359 376 359 376 359 376 360 376 368 376 376 376 387 376 412 376 426 376 441 376 467 376 480 376 495 376 520 376 533 376 553 376 561 376 568 376 581 376 586 376 589 376 595 376 598 376 599 376 599 376 599 376 599 376 599 376 599 376 599 376 599 376 599 376 599 376 599 376 599 376 598 376 594 376 591 376 590 376 591 376 596 376 599 376 599 376 599 376 599 376 599 376 599 376 599 376 599 376 599 376 599 376 599 376 599 376 599 376 599 376 599 376 599 376 599 376 599 376 599 376 599 376 598 376 596 376 578 376 566 376 541 376 534 376 527 376 514 376 509 376 505 376 493 376 489 376 486 376 476 376 474 376 463 376 457 376 452 376 444 376 440 376 437 376 432 376 430 376 427 376 425 376 423 376 421 376 421 376 420 376 418 376 416 376 415 376 410 376 407 376 401 376 398 376 395 376 389 376 387 376 383 376 378 376 375 376 372 376 366 376 364 376 360 376 357 376 355 376 351 376 350 376 348 376 346 376 345 376 344 376 343 376 343 376 342 376 341 376 341 376 339 376 339 376 338 376 337 376 336 376 335 376 335 376 333 376 333 376 332 376 332 376 332 376 331 376 331 376 331 376 330 376 330 376 330 376 330 376 330 376 330 376 330 376 332 376 332 376 332 376 333 376 334 376 335 376 335 376 336 376 337 376 337 376 339 376 340 376 340 376 341 376 342 376 343 376 344 376 345 376 345 376 346 376 346 376 347 376 348 376 348 376 348 376 360 376 367 376 369 376 370 376 371 376 374 376 385 376 394 376 418 376 431 376 448 376 490 376 510 376 525 376 552 376 562 376 570 376 585 376 591 376 599 376 599 376 599 376 599 376 599 376 599 376 599 376 599 376 599 376 599 376 599 376 599 376 599 376 599 376 599 376 599 376 599 376 598 376 593 376 589 376 584 376 569 376 562 376 554 376 542 376 535 376 531 376 524 376 520 376 510 376 510 376 508 376 504 376 501 376 496 376 491 376 483 376 481 376 482 376 487 376 492 376 503 376 508 376 513 376 520 376 523 376 525 376 529 376 531 376 534 376 536 376 538 376 541 376 542 376 542 376 542 376 544 376 544 376 544 376 544 376 543 376 543 376 543 376 548 376 551 376 555 376 558 376 562 376 570 376 575 376 580 376 584 376 589 376 594 376 599 376 599 376 599 376 599 376 599 376 599 376 599 376 599 376 599 376 599 376 599 376 599 376 599 376 599 376 599 376 599 376 599 376 599 376 599 376 599 376 599 376 599 376 599 376 599 376 599 376 599 376 599 376 599 376 599 376 599 376 599 376 599 376 599 376 599 376 599 376 599 376 599 376 599 376 599 376 590 376 583 376 575 376 558 376 548 376 538 376 509 376 487 376 426 376 396 376 374 376 345 376 335 376 328 376 322 376 321 376 319 376 315 376 311 376 306 376 305 376 304 376 303 376 302 376 301 376 300 376 299 376 296 376 291 376 284 376 270 376 265 376 257 376 242 376 235 376 227 376 212 376 207 376 203 376 202 376 202 376 201 376 200 376 198 376 184 376 174 376 161 376 129 376 113 376 82 376 67 376 54 376 30 376 18 376 6 376 0 376 0 376 0 376 0 376 0 376 0 376 0 376 0 376 0 376 0 376 0 376 0 376 0 376 0 376 0 376 0 376 0 376 0 376 0 376 
32 0 0 0 0 1 335 599 -1 -1 1 7506 335 355 335 355 335 355 335 356 335 357 335 359 335 361 335 364 335 375 335 383 335 403 335 415 335 429 335 458 335 475 335 490 335 520 335 532 335 545 335 568 335 579 335 599 335 599 335 599 335 599 335 599 335 599 335 599 335 599 335 599 335 599 335 599 335 599 335 599 335 599 335 599 335 599 335 599 335 599 335 599 335 599 335 599 335 599 335 599 335 599 335 599 335 599 335 599 335 599 335 599 
32 0 0 0 0 1 127 88 -1 -1 0 4924 127 124 127 71 127 74 127 76 127 79 127 81 127 83 127 87 127 88 127 88 
32 0 0 0 0 1 431 599 -1 -1 1 4858 431 499 431 500 431 502 431 504 431 508 431 513 431 518 431 529 431 537 431 550 431 557 431 563 431 576 431 582 431 585 431 588 431 589 431 590 431 596 431 599 431 599 431 599 431 599 431 599 431 599 431 599 431 599 431 599 431 599 431 599 431 599 431 599 431 599 431 599 431 599 431 599 431 599 431 599 431 599 431 599 431 599 431 599 431 599 431 599 431 599 431 599 431 599 431 599 431 599 431 599 431 599 431 599 431 599 431 599 431 599 431 599 431 599 
32 0 0 0 0 1 157 484 -1 -1 0 4281 157 552 157 549 157 549 157 548 157 547 157 544 157 543 157 539 157 536 157 527 157 518 157 509 157 491 157 486 157 484 
32 0 0 0 0 1 181 410 -1 -1 0 4547 407 410 404 410 393 410 380 410 365 410 348 410 334 410 305 410 292 410 266 410 253 410 241 410 219 410 210 410 203 410 191 410 187 410 181 410 
32 0 0 0 0 1 379 6 -1 -1 1 5097 379 105 379 0 379 0 379 2 379 3 379 4 379 4 379 5 379 5 379 6 379 6 
32 0 0 0 0 1 0 46 -1 -1 0 3898 378 46 380 46 384 46 393 46 404 46 419 46 437 46 477 46 497 46 537 46 553 46 568 46 594 46 599 46 599 46 599 46 599 46 599 46 599 46 599 46 599 46 599 46 597 46 586 46 567 46 538 46 502 46 453 46 326 46 263 46 131 46 73 46 25 46 0 46 0 46 0 46 0 46 0 46 0 46 0 46 0 46 0 46 0 46 0 46 0 46 0 46 0 46 0 46 
32 0 0 0 0 1 599 567 -1 -1 1 3447 265 567 266 567 274 567 294 567 320 567 357 567 407 567 552 567 599 567 599 567 599 567 599 567 599 567 599 567 599 567 599 567 599 567 599 567 599 567 599 567 599 567 
32 0 0 0 0 2 516 249 1 3135 3 
32 0 0 0 0 2 249 316 0 3118 3 
32 0 0 0 0 2 482 216 1 1554 3 
32 0 0 0 0 2 249 50 0 5839 2 
32 0 0 0 0 2 383 349 1 3519 4 
32 0 0 0 0 2 283 349 1 5755 3 
32 0 0 0 0 2 549 516 1 2723 5 
32 0 0 0 0 2 349 449 1 2175 4 
32 0 0 0 0 2 216 149 0 1805 2 
32 0 0 0 0 2 316 116 1 1857 2 
32 0 0 0 0 2 383 116 1 1314 3 
32 0 0 0 0 2 249 416 1 2090 2 
32 0 0 0 0 2 482 383 1 1574 4 
32 0 0 0 0 2 349 149 1 2519 3 
32 0 0 0 0 2 549 449 1 2140 4 
32 0 0 0 0 2 149 549 0 2015 5 
32 0 0 0 0 2 116 482 0 1887 5 
32 0 0 0 0 2 183 249 0 1055 5 
32 0 0 0 0 2 249 216 0 3113 4 
32 0 0 0 0 2 116 416 0 1177 5 
32 0 0 0 0 2 549 50 1 1202 5 
32 0 0 0 0 2 149 349 0 2230 4 
32 0 0 0 0 2 316 149 1 1461 3 
32 0 0 0 0 2 50 283 0 1551 5 
32 0 0 0 0 2 516 216 1 1169 5 
32 0 0 0 0 2 516 449 1 967 5 
32 0 0 0 0 2 383 316 1 2942 4 
32 0 0 0 0 2 50 83 0 1355 5 
32 0 0 0 0 2 516 349 1 2179 4 
32 0 0 0 0 2 149 383 0 1217 4 
32 0 0 0 0 2 116 116 0 1476 5 
32 0 0 0 0 2 149 183 0 1215 5 
32 0 0 0 0 1 235 580 -1 -1 0 9068 505 580 504 580 503 580 500 580 494 580 487 580 481 580 471 580 467 580 464 580 462 580 461 580 455 580 450 580 445 580 434 580 430 580 426 580 420 580 418 580 414 580 412 580 409 580 398 580 392 580 385 580 372 580 365 580 352 580 346 580 341 580 332 580 328 580 324 580 316 580 311 580 306 580 293 580 285 580 263 580 252 580 240 580 220 580 211 580 203 580 184 580 177 580 158 580 148 580 141 580 138 580 134 580 128 580 117 580 101 580 84 580 40 580 16 580 0 580 0 580 0 580 0 580 0 580 0 580 0 580 0 580 0 580 0 580 0 580 0 580 0 580 0 580 0 580 1 580 1 580 2 580 3 580 5 580 6 580 8 580 11 580 13 580 15 580 17 580 23 580 27 580 31 580 32 580 33 580 34 580 41 580 45 580 48 580 50 580 52 580 55 580 60 580 63 580 66 580 70 580 73 580 79 580 82 580 84 580 86 580 88 580 90 580 97 580 100 580 103 580 108 580 112 580 121 580 127 580 130 580 132 580 134 580 136 580 138 580 139 580 140 580 141 580 145 580 148 580 150 580 152 580 154 580 156 580 160 580 162 580 165 580 166 580 169 580 171 580 179 580 181 580 185 580 187 580 190 580 194 580 197 580 199 580 201 580 203 580 205 580 209 580 210 580 211 580 213 580 214 580 215 580 216 580 217 580 219 580 220 580 221 580 222 580 223 580 224 580 225 580 226 580 228 580 229 580 231 580 232 580 233 580 234 580 235 580 
32 0 0 0 0 1 291 415 -1 -1 0 5528 395 415 396 415 397 415 398 415 399 415 400 415 404 415 406 415 409 415 410 415 411 415 412 415 413 415 414 415 415 415 416 415 419 415 420 415 421 415 424 415 425 415 424 415 422 415 421 415 419 415 418 415 416 415 411 415 407 415 399 415 396 415 394 415 391 415 390 415 388 415 386 415 384 415 383 415 380 415 379 415 377 415 376 415 374 415 370 415 368 415 367 415 366 415 365 415 364 415 361 415 358 415 353 415 351 415 349 415 346 415 345 415 344 415 342 415 340 415 336 415 333 415 330 415 325 415 322 415 321 415 317 415 314 415 312 415 305 415 303 415 300 415 299 415 298 415 297 415 296 415 295 415 294 415 293 415 292 415 291 415 
32 0 0 0 0 1 458 588 -1 -1 1 4259 102 588 102 588 104 588 108 588 111 588 114 588 119 588 124 588 139 588 146 588 159 588 165 588 170 588 182 588 189 588 200 588 228 588 242 588 256 588 280 588 288 588 301 588 306 588 311 588 321 588 325 588 328 588 333 588 335 588 340 588 344 588 349 588 357 588 362 588 365 588 369 588 371 588 373 588 379 588 383 588 394 588 399 588 405 588 416 588 421 588 427 588 435 588 439 588 443 588 450 588 451 588 452 588 453 588 454 588 455 588 456 588 457 588 458 588 
32 0 0 0 0 1 399 82 -1 -1 1 5777 77 82 78 82 81 82 84 82 87 82 88 82 90 82 91 82 92 82 94 82 102 82 115 82 130 82 143 82 163 82 169 82 178 82 181 82 182 82 186 82 190 82 196 82 211 82 220 82 229 82 244 82 250 82 258 82 262 82 266 82 275 82 280 82 284 82 291 82 294 82 296 82 298 82 299 82 304 82 309 82 317 82 342 82 356 82 369 82 392 82 401 82 416 82 421 82 426 82 432 82 434 82 437 82 443 82 447 82 450 82 449 82 447 82 446 82 444 82 443 82 442 82 441 82 440 82 439 82 438 82 437 82 436 82 435 82 434 82 433 82 431 82 430 82 429 82 428 82 426 82 425 82 424 82 423 82 422 82 421 82 420 82 418 82 417 82 416 82 414 82 413 82 412 82 411 82 410 82 409 82 406 82 405 82 403 82 401 82 400 82 399 82 
32 0 0 0 0 1 335 117 -1 -1 1 6326 240 117 242 117 246 117 250 117 254 117 256 117 257 117 259 117 260 117 261 117 262 117 263 117 264 117 266 117 267 117 268 117 269 117 270 117 271 117 271 117 272 117 273 117 274 117 275 117 276 117 277 117 280 117 282 117 284 117 286 117 287 117 288 117 289 117 290 117 291 117 294 117 295 117 298 117 300 117 305 117 326 117 342 117 361 117 404 117 426 117 465 117 483 117 501 117 529 117 539 117 545 117 549 117 548 117 547 117 545 117 542 117 538 117 532 117 520 117 514 117 502 117 495 117 488 117 473 117 467 117 462 117 455 117 453 117 451 117 447 117 445 117 442 117 440 117 438 117 433 117 429 117 426 117 419 117 417 117 414 117 412 117 411 117 408 117 407 117 405 117 403 117 402 117 400 117 397 117 396 117 394 117 393 117 392 117 391 117 390 117 389 117 386 117 384 117 383 117 382 117 381 117 379 117 378 117 377 117 376 117 375 117 374 117 373 117 372 117 369 117 368 117 366 117 365 117 364 117 360 117 359 117 357 117 354 117 353 117 352 117 351 117 350 117 349 117 348 117 347 117 345 117 343 117 341 117 340 117 338 117 336 117 335 117 
32 0 0 0 0 1 316 266 -1 -1 1 4514 404 266 403 266 402 266 400 266 399 266 398 266 396 266 394 266 393 266 392 266 391 266 390 266 389 266 388 266 387 266 385 266 384 266 383 266 381 266 379 266 378 266 376 266 375 266 373 266 371 266 369 266 366 266 364 266 362 266 360 266 359 266 356 266 355 266 354 266 352 266 351 266 350 266 348 266 346 266 344 266 343 266 342 266 341 266 340 266 339 266 338 266 337 266 336 266 336 266 335 266 334 266 333 266 332 266 330 266 328 266 327 266 326 266 325 266 324 266 323 266 322 266 322 266 321 266 320 266 319 266 318 266 317 266 316 266 
32 0 0 0 0 1 272 280 -1 -1 0 5257 73 280 72 280 74 280 76 280 77 280 79 280 81 280 85 280 86 280 92 280 97 280 103 280 108 280 111 280 112 280 117 280 119 280 120 280 123 280 125 280 128 280 130 280 132 280 135 280 137 280 139 280 143 280 145 280 148 280 149 280 151 280 153 280 154 280 155 280 157 280 158 280 159 280 163 280 164 280 167 280 169 280 170 280 172 280 174 280 175 280 178 280 180 280 181 280 184 280 185 280 189 280 191 280 192 280 196 280 199 280 202 280 207 280 210 280 213 280 214 280 215 280 217 280 218 280 220 280 225 280 229 280 233 280 239 280 241 280 245 280 246 280 247 280 248 280 250 280 251 280 252 280 253 280 254 280 255 280 255 280 257 280 258 280 260 280 261 280 262 280 263 280 264 280 265 280 266 280 267 280 268 280 269 280 270 280 271 280 272 280 
32 0 0 0 0 1 516 51 -1 -1 1 5608 516 495 516 494 516 490 516 487 516 484 516 480 516 476 516 463 516 454 516 429 516 414 516 398 516 365 516 348 516 330 516 291 516 276 516 261 516 223 516 202 516 155 516 130 516 106 516 53 516 34 516 19 516 0 516 0 516 0 516 0 516 0 516 0 516 0 516 0 516 0 516 0 516 1 516 5 516 11 516 19 516 27 516 35 516 46 516 48 516 51 516 52 516 54 516 55 516 56 516 55 516 54 516 53 516 52 516 51 
32 0 0 0 0 1 346 512 -1 -1 1 4763 346 163 346 165 346 167 346 169 346 174 346 180 346 187 346 203 346 211 346 225 346 231 346 238 346 248 346 253 346 258 346 272 346 280 346 288 346 310 346 326 346 359 346 373 346 387 346 413 346 425 346 434 346 449 346 456 346 467 346 491 346 501 346 512 
32 0 0 0 0 1 0 263 -1 -1 0 3725 130 263 127 263 117 263 108 263 100 263 96 263 93 263 88 263 83 263 70 263 63 263 55 263 30 263 12 263 0 263 0 263 0 263 0 263 0 263 0 263 0 263 0 263 0 263 0 263 0 263 0 263 0 263 0 263 0 263 0 263 0 263 
32 0 0 0 0 1 206 599 -1 -1 0 4152 206 59 206 294 206 296 206 300 206 308 206 320 206 338 206 380 206 404 206 449 206 469 206 487 206 518 206 532 206 542 206 556 206 561 206 566 206 573 206 576 206 581 206 583 206 586 206 593 206 596 206 599 206 599 206 599 206 599 206 599 206 599 206 599 206 599 206 599 206 599 206 599 206 599 206 599 206 599 206 599 206 599 206 599 206 599 
32 0 0 0 0 1 0 467 -1 -1 0 3409 94 467 90 467 89 467 88 467 85 467 76 467 60 467 40 467 0 467 0 467 0 467 0 467 0 467 0 467 0 467 0 467 0 467 0 467 0 467 0 467 0 467 0 467 0 467 0 467 0 467 0 467 0 467 0 467 0 467 0 467 
32 0 0 0 0 1 599 0 -1 -1 1 6411 279 508 279 509 279 513 279 522 279 538 279 558 279 585 279 599 279 599 279 599 279 599 279 599 279 599 279 599 279 599 279 599 279 599 279 599 279 599 279 599 279 599 279 599 279 599 279 599 279 599 279 599 279 599 277 599 273 599 261 599 242 599 215 599 184 599 117 599 82 599 11 599 0 599 0 599 0 599 0 599 0 599 0 599 2 599 12 599 30 599 55 599 98 599 166 599 335 599 404 599 487 599 513 599 533 599 562 599 571 599 580 599 596 599 599 599 599 599 599 599 599 599 599 599 599 599 599 599 599 599 599 599 599 599 599 599 599 599 599 599 599 599 599 599 599 599 599 599 599 599 599 598 599 590 599 573 599 548 599 514 599 467 599 337 599 269 599 150 599 107 599 72 599 19 599 2 599 0 599 0 599 0 599 0 599 0 
32 0 0 0 0 1 499 508 -1 -1 1 4627 499 457 499 462 499 475 499 488 499 499 499 505 499 508 
32 0 0 0 0 1 0 299 -1 -1 0 3105 491 299 491 299 478 299 453 299 415 299 351 299 283 299 103 299 10 299 0 299 0 299 0 299 
32 0 0 0 0 1 0 527 -1 -1 0 6701 155 527 156 527 201 527 249 527 306 527 366 527 415 527 480 527 495 527 507 527 508 527 509 527 517 527 530 527 550 527 579 527 599 527 599 527 599 527 599 527 599 527 597 527 589 527 572 527 544 527 508 527 459 527 326 527 264 527 178 527 147 527 117 527 73 527 56 527 40 527 11 527 0 527 0 527 0 527 0 527 0 527 0 527 0 527 0 527 0 527 0 527 0 527 0 527 0 527 0 527 0 527 0 527 0 527 0 527 0 527 1 527 2 527 5 527 9 527 18 527 31 527 68 527 93 527 160 527 199 527 242 527 323 527 360 527 392 527 437 527 450 527 456 527 454 527 446 527 432 527 412 527 383 527 349 527 255 527 206 527 132 527 109 527 91 527 70 527 66 527 63 527 57 527 54 527 51 527 48 527 47 527 44 527 42 527 39 527 33 527 29 527 25 527 18 527 15 527 13 527 9 527 8 527 7 527 6 527 3 527 0 527 0 527 0 527 0 527 0 527 0 527 0 527 0 527 0 527 0 527 0 527 0 527 0 527 0 527 
32 0 0 0 0 2 482 50 1 2792 4 
32 0 0 0 0 2 50 149 0 1464 5 
32 0 0 0 0 2 116 316 0 1450 5 
32 0 0 0 0 2 416 349 1 1683 4 
32 0 0 0 0 2 183 383 0 3485 3 
32 0 0 0 0 2 83 83 0 7657 4 
32 0 0 0 0 2 449 83 1 8506 4 
32 0 0 0 0 2 349 383 1 1280 4 
32 0 0 0 0 2 283 383 1 1281 4 
32 0 0 0 0 2 416 249 1 1505 4 
32 0 0 0 0 2 316 283 1 1393 4 
32 0 0 0 0 2 83 449 0 1373 5 
32 0 0 0 0 2 449 116 1 1039 5 
32 0 0 0 0 2 482 149 1 1054 5 
32 0 0 0 0 2 416 482 1 1457 4 
32 0 0 0 0 2 349 83 1 1568 4 
32 0 0 0 0 2 216 449 0 1349 4 
32 0 0 0 0 2 249 183 0 1118 4 
32 0 0 0 0 2 449 449 1 1704 5 
32 0 0 0 0 2 149 249 0 1038 5 
32 0 0 0 0 2 283 216 0 3369 3 
32 0 0 0 0 2 149 83 0 1303 5 
32 0 0 0 0 2 149 116 0 800 5 
32 0 0 0 0 2 216 349 0 1855 4 
32 0 0 0 0 2 83 349 0 935 5 
32 0 0 0 0 2 549 316 1 927 5 
32 0 0 0 0 2 183 349 0 2464 4 
32 0 0 0 0 2 349 516 1 4559 3 
32 0 0 0 0 2 83 149 0 965 5 
32 0 0 0 0 2 549 383 1 1106 5 
32 0 0 0 0 2 516 383 1 727 5 
32 0 0 0 0 2 383 83 1 850 5 
32 0 0 0 0 1 301 8 -1 -1 1 8100 406 173 406 172 406 168 406 165 406 162 406 157 406 153 406 147 406 145 406 141 406 138 406 135 406 128 406 124 406 121 406 114 406 112 406 109 406 102 406 96 406 82 406 76 406 70 406 58 406 52 406 47 406 35 406 31 406 25 406 15 406 12 406 8 405 8 403 8 401 8 399 8 394 8 391 8 383 8 379 8 371 8 367 8 364 8 357 8 354 8 352 8 347 8 345 8 343 8 339 8 337 8 332 8 329 8 326 8 320 8 316 8 314 8 310 8 309 8 308 8 307 8 306 8 305 8 304 8 303 8 303 8 302 8 301 8 
32 0 0 0 0 1 238 283 -1 -1 0 4058 363 283 362 283 360 283 357 283 353 283 351 283 348 283 343 283 339 283 334 283 324 283 320 283 315 283 313 283 308 283 299 283 294 283 289 283 279 283 276 283 272 283 270 283 269 283 268 283 267 283 266 283 265 283 264 283 264 283 263 283 262 283 261 283 260 283 259 283 257 283 255 283 253 283 251 283 244 283 241 283 238 283 238 283 
32 0 0 0 0 1 252 516 -1 -1 0 5099 490 516 489 516 488 516 486 516 482 516 480 516 476 516 467 516 464 516 460 516 459 516 456 516 449 516 447 516 445 516 443 516 442 516 441 516 440 516 438 516 436 516 435 516 434 516 432 516 430 516 428 516 427 516 425 516 423 516 422 516 421 516 420 516 419 516 418 516 413 516 412 516 408 516 406 516 402 516 397 516 393 516 388 516 380 516 376 516 370 516 365 516 358 516 346 516 339 516 333 516 326 516 321 516 315 516 303 516 298 516 292 516 289 516 284 516 276 516 272 516 266 516 262 516 257 516 254 516 252 516 
32 0 0 0 0 1 261 210 -1 -1 0 4266 252 210 253 210 254 210 255 210 256 210 257 210 258 210 259 210 260 210 261 210 
32 0 0 0 0 1 424 599 -1 -1 1 5660 424 465 424 465 424 465 424 465 424 465 424 465 424 464 424 464 424 465 424 467 424 471 424 479 424 490 424 518 424 531 424 553 424 562 424 572 424 599 424 599 424 599 424 599 424 599 
32 0 0 0 0 1 257 40 -1 -1 0 6826 523 40 599 40 587 40 572 40 559 40 550 40 545 40 545 40 546 40 550 40 556 40 565 40 573 40 582 40 599 40 599 40 599 40 599 40 599 40 599 40 599 40 599 40 599 40 599 40 599 40 596 40 584 40 567 40 546 40 515 40 445 40 413 40 385 40 351 40 341 40 329 40 327 40 325 40 318 40 314 40 308 40 294 40 288 40 283 40 277 40 275 40 274 40 273 40 271 40 269 40 268 40 266 40 265 40 264 40 263 40 262 40 261 40 260 40 259 40 258 40 257 40 
32 0 0 0 0 1 311 357 -1 -1 1 8187 115 357 116 357 117 357 118 357 119 357 120 357 121 357 123 357 125 357 127 357 128 357 130 357 132 357 133 357 134 357 136 357 137 357 139 357 141 357 144 357 146 357 148 357 150 357 151 357 152 357 154 357 156 357 157 357 158 357 159 357 161 357 162 357 164 357 168 357 170 357 174 357 175 357 177 357 181 357 184 357 187 357 194 357 198 357 200 357 203 357 205 357 209 357 211 357 213 357 214 357 216 357 217 357 218 357 219 357 220 357 221 357 222 357 224 357 227 357 230 357 234 357 236 357 240 357 242 357 245 357 247 357 248 357 251 357 252 357 253 357 254 357 256 357 257 357 258 357 259 357 261 357 262 357 264 357 266 357 268 357 269 357 273 357 275 357 278 357 283 357 284 357 286 357 287 357 288 357 290 357 291 357 293 357 301 357 307 357 309 357 311 357 
32 0 0 0 0 1 205 208 -1 -1 0 6251 205 119 205 119 205 125 205 136 205 151 205 170 205 186 205 206 205 208 
32 0 0 0 0 1 309 420 -1 -1 1 8365 426 420 424 420 423 420 422 420 420 420 419 420 417 420 415 420 414 420 411 420 410 420 409 420 408 420 407 420 405 420 400 420 397 420 394 420 387 420 384 420 378 420 376 420 374 420 371 420 368 420 366 420 361 420 359 420 357 420 353 420 352 420 351 420 350 420 349 420 348 420 346 420 345 420 344 420 343 420 342 420 341 420 340 420 339 420 338 420 337 420 336 420 335 420 334 420 333 420 332 420 331 420 330 420 329 420 327 420 325 420 322 420 320 420 318 420 314 420 313 420 312 420 311 420 310 420 309 420 
32 0 0 0 0 1 227 580 -1 -1 0 7345 356 580 354 580 352 580 350 580 346 580 340 580 334 580 324 580 319 580 311 580 307 580 305 580 298 580 294 580 289 580 281 580 278 580 277 580 273 580 272 580 270 580 268 580 267 580 265 580 262 580 260 580 254 580 252 580 249 580 248 580 247 580 246 580 245 580 244 580 238 580 235 580 233 580 228 580 227 580 
32 0 0 0 0 1 234 494 -1 -1 0 6853 4 494 7 494 18 494 30 494 43 494 54 494 60 494 63 494 64 494 69 494 74 494 81 494 92 494 99 494 105 494 117 494 123 494 130 494 141 494 145 494 155 494 161 494 166 494 177 494 182 494 187 494 196 494 200 494 206 494 209 494 211 494 214 494 215 494 217 494 218 494 219 494 220 494 222 494 223 494 225 494 226 494 227 494 229 494 230 494 231 494 232 494 233 494 234 494 234 494 
32 0 0 0 0 1 383 413 -1 -1 1 5834 321 413 322 413 324 413 325 413 329 413 331 413 334 413 338 413 340 413 345 413 347 413 349 413 357 413 359 413 361 413 363 413 364 413 365 413 368 413 370 413 371 413 374 413 376 413 381 413 383 413 
32 0 0 0 0 1 331 3 -1 -1 1 7826 331 190 331 180 331 174 331 160 331 136 331 106 331 78 331 34 331 17 331 3 
32 0 0 0 0 1 215 470 -1 -1 0 12529 39 470 31 470 33 470 41 470 51 470 65 470 79 470 92 470 110 470 117 470 125 470 129 470 134 470 145 470 150 470 155 470 163 470 167 470 171 470 181 470 188 470 201 470 208 470 212 470 215 470 
32 0 0 0 0 1 250 251 -1 -1 0 9164 494 251 494 251 473 251 445 251 415 251 384 251 353 251 308 251 294 251 281 251 279 251 277 251 275 251 271 251 265 251 260 251 256 251 252 251 251 251 250 251 
32 0 0 0 0 1 0 344 -1 -1 0 5243 130 344 128 344 129 344 142 344 172 344 230 344 317 344 420 344 599 344 599 344 599 344 599 344 599 344 599 344 599 344 597 344 584 344 547 344 479 344 364 344 214 344 0 344 0 344 0 344 0 344 0 344 0 344 0 344 0 344 0 344 1 344 5 344 14 344 28 344 82 344 125 344 209 344 258 344 311 344 404 344 427 344 440 344 446 344 445 344 436 344 415 344 370 344 294 344 201 344 24 344 0 344 0 344 0 344 
32 0 0 0 0 2 383 216 1 4085 5 
32 0 0 0 0 2 183 50 0 8368 4 
32 0 0 0 0 2 249 349 1 11158 4 
32 0 0 0 0 2 516 183 1 1403 5 
32 0 0 0 0 2 316 316 1 1623 5 
32 0 0 0 0 2 316 216 1 965 5 
32 0 0 0 0 2 50 482 0 1121 5 
32 0 0 0 0 2 416 183 1 1008 5 
32 0 0 0 0 2 216 416 1 13743 3 
32 0 0 0 0 2 216 50 1 2575 3 
32 0 0 0 0 2 216 482 1 2041 3 
32 0 0 0 0 2 149 316 0 1408 4 
32 0 0 0 0 2 482 516 1 1056 5 
32 0 0 0 0 2 516 482 1 886 5 
32 0 0 0 0 2 349 116 1 1468 4 
32 0 0 0 0 2 449 549 1 835 5 
32 0 0 0 0 2 383 183 1 677 5 
32 0 0 0 0 2 283 249 1 1743 4 
32 0 0 0 0 2 416 449 1 603 5 
32 0 0 0 0 2 50 316 0 928 5 
32 0 0 0 0 2 416 216 1 1318 5 
32 0 0 0 0 2 482 249 1 570 5 
32 0 0 0 0 2 149 516 0 1705 4 
32 0 0 0 0 2 50 249 0 1007 5 
32 0 0 0 0 2 316 349 1 2927 4 
32 0 0 0 0 2 416 516 1 687 5 
32 0 0 0 0 2 249 149 1 2642 4 
32 0 0 0 0 2 149 50 0 1278 4 
32 0 0 0 0 2 183 116 0 10219 4 
32 0 0 0 0 2 516 549 1 751 5 
32 0 0 0 0 2 283 116 1 1275 4 
32 0 0 0 0 2 249 516 1 1252 4 
32 0 0 0 0 1 126 0 -1 -1 0 3525 126 224 126 211 126 207 126 202 126 193 126 179 126 160 126 112 126 88 126 43 126 24 126 6 126 0 126 0 126 0 126 0 126 0 126 0 126 0 126 0 126 0 
32 0 0 0 0 1 25 448 -1 -1 0 3843 25 105 25 107 25 118 25 135 25 156 25 178 25 200 25 233 25 248 25 270 25 279 25 286 25 297 25 301 25 303 25 306 25 311 25 316 25 329 25 337 25 362 25 378 25 392 25 414 25 419 25 422 25 427 25 432 25 450 25 454 25 454 25 453 25 452 25 450 25 448 
32 0 0 0 0 1 599 599 -1 -1 1 5084 175 6 185 6 179 6 168 6 150 6 126 6 100 6 31 6 0 6 0 6 0 6 0 6 0 6 0 6 0 6 0 6 1 6 9 6 28 6 59 6 101 6 170 6 349 6 432 6 542 6 571 6 592 6 599 6 599 6 599 6 599 6 599 6 599 6 599 6 599 6 599 6 599 6 599 6 599 6 599 5 599 3 599 0 599 0 599 0 599 0 599 0 599 0 599 0 599 0 599 0 599 0 599 0 599 0 599 0 599 0 599 0 599 0 599 0 599 0 599 0 599 0 599 0 599 0 599 0 599 0 599 9 599 18 599 51 599 75 599 104 599 171 599 207 599 251 599 340 599 390 599 498 599 543 599 583 599 599 599 599 599 599 599 599 599 599 599 599 599 599 
32 0 0 0 0 1 380 81 -1 -1 1 3451 380 165 380 166 380 165 380 165 380 161 380 153 380 140 380 102 380 81 
32 0 0 0 0 1 0 562 -1 -1 0 5410 368 562 262 562 258 562 250 562 236 562 215 562 187 562 123 562 93 562 32 562 9 562 0 562 0 562 0 562 0 562 0 562 0 562 0 562 0 562 0 562 0 562 0 562 0 562 0 562 0 562 0 562 0 562 1 562 5 562 13 562 27 562 49 562 78 562 184 562 261 562 409 562 467 562 506 562 548 562 559 562 565 562 575 562 586 562 599 562 599 562 599 562 599 562 599 562 599 562 599 562 599 562 599 562 599 562 599 562 599 562 599 562 599 562 599 562 599 562 599 562 599 562 598 562 590 562 576 562 553 562 524 562 491 562 419 562 388 562 335 562 317 562 304 562 282 562 272 562 260 562 227 562 211 562 194 562 159 562 144 562 116 562 106 562 96 562 77 562 69 562 60 562 39 562 27 562 10 562 3 562 0 562 0 562 0 562 0 562 0 562 0 562 0 562 0 562 0 562 0 562 0 562 0 562 0 562 0 562 0 562 0 562 0 562 
32 0 0 0 0 1 83 183 -1 -1 0 5051 196 443 192 443 182 443 173 443 162 443 152 443 144 443 131 443 125 443 114 443 110 443 105 443 97 443 94 443 92 443 88 443 86 443 85 443 84 443 83 443 83 445 83 454 83 465 83 479 83 494 83 509 83 532 83 544 83 576 83 596 83 599 83 599 83 599 83 599 83 599 83 599 83 599 83 599 83 599 83 599 83 599 83 599 83 599 83 599 83 599 83 599 83 599 83 599 83 599 83 599 83 599 83 599 83 599 83 599 83 593 83 580 83 538 83 511 83 463 83 442 83 423 83 386 83 366 83 347 83 307 83 288 83 271 83 244 83 230 83 210 83 204 83 199 83 191 83 189 83 188 83 185 83 184 83 183 
32 0 0 0 0 1 599 490 -1 -1 1 3034 474 490 475 490 475 490 476 490 477 490 481 490 492 490 511 490 533 490 579 490 599 490 599 490 599 490 599 490 599 490 599 490 599 490 599 490 599 490 599 490 599 490 599 490 599 490 
32 0 0 0 0 1 427 203 -1 -1 1 2874 427 578 427 578 427 574 427 564 427 528 427 504 427 474 427 408 427 374 427 305 427 275 427 252 427 223 427 213 427 206 427 199 427 197 427 196 427 197 427 199 427 202 427 202 427 203 
32 0 0 0 0 1 0 498 -1 -1 0 4019 187 498 191 498 191 498 192 498 194 498 196 498 200 498 204 498 217 498 228 498 258 498 275 498 293 498 333 498 351 498 368 498 400 498 411 498 421 498 439 498 448 498 465 498 472 498 481 498 508 498 520 498 531 498 539 498 538 498 531 498 518 498 500 498 475 498 446 498 375 498 337 498 271 498 245 498 224 498 191 498 178 498 167 498 149 498 139 498 130 498 110 498 101 498 84 498 74 498 65 498 53 498 47 498 39 498 23 498 15 498 7 498 0 498 0 498 0 498 0 498 0 498 0 498 0 498 0 498 0 498 0 498 0 498 0 498 0 498 0 498 0 498 0 498 0 498 
32 0 0 0 0 1 61 44 -1 -1 0 13458 61 16 61 23 61 24 61 25 61 25 61 26 61 27 61 28 61 31 61 35 61 38 61 40 61 42 61 42 61 44 61 45 61 46 61 51 61 54 61 57 61 59 61 60 61 61 61 60 61 59 61 58 61 57 61 56 61 56 61 54 61 53 61 52 61 51 61 50 61 49 61 48 61 47 61 47 61 46 61 45 61 44 61 43 61 44 
32 0 0 0 0 1 411 497 -1 -1 1 4619 411 277 411 278 411 279 411 280 411 281 411 282 411 283 411 284 411 285 411 287 411 301 411 311 411 322 411 344 411 355 411 369 411 401 411 421 411 443 411 492 411 517 411 561 411 581 411 598 411 599 411 599 411 599 411 599 411 599 411 598 411 595 411 589 411 582 411 572 411 561 411 538 411 528 411 511 411 505 411 501 411 497 411 497 411 497 411 497 
32 0 0 0 0 1 264 230 -1 -1 0 5352 386 230 387 230 389 230 393 230 406 230 431 230 470 230 599 230 599 230 599 230 599 230 599 230 599 230 599 230 599 230 599 230 599 230 599 230 599 230 598 230 594 230 588 230 584 230 582 230 580 230 577 230 572 230 563 230 552 230 538 230 486 230 441 230 299 230 220 230 140 230 0 230 0 230 0 230 0 230 0 230 0 230 0 230 0 230 0 230 0 230 0 230 0 230 0 230 0 230 0 230 2 230 6 230 17 230 30 230 44 230 55 230 67 230 71 230 72 230 73 230 74 230 75 230 76 230 78 230 85 230 89 230 94 230 108 230 117 230 135 230 145 230 155 230 171 230 177 230 184 230 189 230 190 230 191 230 191 230 192 230 193 230 197 230 201 230 207 230 216 230 236 230 243 230 248 230 255 230 256 230 258 230 261 230 263 230 264 230 
32 0 0 0 0 1 383 423 -1 -1 1 3724 383 548 383 545 383 535 383 522 383 505 383 485 383 466 383 436 383 428 383 423 
32 0 0 0 0 1 76 99 -1 -1 0 4050 182 99 181 99 179 99 174 99 165 99 154 99 143 99 125 99 119 99 107 99 103 99 98 99 90 99 86 99 83 99 78 99 76 99 76 99 
32 0 0 0 0 1 343 446 -1 -1 1 5618 343 446 343 449 343 452 343 456 343 463 343 474 343 490 343 545 343 580 343 599 343 599 343 599 343 599 343 599 343 599 343 599 343 599 343 599 343 599 343 599 343 599 343 599 343 599 343 599 343 599 343 599 343 599 343 599 343 599 343 599 343 599 343 598 343 597 343 596 343 594 343 588 343 580 343 546 343 518 343 452 343 408 343 368 343 294 343 270 343 255 343 244 343 242 343 243 343 247 343 253 343 260 343 268 343 277 343 295 343 301 343 311 343 313 343 314 343 315 343 317 343 318 343 318 343 319 343 320 343 319 343 318 343 316 343 315 343 313 343 312 343 309 343 298 343 292 343 281 343 276 343 272 343 264 343 260 343 257 343 251 343 249 343 246 343 244 343 244 343 244 343 244 343 245 343 248 343 250 343 254 343 261 343 265 343 271 343 289 343 302 343 337 343 353 343 367 343 389 343 398 343 404 343 412 343 414 343 423 343 428 343 435 343 446 
32 0 0 0 0 1 0 132 -1 -1 0 3850 197 132 203 132 198 132 190 132 176 132 158 132 138 132 103 132 87 132 56 132 45 132 35 132 22 132 15 132 10 132 1 132 0 132 0 132 0 132 0 132 0 132 0 132 0 132 0 132 0 132 0 132 0 132 0 132 0 132 
32 0 0 0 0 2 183 549 0 4096 5 
32 0 0 0 0 2 216 183 1 1637 4 
32 0 0 0 0 2 449 383 1 820 5 
32 0 0 0 0 2 549 116 1 780 5 
32 0 0 0 0 2 183 416 0 4722 4 
32 0 0 0 0 2 482 83 1 525 5 
32 0 0 0 0 2 349 349 1 852 5 
32 0 0 0 0 2 50 549 0 1503 5 
32 0 0 0 0 2 316 50 1 2717 4 
32 0 0 0 0 2 183 316 0 4844 3 
32 0 0 0 0 2 116 249 0 1699 3 
32 0 0 0 0 2 449 183 1 805 5 
32 0 0 0 0 2 316 416 1 3826 5 
32 0 0 0 0 2 482 482 1 494 5 
32 0 0 0 0 2 116 216 0 841 5 
32 0 0 0 0 2 416 316 1 694 5 
32 0 0 0 0 2 116 283 0 2931 4 
32 0 0 0 0 2 416 50 1 1225 5 
32 0 0 0 0 2 83 116 0 1060 5 
32 0 0 0 0 2 216 316 0 6202 3 
32 0 0 0 0 2 283 449 1 688 5 
32 0 0 0 0 2 549 283 1 613 5 
32 0 0 0 0 2 416 83 1 790 5 
32 0 0 0 0 2 183 516 0 2471 4 
32 0 0 0 0 2 249 249 1 1459 4 
32 0 0 0 0 2 449 149 1 852 5 
32 0 0 0 0 2 383 383 1 742 5 
32 0 0 0 0 2 249 83 1 1918 4 
32 0 0 0 0 2 316 383 1 697 5 
32 0 0 0 0 2 449 516 1 616 5 
32 0 0 0 0 2 116 516 0 1528 4 
32 0 0 0 0 2 183 183 0 2324 4 
32 0 0 0 0 1 128 483 -1 -1 0 3284 525 483 524 483 505 483 468 483 412 483 343 483 279 483 185 483 156 483 131 483 130 483 129 483 129 483 128 483 
32 0 0 0 0 1 233 136 -1 -1 0 3584 104 136 105 136 111 136 120 136 128 136 135 136 141 136 147 136 150 136 158 136 163 136 168 136 174 136 175 136 176 136 178 136 180 136 183 136 187 136 197 136 202 136 206 136 208 136 210 136 211 136 212 136 215 136 220 136 224 136 228 136 231 136 233 136 
32 0 0 0 0 1 251 258 -1 -1 0 3787 85 258 86 258 89 258 93 258 96 258 99 258 104 258 116 258 123 258 138 258 145 258 153 258 170 258 177 258 182 258 189 258 190 258 192 258 194 258 196 258 203 258 207 258 211 258 221 258 225 258 229 258 233 258 234 258 235 258 236 258 237 258 238 258 240 258 242 258 247 258 249 258 250 258 251 258 
32 0 0 0 0 1 299 91 -1 -1 0 4345 447 91 448 91 455 91 464 91 473 91 483 91 490 91 500 91 503 91 506 91 508 91 509 91 512 91 514 91 515 91 516 91 517 91 516 91 513 91 508 91 501 91 494 91 487 91 476 91 473 91 467 91 465 91 462 91 456 91 453 91 449 91 442 91 440 91 437 91 431 91 429 91 424 91 422 91 419 91 411 91 406 91 401 91 391 91 386 91 379 91 375 91 372 91 364 91 360 91 356 91 349 91 347 91 343 91 339 91 337 91 333 91 330 91 328 91 324 91 323 91 322 91 318 91 317 91 315 91 310 91 307 91 302 91 301 91 300 91 299 91 
32 0 0 0 0 1 345 259 -1 -1 1 3219 258 259 260 259 268 259 276 259 282 259 287 259 291 259 301 259 304 259 313 259 317 259 321 259 330 259 334 259 338 259 341 259 342 259 343 259 344 259 345 259 
32 0 0 0 0 1 444 186 -1 -1 1 6065 349 186 351 186 354 186 360 186 365 186 372 186 379 186 394 186 401 186 411 186 416 186 420 186 421 186 422 186 424 186 425 186 426 186 428 186 437 186 443 186 462 186 474 186 487 186 508 186 516 186 522 186 532 186 537 186 540 186 546 186 549 186 556 186 560 186 564 186 569 186 571 186 574 186 577 186 579 186 581 186 577 186 559 186 530 186 493 186 446 186 389 186 275 186 227 186 156 186 132 186 112 186 86 186 74 186 63 186 45 186 38 186 33 186 22 186 18 186 9 186 3 186 0 186 0 186 0 186 0 186 0 186 0 186 0 186 0 186 0 186 0 186 0 186 0 186 0 186 2 186 10 186 26 186 54 186 93 186 144 186 286 186 350 186 440 186 473 186 500 186 531 186 542 186 551 186 567 186 573 186 579 186 587 186 588 186 589 186 591 186 597 186 599 186 599 186 599 186 599 186 599 186 599 186 599 186 599 186 599 186 599 186 599 186 599 186 599 186 599 186 599 186 598 186 597 186 596 186 596 186 594 186 592 186 586 186 581 186 572 186 567 186 560 186 550 186 545 186 541 186 535 186 533 186 531 186 525 186 521 186 510 186 502 186 496 186 484 186 478 186 473 186 465 186 462 186 458 186 449 186 446 186 444 186 
32 0 0 0 0 1 300 435 -1 -1 0 7482 401 435 397 435 396 435 395 435 392 435 389 435 386 435 375 435 368 435 351 435 341 435 332 435 315 435 310 435 305 435 301 435 300 435 
32 0 0 0 0 1 369 3 -1 -1 1 4002 196 3 195 3 198 3 201 3 203 3 210 3 217 3 236 3 249 3 281 3 298 3 314 3 342 3 352 3 358 3 367 3 369 3 370 3 373 3 374 3 375 3 374 3 372 3 370 3 369 3 
32 0 0 0 0 1 359 92 -1 -1 1 4954 546 92 545 92 542 92 538 92 533 92 530 92 527 92 522 92 518 92 508 92 503 92 498 92 493 92 492 92 491 92 488 92 487 92 486 92 483 92 480 92 474 92 471 92 469 92 463 92 457 92 453 92 446 92 442 92 435 92 432 92 430 92 427 92 425 92 424 92 421 92 420 92 419 92 416 92 414 92 411 92 409 92 408 92 406 92 405 92 403 92 402 92 401 92 400 92 399 92 398 92 397 92 396 92 395 92 394 92 393 92 392 92 391 92 389 92 387 92 384 92 383 92 382 92 381 92 380 92 379 92 378 92 377 92 375 92 374 92 373 92 372 92 371 92 369 92 368 92 367 92 366 92 365 92 364 92 363 92 362 92 361 92 360 92 359 92 
32 0 0 0 0 1 294 144 -1 -1 0 4730 227 144 226 144 224 144 222 144 221 144 220 144 219 144 220 144 222 144 224 144 227 144 232 144 241 144 267 144 276 144 281 144 283 144 284 144 285 144 286 144 287 144 288 144 290 144 291 144 292 144 293 144 294 144 
32 0 0 0 0 1 261 377 -1 -1 0 4931 448 48 444 48 436 48 429 48 422 48 414 48 405 48 388 48 380 48 365 48 359 48 355 48 346 48 340 48 335 48 325 48 320 48 316 48 309 48 306 48 302 48 298 48 294 48 287 48 284 48 279 48 273 48 271 48 267 48 264 48 262 48 261 48 261 49 261 50 261 53 261 58 261 65 261 77 261 101 261 111 261 130 261 144 261 158 261 183 261 190 261 194 261 212 261 226 261 241 261 265 261 274 261 292 261 299 261 304 261 311 261 313 261 316 261 325 261 329 261 339 261 344 261 347 261 351 261 351 261 353 261 354 261 357 261 359 261 367 261 371 261 375 261 375 261 376 261 377 
32 0 0 0 0 1 342 439 -1 -1 1 4451 174 248 175 248 181 248 188 248 197 248 208 248 220 248 238 248 243 248 257 248 264 248 269 248 279 248 283 248 286 248 289 248 291 248 292 248 293 248 294 248 297 248 298 248 300 248 302 248 304 248 305 248 306 248 307 248 308 248 311 248 312 248 317 248 320 248 323 248 328 248 330 248 332 248 335 248 337 248 338 248 340 248 341 248 342 248 342 249 342 250 342 257 342 270 342 285 342 302 342 335 342 352 342 373 342 379 342 384 342 397 342 403 342 409 342 426 342 433 342 438 342 439 
32 0 0 0 0 1 63 111 -1 -1 0 3759 63 403 63 399 63 389 63 369 63 340 63 306 63 264 63 174 63 147 63 123 63 117 63 114 63 112 63 111 
32 0 0 0 0 1 303 541 -1 -1 1 4099 226 541 223 541 219 541 209 541 193 541 173 541 151 541 110 541 92 541 65 541 61 541 59 541 61 541 69 541 86 541 110 541 140 541 170 541 213 541 225 541 231 541 233 541 238 541 244 541 252 541 261 541 272 541 290 541 294 541 297 541 298 541 299 541 300 541 301 541 302 541 303 541 
32 0 0 0 0 1 357 486 -1 -1 1 6427 5 574 5 571 5 569 5 564 5 559 5 555 5 550 5 546 5 544 5 531 5 521 5 510 5 494 5 489 5 486 6 486 10 486 17 486 187 486 183 486 174 486 165 486 157 486 153 486 151 486 150 486 145 486 140 486 133 486 116 486 109 486 106 486 104 486 105 486 109 486 116 486 123 486 131 486 138 486 150 486 154 486 158 486 159 486 160 486 161 486 162 486 163 486 164 486 165 486 167 486 168 486 169 486 170 486 172 486 174 486 175 486 177 486 181 486 182 486 183 486 184 486 185 486 186 486 187 486 190 486 194 486 198 486 202 486 207 486 211 486 216 486 224 486 228 486 231 486 233 486 237 486 241 486 244 486 246 486 249 486 251 486 254 486 258 486 261 486 264 486 270 486 275 486 287 486 294 486 302 486 309 486 317 486 324 486 340 486 347 486 352 486 355 486 357 486 
32 0 0 0 0 1 319 518 -1 -1 1 3611 319 564 319 563 319 561 319 555 319 545 319 535 319 526 319 518 
32 0 0 0 0 2 283 549 0 6244 4 
32 0 0 0 0 2 116 449 0 1005 5 
32 0 0 0 0 2 183 482 0 1138 5 
32 0 0 0 0 2 549 482 1 671 5 
32 0 0 0 0 2 549 349 1 691 5 
32 0 0 0 0 2 316 183 1 3123 3 
32 0 0 0 0 2 349 316 1 937 5 
32 0 0 0 0 2 83 283 0 875 5 
32 0 0 0 0 2 349 549 1 961 5 
32 0 0 0 0 2 116 549 0 762 3 
32 0 0 0 0 2 50 383 0 1218 5 
32 0 0 0 0 2 116 50 0 2515 5 
32 0 0 0 0 2 50 216 0 805 5 
32 0 0 0 0 2 249 449 0 1773 4 
32 0 0 0 0 2 216 283 0 1361 4 
32 0 0 0 0 2 83 50 0 1857 5 
32 0 0 0 0 2 316 482 1 1409 4 
32 0 0 0 0 2 50 183 0 1031 5 
32 0 0 0 0 2 249 482 0 4653 4 
32 0 0 0 0 2 383 283 1 725 5 
32 0 0 0 0 2 50 349 0 794 5 
32 0 0 0 0 2 482 549 1 681 5 
32 0 0 0 0 2 482 283 1 616 5 
32 0 0 0 0 2 482 416 1 466 5 
32 0 0 0 0 2 516 116 1 565 5 
32 0 0 0 0 2 549 149 1 549 5 
32 0 0 0 0 2 149 216 0 856 5 
32 0 0 0 0 2 349 283 1 1845 4 
32 0 0 0 0 2 349 183 1 1066 4 
32 0 0 0 0 2 50 116 0 834 5 
32 0 0 0 0 2 349 249 1 1693 4 
32 0 0 0 0 2 449 416 1 797 5 
32 0 0 0 0 1 229 0 -1 -1 0 2716 229 167 229 158 229 134 229 95 229 48 229 4 229 0 229 0 229 0 229 0 
32 0 0 0 0 1 101 102 -1 -1 0 2491 101 160 101 399 101 398 101 396 101 385 101 368 101 347 101 321 101 253 101 214 101 157 101 137 101 122 101 104 101 102 
32 0 0 0 0 1 564 189 -1 -1 1 2721 564 269 564 267 564 263 564 256 564 245 564 233 564 221 564 201 564 194 564 191 564 189 
32 0 0 0 0 1 120 387 -1 -1 0 2673 120 122 120 142 120 166 120 199 120 238 120 282 120 320 120 372 120 387 
32 0 0 0 0 1 574 274 -1 -1 1 2684 574 529 574 525 574 489 574 447 574 392 574 346 574 313 574 279 574 274 
32 0 0 0 0 1 390 343 -1 -1 1 2698 390 124 390 133 390 164 390 197 390 234 390 269 390 301 390 336 390 343 
32 0 0 0 0 1 339 275 -1 -1 1 2697 339 511 339 509 339 499 339 480 339 448 339 408 339 371 339 312 339 292 339 275 
32 0 0 0 0 1 505 599 -1 -1 1 2674 505 451 505 453 505 483 505 523 505 569 505 599 505 599 505 599 505 599 
32 0 0 0 0 1 40 0 -1 -1 0 2682 40 38 40 43 40 78 40 80 40 81 40 82 40 78 40 11 40 0 40 0 40 0 40 0 40 0 
32 0 0 0 0 1 409 446 -1 -1 1 2699 409 90 409 96 409 107 409 124 409 150 409 189 409 246 409 364 409 405 409 441 409 446 
32 0 0 0 0 1 12 0 -1 -1 0 2738 12 195 12 191 12 176 12 152 12 119 12 77 12 31 12 0 12 0 12 0 12 0 12 0 
32 0 0 0 0 1 346 599 -1 -1 1 2883 346 450 346 451 346 457 346 467 346 486 346 521 346 580 346 599 346 599 346 599 346 599 346 599 
32 0 0 0 0 1 533 0 -1 -1 1 2675 533 36 533 33 533 29 533 21 533 6 533 0 533 0 533 0 533 0 533 0 533 0 533 0 533 0 533 0 
32 0 0 0 0 1 205 599 -1 -1 0 2947 205 562 205 556 205 513 205 493 205 518 205 552 205 597 205 599 205 599 205 599 205 599 
32 0 0 0 0 1 528 155 -1 -1 1 2716 528 358 528 357 528 345 528 326 528 300 528 272 528 243 528 197 528 180 528 159 528 157 528 155 
32 0 0 0 0 1 51 149 -1 -1 0 3559 51 177 51 176 51 174 51 169 51 164 51 158 51 155 51 151 51 150 51 149 
32 0 0 0 0 2 416 149 1 1390 5 
32 0 0 0 0 2 249 283 0 7712 3 
32 0 0 0 0 2 116 149 1 5591 1 
32 0 0 0 0 2 50 449 0 1173 5 
32 0 0 0 0 2 83 416 0 2116 5 
32 0 0 0 0 2 183 216 0 1266 5 
32 0 0 0 0 2 516 50 1 666 5 
32 0 0 0 0 2 549 216 1 555 5 
32 0 0 0 0 2 249 116 0 2704 4 
32 0 0 0 0 2 383 549 1 7695 4 
32 0 0 0 0 2 416 416 1 1394 4 
32 0 0 0 0 2 83 316 0 860 5 
32 0 0 0 0 2 416 116 1 957 5 
32 0 0 0 0 2 83 482 0 927 5 
32 0 0 0 0 2 349 416 1 1049 5 
32 0 0 0 0 2 316 549 1 807 5 
32 0 0 0 0 2 482 183 1 786 5 
32 0 0 0 0 2 83 516 0 2673 5 
32 0 0 0 0 2 482 116 1 606 5 
32 0 0 0 0 2 216 549 0 1947 4 
32 0 0 0 0 2 516 283 1 641 5 
32 0 0 0 0 2 283 183 0 1476 4 
32 0 0 0 0 2 183 283 0 1118 4 
32 0 0 0 0 2 482 449 1 641 5 
32 0 0 0 0 2 482 316 1 536 5 
32 0 0 0 0 2 283 50 1 2806 4 
32 0 0 0 0 2 316 516 1 1681 4 
32 0 0 0 0 2 83 549 0 732 5 
32 0 0 0 0 2 116 83 0 1149 5 
32 0 0 0 0 2 316 249 1 14316 4 
32 0 0 0 0 2 216 383 0 2197 4 
32 0 0 0 0 2 449 349 1 615 5 
32 0 0 0 0 1 345 0 -1 -1 1 2716 345 90 345 65 345 45 345 19 345 0 345 0 345 0 345 0 345 0 345 0 345 0 
32 0 0 0 0 1 445 599 -1 -1 1 2491 445 571 445 599 445 599 445 599 445 599 445 599 445 599 445 599 445 599 445 599 445 599 445 599 445 599 445 599 445 599 
32 0 0 0 0 1 321 0 -1 -1 1 2611 321 38 321 30 321 26 321 19 321 6 321 0 321 0 321 0 321 0 321 0 321 0 321 0 321 0 
32 0 0 0 0 1 437 599 -1 -1 1 2842 437 583 437 584 437 592 437 599 437 599 437 599 437 599 437 599 437 599 437 599 437 599 
32 0 0 0 0 1 125 114 -1 -1 0 2810 125 283 125 281 125 276 125 266 125 251 125 232 125 211 125 170 125 153 125 126 125 118 125 114 
32 0 0 0 0 1 352 264 -1 -1 1 4858 352 487 352 486 352 485 352 484 352 482 352 476 352 465 352 449 352 410 352 389 352 347 352 328 352 312 352 289 352 281 352 276 352 268 352 266 352 264 
32 0 0 0 0 1 322 599 -1 -1 1 2731 322 446 322 448 322 450 322 456 322 470 322 496 322 552 322 599 322 599 322 599 322 599 322 599 322 599 
32 0 0 0 0 1 86 0 -1 -1 0 3044 86 102 86 87 86 85 86 80 86 69 86 50 86 22 86 0 86 0 86 0 86 0 86 0 86 0 86 0 
32 0 0 0 0 1 592 43 -1 -1 1 4329 592 29 592 30 592 33 592 36 592 39 592 41 592 43 
32 0 0 0 0 1 321 335 -1 -1 1 4579 321 356 321 356 321 354 321 349 321 344 321 340 321 337 321 335 
32 0 0 0 0 1 335 599 -1 -1 1 2795 335 570 335 573 335 587 335 599 335 599 335 599 335 599 335 599 335 599 335 599 
32 0 0 0 0 1 396 417 -1 -1 1 2897 396 513 396 512 396 511 396 509 396 504 396 498 396 490 396 483 396 465 396 454 396 433 396 425 396 421 396 417 
32 0 0 0 0 1 449 403 -1 -1 1 17178 449 95 449 93 449 87 449 79 449 69 449 57 449 44 449 15 449 3 449 0 449 0 449 0 449 0 449 0 449 0 449 0 449 0 449 0 449 0 449 0 449 0 449 0 449 0 449 0 449 0 449 0 449 0 449 0 449 0 449 0 449 0 449 0 449 1 449 2 449 3 449 4 449 6 449 10 449 14 449 19 449 27 449 32 449 39 449 41 449 43 449 43 449 44 449 45 449 45 449 46 449 47 449 48 449 50 449 51 449 50 449 49 449 48 449 48 449 47 449 46 449 45 449 45 449 44 449 43 449 42 449 41 449 39 449 35 449 30 449 24 449 18 449 5 449 0 449 0 449 0 449 0 449 0 449 0 449 0 449 0 449 0 449 0 449 0 449 0 449 0 449 0 449 6 449 26 449 61 449 123 449 297 449 392 449 568 449 599 449 599 449 599 449 599 449 599 449 599 449 599 449 599 449 599 449 599 449 599 449 599 449 599 449 599 449 599 449 597 449 569 449 545 449 521 449 455 449 420 449 348 449 319 449 299 449 273 449 262 449 251 449 232 449 223 449 210 449 209 449 210 449 212 449 213 449 215 449 216 449 216 449 223 449 226 449 239 449 247 449 256 449 273 449 278 449 282 449 288 449 292 449 299 449 312 449 318 449 325 449 327 449 328 449 329 449 330 449 332 449 334 449 338 449 345 449 348 449 349 449 351 449 351 449 354 449 357 449 359 449 364 449 366 449 367 449 367 449 368 449 368 449 369 449 369 449 370 449 372 449 374 449 375 449 375 449 377 449 378 449 379 449 380 449 380 449 381 449 382 449 382 449 382 449 383 449 383 449 384 449 385 449 385 449 386 449 386 449 386 449 387 449 387 449 387 449 388 449 388 449 389 449 389 449 389 449 391 449 391 449 391 449 393 449 393 449 394 449 394 449 396 449 396 449 397 449 397 449 397 449 397 449 398 449 398 449 398 449 399 449 399 449 399 449 400 449 400 449 401 449 401 449 402 449 402 449 402 449 403 449 403 449 403 449 404 449 404 449 404 449 404 449 405 449 405 449 405 449 405 449 406 449 406 449 406 449 407 449 407 449 407 449 407 449 407 449 407 449 407 449 407 449 407 449 407 449 407 449 407 449 409 449 409 449 409 449 409 449 409 449 410 449 410 449 410 449 410 449 410 449 411 449 411 449 411 449 413 449 413 449 413 449 412 449 412 449 410 449 409 449 408 449 407 449 404 449 402 449 401 449 397 449 396 449 395 449 396 449 397 449 398 449 399 449 400 449 400 449 402 449 403 449 404 449 405 449 406 449 405 449 404 449 403 
32 0 0 0 0 1 115 107 -1 -1 0 4255 115 416 115 411 115 398 115 381 115 359 115 329 115 289 115 204 115 173 115 132 115 120 115 112 115 107 
32 0 0 0 0 1 385 97 -1 -1 1 3002 385 367 385 366 385 361 385 352 385 339 385 316 385 283 385 203 385 168 385 124 385 110 385 101 385 97 
32 0 0 0 0 1 549 599 -1 -1 1 3002 549 150 549 124 549 130 549 147 549 173 549 215 549 279 549 449 549 532 549 599 549 599 549 599 549 599 
32 0 0 0 0 2 149 482 0 2293 5 
32 0 0 0 0 2 50 50 0 651 5 
32 0 0 0 0 2 516 149 1 887 5 
32 0 0 0 0 2 449 316 1 608 5 
32 0 0 0 0 2 216 83 0 2524 4 
32 0 0 0 0 2 349 482 1 1179 5 
32 0 0 0 0 2 183 83 0 1196 5 
32 0 0 0 0 2 283 83 1 1280 4 
32 0 0 0 0 2 449 50 1 672 5 
32 0 0 0 0 2 50 416 0 753 5 
32 0 0 0 0 2 83 183 0 611 5 
32 0 0 0 0 2 383 416 1 600 5 
32 0 0 0 0 2 316 449 1 1193 5 
32 0 0 0 0 2 449 216 1 761 5 
32 0 0 0 0 2 50 516 0 812 5 
32 0 0 0 0 2 149 283 0 1102 5 
32 0 0 0 0 2 549 183 1 656 5 
32 0 0 0 0 2 383 149 1 1159 5 
32 0 0 0 0 2 549 83 1 563 5 
32 0 0 0 0 2 149 149 0 895 5 
32 0 0 0 0 2 116 383 0 730 5 
32 0 0 0 0 2 349 216 1 1243 4 
32 0 0 0 0 2 549 416 1 628 5 
32 0 0 0 0 2 183 449 0 1234 5 
32 0 0 0 0 2 283 149 0 4159 4 
32 0 0 0 0 2 249 549 0 1030 4 
32 0 0 0 0 2 283 482 0 3214 4 
32 0 0 0 0 2 383 50 1 763 5 
32 0 0 0 0 2 383 516 1 627 5 
32 0 0 0 0 2 383 449 1 621 5 
32 0 0 0 0 2 482 349 1 496 5 
32 0 0 0 0 2 283 416 0 1526 4 
32 0 0 0 0 1 371 339 -1 -1 1 3075 371 571 371 419 371 390 371 370 371 356 371 347 371 342 371 339 
32 0 0 0 0 1 474 278 -1 -1 1 2504 474 336 474 505 474 541 474 556 474 570 474 584 474 586 474 586 474 576 474 561 474 540 474 486 474 459 474 404 474 379 474 359 474 324 474 311 474 299 474 283 474 278 
32 0 0 0 0 1 512 512 -1 -1 1 2652 512 100 512 7 512 7 512 5 512 5 512 6 512 20 512 33 512 49 512 88 512 113 512 136 512 184 512 208 512 266 512 296 512 327 512 392 512 423 512 448 512 485 512 497 512 506 512 512 
32 0 0 0 0 1 24 34 -1 -1 0 3676 24 420 24 594 24 580 24 564 24 545 24 524 24 501 24 443 24 413 24 282 24 269 24 259 24 251 24 243 24 236 24 216 24 203 24 169 24 146 24 123 24 82 24 66 24 54 24 38 24 35 24 34 
32 0 0 0 0 1 452 544 -1 -1 1 3841 452 313 452 147 452 146 452 147 452 154 452 172 452 204 452 252 452 319 452 456 452 496 452 544 
32 0 0 0 0 1 599 216 -1 -1 1 3193 293 216 0 216 11 216 35 216 80 216 163 216 279 216 549 216 599 216 599 216 599 216 
32 0 0 0 0 1 0 85 -1 -1 0 2821 174 85 172 85 161 85 138 85 88 85 4 85 0 85 0 85 0 85 0 85 0 85 0 85 
32 0 0 0 0 1 599 5 -1 -1 1 2617 39 5 45 5 61 5 92 5 160 5 260 5 376 5 592 5 599 5 599 5 599 5 599 5 
32 0 0 0 0 1 0 287 -1 -1 0 2665 7 287 5 287 0 287 0 287 0 287 0 287 0 287 0 287 0 287 0 287 0 287 0 287 
32 0 0 0 0 1 595 461 -1 -1 1 2508 129 461 109 461 120 461 138 461 170 461 230 461 312 461 476 461 536 461 589 461 595 461 
32 0 0 0 0 1 0 556 -1 -1 0 2498 195 556 193 556 181 556 156 556 125 556 88 556 50 556 0 556 0 556 0 556 
32 0 0 0 0 1 599 506 -1 -1 1 2363 404 506 402 506 404 506 412 506 426 506 449 506 479 506 513 506 577 506 598 506 599 506 599 506 
32 0 0 0 0 1 361 356 -1 -1 1 2538 433 356 426 356 412 356 398 356 385 356 375 356 367 356 361 356 361 356 361 356 
32 0 0 0 0 1 430 130 -1 -1 1 2516 274 130 275 130 279 130 287 130 304 130 327 130 357 130 408 130 424 130 430 130 430 130 
32 0 0 0 0 1 392 544 -1 -1 1 2577 580 544 570 544 549 544 521 544 490 544 458 544 431 544 399 544 393 544 392 544 
32 0 0 0 0 1 263 236 -1 -1 0 3284 485 236 484 236 474 236 460 236 443 236 423 236 403 236 369 236 355 236 332 236 327 236 325 236 324 236 323 236 319 236 315 236 310 236 304 236 290 236 283 236 272 236 267 236 265 236 263 236 
32 0 0 0 0 2 416 283 1 2371 5 
32 0 0 0 0 2 216 116 0 2176 4 
32 0 0 0 0 2 449 283 1 558 5 
32 0 0 0 0 2 516 83 1 592 5 
32 0 0 0 0 2 516 316 1 498 5 
32 0 0 0 0 2 116 183 0 780 4 
32 0 0 0 0 2 416 383 1 1259 5 
32 0 0 0 0 2 249 383 0 1450 4 
32 0 0 0 0 2 83 383 0 1148 5 
32 0 0 0 0 2 149 416 0 1358 5 
32 0 0 0 0 2 316 83 1 1773 4 
32 0 0 0 0 2 116 349 0 808 5 
32 0 0 0 0 2 216 216 0 1297 5 
32 0 0 0 0 2 449 249 1 645 5 
32 0 0 0 0 2 349 50 1 1346 5 
32 0 0 0 0 2 149 449 0 1031 4 
32 0 0 0 0 2 383 249 1 5072 5 
32 0 0 0 0 2 416 549 1 1092 5 
32 0 0 0 0 2 549 249 1 588 5 
32 0 0 0 0 2 516 516 1 921 5 
32 0 0 0 0 2 449 482 1 839 5 
32 0 0 0 0 2 183 149 0 966 4 
32 0 0 0 0 2 283 516 1 3958 4 
32 0 0 0 0 2 83 249 0 975 5 
32 0 0 0 0 2 549 549 1 642 5 
32 0 0 0 0 2 216 516 0 2172 4 
32 0 0 0 0 2 283 316 1 1113 4 
32 0 0 0 0 2 283 283 1 1023 4 
32 0 0 0 0 2 83 216 0 834 5 
32 0 0 0 0 2 383 482 1 1822 5 
32 0 0 0 0 2 216 249 0 2915 5 
32 0 0 0 0 2 516 416 1 706 5 
