Subject 33 in condition 1
Training Condition: 0
Task: 0
Rule: [[[300, 220], [[9000, 0], [0, 2000]]], [[300, 380], [[9000, 0], [0, 2000]]]]
Noise: 0
CATA=0
CATB=1
Sample keys: 122 120
Resp keys: 307 309
Dim direction: 0 0
Dim minimum: 84 33
Test order: [7, 3, 4, 5, 1, 0, 2, 6]
33 1 0 0 1 1 599 15 -1 -1 0 10470 291 15 291 15 296 15 305 15 316 15 324 15 333 15 340 15 346 15 353 15 359 15 371 15 375 15 378 15 382 15 386 15 392 15 407 15 415 15 422 15 428 15 433 15 445 15 451 15 457 15 461 15 463 15 463 15 465 15 465 15 466 15 467 15 467 15 467 15 465 15 465 15 464 15 463 15 462 15 461 15 460 15 459 15 458 15 457 15 455 15 454 15 452 15 451 15 449 15 447 15 446 15 445 15 444 15 443 15 441 15 440 15 439 15 438 15 437 15 438 15 439 15 441 15 443 15 447 15 453 15 459 15 465 15 470 15 475 15 485 15 491 15 497 15 502 15 505 15 507 15 508 15 509 15 510 15 511 15 512 15 514 15 519 15 527 15 538 15 550 15 564 15 580 15 598 15 599 15 599 15 599 15 599 15 599 15 599 15 599 15 599 15 599 15 599 15 599 15 599 15 599 15 599 15 599 15 599 15 599 15 599 15 599 15 
33 1 0 0 1 1 77 0 -1 -1 0 17228 77 449 77 340 77 335 77 326 77 316 77 306 77 300 77 297 77 296 77 295 77 294 77 291 77 289 77 289 77 288 77 287 77 286 77 284 77 282 77 281 77 279 77 277 77 274 77 273 77 273 77 272 77 271 77 269 77 266 77 263 77 259 77 255 77 250 77 245 77 241 77 237 77 229 77 226 77 222 77 219 77 217 77 214 77 211 77 209 77 206 77 203 77 201 77 194 77 189 77 183 77 177 77 172 77 168 77 157 77 151 77 145 77 140 77 135 77 125 77 119 77 113 77 109 77 103 77 98 77 86 77 79 77 74 77 68 77 63 77 52 77 45 77 41 77 38 77 35 77 33 77 28 77 25 77 23 77 22 77 21 77 20 77 19 77 18 77 17 77 16 77 15 77 14 77 13 77 12 77 11 77 10 77 9 77 8 77 7 77 6 77 5 77 4 77 3 77 2 77 1 77 0 77 0 77 0 77 0 77 0 77 0 77 0 77 0 77 0 77 0 77 0 77 0 77 0 77 0 77 0 77 0 77 0 77 0 
33 1 0 0 1 1 0 279 -1 -1 0 9331 403 279 435 279 435 279 434 279 433 279 432 279 430 279 428 279 426 279 424 279 421 279 417 279 413 279 404 279 400 279 396 279 391 279 385 279 379 279 369 279 363 279 357 279 349 279 342 279 328 279 322 279 314 279 305 279 298 279 292 279 281 279 274 279 266 279 260 279 253 279 236 279 225 279 214 279 205 279 196 279 186 279 168 279 160 279 155 279 151 279 148 279 143 279 141 279 140 279 139 279 138 279 137 279 135 279 133 279 129 279 125 279 121 279 114 279 106 279 95 279 84 279 66 279 59 279 52 279 45 279 39 279 32 279 22 279 18 279 13 279 8 279 3 279 0 279 0 279 0 279 0 279 0 279 0 279 0 279 0 279 0 279 0 279 0 279 0 279 0 279 0 279 0 279 0 279 0 279 0 279 0 279 
33 1 0 0 1 1 228 94 -1 -1 0 13268 304 78 304 110 304 111 304 112 304 112 304 113 304 114 304 114 304 113 304 112 304 111 304 110 304 111 304 112 304 112 304 114 304 115 304 116 304 116 304 118 304 120 304 123 304 125 304 128 304 129 304 128 304 127 304 127 304 125 304 122 304 119 304 117 304 115 304 113 304 111 304 109 304 101 304 98 304 96 304 94 304 94 302 94 300 94 299 94 297 94 296 94 295 94 295 94 294 94 294 94 293 94 293 94 292 94 290 94 288 94 287 94 286 94 285 94 285 94 283 94 282 94 282 94 281 94 281 94 280 94 279 94 279 94 278 94 279 94 279 94 281 94 283 94 284 94 285 94 286 94 287 94 288 94 290 94 292 94 293 94 294 94 297 94 299 94 301 94 301 94 302 94 303 94 304 94 304 94 306 94 307 94 307 94 309 94 310 94 311 94 314 94 320 94 327 94 332 94 338 94 345 94 366 94 376 94 384 94 388 94 392 94 410 94 419 94 424 94 426 94 431 94 440 94 452 94 454 94 454 94 458 94 461 94 460 94 458 94 457 94 453 94 448 94 439 94 429 94 420 94 412 94 404 94 387 94 378 94 369 94 361 94 354 94 347 94 334 94 330 94 326 94 323 94 321 94 313 94 310 94 307 94 303 94 300 94 295 94 289 94 287 94 286 94 284 94 282 94 280 94 277 94 274 94 270 94 268 94 261 94 256 94 252 94 249 94 247 94 245 94 242 94 240 94 239 94 237 94 236 94 232 94 231 94 229 94 228 94 228 94 
33 1 0 0 1 1 137 383 -1 -1 1 10996 137 282 137 319 137 320 137 321 137 323 137 326 137 329 137 333 137 337 137 341 137 344 137 347 137 350 137 351 137 351 137 352 137 353 137 355 137 356 137 357 137 357 137 359 137 360 137 362 137 365 137 367 137 368 137 370 137 371 137 371 137 372 137 373 137 374 137 375 137 377 137 381 137 385 137 389 137 393 137 399 137 403 137 406 137 409 137 414 137 418 137 424 137 430 137 438 137 448 137 472 137 484 137 494 137 502 137 508 137 520 137 527 137 535 137 542 137 547 137 551 137 555 137 555 137 556 137 556 137 556 137 558 137 558 137 558 137 558 137 558 137 558 137 558 137 558 137 558 137 558 137 558 137 559 137 559 137 559 137 558 137 557 137 557 137 557 137 555 137 555 137 553 137 552 137 551 137 551 137 550 137 550 137 549 137 548 137 547 137 547 137 544 137 540 137 536 137 534 137 525 137 522 137 519 137 517 137 514 137 512 137 508 137 508 137 508 137 507 137 507 137 504 137 503 137 502 137 501 137 497 137 496 137 492 137 491 137 488 137 483 137 479 137 472 137 468 137 467 137 465 137 463 137 460 137 453 137 450 137 446 137 442 137 440 137 435 137 432 137 429 137 427 137 424 137 422 137 416 137 413 137 411 137 409 137 407 137 403 137 399 137 398 137 396 137 396 137 395 137 394 137 393 137 391 137 390 137 389 137 388 137 387 137 386 137 385 137 385 137 383 
33 1 0 0 1 1 421 523 -1 -1 1 8723 421 242 421 248 421 249 421 251 421 252 421 254 421 256 421 258 421 261 421 265 421 272 421 288 421 297 421 307 421 315 421 321 421 327 421 337 421 342 421 347 421 353 421 360 421 382 421 397 421 412 421 425 421 436 421 445 421 454 421 455 421 456 421 456 421 456 421 456 421 456 421 456 421 456 421 459 421 465 421 472 421 478 421 482 421 484 421 486 421 488 421 497 421 501 421 505 421 510 421 512 421 513 421 516 421 519 421 523 421 527 421 530 421 533 421 533 421 532 421 530 421 529 421 528 421 527 421 526 421 524 421 524 421 523 421 522 421 519 421 517 421 514 421 512 421 505 421 502 421 496 421 492 421 487 421 482 421 475 421 474 421 474 421 474 421 474 421 475 421 476 421 477 421 478 421 478 421 479 421 478 421 474 421 468 421 459 421 450 421 443 421 435 421 427 421 421 421 419 421 418 421 419 421 422 421 427 421 433 421 442 421 462 421 469 421 475 421 479 421 483 421 488 421 489 421 490 421 491 421 493 421 494 421 495 421 496 421 497 421 499 421 502 421 506 421 515 421 519 421 521 421 522 421 522 421 523 
33 1 0 0 1 1 0 567 -1 -1 1 11341 437 205 438 205 436 205 433 205 427 205 420 205 413 205 407 205 402 205 397 205 393 205 387 205 386 205 386 205 382 205 379 205 374 205 363 205 357 205 349 205 342 205 334 205 318 205 308 205 299 205 290 205 281 205 273 205 253 205 242 205 233 205 227 205 221 205 211 205 205 205 201 205 196 205 191 205 186 205 176 205 170 205 164 205 158 205 152 205 141 205 135 205 129 205 124 205 120 205 118 205 117 205 117 205 120 205 125 205 130 205 134 205 138 205 141 205 145 205 149 205 153 205 156 205 157 205 157 205 157 205 157 205 156 205 156 205 155 205 154 205 152 205 150 205 148 205 145 205 142 205 137 205 128 205 122 205 117 205 112 205 108 205 104 205 98 205 97 205 97 205 95 205 93 205 86 205 83 205 80 205 77 205 75 205 74 205 68 205 66 205 64 205 61 205 59 205 53 205 50 205 48 205 47 205 46 205 45 205 43 205 43 205 43 205 43 205 43 205 41 205 40 205 39 205 38 205 37 205 36 205 34 205 32 205 31 205 29 205 26 205 23 205 16 205 12 205 10 205 7 205 4 205 0 205 0 205 0 205 0 205 0 205 0 205 0 205 0 205 0 205 0 205 0 205 0 205 0 205 0 205 0 205 0 205 0 205 0 205 0 205 0 205 0 205 0 205 0 205 0 205 0 205 0 205 0 205 0 205 0 205 0 205 0 205 0 205 0 205 0 205 0 205 0 208 0 208 0 209 0 209 0 210 0 211 0 211 0 212 0 214 0 219 0 225 0 231 0 236 0 241 0 244 0 247 0 248 0 251 0 252 0 255 0 258 0 264 0 269 0 284 0 291 0 298 0 305 0 309 0 318 0 322 0 326 0 330 0 333 0 336 0 346 0 352 0 358 0 365 0 373 0 388 0 395 0 403 0 412 0 420 0 430 0 445 0 453 0 461 0 469 0 476 0 489 0 494 0 499 0 504 0 509 0 514 0 521 0 524 0 527 0 531 0 535 0 540 0 548 0 552 0 555 0 559 0 561 0 564 0 565 0 567 
33 1 0 0 1 1 591 164 -1 -1 0 11219 201 164 201 164 200 164 200 164 200 164 199 164 199 164 199 164 199 164 199 164 199 164 199 164 199 164 199 164 199 164 199 164 199 164 199 164 199 164 198 164 195 164 191 164 189 164 187 164 184 164 181 164 178 164 175 164 175 164 175 164 175 164 174 164 174 164 174 164 174 164 174 164 174 164 174 164 174 164 174 164 174 164 174 164 174 164 174 164 173 164 172 164 171 164 171 164 171 164 171 164 171 164 171 164 172 164 173 164 174 164 174 164 175 164 177 164 177 164 177 164 175 164 173 164 173 164 173 164 172 164 172 164 174 164 176 164 177 164 177 164 178 164 181 164 182 164 183 164 185 164 185 164 186 164 188 164 190 164 191 164 192 164 193 164 196 164 197 164 197 164 198 164 202 164 206 164 214 164 219 164 223 164 227 164 231 164 235 164 236 164 237 164 237 164 237 164 237 164 237 164 237 164 235 164 233 164 232 164 230 164 230 164 230 164 233 164 234 164 235 164 237 164 239 164 240 164 240 164 242 164 243 164 243 164 244 164 247 164 249 164 255 164 265 164 279 164 295 164 332 164 352 164 372 164 393 164 413 164 448 164 463 164 477 164 490 164 501 164 511 164 531 164 540 164 550 164 559 164 568 164 580 164 585 164 589 164 594 164 598 164 599 164 599 164 599 164 599 164 599 164 599 164 599 164 599 164 599 164 599 164 599 164 599 164 599 164 599 164 599 164 599 164 599 164 599 164 599 164 599 164 598 164 595 164 593 164 591 164 
33 1 0 0 1 1 17 210 -1 -1 0 5883 23 210 21 210 21 210 19 210 18 210 17 210 
33 1 0 0 1 1 474 398 -1 -1 1 7606 403 218 402 218 414 218 427 218 440 218 449 218 455 218 456 218 456 218 456 218 456 218 456 218 456 218 456 218 459 218 464 218 468 218 472 218 475 218 474 218 474 216 474 215 474 214 474 213 474 211 474 210 474 209 474 208 474 207 474 206 474 205 474 204 474 203 474 202 474 201 474 200 474 199 474 201 474 206 474 211 474 215 474 220 474 227 474 236 474 246 474 255 474 266 474 289 474 299 474 311 474 324 474 341 474 360 474 394 474 403 474 409 474 412 474 413 474 412 474 411 474 410 474 409 474 408 474 407 474 406 474 406 474 405 474 403 474 401 474 400 474 398 474 398 474 398 
33 1 0 0 1 1 37 563 -1 -1 1 9261 416 563 380 563 380 563 380 563 380 563 380 563 381 563 381 563 381 563 381 563 381 563 380 563 380 563 379 563 379 563 378 563 378 563 375 563 374 563 372 563 369 563 367 563 360 563 355 563 349 563 344 563 339 563 334 563 322 563 314 563 305 563 293 563 283 563 268 563 260 563 251 563 242 563 235 563 228 563 218 563 214 563 209 563 205 563 200 563 192 563 191 563 189 563 187 563 186 563 185 563 183 563 181 563 178 563 174 563 170 563 159 563 155 563 151 563 149 563 148 563 147 563 145 563 144 563 143 563 143 563 142 563 140 563 140 563 139 563 139 563 138 563 137 563 137 563 136 563 136 563 135 563 135 563 135 563 135 563 134 563 132 563 131 563 129 563 128 563 128 563 127 563 125 563 122 563 119 563 116 563 114 563 112 563 111 563 110 563 108 563 108 563 106 563 106 563 105 563 103 563 96 563 93 563 89 563 86 563 84 563 82 563 80 563 78 563 76 563 73 563 70 563 69 563 67 563 65 563 64 563 63 563 62 563 60 563 59 563 58 563 58 563 57 563 56 563 55 563 55 563 54 563 54 563 52 563 51 563 51 563 50 563 48 563 44 563 43 563 42 563 41 563 40 563 40 563 38 563 38 563 37 563 
33 1 0 0 1 1 165 51 -1 -1 0 5212 165 398 165 404 165 404 165 406 165 407 165 408 165 409 165 411 165 411 165 411 165 411 165 406 165 402 165 396 165 390 165 383 165 375 165 359 165 351 165 344 165 338 165 332 165 321 165 316 165 310 165 304 165 299 165 295 165 285 165 277 165 268 165 257 165 247 165 224 165 212 165 201 165 189 165 178 165 169 165 157 165 155 165 154 165 153 165 152 165 150 165 146 165 140 165 132 165 122 165 111 165 82 165 71 165 63 165 57 165 52 165 48 165 49 165 50 165 51 
33 1 0 0 1 1 470 25 -1 -1 0 9462 470 69 470 188 470 187 470 185 470 181 470 175 470 169 470 165 470 161 470 156 470 152 470 148 470 146 470 145 470 144 470 143 470 142 470 141 470 139 470 136 470 132 470 127 470 120 470 112 470 101 470 89 470 74 470 42 470 24 470 4 470 0 470 0 470 0 470 0 470 0 470 0 470 0 470 0 470 0 470 0 470 0 470 0 470 0 470 0 470 0 470 0 470 0 470 0 470 0 470 0 470 0 470 0 470 0 470 2 470 3 470 4 470 6 470 9 470 13 470 17 470 20 470 23 470 25 470 26 470 25 
33 1 0 0 1 1 599 305 -1 -1 1 8163 273 305 272 305 274 305 278 305 281 305 283 305 284 305 285 305 286 305 287 305 288 305 289 305 291 305 293 305 296 305 301 305 305 305 310 305 317 305 332 305 338 305 342 305 347 305 353 305 358 305 366 305 372 305 379 305 385 305 391 305 405 305 413 305 422 305 430 305 439 305 449 305 466 305 474 305 479 305 484 305 490 305 508 305 517 305 522 305 526 305 532 305 541 305 557 305 560 305 564 305 569 305 574 305 587 305 592 305 595 305 599 305 599 305 599 305 599 305 599 305 599 305 599 305 599 305 599 305 599 305 599 305 599 305 599 305 599 305 599 305 599 305 599 305 599 305 599 305 599 305 599 305 599 305 599 305 
33 1 0 0 1 1 20 448 -1 -1 1 5326 290 448 290 448 289 448 287 448 286 448 282 448 279 448 275 448 269 448 262 448 255 448 243 448 237 448 230 448 224 448 216 448 208 448 186 448 176 448 164 448 152 448 140 448 111 448 94 448 76 448 61 448 46 448 35 448 22 448 20 448 
33 1 0 0 1 1 241 517 -1 -1 1 5051 241 381 241 380 241 382 241 385 241 387 241 389 241 391 241 392 241 393 241 394 241 395 241 396 241 398 241 402 241 405 241 407 241 409 241 413 241 418 241 424 241 431 241 433 241 435 241 439 241 443 241 447 241 453 241 454 241 458 241 462 241 464 241 465 241 467 241 469 241 473 241 478 241 487 241 491 241 495 241 500 241 504 241 507 241 510 241 512 241 514 241 515 241 515 241 517 
33 1 0 0 1 2 482 216 0 6913 4 
33 1 0 0 1 2 50 83 0 2800 4 
33 1 0 0 1 2 216 149 0 1376 4 
33 1 0 0 1 2 249 316 1 5150 3 
33 1 0 0 1 2 183 249 0 3694 3 
33 1 0 0 1 2 149 183 0 3321 4 
33 1 0 0 1 2 116 116 0 1623 5 
33 1 0 0 1 2 50 283 0 9446 4 
33 1 0 0 1 2 549 516 1 4089 5 
33 1 0 0 1 2 116 482 1 3201 4 
33 1 0 0 1 2 149 349 1 3223 3 
33 1 0 0 1 2 549 449 1 3515 4 
33 1 0 0 1 2 283 349 1 5695 4 
33 1 0 0 1 2 516 216 0 2996 4 
33 1 0 0 1 2 149 549 1 2892 4 
33 1 0 0 1 2 516 249 0 4489 4 
33 1 0 0 1 2 383 349 1 2256 4 
33 1 0 0 1 2 482 383 1 4640 4 
33 1 0 0 1 2 316 116 0 1936 4 
33 1 0 0 1 2 149 383 1 4434 3 
33 1 0 0 1 2 549 50 0 3044 5 
33 1 0 0 1 2 383 116 0 2254 5 
33 1 0 0 1 2 249 50 0 2569 5 
33 1 0 0 1 2 249 216 0 2056 5 
33 1 0 0 1 2 116 416 1 9318 4 
33 1 0 0 1 2 316 149 0 2308 4 
33 1 0 0 1 2 349 449 1 1786 4 
33 1 0 0 1 2 383 316 1 8021 4 
33 1 0 0 1 2 516 349 1 1924 4 
33 1 0 0 1 2 349 149 0 2706 5 
33 1 0 0 1 2 516 449 1 1609 5 
33 1 0 0 1 2 249 416 1 1724 5 
33 1 0 0 1 1 142 2 -1 -1 0 11055 142 128 142 221 142 220 142 214 142 207 142 196 142 182 142 168 142 154 142 142 142 130 142 118 142 97 142 87 142 76 142 65 142 54 142 46 142 38 142 35 142 33 142 32 142 31 142 30 142 28 142 27 142 26 142 25 142 24 142 23 142 23 142 21 142 20 142 18 142 17 142 16 142 14 142 11 142 9 142 7 142 5 142 5 142 5 142 5 142 4 142 4 142 3 142 3 142 2 
33 1 0 0 1 1 191 386 -1 -1 1 9070 145 54 289 54 289 54 290 54 291 54 293 54 296 54 299 54 305 54 312 54 319 54 327 54 336 54 347 54 350 54 351 54 352 54 353 54 354 54 355 54 358 54 359 54 361 54 362 54 364 54 365 54 368 54 367 54 366 54 365 54 364 54 363 54 361 54 358 54 353 54 346 54 339 54 331 54 324 54 318 54 312 54 300 54 295 54 290 54 283 54 277 54 268 54 246 54 234 54 225 54 217 54 210 54 199 54 195 54 191 54 191 55 191 56 191 59 191 64 191 69 191 75 191 79 191 82 191 84 191 87 191 94 191 99 191 102 191 106 191 108 191 110 191 119 191 123 191 129 191 134 191 140 191 154 191 162 191 171 191 180 191 191 191 202 191 222 191 233 191 244 191 256 191 268 191 291 191 300 191 309 191 318 191 326 191 335 191 353 191 363 191 370 191 376 191 380 191 383 191 384 191 386 191 386 191 386 
33 1 0 0 1 1 101 286 -1 -1 0 8956 101 577 101 576 101 576 101 575 101 574 101 573 101 572 101 572 101 571 101 571 101 571 101 571 101 571 101 571 101 572 101 573 101 573 101 573 101 573 101 572 101 570 101 570 101 570 101 569 101 568 101 564 101 558 101 551 101 547 101 543 101 536 101 527 101 520 101 507 101 500 101 493 101 484 101 475 101 458 101 451 101 443 101 437 101 432 101 428 101 423 101 421 101 418 101 413 101 408 101 397 101 391 101 385 101 379 101 374 101 368 101 359 101 356 101 353 101 352 101 350 101 349 101 348 101 346 101 345 101 343 101 341 101 340 101 338 101 337 101 335 101 334 101 332 101 331 101 330 101 329 101 329 101 328 101 327 101 325 101 323 101 321 101 319 101 317 101 315 101 314 101 313 101 312 101 311 101 310 101 308 101 306 101 305 101 303 101 302 101 300 101 299 101 298 101 296 101 294 101 293 101 292 101 291 101 290 101 289 101 288 101 287 101 286 
33 1 0 0 1 1 223 344 -1 -1 1 6012 223 265 223 266 223 268 223 270 223 271 223 272 223 273 223 273 223 274 223 275 223 275 223 276 223 276 223 277 223 278 223 278 223 279 223 280 223 282 223 285 223 287 223 288 223 289 223 290 223 292 223 294 223 294 223 296 223 296 223 298 223 299 223 300 223 301 223 301 223 301 223 302 223 304 223 304 223 306 223 307 223 309 223 311 223 315 223 316 223 317 223 318 223 318 223 319 223 320 223 321 223 323 223 325 223 328 223 332 223 336 223 340 223 343 223 348 223 350 223 352 223 354 223 355 223 354 223 352 223 350 223 348 223 347 223 347 223 345 223 345 223 344 
33 1 0 0 1 1 69 324 -1 -1 1 5733 69 573 69 573 69 572 69 568 69 565 69 560 69 556 69 552 69 549 69 548 69 546 69 546 69 545 69 543 69 543 69 542 69 542 69 541 69 540 69 538 69 536 69 533 69 529 69 526 69 522 69 513 69 510 69 508 69 505 69 504 69 503 69 500 69 498 69 497 69 495 69 492 69 485 69 479 69 475 69 469 69 463 69 456 69 442 69 436 69 434 69 432 69 431 69 427 69 423 69 417 69 411 69 405 69 401 69 397 69 392 69 384 69 375 69 366 69 352 69 347 69 341 69 336 69 333 69 333 69 333 69 334 69 332 69 328 69 327 69 325 69 324 
33 1 0 0 1 1 188 315 -1 -1 1 4670 188 163 188 164 188 165 188 166 188 167 188 168 188 169 188 170 188 171 188 173 188 174 188 176 188 181 188 185 188 188 188 190 188 194 188 197 188 203 188 212 188 220 188 229 188 247 188 255 188 263 188 268 188 273 188 278 188 280 188 282 188 283 188 284 188 284 188 285 188 285 188 286 188 287 188 287 188 288 188 289 188 290 188 290 188 291 188 291 188 294 188 296 188 298 188 299 188 300 188 302 188 303 188 306 188 307 188 308 188 309 188 311 188 312 188 314 188 314 188 314 188 314 188 314 188 314 188 314 188 314 188 315 188 315 188 315 
33 1 0 0 1 1 196 251 -1 -1 0 3493 196 282 196 281 196 279 196 276 196 271 196 265 196 260 196 256 196 255 196 254 196 254 196 253 196 252 196 251 196 251 
33 1 0 0 1 1 0 308 -1 -1 1 5060 263 308 263 308 253 308 238 308 220 308 201 308 182 308 166 308 153 308 142 308 134 308 123 308 118 308 113 308 108 308 100 308 89 308 65 308 53 308 42 308 32 308 20 308 0 308 0 308 0 308 0 308 0 308 0 308 0 308 0 308 0 308 0 308 0 308 0 308 0 308 0 308 0 308 
33 1 0 0 1 1 120 492 -1 -1 1 6236 543 492 599 492 599 492 599 492 599 492 599 492 596 492 592 492 584 492 571 492 553 492 518 492 504 492 491 492 479 492 468 492 458 492 449 492 448 492 447 492 446 492 443 492 439 492 434 492 427 492 420 492 410 492 397 492 384 492 371 492 351 492 344 492 339 492 333 492 327 492 321 492 312 492 306 492 301 492 294 492 289 492 273 492 265 492 257 492 248 492 239 492 230 492 216 492 211 492 208 492 206 492 204 492 200 492 197 492 194 492 192 492 191 492 191 492 190 492 189 492 188 492 185 492 180 492 173 492 167 492 159 492 152 492 146 492 140 492 129 492 126 492 124 492 123 492 121 492 120 492 119 492 120 492 
33 1 0 0 1 1 599 423 -1 -1 1 7133 239 423 291 423 290 423 286 423 281 423 275 423 265 423 253 423 240 423 230 423 221 423 215 423 213 423 211 423 207 423 202 423 193 423 184 423 175 423 166 423 158 423 152 423 146 423 141 423 133 423 124 423 113 423 100 423 72 423 58 423 47 423 40 423 33 423 20 423 16 423 17 423 23 423 33 423 48 423 68 423 93 423 122 423 150 423 177 423 206 423 269 423 300 423 326 423 349 423 371 423 392 423 426 423 441 423 453 423 463 423 472 423 490 423 499 423 506 423 514 423 522 423 533 423 562 423 574 423 585 423 595 423 599 423 599 423 599 423 599 423 599 423 599 423 599 423 599 423 599 423 599 423 599 423 
33 1 0 0 1 1 135 45 -1 -1 0 8301 135 399 135 385 135 382 135 376 135 370 135 364 135 357 135 349 135 338 135 327 135 316 135 292 135 280 135 267 135 251 135 236 135 219 135 187 135 171 135 159 135 147 135 135 135 116 135 109 135 104 135 103 135 103 135 103 135 103 135 103 135 102 135 101 135 101 135 99 135 98 135 97 135 96 135 94 135 92 135 91 135 90 135 89 135 88 135 87 135 85 135 82 135 81 135 79 135 78 135 77 135 75 135 70 135 67 135 64 135 63 135 60 135 58 135 54 135 53 135 52 135 50 135 50 135 48 135 48 135 47 135 47 135 46 135 46 135 45 
33 1 0 0 1 1 175 287 -1 -1 0 11845 416 287 426 287 422 287 415 287 403 287 388 287 372 287 353 287 337 287 325 287 319 287 317 287 318 287 318 287 319 287 320 287 324 287 331 287 336 287 340 287 344 287 349 287 360 287 364 287 366 287 367 287 366 287 364 287 360 287 356 287 349 287 340 287 330 287 319 287 307 287 296 287 275 287 267 287 262 287 257 287 252 287 246 287 230 287 220 287 209 287 198 287 188 287 175 287 172 287 173 287 173 287 174 287 174 287 175 287 175 287 
33 1 0 0 1 1 202 94 -1 -1 0 7357 202 421 202 422 202 418 202 411 202 402 202 395 202 390 202 385 202 382 202 379 202 377 202 373 202 371 202 367 202 362 202 357 202 352 202 344 202 340 202 337 202 334 202 332 202 329 202 328 202 324 202 319 202 313 202 307 202 302 202 297 202 293 202 286 202 278 202 255 202 243 202 233 202 222 202 214 202 206 202 194 202 187 202 181 202 171 202 161 202 145 202 141 202 139 202 138 202 138 202 136 202 135 202 134 202 133 202 130 202 128 202 124 202 121 202 117 202 113 202 109 202 106 202 103 202 104 202 105 202 106 202 107 202 108 202 109 202 110 202 108 202 105 202 102 202 99 202 97 202 95 202 94 
33 1 0 0 1 1 0 72 -1 -1 0 4205 292 72 373 72 373 72 372 72 371 72 368 72 362 72 353 72 340 72 328 72 317 72 307 72 294 72 280 72 253 72 241 72 230 72 220 72 211 72 200 72 176 72 163 72 148 72 131 72 112 72 76 72 61 72 47 72 35 72 22 72 7 72 0 72 0 72 0 72 0 72 0 72 0 72 0 72 0 72 0 72 0 72 0 72 0 72 0 72 0 72 0 72 0 72 0 72 
33 1 0 0 1 1 279 323 -1 -1 1 4868 279 138 279 145 279 146 279 150 279 158 279 173 279 189 279 211 279 232 279 248 279 259 279 264 279 275 279 282 279 286 279 289 279 292 279 296 279 308 279 313 279 316 279 319 279 322 279 326 279 325 279 324 279 323 
33 1 0 0 1 1 339 359 -1 -1 1 5783 339 369 339 366 339 365 339 364 339 363 339 362 339 360 339 359 
33 1 0 0 1 2 83 183 0 4251 5 
33 1 0 0 1 2 383 416 1 2187 5 
33 1 0 0 1 2 149 149 0 1990 5 
33 1 0 0 1 2 383 149 0 3316 5 
33 1 0 0 1 2 50 50 0 5577 5 
33 1 0 0 1 2 383 50 0 2080 5 
33 1 0 0 1 2 349 216 0 2993 5 
33 1 0 0 1 2 149 283 0 3735 3 
33 1 0 0 1 2 516 149 0 2998 5 
33 1 0 0 1 2 183 449 1 2386 5 
33 1 0 0 1 2 383 516 1 2178 5 
33 1 0 0 1 2 482 349 1 3041 4 
33 1 0 0 1 2 249 549 1 2382 5 
33 1 0 0 1 2 549 416 1 2005 5 
33 1 0 0 1 2 216 83 0 4376 5 
33 1 0 0 1 2 549 83 0 1766 5 
33 1 0 0 1 2 383 449 1 3278 5 
33 1 0 0 1 2 50 416 1 2115 5 
33 1 0 0 1 2 283 149 0 6982 5 
33 1 0 0 1 2 449 50 0 1506 5 
33 1 0 0 1 2 50 516 1 3075 5 
33 1 0 0 1 2 116 383 1 3605 3 
33 1 0 0 1 2 449 216 0 2346 5 
33 1 0 0 1 2 283 416 1 3949 4 
33 1 0 0 1 2 283 482 1 1555 5 
33 1 0 0 1 2 449 316 1 2334 3 
33 1 0 0 1 2 316 449 1 2073 4 
33 1 0 0 1 2 149 482 1 2320 4 
33 1 0 0 1 2 349 482 1 1554 5 
33 1 0 0 1 2 283 83 0 4317 5 
33 1 0 0 1 2 549 183 0 3197 5 
33 1 0 0 1 2 183 83 0 6359 5 
33 1 0 0 1 1 122 262 -1 -1 0 8455 122 31 122 0 122 4 122 8 122 13 122 18 122 22 122 24 122 25 122 26 122 26 122 28 122 29 122 31 122 32 122 36 122 37 122 38 122 40 122 44 122 50 122 57 122 67 122 73 122 79 122 86 122 93 122 103 122 119 122 126 122 134 122 143 122 153 122 176 122 188 122 199 122 207 122 217 122 226 122 244 122 252 122 258 122 261 122 262 122 263 122 262 
33 1 0 0 1 1 67 327 -1 -1 1 4933 67 196 67 198 67 201 67 204 67 205 67 206 67 207 67 208 67 209 67 210 67 211 67 212 67 213 67 214 67 215 67 217 67 219 67 221 67 223 67 225 67 227 67 230 67 232 67 236 67 237 67 241 67 244 67 254 67 258 67 262 67 265 67 268 67 276 67 280 67 285 67 291 67 296 67 301 67 307 67 308 67 309 67 309 67 309 67 312 67 314 67 316 67 318 67 320 67 321 67 322 67 323 67 325 67 327 
33 1 0 0 1 1 7 319 -1 -1 1 6469 7 172 7 205 7 204 7 203 7 202 7 201 7 200 7 199 7 198 7 197 7 198 7 200 7 202 7 205 7 210 7 217 7 224 7 231 7 235 7 237 7 238 7 238 7 238 7 237 7 237 7 235 7 231 7 230 7 230 7 230 7 231 7 232 7 233 7 237 7 244 7 255 7 283 7 297 7 315 7 333 7 350 7 361 7 369 7 370 7 368 7 364 7 359 7 355 7 353 7 352 7 351 7 350 7 349 7 348 7 349 7 349 7 347 7 347 7 346 7 344 7 343 7 341 7 339 7 338 7 337 7 332 7 326 7 322 7 320 7 319 
33 1 0 0 1 1 533 299 -1 -1 0 5413 533 230 533 231 533 233 533 237 533 242 533 247 533 250 533 251 533 252 533 254 533 256 533 265 533 271 533 277 533 284 533 291 533 298 533 307 533 308 533 308 533 309 533 309 533 310 533 311 533 310 533 309 533 308 533 307 533 305 533 304 533 303 533 302 533 301 533 300 533 299 533 299 
33 1 0 0 1 1 150 337 -1 -1 1 4676 150 118 150 121 150 127 150 134 150 141 150 147 150 150 150 152 150 153 150 154 150 155 150 156 150 157 150 159 150 162 150 167 150 174 150 188 150 194 150 200 150 211 150 223 150 251 150 265 150 277 150 286 150 292 150 296 150 298 150 300 150 302 150 307 150 314 150 326 150 329 150 332 150 333 150 334 150 336 150 337 
33 1 0 0 1 1 390 289 -1 -1 0 4891 390 105 390 102 390 106 390 112 390 120 390 127 390 134 390 139 390 141 390 141 390 142 390 143 390 144 390 145 390 147 390 148 390 152 390 159 390 165 390 168 390 171 390 175 390 179 390 186 390 202 390 207 390 210 390 213 390 214 390 214 390 216 390 217 390 219 390 225 390 236 390 251 390 267 390 285 390 301 390 316 390 326 390 331 390 330 390 329 390 325 390 321 390 317 390 314 390 312 390 311 390 309 390 307 390 304 390 303 390 302 390 300 390 298 390 296 390 294 390 292 390 290 390 289 
33 1 0 0 1 1 29 340 -1 -1 1 6293 29 448 29 386 29 384 29 381 29 377 29 373 29 369 29 366 29 364 29 362 29 360 29 356 29 353 29 351 29 350 29 349 29 348 29 347 29 346 29 344 29 342 29 341 29 340 
33 1 0 0 1 1 535 291 -1 -1 0 8052 535 499 535 498 535 497 535 495 535 496 535 498 535 497 535 492 535 487 535 483 535 478 535 476 535 471 535 466 535 462 535 458 535 448 535 443 535 439 535 435 535 431 535 430 535 429 535 428 535 427 535 425 535 423 535 422 535 421 535 420 535 418 535 415 535 411 535 405 535 401 535 396 535 390 535 384 535 377 535 360 535 354 535 349 535 345 535 342 535 333 535 327 535 321 535 314 535 307 535 299 535 283 535 276 535 270 535 264 535 260 535 253 535 251 535 251 535 252 535 253 535 254 535 255 535 257 535 258 535 260 535 261 535 262 535 263 535 264 535 265 535 266 535 267 535 269 535 270 535 271 535 272 535 273 535 275 535 276 535 278 535 279 535 281 535 284 535 286 535 287 535 288 535 289 535 290 535 291 
33 1 0 0 1 1 339 333 -1 -1 1 6197 339 491 339 491 339 491 339 490 339 488 339 485 339 484 339 484 339 483 339 482 339 481 339 480 339 478 339 475 339 472 339 470 339 468 339 464 339 461 339 459 339 456 339 454 339 452 339 448 339 444 339 440 339 435 339 431 339 429 339 428 339 427 339 426 339 425 339 424 339 423 339 422 339 421 339 420 339 418 339 417 339 417 339 416 339 415 339 414 339 413 339 412 339 411 339 410 339 409 339 407 339 406 339 405 339 404 339 403 339 401 339 400 339 398 339 395 339 390 339 385 339 382 339 380 339 377 339 366 339 359 339 352 339 348 339 344 339 338 339 326 339 320 339 317 339 316 339 317 339 318 339 319 339 321 339 322 339 324 339 326 339 328 339 329 339 330 339 331 339 332 339 333 
33 1 0 0 1 1 244 345 -1 -1 1 5580 244 440 244 438 244 431 244 423 244 417 244 413 244 411 244 410 244 410 244 409 244 408 244 407 244 406 244 406 244 404 244 403 244 400 244 395 244 390 244 382 244 376 244 371 244 366 244 361 244 358 244 358 244 356 244 355 244 354 244 354 244 353 244 352 244 352 244 351 244 351 244 350 244 349 244 348 244 347 244 345 
33 1 0 0 1 1 512 278 -1 -1 0 6874 512 120 512 123 512 124 512 125 512 126 512 128 512 132 512 134 512 135 512 136 512 137 512 139 512 140 512 141 512 143 512 145 512 146 512 147 512 148 512 150 512 152 512 154 512 155 512 157 512 159 512 161 512 170 512 174 512 177 512 179 512 182 512 185 512 191 512 193 512 195 512 196 512 197 512 200 512 202 512 205 512 207 512 211 512 215 512 222 512 224 512 225 512 226 512 228 512 229 512 232 512 235 512 237 512 238 512 239 512 239 512 241 512 242 512 243 512 244 512 245 512 246 512 248 512 249 512 250 512 250 512 252 512 253 512 254 512 255 512 257 512 258 512 259 512 260 512 261 512 263 512 264 512 266 512 266 512 267 512 269 512 270 512 272 512 273 512 274 512 275 512 276 512 277 512 278 512 278 
33 1 0 0 1 1 157 360 -1 -1 1 4862 157 51 157 53 157 54 157 57 157 60 157 62 157 65 157 66 157 68 157 70 157 72 157 74 157 76 157 79 157 82 157 86 157 95 157 100 157 108 157 117 157 128 157 139 157 161 157 169 157 179 157 188 157 200 157 212 157 234 157 244 157 252 157 261 157 272 157 292 157 299 157 306 157 313 157 319 157 324 157 338 157 345 157 350 157 354 157 356 157 357 157 359 157 359 157 360 
33 1 0 0 1 1 380 333 -1 -1 1 7150 380 451 380 450 380 450 380 448 380 445 380 440 380 435 380 428 380 423 380 420 380 419 380 417 380 417 380 416 380 416 380 414 380 413 380 412 380 411 380 409 380 407 380 406 380 404 380 403 380 401 380 399 380 396 380 393 380 388 380 385 380 383 380 381 380 380 380 379 380 379 380 375 380 371 380 367 380 362 380 356 380 351 380 347 380 345 380 345 380 343 380 342 380 342 380 341 380 340 380 339 380 338 380 338 380 339 380 338 380 337 380 336 380 336 380 335 380 334 380 333 
33 1 0 0 1 1 66 300 -1 -1 1 4636 66 117 66 118 66 122 66 124 66 127 66 129 66 130 66 131 66 132 66 134 66 135 66 137 66 140 66 145 66 151 66 157 66 162 66 167 66 172 66 184 66 192 66 198 66 204 66 210 66 215 66 225 66 231 66 239 66 246 66 254 66 269 66 275 66 279 66 282 66 284 66 285 66 286 66 287 66 287 66 289 66 290 66 291 66 292 66 293 66 294 66 295 66 296 66 298 66 298 66 299 66 300 66 300 
33 1 0 0 1 1 162 260 -1 -1 0 4187 162 279 162 278 162 279 162 280 162 282 162 284 162 286 162 287 162 288 162 288 162 290 162 290 162 291 162 293 162 295 162 296 162 295 162 293 162 288 162 284 162 281 162 279 162 277 162 273 162 269 162 265 162 261 162 260 
33 1 0 0 1 1 397 281 -1 -1 0 4310 397 207 397 208 397 211 397 214 397 217 397 221 397 223 397 224 397 224 397 226 397 227 397 229 397 233 397 235 397 236 397 237 397 238 397 239 397 241 397 244 397 247 397 250 397 254 397 258 397 262 397 266 397 266 397 267 397 268 397 269 397 271 397 273 397 275 397 278 397 279 397 280 397 281 
33 1 0 0 1 2 283 283 0 7486 4 
33 1 0 0 1 2 283 316 1 5751 3 
33 1 0 0 1 2 283 516 1 4366 5 
33 1 0 0 1 2 116 349 1 9633 4 
33 1 0 0 1 2 116 183 0 1754 5 
33 1 0 0 1 2 516 83 0 1026 5 
33 1 0 0 1 2 549 549 1 1658 5 
33 1 0 0 1 2 216 516 1 1254 5 
33 1 0 0 1 2 83 383 1 12987 3 
33 1 0 0 1 2 216 216 0 3291 5 
33 1 0 0 1 2 149 449 1 1767 5 
33 1 0 0 1 2 383 482 1 1922 5 
33 1 0 0 1 2 216 116 0 2054 5 
33 1 0 0 1 2 383 249 0 2651 4 
33 1 0 0 1 2 516 516 1 2147 5 
33 1 0 0 1 2 83 216 0 4985 5 
33 1 0 0 1 2 449 283 0 3861 3 
33 1 0 0 1 2 216 249 0 2161 4 
33 1 0 0 1 2 449 249 0 2022 5 
33 1 0 0 1 2 149 416 1 5658 3 
33 1 0 0 1 2 349 50 0 2273 5 
33 1 0 0 1 2 449 482 1 1417 5 
33 1 0 0 1 2 83 249 0 2809 4 
33 1 0 0 1 2 416 383 1 17040 4 
33 1 0 0 1 2 183 149 0 1828 5 
33 1 0 0 1 2 416 283 1 15687 3 
33 1 0 0 1 2 516 416 1 2835 5 
33 1 0 0 1 2 416 549 1 1464 5 
33 1 0 0 1 2 316 83 0 2542 5 
33 1 0 0 1 2 549 249 0 6931 5 
33 1 0 0 1 2 249 383 1 2201 4 
33 1 0 0 1 2 516 316 1 3036 3 
33 1 0 0 1 1 141 356 -1 -1 1 9119 141 156 141 55 141 54 141 53 141 54 141 58 141 65 141 74 141 81 141 86 141 90 141 89 141 90 141 95 141 102 141 112 141 122 141 133 141 143 141 154 141 164 141 175 141 200 141 213 141 225 141 235 141 243 141 250 141 267 141 276 141 285 141 294 141 303 141 315 141 322 141 327 141 333 141 336 141 338 141 339 141 341 141 347 141 356 141 367 141 378 141 390 141 406 141 419 141 431 141 438 141 437 141 436 141 433 141 427 141 421 141 416 141 412 141 411 141 409 141 408 141 407 141 405 141 403 141 401 141 400 141 399 141 398 141 397 141 396 141 395 141 394 141 393 141 392 141 390 141 386 141 384 141 382 141 380 141 379 141 378 141 377 141 376 141 375 141 374 141 373 141 374 141 375 141 374 141 373 141 373 141 370 141 368 141 365 141 362 141 360 141 359 141 357 141 356 
33 1 0 0 1 1 519 289 -1 -1 0 6227 519 319 519 318 519 317 519 317 519 315 519 314 519 313 519 312 519 311 519 310 519 309 519 308 519 307 519 306 519 305 519 304 519 303 519 302 519 301 519 300 519 299 519 298 519 294 519 290 519 286 519 285 519 286 519 287 519 288 519 289 
33 1 0 0 1 1 0 269 -1 -1 0 4454 342 269 340 269 332 269 322 269 309 269 293 269 272 269 247 269 214 269 180 269 154 269 114 269 95 269 77 269 58 269 38 269 18 269 0 269 0 269 0 269 0 269 0 269 0 269 0 269 0 269 0 269 0 269 0 269 0 269 0 269 0 269 0 269 0 269 0 269 0 269 0 269 0 269 
33 1 0 0 1 1 599 511 -1 -1 1 5277 371 511 369 511 364 511 358 511 352 511 348 511 346 511 343 511 341 511 339 511 337 511 335 511 336 511 338 511 341 511 345 511 353 511 366 511 383 511 405 511 428 511 449 511 484 511 498 511 515 511 530 511 546 511 562 511 598 511 599 511 599 511 599 511 599 511 599 511 599 511 599 511 599 511 599 511 599 511 599 511 599 511 599 511 599 511 599 511 599 511 
33 1 0 0 1 1 160 330 -1 -1 1 10566 160 598 160 595 160 596 160 597 160 598 160 598 160 599 160 599 160 599 160 599 160 599 160 599 160 599 160 597 160 593 160 589 160 585 160 577 160 576 160 576 160 576 160 577 160 579 160 585 160 589 160 593 160 594 160 594 160 596 160 599 160 599 160 598 160 592 160 584 160 573 160 561 160 549 160 539 160 530 160 520 160 508 160 485 160 477 160 468 160 463 160 461 160 462 160 466 160 470 160 472 160 472 160 469 160 464 160 453 160 436 160 419 160 403 160 390 160 375 160 368 160 359 160 349 160 339 160 321 160 313 160 307 160 305 160 304 160 303 160 301 160 297 160 294 160 290 160 285 160 280 160 269 160 265 160 262 160 255 160 245 160 230 160 224 160 216 160 207 160 199 160 195 160 190 160 189 160 186 160 180 160 173 160 167 160 160 160 154 160 149 160 142 160 127 160 120 160 113 160 107 160 102 160 95 160 85 160 78 160 73 160 66 160 59 160 44 160 36 160 31 160 30 160 29 160 24 160 16 160 6 160 0 160 0 160 0 160 0 160 0 160 0 160 0 160 0 160 0 160 0 160 0 160 0 160 0 160 0 160 1 160 3 160 4 160 5 160 6 160 7 160 9 160 11 160 13 160 15 160 20 160 27 160 36 160 43 160 49 160 53 160 72 160 92 160 116 160 144 160 176 160 248 160 277 160 301 160 318 160 333 160 345 160 361 160 363 160 364 160 365 160 367 160 373 160 383 160 394 160 397 160 396 160 395 160 393 160 390 160 385 160 379 160 372 160 365 160 358 160 348 160 346 160 345 160 344 160 344 160 343 160 342 160 341 160 340 160 339 160 338 160 337 160 336 160 335 160 334 160 333 160 332 160 331 160 330 
33 1 0 0 1 1 186 304 -1 -1 1 4708 186 25 186 26 186 27 186 28 186 29 186 31 186 32 186 33 186 34 186 35 186 36 186 40 186 42 186 45 186 46 186 48 186 50 186 52 186 56 186 66 186 73 186 82 186 94 186 109 186 125 186 160 186 176 186 191 186 203 186 214 186 225 186 241 186 247 186 253 186 260 186 265 186 277 186 284 186 292 186 298 186 302 186 303 186 303 186 304 186 305 186 307 186 306 186 305 186 304 186 304 
33 1 0 0 1 1 449 255 -1 -1 0 4898 449 490 449 484 449 482 449 474 449 459 449 445 449 430 449 417 449 407 449 398 449 392 449 383 449 375 449 366 449 358 449 348 449 341 449 330 449 329 449 327 449 325 449 323 449 318 449 312 449 306 449 301 449 299 449 298 449 297 449 296 449 295 449 295 449 294 449 293 449 291 449 289 449 286 449 282 449 277 449 273 449 271 449 270 449 269 449 268 449 267 449 266 449 264 449 261 449 257 449 255 
33 1 0 0 1 1 532 257 -1 -1 0 9699 163 477 164 477 164 477 164 477 165 477 165 477 166 477 167 477 168 477 174 477 183 477 198 477 220 477 243 477 266 477 287 477 306 477 320 477 337 477 343 477 349 477 355 477 359 477 364 477 369 477 371 477 372 477 373 477 374 477 375 477 378 477 380 477 381 477 383 477 385 477 389 477 394 477 399 477 409 477 411 477 412 477 413 477 415 477 417 477 418 477 420 477 421 477 421 477 422 477 424 477 427 477 429 477 431 477 432 477 432 477 433 477 433 477 435 477 442 477 449 477 460 477 471 477 481 477 489 477 501 477 507 477 512 477 517 477 522 477 527 477 529 477 530 477 531 477 531 477 532 477 532 477 532 477 532 458 532 457 532 457 532 455 532 455 532 455 532 454 532 452 532 450 532 448 532 438 532 428 532 415 532 400 532 385 532 369 532 335 532 320 532 308 532 299 532 292 532 285 532 284 532 283 532 279 532 275 532 271 532 268 532 266 532 265 532 263 532 262 532 259 532 258 532 258 532 257 
33 1 0 0 1 1 599 251 -1 -1 0 7786 139 332 138 332 138 332 141 332 146 332 156 332 172 332 193 332 217 332 241 332 265 332 315 332 339 332 366 332 391 332 413 332 434 332 473 332 490 332 506 332 519 332 530 332 543 332 546 332 549 332 553 332 556 332 561 332 571 332 575 332 579 332 583 332 586 332 588 332 592 332 594 332 595 332 597 332 599 332 599 332 599 332 599 332 599 332 599 332 599 332 599 332 599 332 599 332 599 332 599 332 599 332 599 332 599 332 599 332 599 332 599 332 599 332 599 332 599 324 599 323 599 322 599 320 599 317 599 311 599 306 599 299 599 293 599 289 599 286 599 283 599 279 599 277 599 276 599 275 599 274 599 273 599 272 599 271 599 270 599 269 599 268 599 267 599 266 599 265 599 264 599 263 599 262 599 261 599 260 599 259 599 258 599 257 599 256 599 255 599 254 599 253 599 252 599 251 
33 1 0 0 1 1 566 261 -1 -1 0 5604 566 308 566 307 566 304 566 302 566 298 566 296 566 294 566 293 566 292 566 291 566 291 566 289 566 288 566 287 566 287 566 286 566 285 566 284 566 283 566 282 566 280 566 278 566 277 566 276 566 274 566 273 566 272 566 271 566 270 566 269 566 268 566 267 566 266 566 265 566 263 566 262 566 261 
33 1 0 0 1 1 598 259 -1 -1 0 10717 124 312 123 312 122 312 118 312 115 312 111 312 107 312 106 312 105 312 106 312 109 312 124 312 136 312 147 312 159 312 172 312 186 312 217 312 232 312 245 312 257 312 272 312 304 312 323 312 342 312 361 312 380 312 397 312 435 312 456 312 479 312 501 312 524 312 566 312 584 312 599 312 599 312 599 312 599 312 599 312 599 312 599 312 599 312 599 312 599 312 599 312 599 312 599 312 599 312 599 312 599 312 599 312 599 312 599 312 599 312 599 312 599 312 599 312 599 312 599 312 599 312 598 312 598 271 598 270 598 269 598 267 598 265 598 261 598 257 598 252 598 248 598 243 598 236 598 235 598 236 598 240 598 242 598 244 598 245 598 246 598 248 598 249 598 250 598 251 598 252 598 253 598 254 598 255 598 256 598 257 598 258 598 258 598 259 
33 1 0 0 1 1 599 265 -1 -1 0 9238 139 456 138 456 138 456 139 456 140 456 144 456 149 456 155 456 163 456 172 456 183 456 202 456 212 456 223 456 232 456 242 456 252 456 271 456 279 456 288 456 298 456 307 456 329 456 342 456 357 456 373 456 392 456 413 456 461 456 489 456 511 456 533 456 557 456 599 456 599 456 599 456 599 456 599 456 599 456 599 456 599 456 599 456 599 456 599 456 599 456 599 456 599 456 599 456 599 456 599 456 599 456 599 456 599 453 599 451 599 450 599 449 599 446 599 443 599 439 599 433 599 425 599 417 599 399 599 389 599 381 599 372 599 365 599 361 599 353 599 350 599 346 599 341 599 338 599 333 599 330 599 330 599 328 599 326 599 322 599 310 599 306 599 302 599 300 599 297 599 291 599 289 599 286 599 283 599 282 599 281 599 279 599 278 599 277 599 276 599 275 599 275 599 273 599 272 599 271 599 270 599 269 599 268 599 268 599 266 599 265 599 264 599 263 599 262 599 263 599 264 599 265 
33 1 0 0 1 1 597 268 -1 -1 0 9716 55 118 51 118 50 118 50 118 52 118 57 118 66 118 78 118 93 118 111 118 129 118 147 118 164 118 179 118 208 118 221 118 236 118 251 118 266 118 282 118 316 118 334 118 354 118 377 118 400 118 444 118 467 118 490 118 513 118 538 118 562 118 599 118 599 118 599 118 599 118 599 118 599 118 599 118 599 118 599 118 599 118 599 118 599 118 599 118 599 118 599 118 599 118 599 118 599 118 598 118 598 118 597 118 597 118 597 117 597 117 597 117 597 118 597 120 597 121 597 123 597 125 597 129 597 132 597 137 597 151 597 158 597 166 597 175 597 182 597 190 597 205 597 212 597 219 597 224 597 228 597 231 597 232 597 232 597 233 597 234 597 235 597 236 597 237 597 238 597 239 597 240 597 241 597 242 597 243 597 244 597 245 597 246 597 247 597 248 597 249 597 250 597 251 597 252 597 253 597 254 597 255 597 255 597 257 597 258 597 259 597 260 597 261 597 262 597 263 597 264 597 265 597 266 597 267 597 267 597 268 
33 1 0 0 1 1 599 274 -1 -1 0 7500 312 45 300 45 303 45 305 45 307 45 308 45 310 45 310 45 310 45 311 45 313 45 316 45 321 45 327 45 337 45 349 45 365 45 383 45 427 45 456 45 488 45 525 45 563 45 599 45 599 45 599 45 599 45 599 45 599 45 599 45 599 45 599 45 599 45 599 45 599 45 599 45 599 45 599 45 599 45 599 45 599 45 599 45 599 45 599 45 599 45 599 45 599 0 599 2 599 6 599 11 599 19 599 30 599 41 599 52 599 63 599 74 599 86 599 105 599 111 599 116 599 118 599 119 599 120 599 122 599 123 599 125 599 127 599 130 599 138 599 144 599 152 599 160 599 168 599 175 599 189 599 196 599 205 599 213 599 221 599 235 599 242 599 248 599 254 599 258 599 260 599 261 599 262 599 262 599 263 599 264 599 264 599 265 599 266 599 267 599 268 599 269 599 270 599 271 599 272 599 273 599 274 
33 1 0 0 1 1 599 274 -1 -1 0 9740 138 307 135 307 139 307 142 307 148 307 158 307 172 307 192 307 217 307 247 307 282 307 361 307 409 307 458 307 505 307 552 307 595 307 599 307 599 307 599 307 599 307 599 307 599 307 599 307 599 307 599 307 599 307 599 307 599 307 599 302 599 301 599 300 599 297 599 294 599 292 599 291 599 290 599 289 599 288 599 287 599 286 599 285 599 284 599 283 599 282 599 281 599 280 599 279 599 277 599 276 599 274 599 273 599 272 599 271 599 266 599 264 599 263 599 262 599 261 599 260 599 258 599 257 599 256 599 255 599 254 599 253 599 252 599 251 599 250 599 250 599 251 599 252 599 253 599 254 599 255 599 255 599 256 599 257 599 258 599 259 599 260 599 260 599 261 599 263 599 265 599 267 599 269 599 270 599 271 599 273 599 272 599 273 599 274 
33 1 0 0 1 1 599 401 -1 -1 1 4195 482 401 478 401 472 401 463 401 453 401 443 401 436 401 430 401 421 401 410 401 394 401 366 401 354 401 343 401 333 401 326 401 324 401 325 401 328 401 334 401 345 401 359 401 376 401 396 401 418 401 443 401 496 401 525 401 552 401 577 401 599 401 599 401 599 401 599 401 599 401 599 401 599 401 599 401 599 401 599 401 599 401 599 401 599 401 599 401 599 401 599 401 
33 1 0 0 1 2 449 149 0 5063 5 
33 1 0 0 1 2 383 383 1 3497 4 
33 1 0 0 1 2 482 83 0 1812 5 
33 1 0 0 1 2 283 449 1 4052 5 
33 1 0 0 1 2 183 316 1 3940 4 
33 1 0 0 1 2 249 249 0 3151 3 
33 1 0 0 1 2 549 116 0 2032 5 
33 1 0 0 1 2 449 183 0 1361 5 
33 1 0 0 1 2 183 549 1 3492 5 
33 1 0 0 1 2 482 482 1 2904 5 
33 1 0 0 1 2 316 383 1 2543 5 
33 1 0 0 1 2 183 516 1 1699 5 
33 1 0 0 1 2 549 283 0 14212 4 
33 1 0 0 1 2 416 83 1 3911 5 
33 1 0 0 1 2 416 316 1 4867 3 
33 1 0 0 1 2 316 416 1 2589 4 
33 1 0 0 1 2 83 116 0 2067 5 
33 1 0 0 1 2 116 283 0 7415 3 
33 1 0 0 1 2 183 183 0 1383 5 
33 1 0 0 1 2 216 316 1 5844 3 
33 1 0 0 1 2 449 383 1 1821 4 
33 1 0 0 1 2 216 183 0 1176 5 
33 1 0 0 1 2 183 416 1 2565 5 
33 1 0 0 1 2 316 50 0 3776 5 
33 1 0 0 1 2 416 50 0 3696 5 
33 1 0 0 1 2 50 549 1 2492 5 
33 1 0 0 1 2 116 249 0 3507 4 
33 1 0 0 1 2 116 216 0 9397 5 
33 1 0 0 1 2 449 516 1 1422 5 
33 1 0 0 1 2 249 83 0 1854 5 
33 1 0 0 1 2 349 349 1 4140 3 
33 1 0 0 1 2 116 516 1 1448 5 
33 1 0 0 1 1 599 279 -1 -1 0 16455 47 243 44 243 43 243 42 243 41 243 41 243 40 243 40 243 39 243 38 243 37 243 36 243 35 243 33 243 32 243 30 243 29 243 28 243 26 243 24 243 19 243 15 243 8 243 2 243 0 243 0 243 0 243 1 243 5 243 10 243 18 243 27 243 39 243 51 243 63 243 74 243 85 243 96 243 98 243 100 243 100 243 101 243 105 243 110 243 117 243 128 243 143 243 162 243 202 243 223 243 246 243 271 243 296 243 322 243 370 243 392 243 414 243 435 243 455 243 492 243 509 243 525 243 542 243 557 243 571 243 593 243 599 243 599 243 599 243 599 243 599 243 599 243 599 243 599 243 599 243 599 243 599 243 599 243 599 243 599 243 599 243 599 243 599 243 599 243 599 243 599 243 599 243 599 153 599 152 599 151 599 150 599 149 599 149 599 148 599 149 599 154 599 160 599 166 599 171 599 176 599 181 599 184 599 189 599 194 599 206 599 211 599 216 599 222 599 226 599 229 599 238 599 242 599 244 599 248 599 250 599 255 599 257 599 259 599 262 599 263 599 264 599 267 599 268 599 269 599 270 599 271 599 271 599 273 599 275 599 277 599 278 599 279 599 280 599 280 599 281 599 281 599 283 599 284 599 286 599 286 599 288 599 289 599 290 599 291 599 293 599 296 599 298 599 301 599 302 599 303 599 303 599 304 599 303 599 302 599 301 599 300 599 299 599 298 599 297 599 296 599 295 599 294 599 293 599 292 599 291 599 289 599 287 599 284 599 282 599 281 599 280 599 280 599 279 599 277 599 275 599 273 599 271 599 265 599 261 599 256 599 256 599 254 599 253 599 252 599 251 599 252 599 253 599 254 599 255 599 256 599 257 599 258 599 259 599 260 599 261 599 262 599 263 599 263 599 264 599 265 599 266 599 267 599 268 599 269 599 270 599 271 599 272 599 272 599 273 599 274 599 275 599 276 599 276 599 277 599 278 599 279 
33 1 0 0 1 1 599 284 -1 -1 0 12899 279 541 279 541 280 541 282 541 285 541 292 541 302 541 317 541 339 541 364 541 393 541 451 541 478 541 502 541 524 541 545 541 563 541 595 541 599 541 599 541 599 541 599 541 599 541 599 541 599 541 599 541 599 541 599 541 599 541 599 541 599 541 599 541 599 541 599 541 599 541 599 541 599 541 599 540 599 540 599 539 599 539 599 538 599 536 599 534 599 530 599 523 599 517 599 511 599 507 599 503 599 498 599 486 599 479 599 473 599 463 599 448 599 417 599 405 599 393 599 382 599 370 599 354 599 325 599 311 599 297 599 285 599 277 599 270 599 261 599 259 599 258 599 257 599 256 599 255 599 254 599 253 599 250 599 248 599 249 599 250 599 251 599 252 599 253 599 254 599 255 599 256 599 257 599 258 599 259 599 260 599 261 599 262 599 263 599 264 599 265 599 266 599 267 599 268 599 269 599 270 599 271 599 272 599 273 599 274 599 275 599 275 599 277 599 278 599 279 599 280 599 281 599 282 599 283 599 284 
33 1 0 0 1 1 599 302 -1 -1 1 4732 289 302 288 302 288 302 288 302 289 302 293 302 297 302 305 302 316 302 329 302 347 302 392 302 419 302 449 302 480 302 510 302 541 302 599 302 599 302 599 302 599 302 599 302 599 302 599 302 599 302 599 302 599 302 599 302 
33 1 0 0 1 1 163 331 -1 -1 1 6414 163 223 163 115 163 114 163 113 163 112 163 111 163 112 163 113 163 116 163 118 163 119 163 120 163 121 163 125 163 128 163 132 163 137 163 142 163 150 163 157 163 165 163 177 163 183 163 189 163 197 163 205 163 220 163 228 163 237 163 247 163 258 163 270 163 294 163 306 163 313 163 318 163 324 163 327 163 331 
33 1 0 0 1 1 288 364 -1 -1 1 6372 288 500 288 493 288 491 288 489 288 487 288 484 288 481 288 478 288 474 288 470 288 466 288 457 288 452 288 447 288 441 288 436 288 431 288 422 288 416 288 411 288 406 288 401 288 386 288 377 288 367 288 359 288 352 288 347 288 346 288 347 288 349 288 351 288 353 288 355 288 357 288 357 288 359 288 360 288 361 288 362 288 363 288 364 
33 1 0 0 1 1 596 308 -1 -1 1 5863 596 73 596 74 596 75 596 75 596 78 596 82 596 87 596 92 596 97 596 101 596 106 596 112 596 123 596 129 596 135 596 141 596 146 596 151 596 162 596 169 596 176 596 184 596 192 596 208 596 218 596 229 596 240 596 252 596 263 596 284 596 294 596 302 596 308 596 311 596 312 596 311 596 310 596 308 596 308 596 306 596 305 596 304 596 302 596 297 596 290 596 284 596 279 596 278 596 277 596 276 596 275 596 274 596 273 596 272 596 271 596 270 596 269 596 268 596 266 596 265 596 264 596 262 596 261 596 261 596 261 596 262 596 263 596 265 596 266 596 268 596 270 596 273 596 274 596 276 596 280 596 282 596 283 596 286 596 288 596 289 596 292 596 293 596 294 596 296 596 299 596 302 596 303 596 304 596 305 596 306 596 308 596 309 596 308 
33 1 0 0 1 1 251 336 -1 -1 1 5684 251 527 251 527 251 527 251 525 251 523 251 521 251 518 251 515 251 512 251 510 251 507 251 500 251 495 251 490 251 487 251 483 251 480 251 473 251 469 251 465 251 461 251 458 251 450 251 446 251 441 251 436 251 432 251 427 251 424 251 422 251 419 251 418 251 417 251 416 251 415 251 414 251 413 251 412 251 411 251 410 251 409 251 408 251 406 251 404 251 403 251 401 251 399 251 398 251 396 251 393 251 392 251 390 251 387 251 384 251 382 251 379 251 378 251 377 251 376 251 375 251 375 251 374 251 373 251 372 251 370 251 365 251 363 251 361 251 360 251 358 251 356 251 355 251 352 251 350 251 348 251 347 251 345 251 343 251 342 251 342 251 341 251 340 251 339 251 338 251 337 251 336 
33 1 0 0 1 1 236 303 -1 -1 1 4684 236 588 236 588 236 588 236 588 236 585 236 583 236 580 236 578 236 576 236 574 236 572 236 564 236 558 236 551 236 545 236 541 236 535 236 520 236 512 236 504 236 496 236 490 236 472 236 462 236 448 236 435 236 422 236 413 236 403 236 400 236 398 236 396 236 393 236 386 236 383 236 380 236 377 236 373 236 368 236 367 236 365 236 361 236 356 236 349 236 334 236 328 236 322 236 316 236 311 236 307 236 303 236 302 236 301 236 300 236 301 236 302 236 303 236 303 
33 1 0 0 1 1 540 283 -1 -1 0 6110 540 247 540 255 540 256 540 259 540 261 540 265 540 270 540 277 540 286 540 296 540 304 540 310 540 316 540 317 540 318 540 319 540 319 540 320 540 321 540 320 540 319 540 318 540 317 540 315 540 313 540 311 540 310 540 308 540 306 540 305 540 303 540 301 540 300 540 299 540 298 540 297 540 296 540 295 540 294 540 293 540 292 540 291 540 290 540 289 540 288 540 287 540 286 540 285 540 284 540 283 
33 1 0 0 1 1 351 297 -1 -1 0 4485 351 246 351 248 351 250 351 253 351 257 351 261 351 264 351 266 351 268 351 269 351 270 351 273 351 274 351 277 351 279 351 281 351 283 351 287 351 289 351 290 351 291 351 292 351 292 351 294 351 296 351 296 351 297 351 299 351 301 351 305 351 309 351 311 351 312 351 311 351 310 351 307 351 303 351 300 351 298 351 297 
33 1 0 0 1 1 141 351 -1 -1 1 4501 141 435 141 435 141 435 141 434 141 434 141 432 141 431 141 430 141 429 141 427 141 425 141 422 141 420 141 418 141 416 141 414 141 413 141 410 141 408 141 407 141 405 141 404 141 403 141 402 141 400 141 399 141 398 141 397 141 397 141 396 141 395 141 393 141 390 141 388 141 385 141 382 141 378 141 371 141 368 141 365 141 363 141 362 141 360 141 356 141 355 141 355 141 353 141 352 141 351 
33 1 0 0 1 1 441 282 -1 -1 0 7630 441 472 441 472 441 471 441 469 441 466 441 463 441 462 441 460 441 458 441 454 441 450 441 438 441 431 441 424 441 418 441 414 441 410 441 400 441 395 441 389 441 382 441 372 441 350 441 338 441 326 441 316 441 305 441 297 441 284 441 279 441 276 441 274 441 273 441 272 441 271 441 270 441 269 441 268 441 267 441 265 441 263 441 262 441 261 441 260 441 259 441 259 441 257 441 256 441 255 441 254 441 253 441 253 441 254 441 255 441 256 441 257 441 258 441 259 441 260 441 261 441 262 441 263 441 265 441 266 441 268 441 269 441 270 441 271 441 272 441 273 441 274 441 275 441 275 441 276 441 277 441 278 441 279 441 280 441 280 441 281 441 282 441 282 
33 1 0 0 1 1 195 318 -1 -1 1 5069 195 189 195 189 195 193 195 195 195 199 195 203 195 207 195 210 195 214 195 219 195 225 195 237 195 243 195 247 195 250 195 254 195 256 195 258 195 259 195 259 195 260 195 261 195 263 195 267 195 272 195 278 195 284 195 292 195 299 195 306 195 312 195 320 195 323 195 324 195 325 195 325 195 324 195 321 195 319 195 317 195 314 195 311 195 307 195 305 195 304 195 304 195 305 195 307 195 309 195 310 195 311 195 312 195 313 195 315 195 315 195 316 195 318 
33 1 0 0 1 1 23 324 -1 -1 1 6453 23 277 23 270 23 271 23 271 23 272 23 273 23 275 23 277 23 278 23 280 23 281 23 283 23 284 23 285 23 285 23 286 23 287 23 288 23 290 23 292 23 294 23 297 23 300 23 303 23 305 23 306 23 307 23 308 23 308 23 309 23 310 23 310 23 311 23 312 23 312 23 312 23 313 23 315 23 316 23 318 23 320 23 322 23 323 23 324 23 327 23 329 23 331 23 333 23 337 23 340 23 343 23 346 23 348 23 352 23 353 23 353 23 354 23 353 23 352 23 351 23 351 23 349 23 347 23 345 23 344 23 343 23 342 23 341 23 340 23 339 23 338 23 336 23 334 23 331 23 329 23 328 23 327 23 326 23 325 23 324 
33 1 0 0 1 1 515 266 -1 -1 0 5381 515 95 515 95 515 100 515 105 515 109 515 113 515 116 515 120 515 123 515 125 515 127 515 134 515 137 515 140 515 142 515 146 515 149 515 157 515 162 515 167 515 173 515 179 515 193 515 200 515 208 515 216 515 224 515 231 515 244 515 252 515 260 515 267 515 274 515 284 515 288 515 291 515 293 515 294 515 292 515 288 515 284 515 280 515 277 515 276 515 275 515 274 515 273 515 272 515 271 515 270 515 269 515 268 515 267 515 266 
33 1 0 0 1 1 509 286 -1 -1 0 6133 509 591 509 589 509 585 509 581 509 575 509 567 509 558 509 547 509 537 509 528 509 520 509 506 509 501 509 494 509 486 509 477 509 467 509 448 509 437 509 425 509 411 509 395 509 366 509 353 509 339 509 326 509 314 509 302 509 283 509 277 509 273 509 271 509 268 509 264 509 262 509 261 509 260 509 261 509 263 509 266 509 269 509 270 509 271 509 272 509 272 509 272 509 273 509 274 509 275 509 277 509 278 509 279 509 280 509 280 509 282 509 283 509 284 509 285 509 286 509 286 
33 1 0 0 1 2 482 516 1 3442 5 
33 1 0 0 1 2 449 549 1 1213 5 
33 1 0 0 1 2 249 149 0 1230 5 
33 1 0 0 1 2 50 249 0 2332 4 
33 1 0 0 1 2 149 50 0 1957 5 
33 1 0 0 1 2 383 216 0 1736 5 
33 1 0 0 1 2 50 482 1 2217 5 
33 1 0 0 1 2 516 482 1 1735 5 
33 1 0 0 1 2 316 349 1 2916 3 
33 1 0 0 1 2 383 183 0 1528 5 
33 1 0 0 1 2 283 249 0 3418 4 
33 1 0 0 1 2 516 183 0 1750 5 
33 1 0 0 1 2 349 116 0 2831 5 
33 1 0 0 1 2 283 116 0 9607 5 
33 1 0 0 1 2 516 549 0 5794 5 
33 1 0 0 1 2 316 316 1 9896 3 
33 1 0 0 1 2 416 183 0 1776 5 
33 1 0 0 1 2 50 316 0 3071 3 
33 1 0 0 1 2 216 482 1 2506 5 
33 1 0 0 1 2 149 516 1 2465 5 
33 1 0 0 1 2 249 349 0 11834 3 
33 1 0 0 1 2 183 50 0 3919 5 
33 1 0 0 1 2 482 249 0 5199 4 
33 1 0 0 1 2 416 216 0 1593 5 
33 1 0 0 1 2 316 216 0 1421 5 
33 1 0 0 1 2 149 316 0 3803 3 
33 1 0 0 1 2 216 416 1 1863 4 
33 1 0 0 1 2 416 449 1 1464 5 
33 1 0 0 1 2 249 516 1 1351 5 
33 1 0 0 1 2 183 116 0 2713 5 
33 1 0 0 1 2 216 50 0 950 5 
33 1 0 0 1 2 416 516 1 1833 5 
33 1 0 0 1 1 477 316 -1 -1 1 8935 477 166 477 0 477 0 477 1 477 2 477 3 477 3 477 6 477 9 477 15 477 24 477 40 477 57 477 78 477 123 477 144 477 163 477 178 477 191 477 206 477 212 477 218 477 226 477 233 477 242 477 259 477 270 477 282 477 295 477 303 477 308 477 310 477 312 477 312 477 313 477 315 477 317 477 319 477 321 477 320 477 318 477 317 477 316 
33 1 0 0 1 1 305 270 -1 -1 0 3774 305 129 305 128 305 132 305 144 305 159 305 181 305 206 305 231 305 251 305 265 305 272 305 271 305 270 
33 1 0 0 1 1 43 331 -1 -1 1 4557 43 455 43 454 43 451 43 444 43 438 43 428 43 420 43 413 43 410 43 408 43 407 43 404 43 402 43 398 43 394 43 392 43 391 43 391 43 390 43 386 43 382 43 378 43 374 43 370 43 368 43 367 43 365 43 362 43 359 43 357 43 355 43 354 43 353 43 352 43 349 43 347 43 345 43 344 43 343 43 342 43 341 43 340 43 339 43 338 43 337 43 336 43 335 43 334 43 333 43 332 43 331 
33 1 0 0 1 1 391 272 -1 -1 0 11718 391 557 391 559 391 564 391 573 391 582 391 585 391 584 391 582 391 580 391 576 391 573 391 569 391 564 391 558 391 552 391 545 391 530 391 524 391 517 391 512 391 508 391 506 391 501 391 497 391 492 391 487 391 481 391 466 391 456 391 444 391 432 391 420 391 408 391 382 391 369 391 357 391 346 391 337 391 323 391 315 391 310 391 305 391 301 391 299 391 296 391 295 391 294 391 293 391 292 391 291 391 291 391 292 391 294 391 296 391 300 391 303 391 307 391 309 391 310 391 311 391 311 391 312 391 313 391 314 391 316 391 319 391 323 391 325 391 325 391 326 391 327 391 327 391 328 391 329 391 330 391 333 391 335 391 337 391 339 391 340 391 340 391 341 391 342 391 342 391 343 391 344 391 345 391 346 391 347 391 348 391 349 391 350 391 351 391 353 391 354 391 355 391 356 391 357 391 357 391 358 391 359 391 359 391 360 391 359 391 357 391 355 391 352 391 347 391 343 391 339 391 336 391 335 391 333 391 331 391 330 391 329 391 328 391 328 391 327 391 328 391 329 391 331 391 333 391 335 391 337 391 337 391 337 391 334 391 331 391 328 391 325 391 323 391 321 391 319 391 317 391 316 391 313 391 312 391 311 391 309 391 307 391 306 391 302 391 301 391 300 391 299 391 298 391 296 391 295 391 294 391 292 391 291 391 289 391 288 391 287 391 286 391 285 391 284 391 283 391 282 391 281 391 281 391 279 391 278 391 277 391 276 391 275 391 274 391 272 
33 1 0 0 1 1 330 317 -1 -1 1 6474 330 354 330 358 330 359 330 359 330 360 330 361 330 360 330 359 330 357 330 355 330 353 330 351 330 352 330 356 330 362 330 368 330 373 330 379 330 381 330 383 330 384 330 385 330 386 330 387 330 390 330 392 330 393 330 393 330 392 330 390 330 388 330 384 330 379 330 374 330 370 330 366 330 362 330 358 330 354 330 352 330 350 330 348 330 346 330 346 330 345 330 344 330 342 330 341 330 339 330 336 330 334 330 333 330 329 330 324 330 318 330 315 330 314 330 314 330 315 330 316 330 317 
33 1 0 0 1 1 9 304 -1 -1 1 4565 9 256 9 258 9 259 9 260 9 261 9 263 9 266 9 268 9 271 9 274 9 275 9 276 9 277 9 278 9 279 9 279 9 280 9 281 9 282 9 284 9 286 9 287 9 288 9 289 9 290 9 291 9 293 9 295 9 296 9 297 9 298 9 299 9 300 9 301 9 303 9 304 
33 1 0 0 1 1 572 268 -1 -1 0 3998 572 192 572 195 572 201 572 207 572 215 572 222 572 227 572 231 572 233 572 234 572 235 572 237 572 239 572 242 572 244 572 247 572 250 572 255 572 256 572 257 572 258 572 259 572 260 572 263 572 265 572 267 572 268 
33 1 0 0 1 1 185 302 -1 -1 1 3949 185 561 185 560 185 559 185 559 185 558 185 555 185 551 185 546 185 538 185 525 185 509 185 467 185 448 185 434 185 424 185 421 185 420 185 419 185 418 185 414 185 411 185 405 185 399 185 393 185 387 185 379 185 372 185 354 185 343 185 333 185 322 185 313 185 307 185 302 
33 1 0 0 1 1 205 285 -1 -1 0 4886 205 340 205 341 205 340 205 339 205 337 205 335 205 334 205 333 205 332 205 331 205 330 205 326 205 324 205 321 205 319 205 318 205 317 205 316 205 314 205 313 205 310 205 306 205 302 205 299 205 296 205 295 205 294 205 293 205 292 205 291 205 290 205 289 205 288 205 287 205 286 205 285 
33 1 0 0 1 1 180 282 -1 -1 0 5789 180 335 180 336 180 338 180 340 180 341 180 341 180 342 180 341 180 341 180 339 180 338 180 337 180 336 180 335 180 334 180 333 180 332 180 330 180 328 180 326 180 325 180 322 180 319 180 316 180 312 180 307 180 303 180 301 180 299 180 298 180 297 180 296 180 294 180 292 180 288 180 287 180 286 180 285 180 284 180 283 180 282 
33 1 0 0 1 1 540 270 -1 -1 0 4931 540 194 540 196 540 197 540 201 540 202 540 207 540 212 540 218 540 226 540 235 540 245 540 259 540 264 540 268 540 269 540 271 540 273 540 274 540 276 540 279 540 282 540 283 540 284 540 284 540 282 540 281 540 280 540 280 540 278 540 277 540 276 540 276 540 275 540 274 540 273 540 273 540 272 540 271 540 270 
33 1 0 0 1 1 378 274 -1 -1 0 4829 378 182 378 197 378 201 378 207 378 216 378 225 378 236 378 245 378 253 378 260 378 265 378 272 378 277 378 282 378 287 378 290 378 292 378 295 378 296 378 297 378 298 378 298 378 300 378 301 378 302 378 301 378 300 378 298 378 296 378 295 378 293 378 290 378 286 378 281 378 278 378 276 378 274 378 273 378 272 378 271 378 270 378 269 378 270 378 271 378 272 378 273 378 274 
33 1 0 0 1 1 493 283 -1 -1 0 4494 493 478 493 477 493 475 493 472 493 469 493 465 493 459 493 452 493 443 493 435 493 424 493 406 493 395 493 384 493 373 493 365 493 358 493 341 493 330 493 318 493 311 493 303 493 292 493 291 493 289 493 289 493 287 493 281 493 275 493 270 493 268 493 269 493 270 493 271 493 273 493 276 493 279 493 281 493 283 
33 1 0 0 1 1 418 272 -1 -1 0 4325 418 298 418 304 418 305 418 306 418 307 418 309 418 313 418 318 418 325 418 330 418 334 418 335 418 334 418 332 418 329 418 328 418 327 418 327 418 325 418 321 418 318 418 314 418 311 418 308 418 307 418 305 418 303 418 296 418 293 418 289 418 285 418 282 418 280 418 279 418 278 418 277 418 276 418 276 418 275 418 274 418 273 418 273 418 272 
33 1 0 0 1 1 160 298 -1 -1 0 4428 160 194 160 203 160 204 160 206 160 210 160 214 160 219 160 225 160 231 160 236 160 239 160 247 160 251 160 256 160 260 160 262 160 262 160 266 160 271 160 274 160 276 160 277 160 277 160 279 160 280 160 281 160 283 160 285 160 289 160 291 160 293 160 293 160 294 160 295 160 296 160 297 160 298 
33 1 0 0 1 1 26 351 -1 -1 1 11222 26 75 26 77 26 80 26 87 26 100 26 121 26 143 26 168 26 197 26 226 26 254 26 297 26 313 26 326 26 336 26 342 26 345 26 346 26 346 26 346 26 347 26 347 26 347 26 346 26 344 26 340 26 335 26 332 26 328 26 326 26 325 26 324 26 323 26 322 26 323 26 327 26 331 26 338 26 344 26 349 26 352 26 351 
33 1 0 0 1 2 83 482 1 3393 5 
33 1 0 0 1 2 482 316 1 3580 4 
33 1 0 0 1 2 349 416 1 1522 5 
33 1 0 0 1 2 183 283 0 7526 3 
33 1 0 0 1 2 482 116 0 1749 3 
33 1 0 0 1 2 416 416 1 2612 4 
33 1 0 0 1 2 316 249 0 1339 5 
33 1 0 0 1 2 516 50 0 1239 5 
33 1 0 0 1 2 449 349 1 2911 4 
33 1 0 0 1 2 249 116 0 1201 5 
33 1 0 0 1 2 283 50 0 17634 5 
33 1 0 0 1 2 283 183 0 1777 5 
33 1 0 0 1 2 482 449 1 1444 5 
33 1 0 0 1 2 183 216 0 3905 5 
33 1 0 0 1 2 516 283 0 2917 3 
33 1 0 0 1 2 383 549 1 2348 5 
33 1 0 0 1 2 216 383 1 3752 4 
33 1 0 0 1 2 50 449 1 1629 4 
33 1 0 0 1 2 316 516 1 1856 5 
33 1 0 0 1 2 83 549 1 1116 5 
33 1 0 0 1 2 249 283 0 2728 4 
33 1 0 0 1 2 83 316 0 1455 4 
33 1 0 0 1 2 482 183 0 1717 5 
33 1 0 0 1 2 416 149 0 1647 5 
33 1 0 0 1 2 116 149 0 2111 5 
33 1 0 0 1 2 116 83 0 1237 5 
33 1 0 0 1 2 83 516 1 1565 5 
33 1 0 0 1 2 416 116 0 1198 5 
33 1 0 0 1 2 83 416 1 2904 5 
33 1 0 0 1 2 316 549 1 1648 5 
33 1 0 0 1 2 549 216 0 2516 5 
33 1 0 0 1 2 216 549 1 1760 5 
33 1 0 0 1 1 143 299 -1 -1 0 5774 143 420 143 421 143 423 143 427 143 430 143 431 143 433 143 436 143 441 143 450 143 461 143 473 143 482 143 489 143 492 143 493 143 492 143 484 143 468 143 448 143 427 143 408 143 389 143 371 143 355 143 343 143 327 143 321 143 314 143 310 143 308 143 306 143 305 143 306 143 310 143 315 143 323 143 332 143 340 143 350 143 362 143 375 143 389 143 410 143 414 143 415 143 414 143 412 143 406 143 398 143 387 143 374 143 361 143 350 143 340 143 333 143 326 143 325 143 324 143 323 143 322 143 321 143 321 143 319 143 317 143 315 143 310 143 306 143 301 143 300 143 299 
33 1 0 0 1 1 462 281 -1 -1 0 3981 462 180 462 180 462 181 462 184 462 187 462 195 462 206 462 218 462 232 462 246 462 260 462 284 462 293 462 300 462 305 462 310 462 313 462 318 462 322 462 326 462 332 462 336 462 335 462 332 462 327 462 320 462 314 462 309 462 307 462 306 462 306 462 305 462 303 462 299 462 293 462 287 462 283 462 281 
33 1 0 0 1 1 566 294 -1 -1 0 4164 566 176 566 179 566 189 566 198 566 209 566 220 566 228 566 234 566 237 566 241 566 243 566 249 566 254 566 262 566 270 566 280 566 291 566 316 566 330 566 341 566 348 566 347 566 346 566 343 566 338 566 333 566 328 566 323 566 318 566 317 566 316 566 316 566 313 566 311 566 308 566 305 566 300 566 297 566 292 566 293 566 294 
33 1 0 0 1 1 312 309 -1 -1 1 4372 312 228 312 229 312 232 312 235 312 239 312 241 312 242 312 243 312 244 312 245 312 246 312 248 312 249 312 250 312 250 312 251 312 252 312 253 312 254 312 256 312 258 312 260 312 262 312 263 312 265 312 267 312 271 312 275 312 279 312 282 312 287 312 291 312 296 312 299 312 303 312 304 312 305 312 305 312 306 312 307 312 308 312 309 
33 1 0 0 1 1 407 279 -1 -1 0 3750 407 352 407 352 407 352 407 351 407 349 407 345 407 343 407 340 407 337 407 332 407 325 407 321 407 312 407 308 407 303 407 297 407 291 407 286 407 282 407 281 407 280 407 279 
33 1 0 0 1 1 324 287 -1 -1 0 4003 324 135 324 136 324 142 324 149 324 155 324 162 324 167 324 174 324 179 324 184 324 190 324 205 324 212 324 220 324 227 324 232 324 238 324 247 324 249 324 253 324 255 324 258 324 264 324 268 324 272 324 276 324 278 324 279 324 280 324 284 324 285 324 287 
33 1 0 0 1 1 514 292 -1 -1 0 4198 514 252 514 249 514 250 514 251 514 252 514 253 514 254 514 255 514 257 514 258 514 260 514 264 514 267 514 270 514 273 514 279 514 282 514 284 514 285 514 286 514 287 514 289 514 291 514 292 
33 1 0 0 1 1 481 306 -1 -1 1 5461 481 459 481 455 481 454 481 450 481 443 481 433 481 423 481 412 481 403 481 395 481 389 481 382 481 380 481 378 481 376 481 375 481 373 481 371 481 370 481 369 481 367 481 365 481 363 481 360 481 357 481 353 481 349 481 346 481 343 481 342 481 340 481 338 481 337 481 336 481 335 481 334 481 333 481 331 481 330 481 329 481 328 481 327 481 326 481 325 481 324 481 322 481 320 481 316 481 312 481 309 481 308 481 306 
33 1 0 0 1 1 474 298 -1 -1 0 3885 474 87 474 98 474 109 474 123 474 139 474 157 474 175 474 192 474 209 474 223 474 237 474 261 474 269 474 275 474 277 474 280 474 283 474 292 474 297 474 304 474 310 474 315 474 317 474 316 474 315 474 314 474 312 474 310 474 308 474 306 474 303 474 301 474 300 474 299 474 298 
33 1 0 0 1 1 198 338 -1 -1 1 4762 198 14 198 12 198 13 198 15 198 17 198 20 198 23 198 28 198 32 198 37 198 43 198 49 198 58 198 60 198 61 198 63 198 66 198 69 198 84 198 94 198 104 198 115 198 127 198 151 198 162 198 173 198 183 198 194 198 204 198 226 198 235 198 242 198 245 198 247 198 248 198 253 198 260 198 268 198 274 198 280 198 284 198 286 198 288 198 296 198 301 198 307 198 312 198 316 198 318 198 323 198 325 198 328 198 330 198 332 198 335 198 336 198 338 
33 1 0 0 1 1 240 336 -1 -1 1 8252 240 50 240 29 240 28 240 27 240 27 240 27 240 27 240 26 240 26 240 26 240 26 240 26 240 26 240 26 240 26 240 26 240 27 240 29 240 32 240 35 240 39 240 43 240 51 240 59 240 79 240 87 240 94 240 99 240 103 240 108 240 114 240 117 240 119 240 120 240 122 240 125 240 126 240 126 240 126 240 126 240 128 240 132 240 137 240 143 240 149 240 155 240 160 240 167 240 181 240 189 240 199 240 210 240 222 240 234 240 258 240 269 240 280 240 289 240 296 240 302 240 303 240 303 240 304 240 304 240 305 240 306 240 307 240 309 240 311 240 313 240 315 240 317 240 321 240 325 240 333 240 336 240 338 240 340 240 342 240 342 240 344 240 346 240 347 240 348 240 349 240 350 240 352 240 352 240 353 240 354 240 355 240 355 240 356 240 356 240 356 240 355 240 354 240 353 240 352 240 351 240 350 240 348 240 345 240 342 240 340 240 340 240 339 240 338 240 338 240 336 
33 1 0 0 1 1 217 282 -1 -1 0 3754 217 94 217 117 217 130 217 144 217 155 217 163 217 172 217 181 217 188 217 197 217 205 217 220 217 226 217 232 217 236 217 239 217 240 217 241 217 242 217 243 217 246 217 249 217 256 217 262 217 265 217 267 217 268 217 269 217 271 217 273 217 276 217 280 217 282 217 284 217 283 217 282 217 282 
33 1 0 0 1 1 173 304 -1 -1 1 4606 173 292 173 285 173 286 173 287 173 288 173 288 173 289 173 290 173 291 173 292 173 292 173 293 173 294 173 295 173 296 173 296 173 297 173 298 173 299 173 300 173 301 173 302 173 303 173 304 
33 1 0 0 1 1 541 287 -1 -1 0 4988 541 310 541 309 541 303 541 298 541 294 541 292 541 290 541 289 541 288 541 287 
33 1 0 0 1 1 217 317 -1 -1 1 5294 217 398 217 359 217 358 217 357 217 355 217 352 217 347 217 343 217 341 217 339 217 338 217 337 217 336 217 335 217 334 217 333 217 332 217 331 217 330 217 329 217 328 217 327 217 326 217 325 217 324 217 323 217 322 217 321 217 319 217 318 217 317 
33 1 0 0 1 1 577 297 -1 -1 0 4404 577 412 577 412 577 411 577 409 577 406 577 403 577 398 577 390 577 380 577 371 577 363 577 352 577 348 577 345 577 343 577 341 577 339 577 337 577 336 577 335 577 334 577 332 577 328 577 325 577 323 577 320 577 318 577 317 577 316 577 315 577 314 577 312 577 309 577 307 577 303 577 301 577 299 577 298 577 297 577 296 577 295 577 294 577 295 577 296 577 297 
33 1 0 0 1 2 449 116 0 4596 5 
33 1 0 0 1 2 349 383 1 2921 5 
33 1 0 0 1 2 149 249 0 2088 5 
33 1 0 0 1 2 549 383 1 2224 5 
33 1 0 0 1 2 383 83 0 2516 5 
33 1 0 0 1 2 83 349 1 5111 4 
33 1 0 0 1 2 183 383 1 1776 4 
33 1 0 0 1 2 449 449 0 3152 1 
33 1 0 0 1 2 149 116 0 6254 5 
33 1 0 0 1 2 216 449 1 2634 5 
33 1 0 0 1 2 416 249 0 1625 5 
33 1 0 0 1 2 83 149 0 1516 5 
33 1 0 0 1 2 482 50 0 1757 5 
33 1 0 0 1 2 283 216 0 1114 5 
33 1 0 0 1 2 349 83 0 1649 5 
33 1 0 0 1 2 416 482 1 1736 5 
33 1 0 0 1 2 83 449 1 1428 5 
33 1 0 0 1 2 249 183 0 1076 5 
33 1 0 0 1 2 449 83 0 1049 5 
33 1 0 0 1 2 549 316 1 3504 3 
33 1 0 0 1 2 516 383 1 2693 4 
33 1 0 0 1 2 116 316 1 2413 3 
33 1 0 0 1 2 183 349 1 3298 4 
33 1 0 0 1 2 50 149 0 1335 5 
33 1 0 0 1 2 349 516 1 1435 5 
33 1 0 0 1 2 216 349 1 2738 4 
33 1 0 0 1 2 416 349 1 1683 4 
33 1 0 0 1 2 482 149 0 1056 5 
33 1 0 0 1 2 283 383 1 6401 5 
33 1 0 0 1 2 316 283 0 4354 4 
33 1 0 0 1 2 149 83 0 1688 5 
33 1 0 0 1 2 83 83 0 2618 5 
33 1 0 0 1 1 522 318 -1 -1 1 8215 522 493 522 555 522 557 522 561 522 565 522 568 522 569 522 572 522 577 522 583 522 590 522 596 522 599 522 599 522 599 522 599 522 599 522 599 522 599 522 599 522 597 522 592 522 571 522 557 522 539 522 520 522 500 522 476 522 427 522 405 522 382 522 362 522 344 522 314 522 304 522 295 522 291 522 289 522 288 522 289 522 290 522 292 522 295 522 298 522 302 522 305 522 306 522 307 522 309 522 312 522 317 522 320 522 321 522 321 522 320 522 319 522 318 
33 1 0 0 1 1 534 293 -1 -1 0 6285 534 35 534 39 534 50 534 61 534 71 534 79 534 88 534 95 534 100 534 103 534 106 534 111 534 113 534 114 534 113 534 109 534 102 534 91 534 76 534 58 534 37 534 16 534 0 534 0 534 0 534 0 534 0 534 0 534 0 534 0 534 0 534 0 534 0 534 0 534 0 534 0 534 0 534 0 534 0 534 0 534 0 534 0 534 0 534 0 534 0 534 0 534 0 534 0 534 0 534 0 534 0 534 0 534 0 534 0 534 1 534 7 534 13 534 22 534 31 534 42 534 53 534 66 534 81 534 96 534 132 534 151 534 174 534 197 534 221 534 243 534 280 534 295 534 306 534 315 534 322 534 328 534 328 534 329 534 329 534 328 534 327 534 325 534 324 534 323 534 322 534 320 534 319 534 318 534 316 534 315 534 314 534 313 534 312 534 311 534 310 534 309 534 308 534 307 534 306 534 305 534 304 534 303 534 302 534 301 534 300 534 299 534 298 534 297 534 296 534 295 534 294 534 293 
33 1 0 0 1 1 462 315 -1 -1 1 4819 462 560 462 559 462 559 462 557 462 555 462 553 462 552 462 551 462 549 462 548 462 548 462 540 462 532 462 523 462 513 462 504 462 496 462 483 462 476 462 469 462 462 462 452 462 430 462 417 462 404 462 391 462 379 462 369 462 351 462 344 462 339 462 335 462 331 462 330 462 328 462 327 462 327 462 326 462 325 462 324 462 323 462 322 462 321 462 320 462 319 462 318 462 318 462 317 462 317 462 315 462 315 
33 1 0 0 1 1 290 311 -1 -1 1 4406 290 323 290 325 290 325 290 325 290 324 290 324 290 323 290 322 290 321 290 320 290 319 290 317 290 315 290 315 290 314 290 313 290 312 290 311 290 311 
33 1 0 0 1 1 392 277 -1 -1 0 5829 392 213 392 215 392 216 392 217 392 218 392 220 392 223 392 226 392 228 392 229 392 230 392 231 392 234 392 235 392 236 392 237 392 238 392 239 392 241 392 242 392 242 392 243 392 244 392 246 392 249 392 250 392 251 392 252 392 253 392 254 392 255 392 256 392 259 392 261 392 262 392 262 392 263 392 264 392 265 392 266 392 266 392 267 392 268 392 268 392 269 392 270 392 271 392 272 392 273 392 274 392 275 392 275 392 276 392 277 392 277 
33 1 0 0 1 1 343 288 -1 -1 0 6349 343 21 343 20 343 16 343 12 343 6 343 1 343 0 343 0 343 0 343 0 343 0 343 0 343 0 343 0 343 0 343 0 343 0 343 0 343 0 343 0 343 0 343 0 343 0 343 0 343 0 343 0 343 0 343 0 343 0 343 0 343 2 343 10 343 21 343 39 343 60 343 85 343 114 343 144 343 173 343 202 343 246 343 263 343 278 343 292 343 303 343 314 343 329 343 334 343 337 343 339 343 337 343 335 343 333 343 329 343 325 343 321 343 319 343 317 343 315 343 313 343 309 343 306 343 305 343 304 343 303 343 302 343 300 343 299 343 298 343 297 343 296 343 295 343 294 343 293 343 293 343 292 343 291 343 290 343 289 343 288 343 288 
33 1 0 0 1 1 105 300 -1 -1 0 3525 105 312 105 311 105 310 105 308 105 307 105 306 105 305 105 304 105 303 105 301 105 300 
33 1 0 0 1 1 194 324 -1 -1 1 3660 194 303 194 304 194 306 194 309 194 313 194 317 194 319 194 319 194 320 194 321 194 321 194 322 194 323 194 324 194 324 
33 1 0 0 1 1 527 289 -1 -1 0 5071 527 576 527 574 527 566 527 557 527 545 527 534 527 521 527 509 527 495 527 483 527 471 527 446 527 435 527 423 527 411 527 399 527 388 527 367 527 356 527 345 527 336 527 328 527 311 527 304 527 297 527 292 527 287 527 282 527 275 527 273 527 271 527 272 527 277 527 283 527 288 527 292 527 294 527 297 527 300 527 304 527 307 527 309 527 310 527 311 527 311 527 310 527 309 527 308 527 304 527 300 527 298 527 296 527 295 527 294 527 294 527 292 527 291 527 290 527 290 527 289 
33 1 0 0 1 1 117 287 -1 -1 0 4371 117 74 117 85 117 87 117 91 117 99 117 110 117 121 117 134 117 148 117 161 117 172 117 186 117 190 117 192 117 194 117 195 117 196 117 197 117 198 117 201 117 206 117 212 117 224 117 231 117 237 117 244 117 251 117 259 117 271 117 274 117 277 117 279 117 281 117 282 117 283 117 284 117 285 117 286 117 287 
33 1 0 0 1 1 533 282 -1 -1 0 3966 533 361 533 349 533 341 533 333 533 328 533 325 533 324 533 323 533 321 533 319 533 317 533 315 533 313 533 311 533 310 533 309 533 308 533 307 533 305 533 303 533 300 533 298 533 295 533 294 533 293 533 292 533 291 533 290 533 289 533 288 533 287 533 286 533 285 533 285 533 283 533 282 
33 1 0 0 1 1 449 288 -1 -1 0 5460 449 473 449 470 449 467 449 464 449 462 449 460 449 459 449 458 449 456 449 452 449 449 449 442 449 438 449 433 449 427 449 420 449 414 449 403 449 397 449 392 449 384 449 375 449 360 449 354 449 348 449 341 449 335 449 328 449 316 449 311 449 305 449 300 449 293 449 281 449 277 449 274 449 273 449 271 449 270 449 269 449 269 449 270 449 271 449 272 449 273 449 277 449 279 449 281 449 282 449 283 449 284 449 285 449 286 449 287 449 288 449 288 
33 1 0 0 1 1 107 295 -1 -1 0 4779 107 123 107 138 107 139 107 140 107 141 107 143 107 146 107 149 107 154 107 161 107 168 107 177 107 187 107 194 107 200 107 202 107 207 107 211 107 215 107 219 107 224 107 228 107 233 107 236 107 239 107 246 107 249 107 253 107 259 107 266 107 272 107 281 107 282 107 283 107 284 107 285 107 286 107 287 107 288 107 288 107 290 107 291 107 292 107 293 107 294 107 295 107 295 
33 1 0 0 1 1 135 279 -1 -1 0 8261 135 513 135 599 135 598 135 594 135 590 135 585 135 576 135 565 135 554 135 539 135 522 135 487 135 471 135 456 135 444 135 432 135 424 135 408 135 399 135 387 135 376 135 364 135 341 135 327 135 312 135 298 135 285 135 273 135 254 135 245 135 236 135 229 135 224 135 217 135 215 135 214 135 212 135 211 135 209 135 206 135 205 135 207 135 212 135 220 135 228 135 237 135 247 135 254 135 258 135 260 135 261 135 263 135 268 135 273 135 278 135 279 
33 1 0 0 1 1 405 267 -1 -1 0 4101 405 117 405 115 405 119 405 130 405 144 405 164 405 187 405 208 405 226 405 239 405 248 405 255 405 256 405 258 405 260 405 264 405 270 405 281 405 286 405 288 405 289 405 288 405 287 405 284 405 282 405 281 405 280 405 279 405 278 405 277 405 276 405 275 405 274 405 274 405 272 405 271 405 270 405 269 405 268 405 267 
33 1 0 0 1 1 368 296 -1 -1 0 3973 368 595 368 594 368 592 368 588 368 582 368 573 368 563 368 556 368 548 368 542 368 535 368 519 368 507 368 492 368 474 368 454 368 434 368 394 368 375 368 359 368 345 368 334 368 317 368 309 368 303 368 296 368 291 368 286 368 280 368 281 368 282 368 283 368 284 368 285 368 286 368 287 368 289 368 290 368 292 368 293 368 294 368 295 368 296 368 296 
33 1 0 0 1 2 83 283 0 5709 4 
33 1 0 0 1 2 482 549 1 1955 5 
33 1 0 0 1 2 482 283 0 3226 3 
33 1 0 0 1 2 383 283 1 3055 3 
33 1 0 0 1 2 449 416 1 6279 5 
33 1 0 0 1 2 116 50 0 1243 5 
33 1 0 0 1 2 50 216 0 1038 5 
33 1 0 0 1 2 183 482 1 1507 3 
33 1 0 0 1 2 83 50 0 11230 5 
33 1 0 0 1 2 116 449 1 3622 5 
33 1 0 0 1 2 549 149 0 1088 5 
33 1 0 0 1 2 316 183 0 1505 5 
33 1 0 0 1 2 316 482 1 7701 5 
33 1 0 0 1 2 349 316 1 2274 5 
33 1 0 0 1 2 216 283 1 2145 5 
33 1 0 0 1 2 50 116 0 5016 5 
33 1 0 0 1 2 116 549 0 6463 1 
33 1 0 0 1 2 549 349 1 9173 5 
33 1 0 0 1 2 349 549 1 1681 5 
33 1 0 0 1 2 283 549 1 2478 5 
33 1 0 0 1 2 50 349 1 25229 4 
33 1 0 0 1 2 149 216 0 1400 5 
33 1 0 0 1 2 549 482 1 1539 5 
33 1 0 0 1 2 349 183 0 1747 5 
33 1 0 0 1 2 249 482 1 1658 5 
33 1 0 0 1 2 349 283 0 4076 3 
33 1 0 0 1 2 50 183 0 1541 5 
33 1 0 0 1 2 516 116 0 1265 5 
33 1 0 0 1 2 249 449 1 1362 5 
33 1 0 0 1 2 482 416 1 2123 5 
33 1 0 0 1 2 349 249 0 6325 4 
33 1 0 0 1 2 50 383 1 2093 4 
