Subject 40 in condition 0
Training Condition: 0
Task: 0
Rule: [[[220, 300], [[2000, 0], [0, 9000]]], [[380, 300], [[2000, 0], [0, 9000]]]]
Noise: 0
CATA=1
CATB=0
Sample keys: 120 122
Resp keys: 307 309
Dim direction: 1 1
Dim minimum: 26 73
Test order: [6, 2, 0, 1, 7, 4, 5, 3]
40 0 0 0 0 1 373 171 -1 -1 1 13614 373 39 373 0 373 1 373 2 373 3 373 7 373 11 373 17 373 24 373 31 373 38 373 46 373 61 373 69 373 77 373 85 373 92 373 106 373 111 373 118 373 124 373 131 373 138 373 150 373 158 373 165 373 172 373 178 373 183 373 192 373 196 373 200 373 204 373 208 373 214 373 219 373 223 373 228 373 234 373 239 373 249 373 254 373 259 373 265 373 269 373 279 373 282 373 286 373 291 373 295 373 300 373 307 373 310 373 313 373 317 373 321 373 327 373 331 373 335 373 337 373 339 373 341 373 344 373 346 373 348 373 350 373 352 373 360 373 365 373 369 373 374 373 380 373 386 373 398 373 403 373 407 373 413 373 417 373 425 373 430 373 434 373 437 373 440 373 443 373 445 373 444 373 440 373 432 373 419 373 383 373 363 373 344 373 326 373 310 373 296 373 275 373 268 373 262 373 257 373 254 373 252 373 249 373 248 373 247 373 246 373 245 373 243 373 240 373 237 373 236 373 234 373 233 373 229 373 227 373 225 373 223 373 221 373 216 373 213 373 209 373 207 373 206 373 205 373 204 373 203 373 202 373 201 373 199 373 197 373 191 373 188 373 185 373 184 373 183 373 181 373 179 373 177 373 176 373 175 373 174 373 172 373 171 373 170 373 169 373 170 373 171 373 172 373 173 373 174 373 175 373 176 373 175 373 174 373 173 373 172 373 171 
40 0 0 0 0 1 340 532 -1 -1 1 11243 340 179 340 178 340 177 340 176 340 174 340 170 340 167 340 164 340 160 340 156 340 152 340 145 340 141 340 139 340 137 340 135 340 133 340 128 340 126 340 124 340 123 340 122 340 121 340 120 340 119 340 117 340 115 340 113 340 110 340 107 340 105 340 102 340 97 340 93 340 90 340 87 340 83 340 79 340 70 340 66 340 61 340 55 340 49 340 36 340 30 340 25 340 19 340 12 340 5 340 0 340 0 340 0 340 0 340 0 340 0 340 0 340 0 340 0 340 0 340 0 340 4 340 2 340 0 340 0 340 0 340 0 340 0 340 0 340 0 340 0 340 0 340 0 340 0 340 0 340 0 340 0 340 0 340 0 340 0 340 0 340 0 340 0 340 0 340 1 340 5 340 11 340 19 340 29 340 40 340 52 340 64 340 76 340 100 340 113 340 124 340 134 340 145 340 155 340 174 340 183 340 192 340 200 340 208 340 226 340 235 340 244 340 255 340 265 340 275 340 299 340 312 340 325 340 340 340 355 340 380 340 393 340 404 340 413 340 420 340 425 340 431 340 433 340 436 340 440 340 444 340 456 340 462 340 468 340 475 340 483 340 492 340 509 340 519 340 530 340 541 340 552 340 562 340 578 340 584 340 587 340 588 340 588 340 587 340 586 340 584 340 582 340 579 340 574 340 570 340 566 340 563 340 560 340 559 340 559 340 558 340 557 340 556 340 555 340 554 340 553 340 552 340 551 340 550 340 549 340 548 340 547 340 546 340 545 340 545 340 543 340 543 340 541 340 540 340 539 340 538 340 538 340 537 340 536 340 535 340 534 340 533 340 532 340 531 340 530 340 529 340 530 340 531 340 532 340 533 340 534 340 535 340 534 340 534 340 532 
40 0 0 0 0 1 599 171 -1 -1 1 13435 546 526 546 520 546 521 546 523 546 526 546 529 546 534 546 540 546 545 546 550 546 553 546 558 546 559 546 561 546 562 546 563 546 564 546 565 546 567 546 571 546 578 546 585 546 593 546 599 546 599 546 599 546 599 546 599 546 599 546 599 546 599 546 599 546 599 546 599 546 598 546 589 546 590 546 591 546 595 546 599 546 599 546 599 546 599 546 599 546 599 546 599 546 599 546 599 546 599 546 599 546 599 546 599 546 599 546 599 546 599 546 599 546 599 546 599 546 599 546 599 546 599 546 599 546 599 546 597 546 593 546 586 546 575 546 561 546 526 546 508 546 490 546 472 546 454 546 419 546 402 546 386 546 369 546 354 546 337 546 306 546 292 546 280 546 270 546 260 546 246 546 242 546 240 546 239 546 239 546 238 546 237 546 237 546 236 546 235 546 233 546 228 546 226 546 224 546 223 546 222 546 222 546 220 546 219 546 217 546 216 546 213 546 211 546 209 546 207 546 202 546 201 546 200 546 199 546 198 546 197 546 195 546 191 546 188 546 186 546 185 546 185 546 184 546 183 546 182 546 181 546 180 546 179 546 178 546 177 546 176 546 175 546 174 546 173 546 172 546 171 599 171 598 171 596 171 593 171 587 171 579 171 570 171 559 171 548 171 537 171 513 171 501 171 490 171 479 171 471 171 463 171 450 171 445 171 438 171 433 171 427 171 414 171 407 171 401 171 394 171 387 171 380 171 365 171 359 171 353 171 348 171 343 171 338 171 336 171 335 171 334 171 335 171 337 171 342 171 349 171 357 171 367 171 378 171 390 171 401 171 414 171 437 171 449 171 459 171 470 171 480 171 491 171 512 171 523 171 533 171 542 171 552 171 568 171 575 171 581 171 587 171 592 171 597 171 599 171 599 171 599 171 599 171 599 171 599 171 599 171 
40 0 0 0 0 1 599 534 -1 -1 1 9627 322 88 322 17 322 16 322 15 322 9 322 5 322 0 322 0 322 0 322 0 322 0 322 0 322 0 322 0 322 0 322 0 322 0 322 0 322 0 322 0 322 0 322 0 322 0 322 0 322 0 322 0 322 0 322 0 322 0 322 0 322 2 322 7 322 14 322 22 322 44 322 62 322 76 322 85 322 91 322 95 322 96 322 91 322 84 322 76 322 64 322 51 322 13 322 0 322 0 322 0 322 0 322 0 322 0 322 0 322 0 322 0 322 0 322 0 322 0 322 0 322 0 322 0 322 0 322 0 322 0 322 0 322 0 322 0 322 1 322 9 322 20 322 33 322 68 322 91 322 119 322 149 322 179 322 208 322 264 322 289 322 313 322 335 322 353 322 368 322 389 322 397 322 404 322 408 322 411 322 417 322 419 322 423 322 427 322 431 322 437 322 448 322 456 322 462 322 468 322 473 322 481 322 484 322 488 322 493 322 498 322 502 322 514 322 522 322 528 322 533 322 538 322 541 322 541 322 541 322 542 322 543 322 544 322 545 322 544 322 542 322 541 322 539 322 537 322 536 322 536 322 535 322 534 321 534 320 534 318 534 316 534 310 534 304 534 295 534 285 534 274 534 262 534 250 534 237 534 212 534 200 534 188 534 176 534 165 534 153 534 131 534 120 534 108 534 96 534 85 534 73 534 75 534 87 534 101 534 123 534 148 534 177 534 208 534 240 534 272 534 335 534 364 534 390 534 411 534 425 534 432 534 437 534 437 534 438 534 439 534 442 534 447 534 454 534 462 534 470 534 477 534 483 534 499 534 508 534 518 534 529 534 539 534 561 534 572 534 583 534 592 534 599 534 599 534 599 534 599 534 599 534 
40 0 0 0 0 1 248 173 -1 -1 0 8873 248 399 248 367 248 365 248 363 248 361 248 359 248 357 248 353 248 347 248 340 248 331 248 310 248 296 248 283 248 268 248 254 248 240 248 210 248 196 248 181 248 166 248 150 248 124 248 113 248 104 248 97 248 93 248 92 248 91 248 92 248 93 248 94 248 96 248 98 248 100 248 105 248 110 248 115 248 120 248 130 248 132 248 134 248 135 248 136 248 137 248 138 248 141 248 146 248 153 248 161 248 171 248 178 248 184 248 186 248 188 248 189 248 188 248 187 248 186 248 184 248 183 248 179 248 177 248 174 248 172 248 171 248 170 248 171 248 172 248 175 248 177 248 179 248 182 248 184 248 186 248 187 248 188 248 189 248 188 248 186 248 183 248 180 248 177 248 173 248 171 248 169 248 168 248 166 248 167 248 168 248 170 248 172 248 174 248 175 248 176 248 175 248 174 248 173 
40 0 0 0 0 1 0 172 -1 -1 0 8919 190 191 190 180 190 179 190 178 190 177 190 175 190 174 190 172 190 170 190 168 190 166 190 164 190 161 190 162 190 163 190 163 190 164 190 165 190 166 190 167 190 168 190 169 190 169 190 170 190 171 190 171 190 172 186 172 185 172 184 172 183 172 182 172 181 172 180 172 179 172 178 172 177 172 177 172 176 172 175 172 174 172 172 172 171 172 170 172 169 172 168 172 167 172 166 172 165 172 164 172 163 172 162 172 161 172 160 172 159 172 158 172 157 172 156 172 155 172 155 172 153 172 152 172 151 172 150 172 148 172 147 172 145 172 144 172 142 172 140 172 138 172 137 172 136 172 130 172 126 172 120 172 114 172 107 172 99 172 81 172 72 172 62 172 51 172 37 172 10 172 0 172 0 172 0 172 0 172 0 172 0 172 0 172 0 172 0 172 0 172 0 172 0 172 0 172 0 172 0 172 0 172 0 172 0 172 0 172 0 172 0 172 0 172 0 172 0 172 0 172 
40 0 0 0 0 1 461 173 -1 -1 1 8452 310 532 310 539 310 541 310 544 310 549 310 555 310 563 310 576 310 592 310 599 310 599 310 599 310 599 310 599 310 599 310 599 310 599 310 599 310 599 310 599 310 599 310 599 310 599 310 599 310 599 310 599 310 599 310 599 310 599 310 599 310 599 310 596 310 586 310 574 310 559 310 542 310 521 310 497 310 470 310 412 310 383 310 354 310 327 310 301 310 257 310 238 310 220 310 203 310 190 310 180 310 170 310 169 310 169 310 168 310 169 310 170 310 171 310 172 310 173 310 174 310 173 309 173 308 173 307 173 306 173 306 173 304 173 302 173 300 173 296 173 292 173 288 173 284 173 275 173 271 173 268 173 267 173 269 173 273 173 280 173 289 173 300 173 312 173 326 173 341 173 355 173 369 173 395 173 406 173 417 173 428 173 438 173 447 173 459 173 462 173 463 173 464 173 465 173 465 173 466 173 467 173 469 173 470 173 471 173 470 173 469 173 468 173 466 173 465 173 464 173 463 173 462 173 461 173 
40 0 0 0 0 1 393 171 -1 -1 1 5556 356 253 356 250 356 244 356 236 356 228 356 224 356 218 356 212 356 205 356 199 356 194 356 185 356 181 356 177 356 174 356 173 356 172 356 171 356 171 355 171 354 171 354 171 353 171 352 171 351 171 350 171 349 171 349 171 347 171 345 171 346 171 347 171 349 171 350 171 351 171 353 171 357 171 359 171 361 171 363 171 365 171 366 171 367 171 367 171 369 171 370 171 371 171 372 171 373 171 375 171 376 171 377 171 378 171 379 171 380 171 381 171 383 171 386 171 388 171 391 171 392 171 393 171 
40 0 0 0 0 1 304 170 -1 -1 1 4036 304 227 304 226 304 225 304 224 304 222 304 219 304 216 304 212 304 210 304 209 304 207 304 203 304 201 304 200 304 199 304 198 304 197 304 196 304 195 304 193 304 192 304 190 304 189 304 188 304 187 304 186 304 185 304 184 304 182 304 180 304 179 304 177 304 176 304 175 304 175 304 173 304 172 304 171 304 170 
40 0 0 0 0 1 70 173 -1 -1 0 4931 70 196 70 195 70 194 70 193 70 191 70 190 70 187 70 186 70 184 70 182 70 180 70 172 70 166 70 160 70 155 70 151 70 150 70 150 70 151 70 152 70 153 70 154 70 155 70 156 70 157 70 158 70 159 70 160 70 161 70 162 70 163 70 164 70 165 70 166 70 167 70 168 70 169 70 170 70 171 70 172 70 173 
40 0 0 0 0 1 161 534 -1 -1 0 8437 331 569 331 571 331 572 331 573 331 574 331 576 331 579 331 584 331 589 331 594 331 598 331 599 331 599 331 599 331 599 331 599 331 598 331 599 331 599 331 599 331 597 331 593 331 589 331 584 331 580 331 575 331 571 331 567 331 565 331 564 331 563 331 562 331 561 331 561 331 559 331 558 331 557 331 556 331 556 331 555 331 554 331 553 331 552 331 551 331 550 331 549 331 548 331 547 331 547 331 545 331 544 331 543 331 542 331 541 331 540 330 540 330 540 329 540 328 540 328 540 327 540 326 540 324 540 323 540 322 540 321 540 320 540 319 540 317 540 316 540 315 540 314 540 313 540 312 540 311 540 310 540 309 540 307 540 305 540 301 540 297 540 294 540 291 540 281 540 276 540 272 540 267 540 263 540 256 540 254 540 252 540 250 540 248 540 245 540 237 540 233 540 229 540 227 540 224 540 217 540 214 540 211 540 207 540 202 540 198 540 189 540 183 540 180 540 177 540 175 540 174 540 173 540 172 540 171 540 169 540 167 540 166 540 165 540 163 540 161 540 161 540 161 538 161 537 161 536 161 535 161 534 
40 0 0 0 0 1 273 530 -1 -1 0 9997 344 270 344 144 344 144 344 141 344 137 344 134 344 129 344 121 344 112 344 102 344 91 344 69 344 56 344 46 344 35 344 24 344 15 344 0 344 0 344 0 344 0 344 0 344 0 344 0 344 0 344 0 344 0 344 0 344 0 344 0 344 0 344 0 344 0 344 0 344 0 344 0 344 0 344 0 344 0 344 0 344 0 344 0 344 0 344 0 344 0 344 1 344 5 344 12 344 22 344 33 344 45 344 56 344 65 344 73 344 86 344 91 344 97 344 106 344 116 344 129 344 159 344 177 344 195 344 211 344 226 344 246 344 252 344 259 344 264 344 270 344 277 344 298 344 313 344 330 344 346 344 362 344 375 344 395 344 402 344 408 344 413 344 416 344 431 344 442 344 454 344 466 344 476 344 484 344 491 344 492 344 492 344 492 344 493 344 493 344 493 344 492 344 491 344 491 344 491 344 491 344 491 344 492 344 493 344 493 344 495 344 495 344 495 344 496 344 496 344 494 344 492 344 491 344 491 344 493 344 499 344 507 344 516 344 525 344 537 344 552 344 566 344 578 344 593 344 596 344 599 344 599 344 599 344 598 344 595 344 591 344 586 344 581 344 575 344 569 344 564 344 561 344 557 344 555 344 554 344 553 344 551 344 548 344 543 344 539 344 535 344 530 344 527 344 525 344 526 344 527 344 528 344 529 344 530 343 530 342 530 341 530 340 530 339 530 337 530 335 530 331 530 328 530 325 530 317 530 313 530 309 530 304 530 299 530 296 530 291 530 289 530 287 530 284 530 283 530 282 530 283 530 284 530 284 530 285 530 286 530 287 530 288 530 287 530 286 530 283 530 283 530 283 530 282 530 281 530 281 530 280 530 279 530 278 530 278 530 276 530 276 530 274 530 274 530 273 530 
40 0 0 0 0 1 599 537 -1 -1 1 9553 89 283 89 282 89 281 89 279 89 277 89 275 89 270 89 266 89 260 89 254 89 246 89 230 89 220 89 213 89 205 89 196 89 187 89 171 89 163 89 156 89 150 89 144 89 130 89 121 89 112 89 103 89 93 89 82 89 58 89 46 89 35 89 23 89 12 89 0 89 0 89 0 89 0 89 0 89 0 89 0 89 0 89 0 89 0 89 0 89 0 89 0 89 0 89 0 89 0 89 0 89 0 89 0 89 0 89 1 89 7 89 15 89 41 89 58 89 75 89 93 89 110 89 142 89 161 89 180 89 197 89 213 89 244 89 260 89 276 89 292 89 308 89 323 89 351 89 366 89 383 89 396 89 409 89 421 89 437 89 443 89 448 89 452 89 454 89 458 89 460 89 462 89 464 89 467 89 472 89 485 89 491 89 498 89 505 89 513 89 533 89 543 89 553 89 561 89 565 89 568 89 571 89 572 89 571 89 569 89 567 89 565 89 563 89 561 89 559 89 558 89 557 89 556 89 555 89 554 89 553 89 552 89 551 89 550 89 548 89 545 89 542 89 540 89 537 89 534 89 532 89 530 89 529 89 527 89 526 89 527 89 528 89 530 89 531 89 532 89 533 89 534 89 535 89 535 89 536 89 537 88 537 85 537 78 537 68 537 55 537 39 537 20 537 3 537 0 537 0 537 0 537 0 537 0 537 0 537 0 537 0 537 0 537 0 537 0 537 0 537 0 537 3 537 14 537 33 537 60 537 101 537 151 537 208 537 267 537 331 537 389 537 491 537 529 537 561 537 590 537 599 537 599 537 599 537 599 537 599 537 599 537 599 537 599 537 599 537 599 537 599 537 
40 0 0 0 0 1 599 373 -1 -1 1 6237 137 576 137 474 137 467 137 459 137 448 137 437 137 425 137 412 137 398 137 384 137 369 137 335 137 320 137 304 137 289 137 275 137 264 137 249 137 245 137 243 137 244 137 246 137 248 137 251 137 255 137 260 137 264 137 268 137 271 137 272 137 274 137 281 137 285 137 289 137 290 137 291 137 292 137 293 137 295 137 296 137 298 137 301 137 318 137 327 137 334 137 341 137 345 137 348 137 353 137 355 137 356 137 357 137 358 137 360 137 363 137 368 137 370 137 372 137 373 136 373 135 373 131 373 125 373 115 373 104 373 93 373 79 373 63 373 46 373 9 373 0 373 0 373 0 373 0 373 0 373 0 373 0 373 0 373 0 373 0 373 0 373 1 373 10 373 25 373 46 373 72 373 106 373 149 373 199 373 253 373 355 373 400 373 438 373 473 373 501 373 527 373 570 373 589 373 599 373 599 373 599 373 599 373 599 373 599 373 
40 0 0 0 0 1 0 333 -1 -1 0 8221 590 203 590 200 590 198 590 197 590 196 590 193 590 191 590 188 590 185 590 181 590 178 590 175 590 170 590 168 590 166 590 165 590 163 590 160 590 157 590 155 590 154 590 153 590 152 590 152 590 154 590 157 590 162 590 168 590 176 590 184 590 191 590 197 590 202 590 207 590 215 590 219 590 220 590 222 590 223 590 224 590 225 590 226 590 226 590 228 590 231 590 236 590 241 590 247 590 252 590 263 590 266 590 267 590 268 590 269 590 271 590 276 590 280 590 283 590 284 590 286 590 288 590 290 590 291 590 295 590 298 590 300 590 303 590 307 590 312 590 325 590 332 590 340 590 348 590 356 590 370 590 374 590 376 590 376 590 376 590 375 590 374 590 373 590 373 590 372 590 372 590 371 590 370 590 370 590 369 590 369 590 369 590 368 590 367 590 366 590 365 590 363 590 358 590 352 590 345 590 339 590 335 590 333 589 333 586 333 579 333 571 333 561 333 549 333 538 333 525 333 510 333 495 333 463 333 448 333 432 333 414 333 396 333 380 333 348 333 335 333 323 333 311 333 301 333 280 333 273 333 269 333 266 333 263 333 260 333 252 333 247 333 240 333 231 333 223 333 204 333 191 333 176 333 162 333 147 333 134 333 109 333 96 333 84 333 73 333 62 333 38 333 27 333 16 333 6 333 0 333 0 333 0 333 0 333 0 333 0 333 0 333 0 333 0 333 0 333 
40 0 0 0 0 1 114 342 -1 -1 0 6514 460 239 460 163 460 159 460 154 460 147 460 138 460 131 460 123 460 117 460 111 460 103 460 92 460 89 460 87 460 86 460 85 460 86 460 90 460 95 460 103 460 112 460 124 460 136 460 149 460 164 460 179 460 211 460 227 460 244 460 258 460 270 460 279 460 290 460 297 460 304 460 311 460 315 460 320 460 322 460 323 460 324 460 324 460 326 460 326 460 327 460 328 460 334 460 341 460 346 460 348 460 347 460 345 460 344 460 343 460 342 460 342 459 342 458 342 456 342 453 342 449 342 445 342 441 342 436 342 431 342 416 342 409 342 402 342 394 342 386 342 378 342 363 342 355 342 347 342 339 342 330 342 306 342 293 342 282 342 272 342 266 342 260 342 250 342 245 342 240 342 236 342 230 342 218 342 212 342 209 342 206 342 203 342 200 342 195 342 192 342 190 342 187 342 181 342 176 342 166 342 161 342 156 342 152 342 147 342 138 342 134 342 131 342 127 342 124 342 120 342 119 342 117 342 116 342 115 342 114 342 
40 0 0 0 0 2 116 549 0 5935 4 
40 0 0 0 0 2 549 149 1 3581 4 
40 0 0 0 0 2 482 283 1 3056 4 
40 0 0 0 0 2 516 116 1 3415 4 
40 0 0 0 0 2 216 283 0 1462 4 
40 0 0 0 0 2 549 349 1 1068 4 
40 0 0 0 0 2 283 549 1 4889 3 
40 0 0 0 0 2 83 50 0 1427 4 
40 0 0 0 0 2 249 449 0 2416 3 
40 0 0 0 0 2 383 283 1 1634 4 
40 0 0 0 0 2 482 416 1 705 4 
40 0 0 0 0 2 349 283 1 2065 4 
40 0 0 0 0 2 50 183 1 6209 1 
40 0 0 0 0 2 249 482 1 5728 3 
40 0 0 0 0 2 316 183 1 5212 4 
40 0 0 0 0 2 349 316 1 1628 3 
40 0 0 0 0 2 50 383 0 2422 5 
40 0 0 0 0 2 50 116 0 1604 4 
40 0 0 0 0 2 183 482 0 1381 4 
40 0 0 0 0 2 50 349 0 946 4 
40 0 0 0 0 2 349 549 0 1208 4 
40 0 0 0 0 2 116 50 0 763 4 
40 0 0 0 0 2 50 216 0 796 4 
40 0 0 0 0 2 149 216 0 1177 4 
40 0 0 0 0 2 316 482 1 3652 4 
40 0 0 0 0 2 83 283 0 903 4 
40 0 0 0 0 2 349 183 1 2523 4 
40 0 0 0 0 2 449 416 1 1040 4 
40 0 0 0 0 2 549 482 1 863 4 
40 0 0 0 0 2 482 549 1 699 4 
40 0 0 0 0 2 349 249 1 1220 4 
40 0 0 0 0 2 116 449 0 1191 4 
40 0 0 0 0 1 1 10 -1 -1 0 8103 311 26 311 13 311 8 311 3 311 0 311 0 311 0 311 0 311 0 311 0 311 0 311 0 311 0 311 0 311 0 311 0 311 0 311 0 311 0 311 0 311 0 311 0 311 0 311 0 311 0 311 0 311 0 311 0 311 0 311 0 311 0 311 0 311 0 311 5 311 14 311 30 311 49 311 73 311 97 311 120 311 144 311 166 311 206 311 224 311 241 311 256 311 267 311 274 311 276 311 275 311 271 311 266 311 258 311 246 311 232 311 217 311 203 311 188 311 164 311 154 311 144 311 135 311 126 311 119 311 112 311 111 311 108 311 102 311 97 311 83 311 74 311 61 311 48 311 32 311 17 311 0 311 0 311 0 311 0 311 0 311 1 311 2 311 5 311 8 311 10 311 11 311 11 311 12 311 13 311 12 311 11 311 10 305 10 296 10 285 10 276 10 266 10 256 10 244 10 233 10 223 10 212 10 193 10 183 10 172 10 162 10 150 10 140 10 119 10 109 10 98 10 89 10 78 10 58 10 48 10 39 10 34 10 29 10 27 10 28 10 29 10 31 10 32 10 30 10 24 10 15 10 4 10 0 10 0 10 0 10 0 10 0 10 0 10 0 10 0 10 1 10 
40 0 0 0 0 1 114 411 -1 -1 0 4858 341 411 342 411 341 411 339 411 336 411 332 411 327 411 321 411 315 411 307 411 300 411 283 411 271 411 256 411 242 411 229 411 218 411 196 411 184 411 173 411 161 411 150 411 133 411 129 411 130 411 131 411 132 411 134 411 138 411 144 411 152 411 162 411 174 411 184 411 192 411 199 411 200 411 200 411 199 411 198 411 199 411 201 411 204 411 206 411 204 411 198 411 190 411 181 411 171 411 162 411 154 411 147 411 141 411 136 411 129 411 125 411 120 411 117 411 115 411 114 411 
40 0 0 0 0 1 279 599 -1 -1 0 6420 590 353 588 353 584 353 579 353 572 353 565 353 558 353 552 353 547 353 544 353 541 353 538 353 536 353 534 353 532 353 530 353 527 353 520 353 516 353 510 353 504 353 499 353 490 353 484 353 478 353 472 353 468 353 464 353 457 353 451 353 442 353 434 353 425 353 412 353 404 353 397 353 391 353 386 353 381 353 370 353 366 353 363 353 359 353 355 353 348 353 347 353 346 353 345 353 345 353 344 353 344 353 342 353 341 353 339 353 335 353 330 353 325 353 321 353 318 353 314 353 304 353 300 353 297 353 293 353 290 353 286 353 280 353 279 353 279 392 279 394 279 396 279 401 279 405 279 410 279 416 279 424 279 431 279 441 279 462 279 473 279 484 279 496 279 507 279 516 279 529 279 533 279 535 279 537 279 539 279 541 279 544 279 549 279 555 279 565 279 576 279 599 279 599 279 599 279 599 279 599 279 599 279 599 279 599 279 599 279 599 279 599 279 599 279 599 279 599 279 599 279 599 279 599 279 599 279 599 279 599 279 599 279 599 279 599 
40 0 0 0 0 1 599 327 -1 -1 1 5917 495 122 495 121 495 115 495 106 495 92 495 77 495 59 495 41 495 23 495 5 495 0 495 0 495 0 495 0 495 0 495 0 495 0 495 0 495 0 495 0 495 0 495 0 495 0 495 0 495 0 495 0 495 0 495 0 495 0 495 0 495 0 495 0 495 2 495 8 495 17 495 30 495 47 495 67 495 90 495 116 495 146 495 177 495 241 495 275 495 310 495 344 495 379 495 411 495 466 495 487 495 503 495 517 495 526 495 535 495 537 495 538 495 539 495 537 495 534 495 530 495 525 495 519 495 512 495 504 495 494 495 484 495 474 495 457 495 451 495 446 495 443 495 440 495 439 495 436 495 434 495 432 495 430 495 427 495 418 495 414 495 409 495 406 495 403 495 400 495 397 495 394 495 391 495 388 495 384 495 377 495 373 495 371 495 367 495 365 495 363 495 359 495 358 495 356 495 351 495 346 495 336 495 332 495 330 495 328 495 327 494 327 490 327 485 327 477 327 467 327 456 327 442 327 427 327 412 327 397 327 365 327 350 327 335 327 323 327 311 327 301 327 296 327 297 327 304 327 316 327 335 327 360 327 394 327 432 327 478 327 524 327 599 327 599 327 599 327 599 327 599 327 599 327 599 327 599 327 599 327 599 327 
40 0 0 0 0 1 394 0 -1 -1 1 13739 187 37 187 27 187 26 187 25 187 23 187 21 187 18 187 13 187 8 187 1 187 0 187 0 187 0 187 0 187 0 187 0 187 0 187 0 187 0 187 0 187 0 187 0 187 0 187 0 187 0 187 0 187 0 187 0 187 0 187 2 187 4 187 13 187 28 187 48 187 70 187 96 187 126 187 157 187 214 187 239 187 262 187 281 187 300 187 315 187 330 187 329 187 326 187 322 187 317 187 310 187 302 187 294 187 285 187 277 187 269 187 255 187 250 187 245 187 241 187 238 187 237 187 236 187 234 187 233 187 232 187 231 187 231 187 229 187 228 187 227 187 225 187 222 187 218 187 213 187 209 187 203 187 200 187 199 187 198 187 197 187 196 187 195 187 194 187 193 187 191 187 189 187 183 187 181 187 180 187 179 187 178 187 177 187 175 187 174 187 172 187 171 187 170 187 169 187 168 187 167 187 167 187 165 187 166 187 167 187 169 187 170 178 170 171 170 163 170 152 170 140 170 129 170 115 170 101 170 87 170 76 170 62 170 61 170 61 170 60 170 61 170 63 170 68 170 78 170 91 170 108 170 129 170 152 170 176 170 198 170 239 170 255 170 269 170 269 192 269 184 269 173 269 156 269 139 269 115 269 92 269 67 269 42 269 18 269 0 269 0 269 0 269 0 269 0 269 0 269 0 269 0 293 0 291 0 285 0 276 0 263 0 248 0 232 0 215 0 197 0 176 0 132 0 109 0 87 0 67 0 47 0 30 0 10 0 7 0 8 0 9 0 10 0 11 0 12 0 16 0 19 0 25 0 33 0 44 0 54 0 66 0 78 0 105 0 118 0 130 0 141 0 151 0 166 0 171 0 175 0 178 0 182 0 187 0 198 0 205 0 213 0 223 0 233 0 245 0 273 0 286 0 297 0 305 0 313 0 323 0 327 0 329 0 331 0 334 0 336 0 337 0 338 0 338 0 340 0 341 0 342 0 343 0 345 0 347 0 350 0 353 0 355 0 356 0 356 0 357 0 358 0 360 0 365 0 372 0 380 0 389 0 401 0 416 0 432 0 467 0 486 0 503 0 521 0 540 0 559 0 596 0 599 0 599 0 599 0 599 0 599 0 599 0 599 0 599 0 599 0 599 0 599 0 599 0 599 0 598 0 598 0 596 0 594 0 590 0 587 0 584 0 579 0 575 0 572 0 566 0 564 0 562 0 560 0 558 0 556 0 553 0 552 0 551 0 550 0 549 0 549 0 547 0 546 0 545 0 544 0 543 0 544 0 545 0 549 0 555 0 564 0 575 0 585 0 596 0 599 0 599 0 599 0 599 0 599 0 599 0 599 0 599 0 599 0 599 0 599 0 599 0 598 0 594 0 589 0 583 0 578 0 574 0 569 0 564 0 559 0 553 0 539 0 533 0 525 0 519 0 513 0 508 0 497 0 492 0 487 0 481 0 476 0 464 0 458 0 451 0 444 0 438 0 431 0 418 0 412 0 407 0 402 0 399 0 396 0 395 0 395 0 394 0 
40 0 0 0 0 1 316 554 -1 -1 1 6860 156 554 155 554 153 554 151 554 148 554 143 554 137 554 132 554 128 554 122 554 117 554 106 554 103 554 99 554 98 554 99 554 102 554 107 554 116 554 128 554 143 554 158 554 174 554 191 554 208 554 235 554 246 554 256 554 264 554 272 554 278 554 288 554 291 554 295 554 298 554 302 554 312 554 316 554 321 554 325 554 328 554 331 554 332 554 333 554 334 554 335 554 336 554 337 554 338 554 340 554 342 554 344 554 344 554 345 554 346 554 348 554 352 554 353 554 354 554 355 554 357 554 359 554 360 554 361 554 362 554 363 554 364 554 365 554 366 554 368 554 369 554 373 554 373 554 374 554 373 554 372 554 368 554 364 554 358 554 353 554 351 554 350 554 350 554 348 554 346 554 342 554 338 554 334 554 331 554 328 554 327 554 324 554 323 554 322 554 321 554 320 554 319 554 318 554 317 554 316 554 316 554 
40 0 0 0 0 1 231 111 -1 -1 0 3762 372 111 370 111 369 111 368 111 364 111 360 111 356 111 351 111 346 111 341 111 336 111 332 111 323 111 317 111 311 111 304 111 298 111 292 111 279 111 274 111 268 111 264 111 260 111 252 111 247 111 244 111 242 111 240 111 239 111 238 111 237 111 237 111 236 111 235 111 233 111 232 111 231 111 
40 0 0 0 0 1 232 121 -1 -1 0 5108 321 210 320 210 319 210 317 210 313 210 309 210 305 210 301 210 297 210 294 210 291 210 286 210 283 210 281 210 279 210 277 210 273 210 271 210 270 210 267 210 266 210 264 210 262 210 261 210 260 210 258 210 256 210 255 210 251 210 249 210 247 210 246 210 244 210 241 210 240 210 239 210 238 210 237 210 236 210 235 210 234 210 233 210 233 210 232 210 232 209 232 208 232 207 232 205 232 202 232 200 232 196 232 193 232 189 232 186 232 180 232 176 232 173 232 169 232 165 232 162 232 154 232 151 232 147 232 144 232 140 232 132 232 129 232 126 232 124 232 122 232 121 
40 0 0 0 0 1 179 374 -1 -1 0 4438 179 567 179 579 179 578 179 577 179 575 179 570 179 563 179 554 179 544 179 535 179 526 179 518 179 509 179 495 179 489 179 484 179 478 179 473 179 469 179 462 179 459 179 456 179 453 179 451 179 444 179 440 179 436 179 430 179 423 179 416 179 403 179 397 179 390 179 384 179 381 179 376 179 375 179 374 
40 0 0 0 0 1 243 599 -1 -1 0 4116 243 361 243 363 243 370 243 378 243 391 243 407 243 423 243 438 243 452 243 463 243 474 243 497 243 508 243 518 243 529 243 539 243 549 243 568 243 579 243 587 243 596 243 599 243 599 243 599 243 599 243 599 243 599 243 599 243 599 243 599 243 599 243 599 243 599 243 599 243 599 243 599 243 599 243 599 243 599 243 599 243 599 243 599 
40 0 0 0 0 1 318 454 -1 -1 1 4258 318 542 318 541 318 540 318 539 318 537 318 536 318 535 318 534 318 532 318 531 318 529 318 528 318 525 318 523 318 520 318 517 318 514 318 509 318 502 318 500 318 498 318 497 318 496 318 495 318 494 318 494 318 492 318 490 318 488 318 486 318 482 318 478 318 473 318 468 318 463 318 460 318 455 318 454 
40 0 0 0 0 1 163 599 -1 -1 0 3940 163 536 163 599 163 599 163 599 163 599 163 599 163 599 163 599 163 599 163 599 163 599 163 599 163 599 163 599 163 599 163 599 163 599 163 599 163 599 163 599 163 599 163 599 163 599 163 599 163 599 163 599 163 599 163 599 163 599 163 599 163 599 163 599 163 599 163 599 
40 0 0 0 0 1 246 0 -1 -1 0 4339 246 178 246 125 246 125 246 124 246 122 246 119 246 113 246 103 246 89 246 74 246 58 246 24 246 5 246 0 246 0 246 0 246 0 246 0 246 0 246 0 246 0 246 0 246 0 246 0 246 0 246 0 246 0 246 0 
40 0 0 0 0 1 484 599 -1 -1 1 4086 484 271 484 273 484 275 484 279 484 285 484 292 484 299 484 310 484 320 484 331 484 341 484 364 484 375 484 386 484 397 484 408 484 418 484 437 484 446 484 454 484 460 484 466 484 479 484 486 484 492 484 498 484 505 484 511 484 522 484 527 484 532 484 537 484 541 484 554 484 561 484 569 484 580 484 591 484 599 484 599 484 599 484 599 484 599 484 599 484 599 484 599 484 599 484 599 484 599 484 599 484 599 484 599 484 599 
40 0 0 0 0 1 124 0 -1 -1 0 3046 124 367 124 270 124 262 124 255 124 250 124 246 124 241 124 233 124 230 124 226 124 223 124 221 124 218 124 212 124 209 124 205 124 201 124 195 124 180 124 171 124 161 124 151 124 140 124 130 124 108 124 97 124 88 124 78 124 69 124 60 124 40 124 29 124 18 124 5 124 0 124 0 124 0 124 0 124 0 124 0 124 0 124 0 124 0 
40 0 0 0 0 1 106 449 -1 -1 0 3292 106 269 106 366 106 377 106 387 106 397 106 407 106 417 106 436 106 444 106 453 106 462 106 470 106 486 106 494 106 501 106 507 106 511 106 515 106 518 106 517 106 516 106 512 106 507 106 503 106 498 106 494 106 490 106 486 106 481 106 473 106 469 106 465 106 461 106 459 106 457 106 455 106 453 106 452 106 451 106 450 106 450 106 449 
40 0 0 0 0 2 482 50 1 4738 5 
40 0 0 0 0 2 283 383 1 3623 5 
40 0 0 0 0 2 416 249 1 1317 5 
40 0 0 0 0 2 50 149 0 1979 5 
40 0 0 0 0 2 183 383 0 1519 5 
40 0 0 0 0 2 516 383 1 1402 5 
40 0 0 0 0 2 482 149 1 940 5 
40 0 0 0 0 2 349 383 1 1107 5 
40 0 0 0 0 2 349 83 1 1060 5 
40 0 0 0 0 2 416 349 1 836 5 
40 0 0 0 0 2 316 283 1 1032 5 
40 0 0 0 0 2 449 449 1 882 5 
40 0 0 0 0 2 449 116 1 1027 5 
40 0 0 0 0 2 549 316 1 762 5 
40 0 0 0 0 2 216 449 0 1429 5 
40 0 0 0 0 2 283 216 1 1465 5 
40 0 0 0 0 2 116 316 0 1381 5 
40 0 0 0 0 2 83 349 0 721 5 
40 0 0 0 0 2 383 83 1 1207 5 
40 0 0 0 0 2 83 83 0 1099 5 
40 0 0 0 0 2 83 449 0 775 5 
40 0 0 0 0 2 349 516 1 2041 5 
40 0 0 0 0 2 549 383 1 755 5 
40 0 0 0 0 2 149 116 0 1347 5 
40 0 0 0 0 2 149 83 0 1113 5 
40 0 0 0 0 2 216 349 0 1575 5 
40 0 0 0 0 2 416 482 1 812 5 
40 0 0 0 0 2 83 149 0 1016 5 
40 0 0 0 0 2 149 249 0 905 5 
40 0 0 0 0 2 183 349 0 1078 5 
40 0 0 0 0 2 249 183 0 1404 5 
40 0 0 0 0 2 449 83 1 2163 5 
40 0 0 0 0 1 303 59 -1 -1 1 19344 444 59 599 59 597 59 593 59 590 59 587 59 583 59 578 59 572 59 567 59 562 59 551 59 545 59 539 59 533 59 528 59 524 59 515 59 510 59 504 59 498 59 491 59 479 59 472 59 464 59 457 59 449 59 440 59 422 59 413 59 403 59 394 59 385 59 369 59 361 59 353 59 348 59 344 59 341 59 335 59 332 59 330 59 329 59 328 59 327 59 325 59 323 59 322 59 320 59 319 59 318 59 317 59 316 59 315 59 314 59 313 59 312 59 311 59 310 59 310 59 311 59 310 59 309 59 308 59 306 59 305 59 303 59 302 59 301 59 300 59 299 59 297 59 296 59 295 59 294 59 293 59 292 59 292 59 290 59 289 59 288 59 287 59 285 59 285 59 283 59 282 59 281 59 280 59 280 59 278 59 278 59 277 59 276 59 275 59 274 59 273 59 271 59 270 59 269 59 268 59 267 59 266 59 265 59 263 59 262 59 257 59 254 59 250 59 246 59 242 59 232 59 225 59 217 59 209 59 199 59 187 59 156 59 141 59 127 59 114 59 103 59 86 59 79 59 74 59 70 59 68 59 65 59 61 59 59 59 57 59 56 59 53 59 51 59 45 59 35 59 21 59 4 59 0 59 0 59 0 59 0 59 0 59 0 59 0 59 0 59 0 59 0 59 0 59 0 59 0 59 0 59 0 59 0 59 0 59 0 59 0 59 0 59 1 59 2 59 2 59 3 59 4 59 6 59 7 59 9 59 11 59 13 59 17 59 21 59 26 59 31 59 35 59 41 59 42 59 43 59 45 59 47 59 48 59 52 59 54 59 58 59 62 59 66 59 75 59 79 59 82 59 84 59 87 59 89 59 97 59 101 59 106 59 112 59 118 59 129 59 134 59 139 59 145 59 151 59 155 59 167 59 173 59 180 59 187 59 195 59 208 59 214 59 219 59 223 59 227 59 229 59 235 59 239 59 241 59 244 59 245 59 246 59 248 59 250 59 252 59 252 59 254 59 255 59 256 59 256 59 257 59 258 59 259 59 260 59 260 59 262 59 263 59 263 59 265 59 266 59 267 59 267 59 269 59 270 59 270 59 272 59 273 59 272 59 270 59 267 59 263 59 260 59 256 59 251 59 247 59 243 59 240 59 233 59 228 59 224 59 221 59 218 59 215 59 214 59 214 59 218 59 225 59 233 59 242 59 252 59 261 59 268 59 273 59 282 59 285 59 288 59 290 59 292 59 293 59 294 59 295 59 296 59 297 59 298 59 299 59 300 59 301 59 302 59 303 59 304 59 306 59 308 59 309 59 311 59 312 59 313 59 314 59 315 59 316 59 318 59 319 59 320 59 322 59 322 59 323 59 322 59 321 59 319 59 316 59 313 59 310 59 308 59 306 59 304 59 303 59 299 59 296 59 294 59 292 59 291 59 289 59 288 59 287 59 287 59 288 59 288 59 289 59 290 59 291 59 293 59 294 59 295 59 297 59 299 59 300 59 300 59 301 59 302 59 303 59 303 59 
40 0 0 0 0 1 268 405 -1 -1 0 3937 330 405 329 405 327 405 324 405 320 405 316 405 312 405 309 405 305 405 303 405 301 405 299 405 297 405 296 405 296 405 294 405 293 405 292 405 290 405 288 405 287 405 285 405 284 405 283 405 282 405 281 405 280 405 280 405 278 405 277 405 276 405 275 405 274 405 273 405 273 405 271 405 270 405 269 405 268 405 
40 0 0 0 0 1 280 23 -1 -1 0 8317 175 23 175 23 174 23 173 23 172 23 171 23 170 23 169 23 168 23 167 23 165 23 164 23 162 23 157 23 149 23 138 23 126 23 115 23 105 23 89 23 80 23 74 23 68 23 63 23 61 23 60 23 61 23 65 23 69 23 76 23 97 23 108 23 119 23 131 23 143 23 155 23 175 23 184 23 192 23 199 23 203 23 206 23 209 23 210 23 210 23 211 23 211 23 213 23 215 23 218 23 219 23 220 23 222 23 226 23 226 23 227 23 228 23 229 23 229 23 230 23 231 23 232 23 233 23 234 23 234 23 235 23 236 23 236 23 237 23 238 23 239 23 239 23 241 23 242 23 246 23 248 23 252 23 255 23 258 23 264 23 266 23 268 23 271 23 273 23 275 23 276 23 278 23 279 23 280 23 281 23 282 23 283 23 282 23 281 23 281 23 279 23 278 23 278 23 277 23 276 23 275 23 275 23 274 23 273 23 272 23 271 23 271 23 273 23 273 23 275 23 276 23 277 23 278 23 278 23 279 23 278 23 278 23 277 23 276 23 276 23 275 23 276 23 276 23 278 23 279 23 279 23 280 23 280 23 
40 0 0 0 0 1 272 106 -1 -1 0 9916 267 106 123 106 122 106 121 106 121 106 119 106 118 106 116 106 115 106 112 106 110 106 107 106 106 106 107 106 108 106 111 106 114 106 117 106 120 106 122 106 124 106 126 106 128 106 134 106 136 106 138 106 140 106 141 106 144 106 145 106 146 106 148 106 150 106 152 106 158 106 162 106 165 106 168 106 172 106 175 106 180 106 182 106 184 106 185 106 186 106 191 106 194 106 198 106 202 106 206 106 210 106 220 106 226 106 230 106 235 106 241 106 253 106 258 106 261 106 264 106 266 106 269 106 273 106 274 106 276 106 278 106 281 106 283 106 286 106 286 106 285 106 284 106 282 106 280 106 279 106 278 106 276 106 275 106 274 106 274 106 273 106 272 106 
40 0 0 0 0 1 302 555 -1 -1 1 6685 81 555 83 555 83 555 81 555 79 555 76 555 71 555 63 555 54 555 44 555 33 555 23 555 8 555 2 555 0 555 0 555 0 555 0 555 0 555 0 555 0 555 0 555 0 555 2 555 8 555 16 555 27 555 40 555 55 555 71 555 88 555 104 555 132 555 142 555 150 555 157 555 163 555 169 555 178 555 181 555 184 555 186 555 187 555 189 555 194 555 196 555 197 555 198 555 199 555 200 555 200 555 201 555 203 555 205 555 206 555 208 555 210 555 214 555 218 555 221 555 224 555 226 555 227 555 228 555 229 555 231 555 233 555 236 555 239 555 242 555 247 555 255 555 258 555 262 555 266 555 269 555 271 555 277 555 279 555 281 555 283 555 285 555 287 555 291 555 292 555 294 555 295 555 298 555 301 555 301 555 302 555 302 555 302 555 
40 0 0 0 0 1 319 355 -1 -1 1 7661 277 355 277 355 276 355 274 355 272 355 270 355 267 355 264 355 262 355 261 355 259 355 259 355 257 355 257 355 256 355 256 355 254 355 252 355 251 355 251 355 253 355 257 355 263 355 271 355 277 355 283 355 287 355 290 355 294 355 297 355 303 355 305 355 307 355 309 355 311 355 312 355 313 355 313 355 313 355 314 355 314 355 313 355 313 355 312 355 311 355 311 355 311 355 310 355 311 355 311 355 313 355 314 355 315 355 316 355 317 355 317 355 318 355 319 355 320 355 320 355 321 355 322 355 323 355 324 355 325 355 326 355 326 355 327 355 328 355 328 355 330 355 331 355 332 355 333 355 334 355 335 355 337 355 338 355 339 355 338 355 338 355 336 355 335 355 334 355 332 355 331 355 330 355 329 355 329 355 328 355 327 355 326 355 325 355 325 355 323 355 322 355 321 355 321 355 319 355 
40 0 0 0 0 1 310 87 -1 -1 1 7996 310 87 310 87 310 87 309 87 308 87 308 87 307 87 307 87 308 87 308 87 309 87 309 87 310 87 
40 0 0 0 0 1 323 488 -1 -1 1 7701 58 488 57 488 57 488 56 488 54 488 52 488 47 488 41 488 36 488 31 488 25 488 8 488 0 488 0 488 0 488 0 488 0 488 0 488 0 488 0 488 2 488 6 488 11 488 17 488 26 488 36 488 45 488 55 488 71 488 78 488 84 488 89 488 95 488 105 488 111 488 115 488 120 488 124 488 128 488 135 488 139 488 143 488 146 488 149 488 156 488 160 488 163 488 166 488 169 488 171 488 176 488 178 488 180 488 182 488 184 488 186 488 191 488 193 488 196 488 199 488 202 488 208 488 211 488 214 488 215 488 217 488 219 488 222 488 223 488 224 488 225 488 227 488 228 488 229 488 231 488 233 488 233 488 234 488 234 488 234 488 234 488 232 488 230 488 228 488 228 488 228 488 228 488 229 488 239 488 246 488 252 488 258 488 262 488 266 488 274 488 276 488 277 488 278 488 279 488 281 488 283 488 283 488 284 488 284 488 284 488 285 488 285 488 286 488 286 488 286 488 287 488 287 488 287 488 288 488 289 488 291 488 294 488 298 488 300 488 303 488 306 488 308 488 312 488 313 488 314 488 314 488 316 488 318 488 322 488 324 488 325 488 326 488 327 488 327 488 327 488 326 488 325 488 325 488 325 488 325 488 324 488 324 488 323 488 323 488 
40 0 0 0 0 1 279 41 -1 -1 0 5955 73 41 71 41 70 41 70 41 69 41 66 41 62 41 57 41 52 41 48 41 45 41 42 41 32 41 27 41 23 41 21 41 21 41 21 41 22 41 25 41 30 41 35 41 42 41 50 41 59 41 68 41 76 41 92 41 100 41 109 41 120 41 130 41 140 41 158 41 167 41 174 41 181 41 186 41 192 41 201 41 204 41 208 41 211 41 213 41 217 41 220 41 222 41 224 41 226 41 229 41 234 41 236 41 238 41 241 41 243 41 246 41 246 41 247 41 248 41 248 41 249 41 249 41 250 41 250 41 252 41 253 41 254 41 256 41 257 41 259 41 262 41 266 41 268 41 270 41 272 41 274 41 275 41 277 41 277 41 277 41 277 41 277 41 277 41 277 41 277 41 277 41 277 41 278 41 278 41 278 41 278 41 279 41 279 41 279 41 279 41 
40 0 0 0 0 1 599 4 -1 -1 1 13198 482 12 482 0 482 0 482 0 482 0 482 0 482 0 482 0 482 0 482 0 482 0 482 0 482 0 482 0 482 0 482 0 482 0 482 0 482 0 482 0 482 0 482 2 482 4 482 4 482 4 482 4 482 4 482 4 483 4 483 4 483 4 482 4 481 4 479 4 478 4 477 4 476 4 476 4 476 4 476 4 475 4 474 4 472 4 471 4 470 4 470 4 469 4 468 4 468 4 468 4 468 4 468 4 468 4 468 4 469 4 477 4 482 4 488 4 494 4 501 4 523 4 537 4 552 4 569 4 588 4 599 4 599 4 599 4 599 4 599 4 599 4 599 4 599 4 599 4 599 4 595 4 589 4 582 4 574 4 565 4 557 4 551 4 534 4 527 4 523 4 521 4 520 4 520 4 522 4 523 4 523 4 523 4 523 4 524 4 524 4 524 4 524 4 525 4 525 4 528 4 530 4 532 4 534 4 534 4 537 4 550 4 556 4 560 4 562 4 565 4 568 4 569 4 569 4 570 4 568 4 565 4 557 4 554 4 552 4 552 4 550 4 547 4 546 4 546 4 544 4 543 4 542 4 540 4 539 4 536 4 533 4 532 4 530 4 526 4 522 4 516 4 509 4 504 4 494 4 489 4 484 4 478 4 472 4 466 4 452 4 445 4 438 4 432 4 427 4 417 4 413 4 409 4 404 4 401 4 397 4 393 4 392 4 391 4 390 4 390 4 396 4 399 4 402 4 404 4 408 4 411 4 421 4 425 4 429 4 434 4 438 4 445 4 448 4 452 4 457 4 461 4 466 4 476 4 481 4 486 4 491 4 495 4 498 4 498 4 498 4 498 4 498 4 500 4 503 4 507 4 512 4 515 4 518 4 519 4 519 4 520 4 520 4 521 4 522 4 522 4 522 4 522 4 522 4 521 4 521 4 520 4 519 4 519 4 519 4 520 4 522 4 524 4 526 4 530 4 533 4 534 4 534 4 533 4 532 4 531 4 530 4 529 4 529 4 531 4 534 4 538 4 541 4 544 4 540 4 537 4 535 4 535 4 535 4 535 4 535 4 535 4 537 4 539 4 541 4 543 4 545 4 547 4 551 4 559 4 563 4 566 4 568 4 571 4 578 4 582 4 585 4 587 4 590 4 592 4 599 4 599 4 599 4 599 4 599 4 599 4 599 4 599 4 599 4 599 4 599 4 597 4 594 4 592 4 591 4 591 4 590 4 588 4 586 4 584 4 582 4 582 4 584 4 587 4 590 4 593 4 597 4 599 4 599 4 599 4 599 4 599 4 599 4 599 4 599 4 599 4 599 4 599 4 599 4 599 4 599 4 599 4 599 4 599 4 599 4 599 4 599 4 599 4 
40 0 0 0 0 1 242 106 -1 -1 0 7729 151 106 162 106 162 106 162 106 162 106 162 106 162 106 162 106 162 106 162 106 164 106 164 106 165 106 166 106 167 106 170 106 173 106 177 106 188 106 193 106 197 106 200 106 203 106 204 106 204 106 204 106 204 106 204 106 203 106 203 106 203 106 202 106 200 106 200 106 199 106 198 106 198 106 197 106 197 106 196 106 194 106 194 106 194 106 194 106 194 106 194 106 194 106 194 106 194 106 196 106 197 106 198 106 199 106 199 106 200 106 200 106 201 106 201 106 202 106 202 106 202 106 202 106 202 106 203 106 204 106 204 106 205 106 206 106 207 106 208 106 208 106 209 106 210 106 211 106 212 106 213 106 215 106 219 106 230 106 237 106 246 106 257 106 268 106 278 106 295 106 302 106 306 106 304 106 298 106 289 106 276 106 260 106 238 106 212 106 189 106 169 106 151 106 118 106 105 106 96 106 91 106 90 106 92 106 96 106 103 106 112 106 125 106 135 106 147 106 156 106 163 106 167 106 170 106 172 106 173 106 174 106 176 106 181 106 190 106 202 106 213 106 222 106 226 106 225 106 224 106 225 106 226 106 228 106 232 106 233 106 234 106 235 106 236 106 237 106 238 106 239 106 240 106 241 106 242 106 242 106 
40 0 0 0 0 1 258 338 -1 -1 0 7589 167 338 166 338 165 338 163 338 159 338 154 338 149 338 142 338 135 338 129 338 125 338 123 338 122 338 121 338 122 338 123 338 125 338 127 338 130 338 133 338 136 338 138 338 141 338 144 338 148 338 151 338 154 338 157 338 159 338 160 338 161 338 162 338 163 338 164 338 165 338 167 338 169 338 171 338 172 338 175 338 181 338 198 338 206 338 214 338 222 338 229 338 235 338 236 338 237 338 241 338 242 338 244 338 245 338 244 338 243 338 241 338 241 338 239 338 238 338 238 338 237 338 236 338 235 338 234 338 233 338 230 338 228 338 226 338 225 338 224 338 224 338 226 338 227 338 228 338 229 338 231 338 234 338 236 338 238 338 240 338 242 338 243 338 244 338 245 338 249 338 250 338 253 338 254 338 256 338 258 338 260 338 263 338 267 338 268 338 269 338 270 338 272 338 273 338 274 338 275 338 275 338 274 338 272 338 265 338 258 338 255 338 254 338 255 338 256 338 257 338 258 338 
40 0 0 0 0 1 278 381 -1 -1 0 8843 69 381 5 381 0 381 0 381 0 381 0 381 0 381 0 381 0 381 0 381 0 381 0 381 0 381 0 381 0 381 0 381 0 381 0 381 0 381 0 381 0 381 8 381 24 381 43 381 66 381 90 381 117 381 165 381 189 381 207 381 223 381 240 381 258 381 292 381 310 381 328 381 342 381 351 381 357 381 360 381 360 381 360 381 359 381 359 381 359 381 359 381 358 381 358 381 356 381 352 381 347 381 339 381 332 381 325 381 315 381 305 381 295 381 293 381 292 381 292 381 293 381 294 381 294 381 296 381 297 381 297 381 298 381 299 381 300 381 301 381 301 381 302 381 302 381 305 381 312 381 315 381 316 381 316 381 316 381 316 381 315 381 315 381 315 381 314 381 314 381 312 381 312 381 311 381 309 381 308 381 307 381 306 381 305 381 303 381 302 381 301 381 300 381 299 381 298 381 298 381 297 381 296 381 295 381 293 381 291 381 290 381 289 381 289 381 288 381 288 381 287 381 287 381 286 381 285 381 285 381 284 381 284 381 283 381 282 381 282 381 280 381 279 381 278 381 
40 0 0 0 0 1 336 47 -1 -1 1 4877 508 47 507 47 506 47 505 47 504 47 502 47 500 47 497 47 492 47 487 47 481 47 468 47 463 47 458 47 451 47 445 47 439 47 427 47 421 47 414 47 407 47 401 47 388 47 382 47 376 47 371 47 365 47 363 47 358 47 355 47 354 47 353 47 352 47 350 47 350 47 349 47 348 47 348 47 348 47 346 47 345 47 344 47 343 47 342 47 341 47 340 47 339 47 339 47 338 47 338 47 337 47 337 47 336 47 336 47 
40 0 0 0 0 1 365 381 -1 -1 1 4646 224 381 222 381 222 381 224 381 225 381 227 381 231 381 236 381 241 381 248 381 255 381 270 381 279 381 287 381 295 381 303 381 310 381 322 381 329 381 335 381 339 381 342 381 347 381 348 381 350 381 350 381 351 381 352 381 353 381 354 381 354 381 355 381 355 381 356 381 357 381 358 381 360 381 361 381 362 381 363 381 364 381 364 381 365 381 
40 0 0 0 0 1 329 27 -1 -1 1 5283 255 27 254 27 251 27 247 27 241 27 234 27 228 27 223 27 217 27 213 27 209 27 207 27 206 27 205 27 203 27 200 27 197 27 195 27 196 27 203 27 215 27 229 27 242 27 255 27 268 27 281 27 293 27 304 27 319 27 324 27 327 27 328 27 329 27 
40 0 0 0 0 2 482 183 1 3807 5 
40 0 0 0 0 2 116 83 0 2099 5 
40 0 0 0 0 2 216 549 0 1418 5 
40 0 0 0 0 2 83 482 0 1033 5 
40 0 0 0 0 2 416 116 1 1193 5 
40 0 0 0 0 2 249 283 1 5080 5 
40 0 0 0 0 2 183 216 0 996 5 
40 0 0 0 0 2 482 116 1 1349 5 
40 0 0 0 0 2 482 316 1 796 5 
40 0 0 0 0 2 283 50 1 1656 5 
40 0 0 0 0 2 482 449 1 1029 5 
40 0 0 0 0 2 449 349 1 740 5 
40 0 0 0 0 2 549 216 1 804 5 
40 0 0 0 0 2 416 416 1 897 5 
40 0 0 0 0 2 116 149 0 857 5 
40 0 0 0 0 2 316 516 1 2094 5 
40 0 0 0 0 2 183 283 0 1124 5 
40 0 0 0 0 2 416 149 1 892 5 
40 0 0 0 0 2 83 516 0 1093 5 
40 0 0 0 0 2 349 416 1 1145 5 
40 0 0 0 0 2 50 449 0 1093 5 
40 0 0 0 0 2 283 183 1 1560 5 
40 0 0 0 0 2 383 549 1 1404 5 
40 0 0 0 0 2 316 549 1 1303 5 
40 0 0 0 0 2 83 416 0 992 5 
40 0 0 0 0 2 249 116 0 1154 5 
40 0 0 0 0 2 316 249 1 1876 5 
40 0 0 0 0 2 216 383 0 1378 5 
40 0 0 0 0 2 516 50 1 814 5 
40 0 0 0 0 2 83 316 0 1221 5 
40 0 0 0 0 2 83 549 0 1038 5 
40 0 0 0 0 2 516 283 1 1065 5 
40 0 0 0 0 1 0 538 -1 -1 0 118433 359 366 139 366 131 366 121 366 110 366 98 366 84 366 69 366 52 366 34 366 14 366 0 366 0 366 0 366 0 366 0 366 0 366 0 366 0 366 0 366 0 366 1 366 5 366 11 366 19 366 30 366 41 366 51 366 59 366 66 366 72 366 82 366 89 366 97 366 107 366 117 366 128 366 153 366 165 366 176 366 186 366 195 366 206 366 212 366 219 366 226 366 235 366 242 366 254 366 256 366 257 366 258 366 257 366 255 366 251 366 244 366 232 366 216 366 197 366 178 366 160 366 146 366 128 366 120 366 114 366 109 366 106 366 105 366 125 366 120 366 111 366 100 366 85 366 68 366 49 366 27 366 3 366 0 366 0 366 0 366 0 366 0 366 0 366 0 366 0 366 0 366 0 366 0 366 0 366 0 366 0 366 0 366 0 366 0 366 0 366 0 366 0 366 1 366 9 366 18 366 18 371 18 365 18 360 18 358 18 356 6 356 0 356 0 356 0 356 0 356 0 356 0 356 0 356 0 356 0 356 0 356 0 356 0 356 0 356 0 356 0 356 0 356 0 356 0 356 0 356 0 357 0 355 0 351 0 345 0 337 0 327 0 317 0 306 0 296 0 287 0 274 0 271 0 271 0 273 0 281 0 292 0 334 0 365 0 397 0 432 0 472 0 547 0 580 0 599 0 599 0 599 0 599 0 599 0 599 0 599 0 599 0 597 0 591 0 584 0 573 0 561 0 550 0 541 0 532 0 525 0 518 0 510 0 507 0 504 0 502 0 501 0 502 0 503 0 505 0 506 0 508 0 511 0 514 0 516 0 517 0 518 0 519 0 520 0 522 0 526 0 531 0 535 0 537 0 538 
40 0 0 0 0 1 0 478 -1 -1 0 3755 40 502 0 502 0 502 0 502 0 502 0 502 0 502 0 502 0 502 0 502 0 502 0 502 0 502 0 502 0 502 0 502 0 502 0 502 0 502 0 502 0 502 0 502 0 502 0 502 0 502 0 502 0 508 0 513 0 518 0 522 0 526 0 528 0 529 0 527 0 526 0 524 0 521 0 518 0 514 0 509 0 505 0 503 0 502 0 503 0 502 0 501 0 498 0 495 0 493 0 489 0 485 0 483 0 481 0 480 0 479 0 478 
40 0 0 0 0 1 0 351 -1 -1 0 3949 371 216 16 216 0 216 0 216 0 216 0 216 0 216 0 216 0 216 0 216 0 216 0 216 0 216 0 216 0 216 0 216 0 216 0 216 0 216 0 216 0 216 0 216 0 216 0 216 0 216 0 242 0 249 0 259 0 269 0 281 0 293 0 305 0 317 0 329 0 341 0 367 0 379 0 387 0 392 0 394 0 395 0 394 0 393 0 393 0 390 0 387 0 384 0 379 0 373 0 366 0 361 0 356 0 353 0 351 
40 0 0 0 0 1 1 77 -1 -1 0 4285 35 464 25 464 32 464 39 464 47 464 70 464 83 464 97 464 112 464 127 464 153 464 163 464 172 464 178 464 182 464 184 464 184 464 183 464 178 464 170 464 160 464 147 464 116 464 97 464 78 464 59 464 41 464 9 464 0 464 0 464 0 464 0 464 0 464 1 464 1 454 1 448 1 438 1 424 1 409 1 391 1 373 1 356 1 337 1 319 1 290 1 278 1 269 1 260 1 251 1 243 1 228 1 222 1 219 1 217 1 217 1 216 1 216 1 216 1 216 1 216 1 215 1 214 1 213 1 213 1 213 1 213 1 216 1 218 1 221 1 223 1 225 1 227 1 227 1 225 1 222 1 217 1 211 1 185 1 172 1 159 1 147 1 134 1 122 1 101 1 91 1 83 1 78 1 77 
40 0 0 0 0 1 206 386 -1 -1 0 5421 425 190 577 190 575 190 576 190 577 190 578 190 580 190 584 190 587 190 590 190 593 190 595 190 596 190 595 190 594 190 590 190 586 190 579 190 571 190 562 190 551 190 541 190 533 190 522 190 521 190 522 190 526 190 531 190 539 190 557 190 565 190 571 190 573 190 573 190 573 190 572 190 568 190 561 190 550 190 535 190 507 190 494 190 481 190 468 190 454 190 428 190 415 190 401 190 390 190 378 190 369 190 353 190 346 190 338 190 334 190 330 190 326 190 324 190 322 190 321 190 319 190 318 190 315 190 311 190 308 190 305 190 299 190 286 190 279 190 273 190 267 190 258 190 250 190 233 190 226 190 219 190 212 190 208 190 207 190 206 190 206 321 206 329 206 336 206 341 206 345 206 349 206 354 206 359 206 364 206 369 206 384 206 392 206 398 206 403 206 407 206 409 206 410 206 409 206 408 206 406 206 404 206 401 206 398 206 395 206 392 206 390 206 388 206 387 206 386 
40 0 0 0 0 1 330 119 -1 -1 1 30796 538 119 554 119 553 119 551 119 549 119 545 119 539 119 533 119 525 119 514 119 500 119 469 119 454 119 439 119 424 119 410 119 398 119 378 119 367 119 359 119 352 119 347 119 339 119 338 119 337 119 338 119 339 119 338 119 337 119 335 119 333 119 332 119 331 119 330 119 
40 0 0 0 0 1 257 159 -1 -1 0 14982 581 159 599 159 597 159 592 159 586 159 577 159 566 159 554 159 541 159 527 159 511 159 479 159 461 159 444 159 425 159 409 159 394 159 367 159 355 159 346 159 338 159 330 159 314 159 308 159 302 159 298 159 295 159 294 159 293 159 292 159 291 159 290 159 288 159 286 159 284 159 280 159 276 159 272 159 267 159 256 159 251 159 247 159 244 159 241 159 239 159 238 159 238 159 239 159 241 159 242 159 245 159 248 159 251 159 253 159 255 159 256 159 257 159 257 159 
40 0 0 0 0 1 262 187 -1 -1 0 27046 155 187 153 187 152 187 151 187 149 187 144 187 139 187 132 187 126 187 118 187 111 187 95 187 86 187 78 187 72 187 65 187 58 187 48 187 47 187 49 187 55 187 63 187 77 187 93 187 111 187 130 187 146 187 161 187 175 187 195 187 202 187 206 187 209 187 208 187 207 187 208 187 209 187 210 187 212 187 212 187 213 187 212 187 211 187 209 187 208 187 207 187 206 187 205 187 203 187 202 187 200 187 199 187 198 187 199 187 200 187 201 187 203 187 207 187 213 187 218 187 223 187 227 187 231 187 234 187 235 187 238 187 239 187 240 187 241 187 242 187 243 187 244 187 245 187 246 187 248 187 252 187 256 187 258 187 260 187 261 187 262 187 262 187 
40 0 0 0 0 1 277 277 -1 -1 0 58665 479 277 567 277 571 277 574 277 579 277 582 277 584 277 587 277 590 277 592 277 596 277 599 277 599 277 599 277 599 277 599 277 599 277 599 277 599 277 599 277 599 277 599 277 599 277 599 277 598 277 587 277 568 277 544 277 513 277 484 277 453 277 426 277 403 277 382 277 351 277 337 277 326 277 320 277 315 277 313 277 310 277 311 277 312 277 314 277 315 277 316 277 318 277 320 277 322 277 326 277 329 277 337 277 339 277 340 277 341 277 340 277 336 277 331 277 326 277 319 277 312 277 307 277 303 277 300 277 297 277 293 277 292 277 290 277 287 277 284 277 280 277 277 277 276 277 275 277 274 277 273 277 272 277 271 277 270 277 262 277 263 277 264 277 265 277 266 277 267 277 268 277 267 277 266 277 265 277 266 277 267 277 268 277 269 277 270 277 271 277 272 277 273 277 274 277 275 277 276 277 276 277 277 277 
40 0 0 0 0 1 296 240 -1 -1 0 27235 417 240 419 240 421 240 424 240 427 240 429 240 431 240 434 240 439 240 445 240 450 240 462 240 468 240 473 240 477 240 481 240 484 240 486 240 485 240 479 240 470 240 458 240 444 240 431 240 419 240 408 240 398 240 388 240 367 240 359 240 352 240 346 240 342 240 339 240 336 240 335 240 334 240 333 240 332 240 331 240 333 240 334 240 335 240 334 240 332 240 330 240 328 240 326 240 325 240 324 240 323 240 322 240 321 240 320 240 320 240 319 240 318 240 317 240 316 240 315 240 314 240 315 240 314 240 313 240 312 240 311 240 310 240 309 240 308 240 307 240 306 240 305 240 304 240 304 240 303 240 302 240 301 240 300 240 299 240 298 240 297 240 296 240 
40 0 0 0 0 1 312 292 -1 -1 1 23693 587 292 498 292 494 292 490 292 484 292 479 292 472 292 463 292 454 292 444 292 434 292 406 292 390 292 374 292 360 292 345 292 330 292 306 292 298 292 290 292 284 292 279 292 273 292 271 292 272 292 276 292 282 292 290 292 298 292 303 292 306 292 307 292 308 292 309 292 313 292 320 292 329 292 337 292 346 292 354 292 363 292 373 292 381 292 387 292 386 292 385 292 384 292 383 292 382 292 380 292 377 292 373 292 367 292 361 292 358 292 355 292 350 292 348 292 347 292 346 292 347 292 348 292 349 292 350 292 351 292 352 292 353 292 354 292 357 292 359 292 361 292 362 292 363 292 362 292 360 292 357 292 350 292 345 292 340 292 335 292 331 292 329 292 327 292 325 292 324 292 323 292 321 292 320 292 319 292 318 292 317 292 316 292 315 292 314 292 313 292 312 292 
40 0 0 0 0 1 308 393 -1 -1 1 22077 410 393 262 393 255 393 248 393 240 393 231 393 220 393 208 393 196 393 184 393 172 393 145 393 133 393 124 393 119 393 114 393 110 393 104 393 103 393 104 393 106 393 107 393 109 393 111 393 114 393 119 393 122 393 126 393 131 393 141 393 146 393 153 393 161 393 169 393 180 393 203 393 214 393 225 393 235 393 245 393 266 393 275 393 282 393 288 393 294 393 301 393 316 393 324 393 332 393 338 393 343 393 347 393 349 393 350 393 359 393 360 393 361 393 362 393 363 393 364 393 365 393 366 393 367 393 368 393 369 393 368 393 366 393 364 393 361 393 356 393 351 393 345 393 340 393 335 393 330 393 322 393 319 393 318 393 317 393 316 393 316 393 314 393 313 393 313 393 312 393 310 393 309 393 308 393 
40 0 0 0 0 1 280 447 -1 -1 0 24935 262 447 263 447 264 447 265 447 266 447 267 447 268 447 267 447 266 447 265 447 264 447 263 447 264 447 265 447 266 447 267 447 268 447 269 447 270 447 271 447 272 447 273 447 274 447 275 447 275 447 277 447 278 447 279 447 280 447 
40 0 0 0 0 1 299 241 -1 -1 0 34686 107 241 174 241 173 241 171 241 167 241 163 241 158 241 152 241 145 241 139 241 132 241 117 241 110 241 103 241 97 241 92 241 86 241 73 241 67 241 61 241 55 241 48 241 32 241 24 241 16 241 7 241 0 241 0 241 0 241 0 241 2 241 10 241 24 241 46 241 69 241 94 241 120 241 145 241 169 241 208 241 223 241 235 241 244 241 251 241 255 241 256 241 257 241 258 241 259 241 260 241 262 241 264 241 269 241 278 241 287 241 297 241 309 241 313 241 316 241 318 241 319 241 321 241 322 241 323 241 324 241 324 241 325 241 326 241 328 241 331 241 333 241 334 241 335 241 336 241 338 241 339 241 340 241 341 241 342 241 341 241 337 241 336 241 335 241 334 241 332 241 331 241 330 241 328 241 327 241 326 241 325 241 324 241 323 241 322 241 321 241 320 241 319 241 317 241 316 241 315 241 315 241 314 241 313 241 312 241 311 241 310 241 309 241 308 241 307 241 306 241 305 241 304 241 303 241 302 241 301 241 300 241 299 241 
40 0 0 0 0 1 0 524 -1 -1 0 5916 55 524 35 524 39 524 41 524 40 524 31 524 16 524 0 524 0 524 0 524 0 524 0 524 0 524 0 524 0 524 0 524 
40 0 0 0 0 1 343 411 -1 -1 1 2534 356 411 459 411 453 411 449 411 447 411 442 411 440 411 435 411 428 411 418 411 407 411 391 411 383 411 375 411 366 411 359 411 348 411 346 411 344 411 343 411 
40 0 0 0 0 2 416 183 1 3247 5 
40 0 0 0 0 2 449 549 1 969 5 
40 0 0 0 0 2 283 116 0 6519 5 
40 0 0 0 0 2 516 482 1 2375 5 
40 0 0 0 0 2 316 349 1 6866 5 
40 0 0 0 0 2 383 216 1 3714 5 
40 0 0 0 0 2 516 183 1 1599 5 
40 0 0 0 0 2 416 449 1 1718 5 
40 0 0 0 0 2 183 50 0 4510 5 
40 0 0 0 0 2 149 516 0 897 5 
40 0 0 0 0 2 316 316 1 10120 5 
40 0 0 0 0 2 50 482 0 1810 5 
40 0 0 0 0 2 316 216 1 5788 5 
40 0 0 0 0 2 482 249 1 1765 5 
40 0 0 0 0 2 416 216 1 2104 5 
40 0 0 0 0 2 249 149 0 5777 5 
40 0 0 0 0 2 216 482 0 3673 5 
40 0 0 0 0 2 416 516 1 1981 5 
40 0 0 0 0 2 216 50 0 2741 5 
40 0 0 0 0 2 216 416 0 4574 5 
40 0 0 0 0 2 383 183 1 3607 5 
40 0 0 0 0 2 482 516 1 1309 5 
40 0 0 0 0 2 283 249 0 4885 5 
40 0 0 0 0 2 349 116 1 4462 5 
40 0 0 0 0 2 249 516 0 3055 5 
40 0 0 0 0 2 50 316 0 1253 5 
40 0 0 0 0 2 183 116 0 1405 5 
40 0 0 0 0 2 149 316 0 1083 5 
40 0 0 0 0 2 516 549 1 1528 5 
40 0 0 0 0 2 149 50 0 1875 5 
40 0 0 0 0 2 249 349 0 3509 5 
40 0 0 0 0 2 50 249 0 1245 5 
40 0 0 0 0 1 21 462 -1 -1 0 4159 85 462 80 462 79 462 78 462 76 462 69 462 60 462 49 462 40 462 32 462 27 462 22 462 21 462 
40 0 0 0 0 1 374 101 -1 -1 1 2445 89 101 374 101 374 101 
40 0 0 0 0 1 112 223 -1 -1 0 2830 153 223 149 223 148 223 147 223 145 223 144 223 141 223 139 223 134 223 129 223 123 223 117 223 112 223 
40 0 0 0 0 1 474 573 -1 -1 1 2431 519 573 514 573 513 573 512 573 511 573 510 573 509 573 508 573 507 573 505 573 503 573 499 573 497 573 493 573 489 573 485 573 478 573 476 573 475 573 474 573 
40 0 0 0 0 1 0 88 -1 -1 0 2443 55 88 54 88 53 88 51 88 49 88 46 88 42 88 38 88 32 88 25 88 16 88 5 88 0 88 0 88 0 88 0 88 0 88 0 88 0 88 0 88 0 88 
40 0 0 0 0 1 599 197 -1 -1 1 2464 595 197 581 197 585 197 587 197 590 197 598 197 599 197 599 197 599 197 599 197 599 197 599 197 599 197 599 197 599 197 599 197 599 197 599 197 599 197 599 197 599 197 599 197 599 197 
40 0 0 0 0 1 305 254 -1 -1 1 29207 153 254 127 254 126 254 125 254 124 254 123 254 122 254 122 254 119 254 116 254 112 254 108 254 109 254 113 254 123 254 136 254 149 254 162 254 170 254 177 254 183 254 186 254 187 254 188 254 192 254 194 254 196 254 200 254 203 254 204 254 204 254 203 254 201 254 199 254 198 254 196 254 194 254 192 254 190 254 188 254 186 254 185 254 182 254 180 254 179 254 178 254 178 254 177 254 176 254 175 254 174 254 173 254 172 254 171 254 172 254 176 254 182 254 190 254 198 254 207 254 217 254 225 254 234 254 243 254 261 254 268 254 274 254 278 254 281 254 286 254 293 254 297 254 301 254 302 254 304 254 305 254 
40 0 0 0 0 1 293 570 -1 -1 0 33629 245 570 253 570 251 570 248 570 245 570 242 570 239 570 237 570 237 570 236 570 235 570 233 570 231 570 229 570 228 570 227 570 226 570 225 570 224 570 223 570 223 570 221 570 222 570 225 570 231 570 239 570 248 570 256 570 264 570 272 570 280 570 285 570 289 570 290 570 292 570 294 570 295 570 296 570 298 570 299 570 300 570 301 570 302 570 303 570 304 570 303 570 302 570 301 570 301 570 300 570 299 570 298 570 297 570 297 570 296 570 296 570 294 570 294 570 292 570 291 570 290 570 290 570 291 570 292 570 293 570 
40 0 0 0 0 1 292 290 -1 -1 0 31606 294 290 0 290 1 290 2 290 1 290 0 290 0 290 0 290 0 290 0 290 0 290 0 290 0 290 0 290 0 290 0 290 0 290 0 290 0 290 0 290 0 290 0 290 0 290 0 290 0 290 0 290 0 290 2 290 6 290 13 290 22 290 32 290 43 290 57 290 73 290 92 290 111 290 149 290 166 290 182 290 195 290 206 290 212 290 217 290 219 290 220 290 223 290 228 290 234 290 240 290 246 290 252 290 256 290 259 290 260 290 261 290 263 290 265 290 267 290 267 290 269 290 270 290 271 290 271 290 273 290 273 290 274 290 276 290 277 290 280 290 283 290 286 290 287 290 288 290 289 290 290 290 290 290 291 290 292 290 292 290 
40 0 0 0 0 1 296 377 -1 -1 0 22005 153 377 152 377 151 377 150 377 149 377 146 377 144 377 139 377 136 377 132 377 129 377 131 377 138 377 148 377 159 377 171 377 186 377 200 377 213 377 222 377 230 377 235 377 237 377 238 377 239 377 241 377 242 377 244 377 246 377 250 377 252 377 254 377 256 377 257 377 249 377 248 377 247 377 246 377 245 377 245 377 246 377 247 377 248 377 250 377 251 377 252 377 254 377 255 377 256 377 258 377 259 377 260 377 261 377 261 377 262 377 263 377 265 377 266 377 268 377 270 377 272 377 275 377 275 377 277 377 278 377 280 377 281 377 282 377 283 377 285 377 286 377 288 377 289 377 290 377 291 377 292 377 293 377 293 377 294 377 295 377 296 377 
40 0 0 0 0 1 303 58 -1 -1 1 23565 87 58 82 58 70 58 58 58 47 58 38 58 33 58 34 58 41 58 48 58 57 58 67 58 77 58 88 58 100 58 111 58 122 58 140 58 149 58 158 58 168 58 176 58 183 58 192 58 196 58 200 58 205 58 210 58 220 58 224 58 229 58 233 58 236 58 238 58 243 58 245 58 247 58 250 58 253 58 258 58 261 58 264 58 267 58 269 58 271 58 272 58 273 58 275 58 277 58 278 58 279 58 280 58 281 58 282 58 283 58 284 58 285 58 284 58 283 58 284 58 285 58 286 58 288 58 289 58 290 58 291 58 292 58 293 58 294 58 294 58 295 58 296 58 297 58 298 58 299 58 301 58 302 58 303 58 
40 0 0 0 0 1 566 556 -1 -1 1 11002 431 556 477 556 480 556 483 556 488 556 494 556 503 556 512 556 521 556 530 556 538 556 555 556 561 556 564 556 566 556 
40 0 0 0 0 1 453 88 -1 -1 1 2566 596 88 487 88 482 88 478 88 473 88 466 88 462 88 459 88 456 88 454 88 452 88 453 88 454 88 453 88 
40 0 0 0 0 1 45 101 -1 -1 0 2469 143 101 128 101 123 101 117 101 105 101 99 101 93 101 87 101 81 101 75 101 65 101 61 101 58 101 54 101 52 101 48 101 46 101 45 101 
40 0 0 0 0 1 247 327 -1 -1 0 2355 119 327 208 327 210 327 213 327 215 327 218 327 221 327 223 327 229 327 231 327 235 327 238 327 241 327 245 327 246 327 247 327 
40 0 0 0 0 1 220 70 -1 -1 0 2385 348 70 309 70 305 70 302 70 297 70 293 70 281 70 276 70 270 70 264 70 257 70 245 70 240 70 234 70 229 70 225 70 222 70 220 70 
40 0 0 0 0 2 516 249 1 7701 5 
40 0 0 0 0 2 283 349 0 7198 5 
40 0 0 0 0 2 482 216 1 2528 5 
40 0 0 0 0 2 383 349 1 1144 5 
40 0 0 0 0 2 316 149 1 4885 5 
40 0 0 0 0 2 383 116 1 1414 5 
40 0 0 0 0 2 549 516 1 864 5 
40 0 0 0 0 2 249 216 0 5502 5 
40 0 0 0 0 2 116 416 0 995 5 
40 0 0 0 0 2 349 449 1 2243 5 
40 0 0 0 0 2 316 116 1 4668 5 
40 0 0 0 0 2 383 316 1 1235 5 
40 0 0 0 0 2 149 183 0 1227 5 
40 0 0 0 0 2 50 283 0 981 5 
40 0 0 0 0 2 116 482 0 1603 5 
40 0 0 0 0 2 149 549 0 1101 5 
40 0 0 0 0 2 50 83 0 703 5 
40 0 0 0 0 2 249 316 0 2627 5 
40 0 0 0 0 2 482 383 1 1288 5 
40 0 0 0 0 2 516 349 1 731 5 
40 0 0 0 0 2 349 149 1 3015 5 
40 0 0 0 0 2 149 383 0 741 5 
40 0 0 0 0 2 149 349 0 784 5 
40 0 0 0 0 2 549 50 1 879 5 
40 0 0 0 0 2 216 149 0 1337 5 
40 0 0 0 0 2 516 216 0 3930 1 
40 0 0 0 0 2 549 449 1 3396 5 
40 0 0 0 0 2 249 416 0 3453 5 
40 0 0 0 0 2 516 449 1 1883 5 
40 0 0 0 0 2 183 249 0 2795 5 
40 0 0 0 0 2 249 50 0 1892 5 
40 0 0 0 0 2 116 116 0 1068 5 
40 0 0 0 0 1 269 345 -1 -1 0 4159 155 345 170 345 176 345 183 345 193 345 203 345 214 345 224 345 235 345 245 345 254 345 265 345 269 345 
40 0 0 0 0 1 351 376 -1 -1 1 4383 395 376 188 376 192 376 196 376 202 376 207 376 213 376 218 376 225 376 233 376 243 376 354 376 353 376 351 376 
40 0 0 0 0 1 205 112 -1 -1 0 2515 265 112 224 112 222 112 221 112 219 112 217 112 216 112 214 112 213 112 212 112 211 112 210 112 209 112 208 112 207 112 206 112 205 112 
40 0 0 0 0 1 320 335 -1 -1 1 2392 206 335 262 335 265 335 268 335 276 335 278 335 282 335 286 335 290 335 293 335 300 335 303 335 306 335 310 335 314 335 318 335 319 335 320 335 
40 0 0 0 0 1 76 321 -1 -1 0 2493 155 321 96 321 95 321 93 321 91 321 90 321 87 321 86 321 84 321 83 321 82 321 80 321 79 321 77 321 76 321 
40 0 0 0 0 1 178 496 -1 -1 0 2483 138 496 153 496 154 496 155 496 156 496 157 496 158 496 159 496 160 496 161 496 162 496 163 496 165 496 168 496 169 496 171 496 172 496 174 496 176 496 177 496 178 496 
40 0 0 0 0 1 294 196 -1 -1 0 22678 473 196 456 196 456 196 457 196 458 196 459 196 460 196 462 196 463 196 466 196 468 196 469 196 470 196 471 196 472 196 473 196 474 196 475 196 477 196 480 196 483 196 487 196 490 196 495 196 497 196 499 196 500 196 501 196 502 196 501 196 495 196 487 196 477 196 464 196 450 196 437 196 425 196 413 196 394 196 387 196 382 196 378 196 377 196 376 196 375 196 374 196 373 196 372 196 371 196 370 196 369 196 367 196 366 196 364 196 362 196 361 196 359 196 357 196 356 196 355 196 354 196 353 196 350 196 349 196 348 196 347 196 346 196 345 196 344 196 342 196 341 196 339 196 337 196 331 196 327 196 323 196 320 196 316 196 307 196 302 196 295 196 289 196 283 196 278 196 267 196 262 196 258 196 254 196 250 196 247 196 244 196 242 196 251 196 252 196 253 196 254 196 255 196 256 196 257 196 258 196 259 196 260 196 261 196 264 196 265 196 267 196 268 196 271 196 272 196 273 196 274 196 275 196 276 196 277 196 278 196 279 196 280 196 281 196 282 196 283 196 284 196 286 196 287 196 290 196 291 196 292 196 293 196 294 196 294 196 295 196 296 196 297 196 298 196 298 196 299 196 300 196 301 196 302 196 303 196 296 196 295 196 294 196 
40 0 0 0 0 1 292 266 -1 -1 0 32373 193 266 193 266 192 266 191 266 191 266 189 266 187 266 186 266 185 266 183 266 182 266 182 266 181 266 182 266 184 266 190 266 197 266 204 266 210 266 215 266 219 266 222 266 225 266 232 266 235 266 237 266 239 266 241 266 242 266 245 266 246 266 247 266 248 266 248 266 250 266 251 266 252 266 253 266 253 266 254 266 255 266 256 266 257 266 258 266 260 266 262 266 265 266 267 266 269 266 271 266 273 266 274 266 275 266 275 266 277 266 281 266 286 266 292 266 295 266 297 266 298 266 299 266 301 266 302 266 303 266 304 266 305 266 306 266 307 266 307 266 309 266 310 266 311 266 310 266 309 266 308 266 308 266 307 266 295 266 294 266 293 266 293 266 292 266 
40 0 0 0 0 1 399 35 -1 -1 1 5398 455 35 454 35 452 35 450 35 446 35 440 35 434 35 427 35 420 35 411 35 407 35 401 35 399 35 
40 0 0 0 0 1 376 120 -1 -1 1 2356 327 120 359 120 360 120 361 120 362 120 363 120 364 120 365 120 367 120 368 120 369 120 370 120 373 120 376 120 
40 0 0 0 0 1 306 443 -1 -1 1 3822 291 443 292 443 294 443 298 443 300 443 301 443 302 443 300 443 299 443 298 443 299 443 300 443 301 443 302 443 302 443 304 443 305 443 306 443 
40 0 0 0 0 1 142 16 -1 -1 0 3075 245 16 237 16 230 16 222 16 213 16 205 16 193 16 182 16 171 16 162 16 156 16 145 16 143 16 142 16 
40 0 0 0 0 1 405 234 -1 -1 1 2384 525 234 523 234 521 234 517 234 513 234 497 234 486 234 475 234 464 234 454 234 440 234 434 234 428 234 424 234 420 234 415 234 408 234 406 234 405 234 
40 0 0 0 0 1 392 16 -1 -1 1 2322 203 16 331 16 335 16 343 16 348 16 352 16 355 16 359 16 363 16 370 16 374 16 378 16 382 16 386 16 390 16 392 16 
40 0 0 0 0 1 0 527 -1 -1 0 2381 71 527 0 527 0 527 0 527 0 527 0 527 0 527 0 527 0 527 0 527 0 527 0 527 0 527 0 527 0 527 0 527 0 527 0 527 0 527 
40 0 0 0 0 1 584 488 -1 -1 1 2381 363 488 516 488 521 488 525 488 529 488 533 488 538 488 545 488 548 488 552 488 556 488 560 488 569 488 572 488 575 488 579 488 581 488 583 488 584 488 
40 0 0 0 0 2 216 216 0 12456 5 
40 0 0 0 0 2 83 383 0 2178 5 
40 0 0 0 0 2 183 149 0 1632 5 
40 0 0 0 0 2 516 516 1 1772 5 
40 0 0 0 0 2 83 216 0 1331 5 
40 0 0 0 0 2 516 83 1 1408 5 
40 0 0 0 0 2 449 283 1 1133 5 
40 0 0 0 0 2 149 449 0 1339 5 
40 0 0 0 0 2 149 416 0 1231 5 
40 0 0 0 0 2 416 283 1 1529 5 
40 0 0 0 0 2 383 482 1 1560 5 
40 0 0 0 0 2 316 83 1 7121 5 
40 0 0 0 0 2 416 383 1 1847 5 
40 0 0 0 0 2 349 50 1 1842 5 
40 0 0 0 0 2 549 549 1 1117 5 
40 0 0 0 0 2 283 516 0 7130 5 
40 0 0 0 0 2 116 183 0 1352 5 
40 0 0 0 0 2 516 416 1 1407 5 
40 0 0 0 0 2 83 249 0 1250 5 
40 0 0 0 0 2 516 316 1 1178 5 
40 0 0 0 0 2 383 249 1 2061 5 
40 0 0 0 0 2 216 116 0 2243 5 
40 0 0 0 0 2 216 249 0 1511 5 
40 0 0 0 0 2 449 482 1 1130 5 
40 0 0 0 0 2 216 516 0 1416 5 
40 0 0 0 0 2 549 249 1 1058 5 
40 0 0 0 0 2 449 249 1 1051 5 
40 0 0 0 0 2 416 549 1 1359 5 
40 0 0 0 0 2 283 316 0 8109 5 
40 0 0 0 0 2 116 349 0 1107 5 
40 0 0 0 0 2 283 283 0 2908 5 
40 0 0 0 0 2 249 383 0 1549 5 
40 0 0 0 0 1 332 501 -1 -1 1 3493 130 501 128 501 132 501 138 501 148 501 163 501 180 501 200 501 218 501 236 501 251 501 280 501 293 501 304 501 314 501 323 501 329 501 332 501 
40 0 0 0 0 1 0 289 -1 -1 0 2419 496 289 99 289 93 289 87 289 80 289 73 289 59 289 50 289 39 289 26 289 14 289 0 289 0 289 0 289 0 289 0 289 0 289 0 289 0 289 0 289 0 289 
40 0 0 0 0 1 599 253 -1 -1 1 2557 177 253 332 253 339 253 346 253 360 253 368 253 376 253 384 253 394 253 412 253 422 253 432 253 443 253 453 253 464 253 487 253 499 253 511 253 523 253 534 253 545 253 566 253 577 253 586 253 595 253 599 253 599 253 599 253 
40 0 0 0 0 1 0 442 -1 -1 0 16728 91 442 0 442 0 442 0 442 0 442 0 442 0 442 0 442 0 442 0 442 0 442 0 442 0 442 
40 0 0 0 0 1 38 69 -1 -1 0 3713 207 69 378 69 362 69 339 69 311 69 279 69 243 69 203 69 164 69 129 69 100 69 62 69 49 69 40 69 38 69 
40 0 0 0 0 1 599 411 -1 -1 1 6423 487 411 576 411 583 411 591 411 599 411 599 411 599 411 599 411 599 411 599 411 599 411 599 411 599 411 599 411 599 411 599 411 599 411 
40 0 0 0 0 1 0 435 -1 -1 0 2361 282 435 70 435 62 435 54 435 46 435 37 435 19 435 10 435 1 435 0 435 0 435 0 435 0 435 0 435 0 435 0 435 0 435 0 435 
40 0 0 0 0 1 466 402 -1 -1 1 2360 137 402 298 402 313 402 328 402 342 402 355 402 368 402 391 402 401 402 411 402 420 402 429 402 437 402 453 402 459 402 462 402 465 402 466 402 
40 0 0 0 0 1 0 596 -1 -1 0 2342 152 596 0 596 0 596 0 596 0 596 0 596 0 596 0 596 0 596 0 596 0 596 0 596 0 596 0 596 0 596 0 596 0 596 
40 0 0 0 0 1 599 399 -1 -1 1 2303 298 399 599 399 599 399 599 399 599 399 599 399 599 399 599 399 599 399 599 399 599 399 599 399 599 399 599 399 599 399 
40 0 0 0 0 1 0 463 -1 -1 0 2322 226 463 0 463 0 463 0 463 0 463 0 463 0 463 0 463 0 463 0 463 0 463 0 463 0 463 0 463 0 463 0 463 
40 0 0 0 0 1 348 525 -1 -1 1 2419 80 525 88 525 91 525 96 525 105 525 115 525 125 525 150 525 162 525 175 525 189 525 203 525 231 525 245 525 259 525 272 525 287 525 302 525 328 525 339 525 348 525 
40 0 0 0 0 1 599 123 -1 -1 1 2444 585 123 599 123 599 123 599 123 599 123 599 123 599 123 599 123 599 123 599 123 599 123 599 123 599 123 599 123 599 123 599 123 599 123 599 123 599 123 
40 0 0 0 0 1 86 431 -1 -1 0 2380 247 431 197 431 189 431 182 431 176 431 169 431 157 431 150 431 144 431 138 431 133 431 127 431 114 431 108 431 102 431 97 431 92 431 88 431 86 431 
40 0 0 0 0 1 599 380 -1 -1 1 2622 513 380 509 380 509 380 513 380 516 380 523 380 534 380 547 380 560 380 572 380 583 380 599 380 599 380 599 380 
40 0 0 0 0 1 397 255 -1 -1 1 2785 324 255 324 255 326 255 331 255 340 255 354 255 370 255 382 255 390 255 395 255 397 255 
40 0 0 0 0 2 482 83 1 5531 5 
40 0 0 0 0 2 316 416 1 6906 5 
40 0 0 0 0 2 316 50 1 1442 5 
40 0 0 0 0 2 449 516 1 1110 5 
40 0 0 0 0 2 249 83 0 1703 5 
40 0 0 0 0 2 416 50 1 1504 5 
40 0 0 0 0 2 449 149 1 1611 5 
40 0 0 0 0 2 216 183 0 1210 5 
40 0 0 0 0 2 416 83 1 1340 5 
40 0 0 0 0 2 416 316 1 996 5 
40 0 0 0 0 2 383 383 1 1299 5 
40 0 0 0 0 2 349 349 1 1469 5 
40 0 0 0 0 2 116 249 0 1125 5 
40 0 0 0 0 2 449 383 1 1458 5 
40 0 0 0 0 2 183 416 0 1418 5 
40 0 0 0 0 2 549 283 1 1109 5 
40 0 0 0 0 2 249 249 0 1500 5 
40 0 0 0 0 2 216 316 0 1227 5 
40 0 0 0 0 2 449 183 1 1742 5 
40 0 0 0 0 2 183 549 0 1809 5 
40 0 0 0 0 2 116 216 0 1758 5 
40 0 0 0 0 2 183 516 0 936 5 
40 0 0 0 0 2 183 183 0 1070 5 
40 0 0 0 0 2 83 116 0 944 5 
40 0 0 0 0 2 116 283 0 764 5 
40 0 0 0 0 2 50 549 0 683 5 
40 0 0 0 0 2 116 516 0 805 5 
40 0 0 0 0 2 549 116 1 1134 5 
40 0 0 0 0 2 316 383 1 3252 5 
40 0 0 0 0 2 183 316 0 1238 5 
40 0 0 0 0 2 283 449 0 2670 5 
40 0 0 0 0 2 482 482 1 1119 5 
40 0 0 0 0 1 296 370 -1 -1 0 3689 79 370 100 370 113 370 127 370 140 370 157 370 175 370 198 370 221 370 245 370 265 370 292 370 296 370 
40 0 0 0 0 1 0 110 -1 -1 0 2275 316 110 0 110 0 110 0 110 0 110 0 110 0 110 0 110 0 110 0 110 0 110 0 110 0 110 
40 0 0 0 0 1 599 328 -1 -1 1 2400 447 328 599 328 599 328 599 328 599 328 599 328 599 328 599 328 599 328 599 328 599 328 599 328 599 328 599 328 599 328 599 328 599 328 599 328 599 328 599 328 
40 0 0 0 0 1 0 184 -1 -1 0 2283 290 184 0 184 0 184 0 184 0 184 0 184 0 184 0 184 0 184 0 184 0 184 0 184 0 184 0 184 
40 0 0 0 0 1 599 273 -1 -1 1 2400 188 273 459 273 468 273 479 273 489 273 500 273 523 273 536 273 547 273 561 273 573 273 599 273 599 273 599 273 599 273 599 273 599 273 599 273 599 273 599 273 
40 0 0 0 0 1 0 466 -1 -1 0 2306 295 466 0 466 0 466 0 466 0 466 0 466 0 466 0 466 0 466 0 466 0 466 0 466 0 466 0 466 0 466 
40 0 0 0 0 1 599 162 -1 -1 1 2324 574 162 599 162 599 162 599 162 599 162 599 162 599 162 599 162 599 162 599 162 599 162 599 162 599 162 599 162 599 162 599 162 
40 0 0 0 0 1 0 164 -1 -1 0 2257 308 164 0 164 0 164 0 164 0 164 0 164 0 164 0 164 0 164 0 164 0 164 0 164 
40 0 0 0 0 1 466 422 -1 -1 1 2404 59 422 369 422 380 422 390 422 400 422 411 422 420 422 439 422 447 422 455 422 461 422 464 422 466 422 466 422 
40 0 0 0 0 1 85 592 -1 -1 0 2302 551 592 126 592 124 592 121 592 115 592 112 592 110 592 107 592 103 592 99 592 93 592 91 592 88 592 86 592 85 592 
40 0 0 0 0 1 599 32 -1 -1 1 2278 369 32 599 32 599 32 599 32 599 32 599 32 599 32 599 32 599 32 599 32 599 32 599 32 
40 0 0 0 0 1 244 177 -1 -1 0 2141 543 177 244 177 
40 0 0 0 0 1 361 382 -1 -1 1 2222 27 382 311 382 319 382 327 382 334 382 342 382 347 382 357 382 359 382 361 382 
40 0 0 0 0 1 0 253 -1 -1 0 2542 401 253 0 253 
40 0 0 0 0 1 599 11 -1 -1 1 2215 437 11 599 11 
40 0 0 0 0 1 0 328 -1 -1 0 2165 41 328 0 328 0 328 
40 0 0 0 0 2 383 449 1 11215 5 
40 0 0 0 0 2 216 83 0 1610 5 
40 0 0 0 0 2 449 316 1 1458 5 
40 0 0 0 0 2 50 516 0 909 5 
40 0 0 0 0 2 349 216 1 2137 5 
40 0 0 0 0 2 283 416 0 2335 5 
40 0 0 0 0 2 116 383 0 1111 5 
40 0 0 0 0 2 50 50 0 758 5 
40 0 0 0 0 2 283 83 0 5006 5 
40 0 0 0 0 2 283 149 0 1566 5 
40 0 0 0 0 2 183 83 0 1985 5 
40 0 0 0 0 2 249 549 0 2658 5 
40 0 0 0 0 2 549 83 1 1746 5 
40 0 0 0 0 2 149 283 0 965 5 
40 0 0 0 0 2 83 183 0 1206 5 
40 0 0 0 0 2 349 482 1 1841 5 
40 0 0 0 0 2 50 416 0 878 5 
40 0 0 0 0 2 449 50 1 1052 5 
40 0 0 0 0 2 383 149 1 1950 5 
40 0 0 0 0 2 383 50 1 1094 5 
40 0 0 0 0 2 549 183 1 994 5 
40 0 0 0 0 2 383 416 1 1011 5 
40 0 0 0 0 2 149 482 0 1035 5 
40 0 0 0 0 2 383 516 1 1074 5 
40 0 0 0 0 2 482 349 1 1102 5 
40 0 0 0 0 2 449 216 1 947 5 
40 0 0 0 0 2 549 416 1 750 5 
40 0 0 0 0 2 149 149 0 866 5 
40 0 0 0 0 2 283 482 0 1893 5 
40 0 0 0 0 2 316 449 1 4389 5 
40 0 0 0 0 2 183 449 0 1009 5 
40 0 0 0 0 2 516 149 1 932 5 
