Subject 49 in condition 1
Training Condition: 0
Task: 0
Rule: [[[300, 220], [[9000, 0], [0, 2000]]], [[300, 380], [[9000, 0], [0, 2000]]]]
Noise: 0
CATA=0
CATB=1
Sample keys: 122 120
Resp keys: 309 307
Dim direction: 0 1
Dim minimum: 44 35
Test order: [1, 2, 4, 6, 3, 0, 5, 7]
49 1 0 0 1 1 172 18 -1 -1 0 14100 172 12 172 13 172 15 172 15 172 16 172 16 172 16 172 17 172 17 172 17 172 17 172 17 172 17 172 18 172 18 172 19 172 19 172 19 172 19 172 20 172 20 172 21 172 21 172 22 172 22 172 22 172 22 172 22 172 22 172 22 172 22 172 23 172 23 172 23 172 23 172 23 172 23 172 23 172 23 172 23 172 23 172 24 172 24 172 24 172 24 172 24 172 24 172 24 172 24 172 24 172 24 172 24 172 24 172 24 172 24 172 22 172 22 172 21 172 21 172 20 172 19 172 19 172 16 172 15 172 13 172 13 172 13 172 13 172 13 172 13 172 13 172 13 172 15 172 15 172 15 172 15 172 15 172 15 172 15 172 15 172 15 172 16 172 16 172 16 172 16 172 17 172 17 172 17 172 17 172 17 172 18 172 18 172 18 
49 1 0 0 1 1 599 15 -1 -1 0 8607 379 350 379 350 379 351 379 352 379 353 379 353 379 354 379 354 379 354 379 354 379 354 379 354 379 350 379 346 379 343 379 342 379 342 379 342 379 346 379 352 379 369 379 375 379 380 379 388 379 390 379 390 379 390 379 389 379 389 379 389 379 389 379 388 379 385 379 383 379 382 379 382 379 378 379 376 379 376 379 376 379 376 379 378 379 382 379 379 379 365 379 360 379 354 379 343 379 340 379 338 379 326 379 321 379 314 379 304 379 300 379 291 379 285 379 280 379 270 379 258 379 246 379 214 379 198 379 159 379 138 379 118 379 80 379 63 379 51 379 28 379 17 379 0 379 0 379 0 379 0 379 1 379 3 379 9 379 17 379 25 379 28 379 29 379 30 379 31 379 31 379 30 379 29 379 28 379 27 379 27 379 26 379 25 379 23 379 22 379 21 379 20 379 18 379 17 379 16 379 15 379 15 379 15 379 15 381 15 383 15 385 15 387 15 391 15 394 15 405 15 412 15 416 15 426 15 430 15 435 15 444 15 452 15 463 15 469 15 475 15 490 15 498 15 504 15 515 15 519 15 521 15 523 15 525 15 530 15 533 15 534 15 541 15 546 15 550 15 559 15 563 15 568 15 568 15 570 15 573 15 578 15 583 15 589 15 593 15 599 15 599 15 599 15 599 15 599 15 599 15 599 15 599 15 599 15 599 15 599 15 599 15 599 15 599 15 599 15 599 15 599 15 
49 1 0 0 1 1 0 25 -1 -1 0 12915 421 307 421 324 421 324 421 324 421 325 421 326 421 327 421 322 421 314 421 302 421 294 421 284 421 261 421 255 421 254 421 258 421 265 421 282 421 291 421 299 421 309 421 315 421 319 421 324 421 326 421 328 421 330 421 331 421 338 421 345 421 351 421 359 421 361 421 364 421 366 421 367 421 366 421 364 421 361 421 345 421 335 421 325 421 304 421 294 421 279 421 270 421 262 421 246 421 238 421 230 421 217 421 213 421 207 421 204 421 202 421 195 421 191 421 189 421 187 421 185 421 178 421 174 421 170 421 165 421 162 421 159 421 153 421 151 421 151 421 147 421 138 421 122 421 122 421 122 421 121 421 121 421 121 421 121 421 121 421 120 421 115 421 112 421 106 421 95 421 93 421 93 421 91 421 90 421 97 421 99 421 100 421 100 421 100 421 97 421 87 421 82 421 74 421 71 421 68 421 63 421 61 421 58 421 53 421 50 421 48 421 41 421 37 421 33 421 31 421 31 421 27 421 25 421 22 421 16 421 13 421 8 421 6 421 2 421 0 421 0 421 0 421 0 421 1 421 1 421 1 421 2 421 2 421 3 421 4 421 5 421 5 421 6 421 6 421 6 421 8 421 13 421 16 421 18 421 22 421 25 421 28 421 28 421 29 421 29 421 28 421 28 421 27 421 27 421 26 421 26 421 26 421 26 421 26 421 26 421 25 421 25 421 25 421 25 421 25 421 25 421 25 421 25 421 25 422 25 427 25 429 25 431 25 435 25 440 25 451 25 456 25 463 25 474 25 479 25 486 25 490 25 493 25 494 25 494 25 494 25 491 25 487 25 484 25 480 25 469 25 463 25 456 25 448 25 445 25 444 25 443 25 442 25 435 25 431 25 428 25 419 25 412 25 406 25 398 25 393 25 378 25 370 25 365 25 362 25 361 25 357 25 357 25 357 25 354 25 353 25 353 25 353 25 347 25 341 25 336 25 327 25 321 25 313 25 300 25 294 25 281 25 272 25 268 25 266 25 264 25 261 25 256 25 252 25 243 25 239 25 234 25 225 25 220 25 215 25 208 25 203 25 195 25 192 25 191 25 191 25 192 25 192 25 198 25 204 25 207 25 205 25 204 25 203 25 197 25 187 25 175 25 162 25 148 25 121 25 112 25 97 25 92 25 89 25 91 25 90 25 84 25 76 25 67 25 55 25 40 25 11 25 0 25 0 25 0 25 0 25 0 25 0 25 0 25 0 25 0 25 0 25 0 25 0 25 0 25 0 25 0 25 0 25 0 25 
49 1 0 0 1 1 354 377 -1 -1 1 8697 354 155 354 248 354 246 354 240 354 232 354 221 354 209 354 190 354 187 354 188 354 192 354 202 354 221 354 247 354 293 354 312 354 328 354 347 354 349 354 356 354 385 354 400 354 416 354 416 354 414 354 402 354 393 354 380 354 328 354 294 354 231 354 205 354 185 354 165 354 161 354 160 354 153 354 147 354 122 354 107 354 91 354 65 354 60 354 59 354 58 354 57 354 56 354 58 354 65 354 78 354 100 354 129 354 158 354 200 354 214 354 235 354 241 354 244 354 253 354 259 354 264 354 278 354 288 354 305 354 310 354 319 354 351 354 366 354 377 354 411 354 430 354 444 354 452 354 452 354 453 354 454 354 454 354 453 354 451 354 445 354 437 354 430 354 422 354 402 354 394 354 389 354 388 354 387 354 385 354 383 354 382 354 380 354 379 354 377 354 376 354 375 354 374 354 373 354 372 354 370 354 369 354 369 354 371 354 372 354 373 354 374 354 375 354 376 354 377 
49 1 0 0 1 1 599 391 -1 -1 1 6273 501 309 501 308 501 307 501 304 501 299 501 294 501 289 501 279 501 273 501 257 501 245 501 234 501 213 501 202 501 195 501 196 501 201 501 213 501 232 501 252 501 273 501 306 501 321 501 353 501 364 501 373 501 385 501 387 501 388 501 394 501 396 501 398 501 399 501 401 501 411 501 414 501 412 501 405 501 397 501 389 501 383 501 375 501 362 501 360 501 359 501 353 501 348 501 345 501 344 501 345 501 349 501 354 501 357 501 358 501 359 501 360 501 361 501 362 501 363 501 364 501 366 501 376 501 387 501 395 501 396 501 395 501 394 501 393 501 392 501 391 500 391 499 391 498 391 494 391 485 391 473 391 444 391 431 391 392 391 370 391 347 391 311 391 302 391 300 391 302 391 309 391 323 391 343 391 369 391 435 391 474 391 510 391 572 391 595 391 599 391 599 391 599 391 599 391 599 391 599 391 599 391 599 391 599 391 
49 1 0 0 1 1 0 388 -1 -1 1 8753 244 253 189 253 191 253 194 253 195 253 197 253 198 253 199 253 200 253 204 253 210 253 219 253 237 253 246 253 253 253 255 253 254 253 250 253 243 253 230 253 219 253 208 253 190 253 186 253 176 253 171 253 164 253 162 253 163 253 163 323 163 319 163 314 163 309 163 303 163 295 163 275 163 261 163 226 163 212 163 204 163 206 163 210 163 214 163 221 163 228 163 239 163 259 163 267 163 288 163 301 163 312 163 327 163 330 163 331 163 333 163 339 163 344 163 349 163 356 163 358 163 359 163 360 163 361 163 362 163 364 163 372 163 387 163 388 163 388 163 388 163 388 163 388 163 388 163 388 163 388 165 388 166 388 174 388 181 388 186 388 195 388 196 388 191 388 173 388 169 388 161 388 158 388 157 388 155 388 153 388 151 388 141 388 135 388 120 388 109 388 98 388 87 388 83 388 76 388 63 388 57 388 51 388 40 388 37 388 33 388 30 388 26 388 18 388 14 388 10 388 0 388 0 388 0 388 0 388 0 388 0 388 0 388 0 388 0 388 0 388 0 388 0 388 0 388 0 388 0 388 0 388 0 388 0 388 0 388 0 388 0 388 0 388 0 388 
49 1 0 0 1 1 237 599 -1 -1 1 6194 201 447 253 447 261 447 266 447 269 447 270 447 269 447 267 447 268 447 272 447 273 447 274 447 275 447 279 447 299 447 313 447 338 447 348 447 355 447 358 447 358 447 357 447 356 447 353 447 347 447 340 447 323 447 313 447 290 447 279 447 268 447 259 447 258 447 255 447 252 447 248 447 244 447 239 447 237 447 237 445 237 441 237 435 237 426 237 417 237 408 237 398 237 395 237 391 237 388 237 381 237 371 237 370 237 373 237 382 237 400 237 423 237 451 237 477 237 523 237 544 237 577 237 590 237 599 237 599 237 599 237 599 237 599 237 599 237 599 
49 1 0 0 1 1 202 599 -1 -1 1 7506 202 427 202 427 202 428 202 429 202 430 202 430 202 432 202 434 202 437 202 438 202 436 202 432 202 428 202 424 202 423 202 424 202 427 202 431 202 435 202 440 202 451 202 457 202 468 202 469 202 469 202 465 202 464 202 464 202 466 202 472 202 479 202 489 202 505 202 509 202 513 202 513 202 512 202 512 202 510 202 507 202 505 202 505 202 508 202 510 202 512 202 514 202 519 202 534 202 543 202 560 202 569 202 576 202 589 202 593 202 594 202 598 202 599 202 599 202 599 202 599 202 599 202 599 202 599 202 599 202 599 202 599 202 599 202 599 202 599 202 599 202 599 202 599 202 599 202 599 202 596 202 596 202 598 202 599 202 599 202 599 202 599 202 599 202 599 202 599 202 599 202 599 202 599 
49 1 0 0 1 1 399 585 -1 -1 1 6315 399 24 399 24 399 38 399 39 399 40 399 41 399 41 399 40 399 38 399 34 399 25 399 12 399 0 399 0 399 0 399 0 399 0 399 0 399 0 399 0 399 0 399 0 399 0 399 0 399 0 399 0 399 0 399 0 399 0 399 0 399 0 399 0 399 0 399 2 399 8 399 19 399 32 399 46 399 61 399 94 399 113 399 161 399 190 399 214 399 251 399 256 399 254 399 244 399 226 399 204 399 185 399 165 399 125 399 109 399 89 399 81 399 75 399 76 399 87 399 109 399 141 399 173 399 204 399 253 399 278 399 320 399 337 399 351 399 390 399 411 399 429 399 461 399 473 399 485 399 486 399 488 399 496 399 501 399 502 399 503 399 505 399 506 399 508 399 524 399 538 399 557 399 559 399 559 399 560 399 561 399 562 399 564 399 570 399 578 399 585 
49 1 0 0 1 1 599 599 -1 -1 1 8954 235 264 235 255 235 258 235 265 235 273 235 283 235 293 235 317 235 330 235 358 235 369 235 378 235 395 235 406 235 415 235 423 235 424 235 432 235 442 235 454 235 464 235 473 235 491 235 497 235 500 235 499 235 493 235 481 235 464 235 450 235 449 235 450 235 454 235 458 235 463 235 473 235 484 235 514 235 529 235 554 235 567 235 583 235 599 235 599 235 599 235 599 235 599 235 599 235 599 235 599 235 599 235 599 235 599 235 599 236 599 236 599 236 599 236 599 236 599 236 599 237 599 239 599 240 599 240 599 240 599 239 599 237 599 237 599 237 599 237 599 236 599 236 599 236 599 236 599 236 599 236 599 236 599 236 599 236 599 235 599 234 599 233 599 231 599 225 599 220 599 208 599 206 599 205 599 205 599 204 599 203 599 196 599 190 599 179 599 177 599 174 599 173 599 172 599 170 599 179 599 198 599 241 599 265 599 291 599 345 599 369 599 388 599 414 599 423 599 431 599 440 599 442 599 453 599 461 599 472 599 502 599 520 599 537 599 570 599 588 599 597 599 597 599 597 599 596 599 591 599 577 599 566 599 567 599 571 599 575 599 583 599 594 599 599 599 599 599 599 599 599 599 599 599 599 599 599 599 599 599 599 599 599 599 599 599 599 599 599 599 599 599 599 599 
49 1 0 0 1 1 332 205 -1 -1 0 4451 332 332 332 302 332 297 332 291 332 283 332 272 332 259 332 234 332 224 332 209 332 203 332 201 332 200 332 199 332 197 332 193 332 188 332 184 332 182 332 183 332 185 332 192 332 201 332 208 332 216 332 222 332 223 332 220 332 219 332 218 332 216 332 213 332 212 332 211 332 210 332 209 332 208 332 207 332 206 332 205 
49 1 0 0 1 1 525 181 -1 -1 0 3714 525 64 525 68 525 74 525 82 525 90 525 99 525 107 525 121 525 125 525 133 525 139 525 147 525 162 525 169 525 174 525 178 525 179 525 180 525 181 
49 1 0 0 1 1 58 212 -1 -1 0 5098 503 127 507 127 516 127 526 127 535 127 542 127 551 127 568 127 576 127 586 127 585 127 574 127 555 127 528 127 498 127 469 127 412 127 386 127 353 127 346 127 342 127 328 127 318 127 310 127 293 127 282 127 262 127 251 127 240 127 219 127 207 127 195 127 173 127 163 127 147 127 144 127 143 127 143 127 143 127 143 127 143 127 147 127 150 127 153 127 162 127 165 127 168 127 174 127 178 127 181 127 184 127 186 127 187 127 186 127 185 127 181 127 176 127 170 127 164 127 158 127 134 127 117 127 92 127 80 127 71 127 59 127 58 127 58 129 58 133 58 139 58 150 58 161 58 171 58 182 58 186 58 195 58 197 58 198 58 207 58 212 
49 1 0 0 1 1 212 25 -1 -1 0 9051 118 535 128 535 131 535 138 535 146 535 158 535 171 535 200 535 217 535 251 535 269 535 285 535 312 535 324 535 337 535 359 535 358 535 354 535 347 535 334 535 320 535 308 535 286 535 276 535 256 535 246 535 236 535 220 535 215 535 212 535 212 539 212 545 212 553 212 564 212 579 212 594 212 599 212 599 212 599 212 599 212 599 212 599 212 599 212 599 212 599 212 599 212 599 212 599 212 599 212 599 212 599 212 597 212 585 212 586 212 592 212 596 212 599 212 599 212 599 212 599 212 599 212 599 212 599 212 599 212 599 212 599 212 599 212 599 212 599 212 599 212 597 212 591 212 566 212 544 212 516 212 450 212 419 212 392 212 348 212 329 212 295 212 274 212 247 212 185 212 156 212 129 212 87 212 70 212 40 212 26 212 14 212 0 212 0 212 0 212 0 212 1 212 5 212 11 212 15 212 19 212 24 212 35 212 37 212 38 212 39 212 39 212 37 212 36 212 36 212 35 212 34 212 34 212 32 212 31 212 31 212 29 212 26 212 25 
49 1 0 0 1 1 125 360 -1 -1 1 5544 15 310 16 310 17 310 18 310 21 310 25 310 32 310 57 310 71 310 99 310 111 310 121 310 136 310 143 310 150 310 165 310 171 310 180 310 180 310 176 310 171 310 164 310 156 310 139 310 131 310 126 310 125 310 125 309 125 308 125 307 125 305 125 304 125 302 125 301 125 299 125 297 125 293 125 287 125 281 125 273 125 265 125 251 125 250 125 251 125 260 125 275 125 314 125 333 125 349 125 373 125 379 125 390 125 399 125 414 125 452 125 469 125 484 125 503 125 506 125 504 125 501 125 497 125 491 125 482 125 474 125 466 125 462 125 454 125 452 125 450 125 449 125 447 125 443 125 440 125 439 125 435 125 432 125 430 125 423 125 417 125 409 125 399 125 397 125 395 125 393 125 392 125 391 125 389 125 385 125 376 125 367 125 362 125 360 
49 1 0 0 1 1 74 599 -1 -1 1 7049 74 555 74 599 74 598 74 596 74 594 74 590 74 581 74 558 74 546 74 523 74 517 74 518 74 524 74 529 74 534 74 540 74 548 74 564 74 571 74 574 74 575 74 577 74 581 74 585 74 590 74 598 74 599 
49 1 0 0 1 2 383 216 1 6834 3 
49 1 0 0 1 2 416 183 1 5713 3 
49 1 0 0 1 2 516 183 1 2359 3 
49 1 0 0 1 2 283 116 1 1586 3 
49 1 0 0 1 2 149 516 0 1783 3 
49 1 0 0 1 2 416 449 0 4351 3 
49 1 0 0 1 2 216 416 0 1758 1 
49 1 0 0 1 2 149 316 1 9317 1 
49 1 0 0 1 2 50 316 1 1503 1 
49 1 0 0 1 2 482 249 1 6777 3 
49 1 0 0 1 2 416 516 0 2796 3 
49 1 0 0 1 2 50 249 1 3174 3 
49 1 0 0 1 2 50 482 0 2165 3 
49 1 0 0 1 2 149 50 1 4829 3 
49 1 0 0 1 2 216 50 1 1444 3 
49 1 0 0 1 2 383 183 1 3672 3 
49 1 0 0 1 2 482 516 0 1861 3 
49 1 0 0 1 2 316 349 0 2456 3 
49 1 0 0 1 2 283 249 1 2911 3 
49 1 0 0 1 2 183 50 1 2858 3 
49 1 0 0 1 2 516 482 0 3630 3 
49 1 0 0 1 2 516 549 0 1022 3 
49 1 0 0 1 2 249 349 0 3442 3 
49 1 0 0 1 2 216 482 0 2912 3 
49 1 0 0 1 2 349 116 1 8154 3 
49 1 0 0 1 2 183 116 1 1184 3 
49 1 0 0 1 2 416 216 1 1832 3 
49 1 0 0 1 2 449 549 0 2536 1 
49 1 0 0 1 2 249 149 1 3021 3 
49 1 0 0 1 2 316 216 1 1593 3 
49 1 0 0 1 2 249 516 0 2418 3 
49 1 0 0 1 2 316 316 0 10517 3 
49 1 0 0 1 1 0 380 -1 -1 1 11515 88 211 124 211 123 211 117 211 106 211 91 211 78 211 70 211 61 211 62 211 67 211 76 211 87 211 95 211 101 211 115 211 122 211 131 211 133 211 134 211 133 211 132 211 127 211 120 211 114 211 106 211 86 211 73 211 56 211 48 211 38 211 22 211 17 211 11 211 0 211 0 211 0 211 0 211 0 211 0 211 0 211 0 211 0 211 0 211 0 211 0 211 0 211 0 211 0 211 0 211 0 211 0 211 0 211 0 212 0 214 0 218 0 225 0 235 0 245 0 265 0 272 0 277 0 278 0 281 0 293 0 303 0 314 0 332 0 339 0 354 0 365 0 377 0 404 0 420 0 438 0 467 0 479 0 492 0 491 0 483 0 474 0 463 0 452 0 444 0 436 0 435 0 430 0 427 0 424 0 418 0 414 0 412 0 409 0 407 0 399 0 394 0 388 0 377 0 374 0 371 0 368 0 367 0 360 0 358 0 359 0 361 0 365 0 371 0 375 0 378 0 379 0 380 
49 1 0 0 1 1 86 22 -1 -1 0 5259 86 6 86 5 86 3 86 0 86 0 86 0 86 0 86 0 86 0 86 0 86 0 86 0 86 0 86 0 86 0 86 0 86 0 86 0 86 0 86 1 86 9 86 23 86 41 86 84 86 104 86 120 86 138 86 144 86 160 86 171 86 180 86 200 86 209 86 217 86 231 86 235 86 238 86 239 86 241 86 243 86 244 86 245 86 244 86 237 86 223 86 206 86 190 86 178 86 156 86 150 86 145 86 142 86 136 86 121 86 118 86 117 86 113 86 105 86 91 86 88 86 85 86 69 86 58 86 48 86 33 86 27 86 17 86 16 86 15 86 14 86 12 86 10 86 9 86 10 86 13 86 15 86 18 86 21 86 22 
49 1 0 0 1 1 428 324 -1 -1 1 5729 428 259 428 260 428 261 428 265 428 269 428 275 428 282 428 294 428 296 428 297 428 298 428 297 428 294 428 286 428 276 428 265 428 255 428 245 428 244 428 241 428 240 428 238 428 230 428 225 428 220 428 204 428 195 428 183 428 176 428 168 428 153 428 147 428 141 428 127 428 121 428 113 428 90 428 80 428 69 428 66 428 61 428 54 428 55 428 59 428 66 428 74 428 86 428 103 428 144 428 161 428 182 428 191 428 199 428 206 428 207 428 208 428 209 428 210 428 211 428 212 428 215 428 218 428 226 428 234 428 246 428 270 428 281 428 292 428 314 428 322 428 327 428 328 428 329 428 332 428 339 428 348 428 355 428 360 428 362 428 363 428 365 428 366 428 367 428 368 428 369 428 369 428 366 428 360 428 354 428 350 428 346 428 338 428 336 428 335 428 334 428 333 428 332 428 331 428 330 428 329 428 328 428 327 428 326 428 325 428 324 
49 1 0 0 1 1 548 365 -1 -1 1 4010 548 524 548 517 548 519 548 525 548 540 548 558 548 577 548 599 548 599 548 599 548 599 548 599 548 598 548 591 548 580 548 565 548 543 548 516 548 474 548 457 548 427 548 411 548 398 548 382 548 376 548 370 548 365 
49 1 0 0 1 1 528 2 -1 -1 0 3818 528 231 528 236 528 248 528 265 528 283 528 302 528 321 528 356 528 373 528 396 528 398 528 397 528 393 528 386 528 373 528 353 528 295 528 259 528 221 528 155 528 135 528 124 528 116 528 113 528 100 528 91 528 79 528 60 528 53 528 50 528 48 528 48 528 47 528 42 528 33 528 23 528 7 528 2 
49 1 0 0 1 1 586 134 -1 -1 0 4603 586 58 586 57 586 59 586 65 586 73 586 82 586 92 586 98 586 96 586 91 586 84 586 73 586 63 586 56 586 48 586 45 586 37 586 34 586 28 586 13 586 5 586 0 586 0 586 0 586 0 586 0 586 0 586 0 586 0 586 0 586 0 586 0 586 0 586 0 586 0 586 0 586 0 586 0 586 0 586 0 586 0 586 0 586 0 586 1 586 7 586 18 586 35 586 54 586 72 586 87 586 99 586 105 586 109 586 110 586 111 586 114 586 118 586 122 586 124 586 126 586 127 586 128 586 129 586 130 586 132 586 133 586 134 
49 1 0 0 1 1 530 599 -1 -1 1 4275 530 375 530 376 530 377 530 378 530 379 530 383 530 386 530 389 530 391 530 393 530 394 530 395 530 396 530 398 530 402 530 407 530 413 530 421 530 436 530 442 530 459 530 468 530 477 530 496 530 508 530 522 530 545 530 553 530 574 530 585 530 595 530 599 530 599 530 599 530 599 530 599 530 599 530 599 530 599 
49 1 0 0 1 1 399 599 -1 -1 1 4561 399 393 399 382 399 386 399 393 399 404 399 419 399 437 399 474 399 492 399 521 399 534 399 547 399 572 399 584 399 595 399 599 399 599 
49 1 0 0 1 1 384 373 -1 -1 1 5764 384 367 384 392 384 393 384 394 384 397 384 404 384 415 384 425 384 438 384 442 384 444 384 443 384 441 384 437 384 433 384 427 384 420 384 410 384 408 384 402 384 398 384 395 384 393 384 392 384 388 384 386 384 384 384 383 384 382 384 381 384 377 384 374 384 373 
49 1 0 0 1 1 406 219 -1 -1 0 3522 406 35 406 36 406 37 406 40 406 44 406 47 406 51 406 62 406 69 406 83 406 91 406 98 406 111 406 116 406 121 406 133 406 138 406 152 406 161 406 170 406 179 406 183 406 187 406 199 406 205 406 217 406 219 
49 1 0 0 1 1 386 151 -1 -1 0 3003 386 252 386 252 386 251 386 249 386 246 386 242 386 237 386 229 386 226 386 219 386 212 386 204 386 190 386 183 386 174 386 163 386 159 386 152 386 151 
49 1 0 0 1 1 384 544 -1 -1 1 3130 384 528 384 528 384 527 384 526 384 527 384 529 384 533 384 538 384 542 384 544 
49 1 0 0 1 1 454 554 -1 -1 1 4378 454 548 454 596 454 597 454 596 454 594 454 588 454 579 454 569 454 562 454 557 454 555 454 555 454 554 
49 1 0 0 1 1 120 206 -1 -1 0 7589 120 67 120 76 120 83 120 91 120 100 120 111 120 123 120 141 120 147 120 158 120 163 120 168 120 176 120 178 120 181 120 189 120 199 120 208 120 213 120 199 120 198 120 196 120 191 120 185 120 178 120 156 120 147 120 138 120 135 120 137 120 139 120 142 120 145 120 148 120 150 120 149 120 148 120 147 120 146 120 146 120 149 120 157 120 167 120 178 120 187 120 191 120 190 120 188 120 186 120 184 120 183 120 191 120 193 120 195 120 199 120 201 120 203 120 206 
49 1 0 0 1 1 455 599 -1 -1 1 3019 455 545 455 547 455 553 455 561 455 569 455 579 455 590 455 599 455 599 455 599 
49 1 0 0 1 1 596 179 -1 -1 0 6354 195 346 258 346 257 346 252 346 242 346 228 346 214 346 184 346 166 346 123 346 102 346 88 346 80 346 79 346 75 346 67 346 66 346 67 346 71 346 80 346 121 346 150 346 183 346 243 346 263 346 298 346 317 346 339 346 386 346 410 346 437 346 486 346 509 346 532 346 567 346 582 346 599 346 599 346 599 346 599 346 599 346 599 346 599 346 599 346 599 346 599 346 599 346 599 346 596 346 596 345 596 339 596 328 596 317 596 309 596 299 596 268 596 251 596 229 596 225 596 223 596 221 596 219 596 212 596 200 596 185 596 160 596 151 596 143 596 144 596 146 596 148 596 149 596 150 596 153 596 159 596 166 596 173 596 177 596 179 
49 1 0 0 1 2 50 149 0 4364 5 
49 1 0 0 1 2 383 83 0 2532 5 
49 1 0 0 1 2 149 116 0 889 5 
49 1 0 0 1 2 216 349 0 1509 5 
49 1 0 0 1 2 249 183 0 1057 5 
49 1 0 0 1 2 549 383 1 5714 5 
49 1 0 0 1 2 83 449 1 995 5 
49 1 0 0 1 2 449 116 0 2860 5 
49 1 0 0 1 2 449 83 0 1488 5 
49 1 0 0 1 2 416 349 0 1360 5 
49 1 0 0 1 2 482 50 0 4521 5 
49 1 0 0 1 2 516 383 1 2256 5 
49 1 0 0 1 2 149 83 0 1795 5 
49 1 0 0 1 2 449 449 1 1074 5 
49 1 0 0 1 2 116 316 0 1321 5 
49 1 0 0 1 2 183 383 1 1414 5 
49 1 0 0 1 2 83 83 0 1134 5 
49 1 0 0 1 2 416 249 0 1018 5 
49 1 0 0 1 2 482 149 0 944 5 
49 1 0 0 1 2 349 83 0 1061 5 
49 1 0 0 1 2 349 516 1 834 5 
49 1 0 0 1 2 183 349 0 947 5 
49 1 0 0 1 2 149 249 0 860 5 
49 1 0 0 1 2 316 283 0 843 5 
49 1 0 0 1 2 416 482 1 974 5 
49 1 0 0 1 2 83 149 0 762 5 
49 1 0 0 1 2 549 316 0 803 5 
49 1 0 0 1 2 216 449 1 839 5 
49 1 0 0 1 2 283 383 1 1871 5 
49 1 0 0 1 2 283 216 0 814 5 
49 1 0 0 1 2 349 383 1 2403 5 
49 1 0 0 1 2 83 349 0 1052 5 
49 1 0 0 1 1 228 379 -1 -1 1 9397 165 452 140 452 135 452 131 452 124 452 116 452 108 452 94 452 88 452 76 452 70 452 67 452 65 452 63 452 59 452 46 452 48 452 55 452 67 452 84 452 103 452 121 452 154 452 168 452 197 452 210 452 220 452 228 452 228 450 228 446 228 439 228 430 228 420 228 408 228 389 228 383 228 373 228 368 228 364 228 363 228 362 228 364 228 368 228 371 228 374 228 375 228 376 228 377 228 378 228 379 228 380 228 381 228 380 228 379 
49 1 0 0 1 1 583 397 -1 -1 1 5058 583 513 583 514 583 515 583 518 583 520 583 521 583 515 583 513 583 510 583 507 583 504 583 503 583 497 583 491 583 479 583 473 583 469 583 466 583 464 583 463 583 455 583 449 583 440 583 434 583 427 583 421 583 420 583 419 583 418 583 417 583 415 583 414 583 413 583 412 583 411 583 409 583 407 583 405 583 404 583 403 583 402 583 401 583 399 583 398 583 397 
49 1 0 0 1 1 583 22 -1 -1 0 8779 537 281 599 281 599 281 599 281 599 281 599 281 599 281 596 281 590 281 581 281 570 281 547 281 540 281 536 281 533 281 529 281 524 281 510 281 499 281 474 281 466 281 459 281 451 281 452 281 454 281 457 281 459 281 460 281 461 281 465 281 469 281 485 281 497 281 513 281 547 281 564 281 583 281 583 280 583 278 583 272 583 266 583 258 583 250 583 234 583 229 583 217 583 210 583 206 583 204 583 203 583 199 583 184 583 175 583 155 583 143 583 129 583 97 583 82 583 69 583 49 583 41 583 32 583 27 583 23 583 21 583 19 583 18 583 17 583 18 583 19 583 20 583 21 583 21 583 22 
49 1 0 0 1 1 403 24 -1 -1 0 9923 157 420 157 419 157 418 157 417 157 416 157 412 157 407 157 402 157 399 157 398 157 398 157 399 157 402 157 411 157 428 157 448 157 492 157 509 157 528 157 530 157 531 157 532 157 538 157 549 157 572 157 582 157 598 157 599 157 599 157 599 157 599 157 599 157 599 157 599 157 599 157 599 157 599 157 599 157 599 157 599 157 599 157 599 157 599 157 599 157 599 157 599 157 599 157 599 157 599 157 598 157 597 156 597 155 597 153 597 149 597 135 597 112 597 57 597 31 597 0 597 0 597 0 597 0 597 0 597 0 597 0 597 0 597 0 597 1 597 11 597 30 597 62 597 102 597 142 597 215 597 242 597 286 597 298 597 303 597 310 597 314 597 323 597 347 597 363 597 403 597 421 597 435 597 446 597 444 597 437 597 428 597 416 597 403 597 403 566 403 565 403 561 403 555 403 546 403 532 403 497 403 475 403 424 403 404 403 388 403 368 403 358 403 348 403 324 403 311 403 277 403 261 403 247 403 224 403 214 403 205 403 183 403 169 403 145 403 137 403 129 403 116 403 117 403 115 403 109 403 102 403 93 403 84 403 78 403 70 403 67 403 59 403 53 403 45 403 30 403 22 403 18 403 5 403 0 403 0 403 0 403 0 403 0 403 0 403 1 403 2 403 3 403 5 403 6 403 7 403 8 403 9 403 9 403 11 403 11 403 12 403 12 403 13 403 13 403 15 403 16 403 17 403 17 403 18 403 19 403 19 403 20 403 21 403 22 403 22 403 23 403 24 403 24 
49 1 0 0 1 1 599 18 -1 -1 0 7872 45 271 44 271 43 271 41 271 35 271 26 271 12 271 0 271 0 271 0 271 0 271 0 271 0 271 0 271 0 271 2 271 8 271 25 271 62 271 129 271 284 271 364 271 441 271 540 271 568 271 599 271 599 271 599 271 599 271 596 271 579 271 567 271 570 271 586 271 599 271 599 271 599 397 599 399 599 399 599 393 599 386 599 374 599 358 599 340 599 302 599 286 599 265 599 258 599 247 599 225 599 215 599 210 599 208 599 196 599 175 599 152 599 133 599 116 599 107 599 109 599 108 599 98 599 81 599 61 599 39 599 19 599 0 599 0 599 0 599 0 599 0 599 0 599 0 599 0 599 0 599 1 599 3 599 4 599 6 599 7 599 8 599 9 599 10 599 11 599 11 599 12 599 13 599 14 599 15 599 15 599 17 599 18 599 19 599 20 599 21 599 22 599 21 599 20 599 20 599 19 599 18 599 18 
49 1 0 0 1 1 296 599 -1 -1 1 3617 296 582 296 581 296 580 296 579 296 578 296 578 296 581 296 585 296 595 296 599 296 599 296 599 296 599 296 599 296 599 296 599 296 599 296 599 296 599 296 599 296 599 296 599 296 599 296 599 296 599 296 599 296 599 296 599 
49 1 0 0 1 1 599 0 -1 -1 0 4755 431 162 434 162 433 162 428 162 419 162 407 162 393 162 375 162 325 162 298 162 248 162 224 162 203 162 164 162 146 162 135 162 129 162 130 162 137 162 148 162 164 162 189 162 223 162 310 162 355 162 455 162 508 162 548 162 599 162 599 162 599 162 593 162 577 162 521 162 520 162 533 162 556 162 586 162 599 162 599 162 599 162 599 162 599 162 599 162 599 162 599 162 599 161 599 159 599 153 599 146 599 140 599 132 599 110 599 96 599 62 599 42 599 19 599 0 599 0 599 0 599 0 599 0 599 0 599 0 599 0 599 0 599 0 599 0 599 0 599 0 599 0 599 0 599 0 599 0 599 0 599 0 599 0 
49 1 0 0 1 1 571 367 -1 -1 1 8612 27 93 28 93 36 93 49 93 65 93 82 93 100 93 141 93 163 93 209 93 234 93 261 93 301 93 314 93 322 93 325 93 326 93 328 93 328 93 324 93 312 93 300 93 299 93 300 93 306 93 319 93 337 93 363 93 397 93 478 93 520 93 599 93 599 93 599 93 599 93 599 93 599 93 597 93 590 93 579 93 571 93 571 94 571 94 571 94 571 90 571 82 571 70 571 54 571 13 571 0 571 0 571 0 571 0 571 0 571 0 571 0 571 0 571 0 571 0 571 0 571 0 571 0 571 0 571 0 571 0 571 1 571 3 571 5 571 8 571 10 571 14 571 20 571 21 571 32 571 39 571 46 571 59 571 67 571 75 571 88 571 92 571 107 571 115 571 123 571 138 571 148 571 162 571 187 571 198 571 208 571 226 571 235 571 250 571 263 571 277 571 300 571 309 571 318 571 340 571 349 571 369 571 385 571 403 571 439 571 456 571 473 571 508 571 520 571 538 571 546 571 552 571 564 571 566 571 569 571 573 571 575 571 576 571 575 571 572 571 566 571 557 571 545 571 534 571 511 571 499 571 473 571 462 571 453 571 443 571 440 571 436 571 425 571 420 571 408 571 403 571 398 571 387 571 383 571 380 571 378 571 377 571 374 571 373 571 372 571 372 571 370 571 369 571 368 571 367 
49 1 0 0 1 1 321 340 -1 -1 1 4384 321 528 321 529 321 533 321 541 321 554 321 568 321 584 321 599 321 599 321 597 321 589 321 577 321 534 321 498 321 458 321 389 321 367 321 350 321 345 321 338 321 316 321 305 321 292 321 266 321 258 321 255 321 256 321 258 321 262 321 270 321 281 321 293 321 320 321 329 321 335 321 336 321 337 321 338 321 339 321 340 
49 1 0 0 1 1 123 293 -1 -1 0 3947 123 219 123 220 123 221 123 222 123 226 123 232 123 241 123 250 123 256 123 259 123 260 123 261 123 262 123 263 123 265 123 267 123 268 123 269 123 270 123 271 123 272 123 273 123 274 123 275 123 277 123 279 123 281 123 283 123 286 123 290 123 292 123 292 123 293 
49 1 0 0 1 1 394 343 -1 -1 1 4955 394 577 394 578 394 579 394 580 394 579 394 577 394 573 394 567 394 557 394 543 394 518 394 507 394 489 394 482 394 477 394 459 394 449 394 439 394 414 394 402 394 388 394 385 394 383 394 382 394 381 394 379 394 375 394 369 394 363 394 361 394 360 394 359 394 358 394 357 394 356 394 355 394 354 394 353 394 352 394 351 394 349 394 348 394 347 394 346 394 344 394 343 394 343 
49 1 0 0 1 1 296 338 -1 -1 1 3707 296 425 296 434 296 433 296 431 296 428 296 424 296 418 296 404 296 396 296 375 296 365 296 358 296 349 296 343 296 336 296 332 296 331 296 330 296 329 296 328 296 329 296 331 296 334 296 336 296 338 
49 1 0 0 1 1 432 310 -1 -1 1 3667 432 377 432 382 432 381 432 377 432 371 432 366 432 360 432 350 432 347 432 341 432 337 432 334 432 328 432 327 432 326 432 325 432 324 432 322 432 319 432 316 432 314 432 313 432 312 432 311 432 310 
49 1 0 0 1 1 416 270 -1 -1 0 4882 416 512 416 514 416 512 416 511 416 507 416 501 416 493 416 469 416 455 416 432 416 424 416 417 416 401 416 394 416 387 416 374 416 367 416 352 416 346 416 344 416 340 416 336 416 332 416 330 416 328 416 327 416 325 416 323 416 318 416 314 416 309 416 302 416 301 416 300 416 296 416 295 416 289 416 284 416 281 416 277 416 276 416 275 416 274 416 273 416 272 416 271 416 270 
49 1 0 0 1 1 272 290 -1 -1 0 4506 272 538 272 537 272 535 272 531 272 525 272 520 272 518 272 519 272 522 272 526 272 531 272 532 272 530 272 522 272 512 272 500 272 485 272 468 272 442 272 430 272 406 272 393 272 382 272 367 272 364 272 363 272 360 272 357 272 355 272 352 272 349 272 341 272 339 272 337 272 331 272 328 272 322 272 321 272 320 272 316 272 313 272 309 272 307 272 301 272 297 272 291 272 290 
49 1 0 0 1 1 496 316 -1 -1 1 10379 5 273 5 274 5 277 5 281 5 285 5 287 5 288 5 289 5 290 5 291 4 291 3 291 0 291 0 291 0 291 0 291 0 291 0 291 0 291 0 291 0 291 0 291 0 291 1 291 12 291 37 291 145 291 225 291 300 291 395 291 423 291 443 291 467 291 475 291 482 291 493 291 496 291 496 294 496 298 496 304 496 308 496 313 496 315 496 316 
49 1 0 0 1 2 283 316 1 8564 4 
49 1 0 0 1 2 416 283 0 3264 3 
49 1 0 0 1 2 183 149 0 4896 5 
49 1 0 0 1 2 449 249 0 2280 5 
49 1 0 0 1 2 416 549 1 1366 5 
49 1 0 0 1 2 83 383 1 4363 5 
49 1 0 0 1 2 149 416 1 1531 5 
49 1 0 0 1 2 549 249 0 2781 4 
49 1 0 0 1 2 349 50 0 24325 4 
49 1 0 0 1 2 149 449 1 2881 5 
49 1 0 0 1 2 516 83 0 6625 5 
49 1 0 0 1 2 449 482 1 3430 5 
49 1 0 0 1 2 383 482 1 1251 5 
49 1 0 0 1 2 283 283 0 9833 3 
49 1 0 0 1 2 516 416 1 2428 5 
49 1 0 0 1 2 449 283 0 4102 4 
49 1 0 0 1 2 116 349 1 4312 5 
49 1 0 0 1 2 216 249 0 7690 4 
49 1 0 0 1 2 116 183 0 2404 5 
49 1 0 0 1 2 249 383 1 2103 5 
49 1 0 0 1 2 549 549 1 1750 5 
49 1 0 0 1 2 383 249 0 12065 5 
49 1 0 0 1 2 83 216 0 1087 5 
49 1 0 0 1 2 216 116 0 873 5 
49 1 0 0 1 2 416 383 1 1284 5 
49 1 0 0 1 2 516 316 1 3317 3 
49 1 0 0 1 2 216 516 1 3667 5 
49 1 0 0 1 2 316 83 0 1711 5 
49 1 0 0 1 2 283 516 1 2346 5 
49 1 0 0 1 2 516 516 1 1382 5 
49 1 0 0 1 2 216 216 0 4304 5 
49 1 0 0 1 2 83 249 0 1629 5 
49 1 0 0 1 1 599 330 -1 -1 1 11124 317 589 316 589 309 589 300 589 289 589 276 589 263 589 236 589 222 589 188 589 170 589 153 589 134 589 129 589 124 589 108 589 104 589 103 589 104 589 106 589 113 589 126 589 143 589 166 589 231 589 262 589 317 589 345 589 369 589 412 589 433 589 451 589 471 589 470 589 465 589 457 589 448 589 441 589 440 589 441 589 445 589 453 589 464 589 480 589 498 589 549 589 580 589 599 589 599 589 599 589 599 589 599 589 599 589 599 589 599 589 599 589 599 589 599 589 599 588 599 584 599 578 599 570 599 558 599 546 599 522 599 509 599 481 599 464 599 445 599 407 599 388 599 369 599 335 599 320 599 303 599 295 599 289 599 283 599 282 599 283 599 284 599 286 599 289 599 295 599 303 599 326 599 337 599 355 599 362 599 366 599 369 599 370 599 371 599 372 599 373 599 373 599 372 599 370 599 366 599 362 599 358 599 355 599 353 599 352 599 350 599 346 599 340 599 335 599 331 599 330 
49 1 0 0 1 1 210 336 -1 -1 1 4579 210 67 210 68 210 68 210 68 210 66 210 60 210 52 210 43 210 26 210 24 210 25 210 29 210 35 210 65 210 83 210 101 210 137 210 153 210 179 210 187 210 190 210 191 210 190 210 188 210 186 210 181 210 170 210 169 210 170 210 181 210 193 210 210 210 248 210 264 210 275 210 286 210 288 210 291 210 293 210 293 210 295 210 297 210 298 210 299 210 300 210 300 210 302 210 303 210 305 210 313 210 322 210 331 210 332 210 332 210 334 210 335 210 336 
49 1 0 0 1 1 218 291 -1 -1 0 5954 218 270 218 262 218 263 218 264 218 268 218 271 218 276 218 290 218 297 218 315 218 324 218 333 218 344 218 346 218 349 218 359 218 362 218 366 218 367 218 368 218 373 218 377 218 378 218 381 218 382 218 383 218 384 218 383 218 382 218 381 218 380 218 379 218 378 218 377 218 376 218 375 218 374 218 373 218 372 218 371 218 370 218 369 218 368 218 367 218 365 218 363 218 358 218 357 218 356 218 355 218 354 218 353 218 349 218 345 218 341 218 339 218 337 218 336 218 335 218 334 218 333 218 332 218 330 218 328 218 327 218 322 218 320 218 319 218 318 218 317 218 314 218 313 218 312 218 311 218 310 218 309 218 307 218 306 218 306 218 305 218 304 218 303 218 301 218 299 218 297 218 294 218 293 218 292 218 291 
49 1 0 0 1 1 569 309 -1 -1 1 4169 569 12 569 14 569 19 569 30 569 44 569 58 569 73 569 98 569 110 569 131 569 143 569 157 569 187 569 197 569 204 569 213 569 221 569 239 569 247 569 256 569 275 569 285 569 291 569 294 569 296 569 296 569 298 569 299 569 300 569 301 569 302 569 303 569 304 569 305 569 306 569 307 569 309 
49 1 0 0 1 1 452 288 -1 -1 0 4804 452 4 452 2 452 0 452 0 452 0 452 0 452 0 452 1 452 3 452 19 452 34 452 50 452 81 452 97 452 111 452 139 452 154 452 188 452 207 452 225 452 254 452 263 452 271 452 278 452 279 452 276 452 264 452 247 452 233 452 233 452 234 452 235 452 237 452 239 452 243 452 249 452 256 452 259 452 260 452 261 452 262 452 263 452 264 452 265 452 265 452 267 452 268 452 269 452 270 452 272 452 273 452 275 452 276 452 277 452 277 452 279 452 279 452 280 452 282 452 282 452 283 452 284 452 284 452 285 452 286 452 286 452 287 452 288 
49 1 0 0 1 1 597 329 -1 -1 1 7553 20 177 20 180 20 182 20 188 20 194 20 200 20 207 20 219 20 222 0 222 0 222 0 222 0 222 0 222 0 222 0 222 0 222 0 222 0 222 0 222 0 222 0 222 1 222 9 222 23 222 40 222 69 222 160 222 215 222 264 222 333 222 363 222 388 222 422 222 433 222 432 222 411 222 379 222 350 222 352 222 360 222 370 222 382 222 395 222 413 222 471 222 511 222 599 222 599 222 599 222 599 222 597 222 597 198 597 196 597 194 597 191 597 189 597 182 597 178 597 177 597 176 597 180 597 204 597 218 597 234 597 267 597 281 597 308 597 323 597 338 597 359 597 363 597 361 597 353 597 350 597 349 597 345 597 341 597 338 597 337 597 336 597 335 597 334 597 333 597 331 597 330 597 329 
49 1 0 0 1 1 599 300 -1 -1 0 9267 585 539 594 539 599 539 599 539 599 539 599 539 599 539 599 539 599 539 599 539 599 539 599 539 599 539 599 539 599 539 599 539 599 539 599 539 599 539 599 539 599 539 599 539 597 539 587 539 573 539 540 539 542 539 552 539 563 539 576 539 591 539 599 539 599 539 599 539 599 539 599 539 599 539 599 539 599 539 599 539 599 539 599 520 599 518 599 513 599 504 599 491 599 475 599 433 599 404 599 341 599 311 599 288 599 254 599 241 599 229 599 214 599 208 599 203 599 203 599 204 599 207 599 214 599 222 599 230 599 239 599 251 599 256 599 264 599 266 599 268 599 270 599 272 599 273 599 276 599 278 599 280 599 281 599 285 599 292 599 295 599 297 599 300 
49 1 0 0 1 1 599 276 -1 -1 0 13554 52 380 53 380 56 380 64 380 77 380 96 380 120 380 180 380 215 380 288 380 320 380 347 380 378 380 389 380 404 380 428 380 435 380 430 380 432 380 442 380 453 380 466 380 482 380 502 380 563 380 599 380 599 380 599 380 599 380 599 380 599 380 599 380 599 380 599 380 599 380 599 380 599 380 599 380 599 380 599 380 599 380 599 359 599 358 599 357 599 355 599 353 599 350 599 346 599 340 599 320 599 310 599 301 599 300 599 299 599 298 599 297 599 296 599 295 599 294 599 293 599 292 599 291 599 290 599 289 599 288 599 287 599 286 599 285 599 284 599 283 599 282 599 281 599 280 599 279 599 278 599 277 599 276 599 275 599 274 599 273 599 272 599 271 599 270 599 269 599 268 599 267 599 268 599 269 599 270 599 271 599 272 599 273 599 274 599 275 599 276 599 277 599 278 599 279 599 280 599 281 599 282 599 283 599 284 599 285 599 286 599 285 599 284 599 283 599 282 599 281 599 280 599 279 599 278 599 277 599 276 599 274 599 275 599 276 
49 1 0 0 1 1 569 334 -1 -1 1 4024 569 437 569 435 569 427 569 416 569 400 569 382 569 363 569 328 569 316 569 302 569 296 569 290 569 277 569 273 569 272 569 269 569 268 569 268 569 269 569 270 569 274 569 278 569 285 569 294 569 311 569 318 569 325 569 326 569 328 569 331 569 332 569 333 569 334 
49 1 0 0 1 1 402 306 -1 -1 1 4603 402 572 402 574 402 586 402 599 402 599 402 599 402 599 402 599 402 598 402 591 402 579 402 564 402 549 402 532 402 499 402 484 402 462 402 455 402 449 402 434 402 428 402 424 402 420 402 416 402 404 402 399 402 394 402 386 402 380 402 375 402 364 402 358 402 350 402 332 402 322 402 301 402 295 402 292 402 288 402 286 402 283 402 282 402 281 402 280 402 280 402 281 402 282 402 283 402 284 402 286 402 287 402 288 402 289 402 290 402 291 402 292 402 293 402 294 402 295 402 296 402 298 402 300 402 301 402 302 402 303 402 304 402 305 402 306 
49 1 0 0 1 1 584 322 -1 -1 1 3443 584 20 584 21 584 23 584 26 584 31 584 38 584 45 584 65 584 78 584 112 584 133 584 154 584 196 584 214 584 229 584 253 584 263 584 285 584 295 584 303 584 317 584 320 584 322 
49 1 0 0 1 1 361 352 -1 -1 1 4401 361 84 361 85 361 86 361 89 361 94 361 99 361 104 361 111 361 133 361 145 361 168 361 180 361 193 361 214 361 220 361 224 361 229 361 232 361 249 361 262 361 273 361 291 361 299 361 307 361 322 361 330 361 338 361 353 361 360 361 366 361 365 361 364 361 362 361 360 361 359 361 358 361 357 361 356 361 355 361 354 361 353 361 352 
49 1 0 0 1 1 265 294 -1 -1 0 4636 265 544 265 543 265 541 265 538 265 534 265 527 265 518 265 494 265 482 265 458 265 445 265 434 265 421 265 416 265 411 265 399 265 391 265 375 265 366 265 359 265 350 265 348 265 348 265 346 265 345 265 341 265 337 265 335 265 331 265 330 265 329 265 328 265 326 265 324 265 323 265 322 265 321 265 321 265 319 265 317 265 316 265 315 265 314 265 312 265 311 265 310 265 309 265 308 265 307 265 306 265 305 265 305 265 302 265 301 265 300 265 299 265 299 265 297 265 296 265 295 265 294 
49 1 0 0 1 1 242 310 -1 -1 1 3401 242 289 242 290 242 291 242 292 242 294 242 295 242 296 242 297 242 300 242 302 242 305 242 308 242 310 
49 1 0 0 1 1 357 290 -1 -1 0 3818 357 364 357 363 357 362 357 361 357 359 357 358 357 356 357 355 357 354 357 353 357 351 357 349 357 347 357 342 357 339 357 336 357 332 357 331 357 330 357 328 357 326 357 325 357 324 357 321 357 320 357 319 357 316 357 315 357 312 357 308 357 301 357 292 357 291 357 290 357 290 
49 1 0 0 1 1 354 321 -1 -1 1 4434 354 369 354 372 354 372 354 373 354 372 354 370 354 365 354 359 354 351 354 328 354 318 354 311 354 305 354 305 354 305 354 305 354 305 354 305 354 307 354 311 354 314 354 315 354 314 354 313 354 312 354 311 354 310 354 311 354 313 354 316 354 318 354 321 
49 1 0 0 1 2 349 283 0 4942 5 
49 1 0 0 1 2 316 482 1 1751 5 
49 1 0 0 1 2 249 449 1 958 5 
49 1 0 0 1 2 349 249 0 1115 5 
49 1 0 0 1 2 549 349 1 5095 5 
49 1 0 0 1 2 116 549 1 1211 5 
49 1 0 0 1 2 149 216 0 1095 5 
49 1 0 0 1 2 516 116 0 1480 5 
49 1 0 0 1 2 316 183 0 1446 5 
49 1 0 0 1 2 349 316 1 5759 3 
49 1 0 0 1 2 482 416 1 1951 5 
49 1 0 0 1 2 83 50 0 1038 5 
49 1 0 0 1 2 50 349 1 4390 4 
49 1 0 0 1 2 482 283 0 2950 4 
49 1 0 0 1 2 283 549 1 2087 5 
49 1 0 0 1 2 249 482 1 803 5 
49 1 0 0 1 2 183 482 1 670 5 
49 1 0 0 1 2 549 149 0 2530 5 
49 1 0 0 1 2 50 183 0 975 5 
49 1 0 0 1 2 83 283 0 1676 5 
49 1 0 0 1 2 216 283 0 733 5 
49 1 0 0 1 2 383 283 0 639 5 
49 1 0 0 1 2 50 383 1 1919 5 
49 1 0 0 1 2 50 116 0 821 5 
49 1 0 0 1 2 50 216 0 940 5 
49 1 0 0 1 2 349 183 0 726 5 
49 1 0 0 1 2 349 549 1 1034 5 
49 1 0 0 1 2 549 482 1 806 5 
49 1 0 0 1 2 116 449 1 731 5 
49 1 0 0 1 2 482 549 1 724 5 
49 1 0 0 1 2 449 416 1 820 5 
49 1 0 0 1 2 116 50 1 8611 4 
49 1 0 0 1 1 37 0 -1 -1 0 11365 37 423 37 599 37 593 37 585 37 574 37 557 37 538 37 490 37 468 37 438 37 429 37 424 37 421 37 420 37 419 37 418 37 417 37 416 37 418 37 426 37 444 37 469 37 502 37 542 37 599 37 599 37 599 37 599 37 599 37 599 37 599 37 599 37 599 37 599 37 599 37 599 37 599 37 599 37 599 37 595 37 587 37 579 37 576 37 576 37 578 37 584 37 599 37 599 37 599 37 599 37 599 37 599 37 599 37 599 37 599 37 599 37 599 37 599 37 599 37 599 37 599 37 599 37 599 37 599 37 599 37 599 37 590 37 578 37 573 37 576 37 596 37 599 37 599 37 599 37 599 37 599 37 599 37 599 37 599 37 599 37 599 37 599 37 599 37 599 37 599 37 599 37 599 37 597 37 588 37 571 37 542 37 507 37 463 37 336 37 268 37 140 37 89 37 51 37 0 37 0 37 0 37 0 37 0 37 0 37 0 37 0 37 0 37 0 37 0 37 0 
49 1 0 0 1 1 106 253 -1 -1 0 10434 106 571 106 599 106 597 106 592 106 585 106 574 106 560 106 522 106 499 106 457 106 438 106 420 106 395 106 390 106 387 106 377 106 375 106 374 106 372 106 364 106 355 106 344 106 338 106 336 106 337 106 365 106 394 106 427 106 498 106 533 106 565 106 599 106 599 106 599 106 599 106 599 106 599 106 599 106 599 106 599 106 599 106 599 106 599 106 599 106 599 106 598 106 595 106 589 106 579 106 564 106 544 106 494 106 460 106 345 106 290 106 242 106 168 106 136 106 107 106 62 106 43 106 14 106 3 106 0 106 0 106 0 106 0 106 0 106 0 106 0 106 0 106 0 106 0 106 0 106 0 106 0 106 0 106 0 106 0 106 1 106 4 106 7 106 9 106 11 106 13 106 17 106 19 106 23 106 26 106 30 106 36 106 38 106 41 106 46 106 47 106 50 106 52 106 53 106 54 106 55 106 56 106 58 106 61 106 65 106 66 106 68 106 69 106 70 106 71 106 72 106 73 106 74 106 75 106 76 106 77 106 79 106 82 106 85 106 87 106 88 106 91 106 92 106 93 106 95 106 100 106 107 106 118 106 120 106 122 106 123 106 126 106 127 106 124 106 116 106 102 106 83 106 60 106 39 106 0 106 0 106 0 106 0 106 0 106 0 106 0 106 0 106 0 106 0 106 1 106 2 106 3 106 5 106 7 106 9 106 10 106 11 106 13 106 16 106 20 106 24 106 35 106 42 106 55 106 60 106 66 106 76 106 80 106 84 106 89 106 91 106 94 106 95 106 97 106 100 106 102 106 107 106 117 106 123 106 129 106 140 106 144 106 152 106 154 106 158 106 165 106 170 106 174 106 178 106 179 106 180 106 181 106 183 106 185 106 189 106 193 106 200 106 204 106 212 106 215 106 220 106 229 106 234 106 240 106 251 106 253 
49 1 0 0 1 1 151 348 -1 -1 1 3170 151 124 151 108 151 109 151 111 151 115 151 118 151 121 151 122 151 126 151 128 151 133 151 137 151 143 151 159 151 170 151 182 151 200 151 208 151 219 151 224 151 231 151 248 151 257 151 265 151 284 151 296 151 324 151 335 151 344 151 348 
49 1 0 0 1 1 535 300 -1 -1 0 3674 535 211 535 210 535 209 535 205 535 203 535 200 535 196 535 188 535 186 535 187 535 189 535 194 535 218 535 237 535 259 535 290 535 299 535 304 535 306 535 311 535 325 535 335 535 347 535 366 535 371 535 369 535 360 535 348 535 335 535 322 535 311 535 300 
49 1 0 0 1 1 394 338 -1 -1 1 3499 394 471 394 472 394 473 394 475 394 476 394 477 394 476 394 470 394 462 394 449 394 433 394 415 394 381 394 370 394 354 394 348 394 343 394 338 
49 1 0 0 1 1 448 353 -1 -1 1 4674 448 570 448 568 448 566 448 559 448 550 448 539 448 530 448 508 448 496 448 477 448 471 448 465 448 447 448 439 448 433 448 419 448 412 448 401 448 397 448 393 448 385 448 381 448 376 448 372 448 369 448 368 448 367 448 366 448 365 448 364 448 363 448 362 448 361 448 360 448 359 448 358 448 357 448 355 448 353 
49 1 0 0 1 1 8 309 -1 -1 1 3714 8 560 8 561 8 560 8 558 8 554 8 547 8 537 8 516 8 506 8 486 8 479 8 473 8 458 8 448 8 437 8 421 8 417 8 412 8 409 8 406 8 394 8 386 8 377 8 360 8 352 8 348 8 346 8 344 8 343 8 339 8 335 8 331 8 330 8 329 8 328 8 327 8 326 8 325 8 321 8 318 8 317 8 316 8 315 8 314 8 312 8 310 8 309 
49 1 0 0 1 1 234 300 -1 -1 1 3796 234 97 234 180 234 178 234 177 234 176 234 172 234 169 234 159 234 151 234 132 234 126 234 122 234 123 234 125 234 129 234 135 234 144 234 155 234 186 234 202 234 228 234 237 234 242 234 245 234 246 234 247 234 249 234 253 234 257 234 262 234 277 234 284 234 289 234 291 234 292 234 293 234 294 234 295 234 296 234 298 234 299 234 300 234 300 
49 1 0 0 1 1 109 253 -1 -1 0 5546 109 136 109 135 109 135 109 136 109 137 109 141 109 144 109 149 109 154 109 173 109 187 109 216 109 228 109 238 109 255 109 263 109 271 109 282 109 284 109 285 109 285 109 281 109 278 109 275 109 271 109 268 109 259 109 256 109 253 
49 1 0 0 1 1 522 265 -1 -1 0 3203 522 210 522 211 522 213 522 217 522 221 522 226 522 231 522 240 522 244 522 253 522 257 522 259 522 262 522 263 522 264 522 265 
49 1 0 0 1 1 536 315 -1 -1 1 3946 536 12 536 13 536 14 536 16 536 18 536 21 536 24 536 32 536 40 536 58 536 67 536 76 536 99 536 113 536 127 536 157 536 173 536 206 536 223 536 239 536 268 536 280 536 288 536 297 536 302 536 311 536 314 536 315 536 316 536 316 536 315 
49 1 0 0 1 1 159 273 -1 -1 0 3457 159 475 159 473 159 473 159 472 159 470 159 469 159 466 159 451 159 436 159 402 159 389 159 376 159 351 159 339 159 331 159 320 159 316 159 303 159 297 159 292 159 290 159 289 159 288 159 286 159 285 159 284 159 282 159 280 159 279 159 278 159 277 159 275 159 274 159 273 
49 1 0 0 1 1 393 298 -1 -1 0 3626 393 441 393 435 393 428 393 419 393 406 393 392 393 375 393 338 393 323 393 302 393 297 393 293 393 283 393 280 393 276 393 273 393 271 393 270 393 271 393 272 393 274 393 276 393 278 393 280 393 288 393 292 393 296 393 297 393 298 
49 1 0 0 1 1 249 340 -1 -1 1 4003 249 536 249 535 249 533 249 531 249 528 249 521 249 513 249 493 249 483 249 461 249 450 249 443 249 432 249 428 249 423 249 413 249 406 249 392 249 387 249 381 249 376 249 374 249 371 249 364 249 361 249 353 249 350 249 347 249 346 249 345 249 343 249 341 249 340 249 340 
49 1 0 0 1 1 138 305 -1 -1 1 3564 138 309 138 307 138 308 138 309 138 311 138 312 138 313 138 314 138 315 138 314 138 313 138 311 138 309 138 308 138 306 138 305 
49 1 0 0 1 1 266 314 -1 -1 1 4769 266 337 266 336 266 335 266 330 266 322 266 314 266 306 266 297 266 295 266 296 266 298 266 300 266 304 266 310 266 313 266 314 
49 1 0 0 1 2 383 50 0 4665 5 
49 1 0 0 1 2 383 516 1 966 5 
49 1 0 0 1 2 283 149 0 891 5 
49 1 0 0 1 2 449 316 1 4944 3 
49 1 0 0 1 2 149 482 1 2778 5 
49 1 0 0 1 2 549 416 1 1395 5 
49 1 0 0 1 2 50 516 1 851 5 
49 1 0 0 1 2 316 449 1 653 5 
49 1 0 0 1 2 249 549 1 665 5 
49 1 0 0 1 2 149 283 0 2537 5 
49 1 0 0 1 2 283 416 1 908 5 
49 1 0 0 1 2 549 183 0 847 5 
49 1 0 0 1 2 449 50 0 2184 5 
49 1 0 0 1 2 516 149 0 723 5 
49 1 0 0 1 2 50 50 0 851 5 
49 1 0 0 1 2 216 83 0 668 5 
49 1 0 0 1 2 283 83 0 668 5 
49 1 0 0 1 2 383 416 1 2136 5 
49 1 0 0 1 2 449 216 0 1010 5 
49 1 0 0 1 2 383 149 0 682 5 
49 1 0 0 1 2 482 349 1 1701 5 
49 1 0 0 1 2 116 383 1 1059 5 
49 1 0 0 1 2 349 482 1 884 5 
49 1 0 0 1 2 549 83 0 944 5 
49 1 0 0 1 2 183 449 1 911 5 
49 1 0 0 1 2 383 449 1 808 5 
49 1 0 0 1 2 183 83 0 2020 5 
49 1 0 0 1 2 50 416 1 1017 5 
49 1 0 0 1 2 349 216 0 1109 5 
49 1 0 0 1 2 283 482 1 1196 5 
49 1 0 0 1 2 83 183 0 1974 5 
49 1 0 0 1 2 149 149 0 879 5 
49 1 0 0 1 1 77 322 -1 -1 1 8707 77 463 77 333 77 325 77 313 77 296 77 277 77 260 77 230 77 220 77 203 77 195 77 187 77 174 77 171 77 173 77 181 77 191 77 201 77 211 77 220 77 242 77 253 77 270 77 277 77 283 77 292 77 293 77 294 77 296 77 297 77 299 77 302 77 306 77 312 77 314 77 317 77 319 77 321 77 322 
49 1 0 0 1 1 29 199 -1 -1 0 7603 29 32 29 34 29 34 29 34 29 36 29 42 29 50 29 59 29 76 29 82 29 90 29 94 29 99 29 108 29 114 29 121 29 139 29 146 29 155 29 157 29 158 29 162 29 164 29 167 29 178 29 184 29 192 29 195 29 197 29 202 29 204 29 210 29 216 29 218 29 225 29 227 29 229 29 231 29 230 29 229 29 227 29 225 29 224 29 223 29 222 29 221 29 220 29 219 29 218 29 217 29 216 29 216 29 215 29 214 29 213 29 212 29 211 29 210 29 209 29 208 29 207 29 206 29 205 29 203 29 202 29 201 29 200 29 199 29 198 29 195 29 192 29 188 29 181 29 179 29 180 29 181 29 182 29 183 29 184 29 185 29 186 29 187 29 188 29 189 29 190 29 191 29 192 29 195 29 196 29 197 29 198 29 199 
49 1 0 0 1 1 359 216 -1 -1 0 4675 359 186 359 186 359 187 359 188 359 189 359 190 359 194 359 197 359 199 359 201 359 200 359 196 359 194 359 192 359 191 359 192 359 193 359 194 359 196 359 198 359 199 359 200 359 201 359 205 359 208 359 210 359 211 359 212 359 213 359 214 359 216 
49 1 0 0 1 1 408 347 -1 -1 1 3602 408 340 408 278 408 276 408 276 408 275 408 273 408 272 408 270 408 262 408 253 408 243 408 238 408 239 408 243 408 249 408 258 408 270 408 283 408 305 408 314 408 327 408 331 408 334 408 340 408 342 408 343 408 343 408 344 408 345 408 346 408 347 
49 1 0 0 1 1 354 324 -1 -1 1 3427 354 289 354 290 354 292 354 296 354 305 354 314 354 323 354 328 354 330 354 329 354 328 354 326 354 324 
49 1 0 0 1 1 321 306 -1 -1 1 4104 321 460 321 462 321 471 321 483 321 496 321 507 321 515 321 527 321 535 321 554 321 562 321 573 321 592 321 596 321 595 321 591 321 582 321 568 321 550 321 531 321 485 321 464 321 435 321 420 321 400 321 361 321 346 321 335 321 316 321 308 321 299 321 297 321 295 321 283 321 276 321 271 321 268 321 269 321 270 321 272 321 275 321 281 321 287 321 299 321 302 321 304 321 305 321 306 
49 1 0 0 1 1 161 279 -1 -1 0 3805 161 68 161 67 161 67 161 69 161 74 161 84 161 97 161 112 161 138 161 146 161 156 161 161 161 168 161 185 161 191 161 194 161 195 161 196 161 197 161 198 161 200 161 202 161 204 161 224 161 235 161 246 161 248 161 249 161 256 161 260 161 261 161 262 161 263 161 264 161 265 161 266 161 270 161 271 161 273 161 275 161 276 161 278 161 279 
49 1 0 0 1 1 565 312 -1 -1 1 4544 565 589 565 590 565 599 565 599 565 599 565 599 565 599 565 599 565 599 565 599 565 599 565 599 565 599 565 599 565 599 565 599 565 599 565 599 565 599 565 597 565 578 565 561 565 538 565 485 565 453 565 368 565 326 565 293 565 236 565 211 565 194 565 187 565 188 565 189 565 192 565 197 565 206 565 218 565 247 565 264 565 296 565 311 565 323 565 343 565 349 565 355 565 365 565 369 565 373 565 376 565 379 565 378 565 374 565 369 565 364 565 358 565 352 565 339 565 335 565 329 565 327 565 325 565 324 565 323 565 322 565 318 565 315 565 312 
49 1 0 0 1 1 251 254 -1 -1 0 3140 251 192 251 193 251 196 251 201 251 211 251 224 251 235 251 248 251 249 251 250 251 251 251 252 251 253 251 254 
49 1 0 0 1 1 382 310 -1 -1 1 4601 382 531 382 530 382 532 382 536 382 541 382 546 382 552 382 564 382 567 382 567 382 563 382 558 382 534 382 517 382 501 382 485 382 482 382 477 382 471 382 462 382 439 382 425 382 413 382 399 382 395 382 384 382 379 382 372 382 352 382 341 382 331 382 319 382 316 382 314 382 313 382 312 382 311 382 310 
49 1 0 0 1 1 67 287 -1 -1 0 3914 67 596 67 599 67 598 67 597 67 593 67 589 67 581 67 572 67 551 67 539 67 515 67 505 67 496 67 476 67 467 67 460 67 454 67 452 67 445 67 440 67 437 67 428 67 422 67 415 67 399 67 391 67 377 67 367 67 355 67 331 67 322 67 317 67 310 67 308 67 307 67 304 67 302 67 293 67 290 67 288 67 287 
49 1 0 0 1 1 207 308 -1 -1 1 4090 207 352 207 361 207 360 207 356 207 352 207 346 207 341 207 328 207 322 207 312 207 309 207 308 
49 1 0 0 1 1 0 323 -1 -1 1 7763 20 241 21 241 22 241 24 241 28 241 36 241 47 241 74 241 88 241 111 241 118 241 121 241 119 241 111 241 99 241 82 241 60 241 34 241 0 241 0 241 0 241 0 241 0 241 0 241 0 241 0 241 0 241 0 241 0 241 0 241 0 241 0 241 0 241 0 246 0 250 0 254 0 258 0 260 0 257 0 255 0 248 0 240 0 231 0 225 0 219 0 218 0 215 0 213 0 212 0 205 0 201 0 196 0 189 0 192 0 198 0 210 0 225 0 242 0 258 0 281 0 288 0 292 0 295 0 296 0 298 0 300 0 303 0 310 0 313 0 319 0 321 0 322 0 323 
49 1 0 0 1 1 57 293 -1 -1 0 3186 57 326 57 325 57 322 57 318 57 315 57 314 57 312 57 304 57 300 57 293 
49 1 0 0 1 1 113 277 -1 -1 0 4347 113 222 113 223 113 225 113 228 113 232 113 237 113 241 113 245 113 247 113 254 113 259 113 264 113 272 113 274 113 276 113 277 
49 1 0 0 1 1 0 318 -1 -1 1 6931 187 441 184 441 176 441 168 441 155 441 140 441 122 441 81 441 58 441 14 441 0 441 0 441 0 441 0 441 0 441 0 441 0 441 0 441 0 441 0 442 0 446 0 450 0 456 0 461 0 458 0 450 0 441 0 429 0 416 0 401 0 372 0 360 0 339 0 331 0 320 0 298 0 287 0 276 0 260 0 254 0 246 0 244 0 245 0 249 0 255 0 263 0 271 0 281 0 300 0 305 0 306 0 307 0 308 0 309 0 310 0 311 0 312 0 313 0 314 0 315 0 316 0 317 0 318 
49 1 0 0 1 2 416 149 0 3523 5 
49 1 0 0 1 2 216 383 1 840 5 
49 1 0 0 1 2 516 50 0 1206 5 
49 1 0 0 1 2 383 549 1 1196 5 
49 1 0 0 1 2 516 283 0 2685 5 
49 1 0 0 1 2 283 183 0 747 5 
49 1 0 0 1 2 249 283 0 1082 5 
49 1 0 0 1 2 83 549 1 1309 5 
49 1 0 0 1 2 349 416 1 820 5 
49 1 0 0 1 2 482 183 0 898 5 
49 1 0 0 1 2 482 316 1 1811 5 
49 1 0 0 1 2 482 116 0 1126 5 
49 1 0 0 1 2 249 116 0 1098 5 
49 1 0 0 1 2 83 416 1 1083 5 
49 1 0 0 1 2 183 283 0 1258 5 
49 1 0 0 1 2 283 50 0 964 5 
49 1 0 0 1 2 216 549 1 728 5 
49 1 0 0 1 2 549 216 0 777 5 
49 1 0 0 1 2 316 549 1 808 5 
49 1 0 0 1 2 83 482 1 809 5 
49 1 0 0 1 2 482 449 1 783 5 
49 1 0 0 1 2 416 416 1 880 5 
49 1 0 0 1 2 316 249 0 867 5 
49 1 0 0 1 2 416 116 0 2766 5 
49 1 0 0 1 2 50 449 1 785 5 
49 1 0 0 1 2 449 349 1 1385 5 
49 1 0 0 1 2 316 516 1 845 5 
49 1 0 0 1 2 83 516 1 753 5 
49 1 0 0 1 2 83 316 0 8363 1 
49 1 0 0 1 2 116 83 0 3185 5 
49 1 0 0 1 2 183 216 0 759 5 
49 1 0 0 1 2 116 149 0 660 5 
49 1 0 0 1 1 345 324 -1 -1 1 7084 474 162 467 162 474 162 487 162 503 162 520 162 537 162 560 162 566 162 566 162 565 162 564 162 563 162 559 162 551 162 539 162 498 162 474 162 433 162 416 162 403 162 392 162 388 162 383 162 370 162 362 162 350 162 346 162 345 162 345 163 345 165 345 168 345 174 345 181 345 191 345 214 345 225 345 247 345 256 345 266 345 285 345 293 345 300 345 306 345 309 345 317 345 322 345 324 
49 1 0 0 1 1 310 327 -1 -1 1 3748 310 32 310 32 310 33 310 39 310 48 310 60 310 77 310 106 310 120 310 148 310 158 310 165 310 173 310 176 310 177 310 180 310 182 310 195 310 208 310 220 310 238 310 245 310 253 310 267 310 273 310 285 310 295 310 307 310 322 310 326 310 327 
49 1 0 0 1 1 32 336 -1 -1 1 3307 32 362 32 360 32 359 32 355 32 351 32 343 32 339 32 337 32 336 
49 1 0 0 1 1 303 259 -1 -1 0 3747 303 159 303 160 303 165 303 171 303 178 303 185 303 192 303 199 303 200 303 201 303 202 303 203 303 205 303 207 303 208 303 210 303 212 303 216 303 217 303 218 303 221 303 222 303 224 303 229 303 234 303 246 303 250 303 253 303 255 303 257 303 258 303 259 
49 1 0 0 1 1 9 278 -1 -1 0 3226 9 331 9 322 9 324 9 326 9 329 9 327 9 323 9 315 9 305 9 293 9 283 9 278 
49 1 0 0 1 1 362 234 -1 -1 0 3316 362 189 362 191 362 195 362 200 362 205 362 207 362 209 362 210 362 211 362 214 362 216 362 218 362 224 362 227 362 231 362 234 
49 1 0 0 1 1 589 340 -1 -1 1 4100 589 487 589 481 589 478 589 470 589 455 589 436 589 418 589 390 589 374 589 345 589 334 589 322 589 296 589 284 589 273 589 258 589 253 589 251 589 252 589 255 589 261 589 271 589 285 589 302 589 334 589 345 589 360 589 366 589 371 589 376 589 376 589 375 589 373 589 366 589 357 589 348 589 342 589 341 589 340 
49 1 0 0 1 1 108 300 -1 -1 1 4282 108 545 108 555 108 556 108 556 108 554 108 552 108 547 108 539 108 525 108 502 108 493 108 476 108 473 108 472 108 471 108 470 108 468 108 465 108 460 108 452 108 443 108 421 108 407 108 381 108 369 108 358 108 342 108 335 108 328 108 324 108 322 108 321 108 319 108 312 108 302 108 293 108 285 108 274 108 273 108 274 108 278 108 284 108 291 108 296 108 300 
49 1 0 0 1 1 210 340 -1 -1 1 3628 210 507 210 506 210 504 210 491 210 470 210 450 210 430 210 390 210 373 210 346 210 330 210 316 210 294 210 285 210 278 210 262 210 251 210 238 210 236 210 237 210 239 210 246 210 256 210 271 210 287 210 317 210 328 210 340 
49 1 0 0 1 1 410 290 -1 -1 0 3691 410 77 410 134 410 132 410 126 410 118 410 110 410 103 410 90 410 85 410 76 410 71 410 63 410 42 410 32 410 25 410 13 410 5 410 1 410 4 410 14 410 30 410 54 410 81 410 109 410 151 410 170 410 205 410 220 410 231 410 252 410 261 410 266 410 268 410 269 410 271 410 273 410 274 410 277 410 278 410 278 410 280 410 281 410 282 410 284 410 285 410 286 410 287 410 288 410 289 410 290 
49 1 0 0 1 1 584 344 -1 -1 1 3507 584 507 584 509 584 510 584 510 584 509 584 503 584 493 584 479 584 445 584 423 584 381 584 362 584 347 584 327 584 319 584 314 584 308 584 306 584 305 584 306 584 308 584 311 584 313 584 317 584 323 584 336 584 341 584 344 
49 1 0 0 1 1 217 304 -1 -1 1 4411 217 393 217 392 217 389 217 375 217 351 217 323 217 298 217 265 217 256 217 253 217 254 217 260 217 267 217 274 217 281 217 287 217 290 217 291 217 292 217 294 217 297 217 299 217 302 217 304 
49 1 0 0 1 1 546 250 -1 -1 0 3722 546 530 546 528 546 525 546 518 546 507 546 491 546 472 546 431 546 410 546 376 546 362 546 351 546 334 546 328 546 322 546 306 546 300 546 292 546 289 546 286 546 278 546 276 546 274 546 273 546 272 546 270 546 265 546 259 546 253 546 250 
49 1 0 0 1 1 87 329 -1 -1 1 3548 87 466 87 464 87 463 87 459 87 451 87 440 87 429 87 405 87 394 87 378 87 373 87 370 87 363 87 357 87 349 87 335 87 333 87 332 87 331 87 330 87 329 
49 1 0 0 1 1 0 308 -1 -1 1 7465 556 240 556 239 556 244 556 252 556 261 556 272 556 281 556 293 556 296 556 299 556 301 556 305 556 309 555 309 552 309 547 309 539 309 526 309 509 309 468 309 443 309 396 309 373 309 351 309 317 309 304 309 292 309 270 309 256 309 229 309 214 309 199 309 170 309 158 309 145 309 115 309 101 309 75 309 67 309 63 309 52 309 48 309 42 309 38 309 39 309 41 309 40 309 32 309 21 309 9 309 0 309 0 309 0 309 0 309 0 309 0 309 0 309 0 309 0 309 0 309 0 309 0 309 0 309 0 309 0 309 0 309 0 308 0 308 
49 1 0 0 1 1 0 297 -1 -1 0 8913 259 398 259 404 259 400 259 394 259 385 259 375 259 364 259 346 259 340 259 333 259 331 259 329 257 329 251 329 241 329 226 329 207 329 185 329 146 329 131 329 110 329 102 329 93 329 73 329 62 329 50 329 26 329 17 329 6 329 3 329 2 329 1 329 0 329 0 329 0 329 0 329 0 329 0 329 0 329 0 329 0 329 0 329 0 329 0 329 0 329 0 329 0 329 0 328 0 327 0 326 0 324 0 322 0 321 0 320 0 317 0 316 0 315 0 314 0 313 0 312 0 310 0 306 0 302 0 299 0 297 
49 1 0 0 1 2 449 183 0 2354 5 
49 1 0 0 1 2 283 449 1 819 5 
49 1 0 0 1 2 383 383 1 818 5 
49 1 0 0 1 2 482 482 1 839 5 
49 1 0 0 1 2 449 383 1 1209 5 
49 1 0 0 1 2 416 83 0 865 5 
49 1 0 0 1 2 416 50 0 662 5 
49 1 0 0 1 2 183 416 1 1064 5 
49 1 0 0 1 2 216 316 1 1582 5 
49 1 0 0 1 2 316 383 1 935 5 
49 1 0 0 1 2 482 83 0 1241 5 
49 1 0 0 1 2 249 249 0 1567 5 
49 1 0 0 1 2 183 316 0 6319 1 
49 1 0 0 1 2 116 249 0 1519 5 
49 1 0 0 1 2 50 549 1 1230 5 
49 1 0 0 1 2 116 216 0 1372 5 
49 1 0 0 1 2 249 83 0 892 5 
49 1 0 0 1 2 116 283 0 1517 5 
49 1 0 0 1 2 549 283 0 4163 5 
49 1 0 0 1 2 549 116 0 816 5 
49 1 0 0 1 2 116 516 1 701 5 
49 1 0 0 1 2 449 149 0 749 5 
49 1 0 0 1 2 216 183 0 1667 5 
49 1 0 0 1 2 416 316 0 1413 5 
49 1 0 0 1 2 316 50 0 844 5 
49 1 0 0 1 2 183 516 1 1462 5 
49 1 0 0 1 2 316 416 1 808 5 
49 1 0 0 1 2 349 349 1 1577 5 
49 1 0 0 1 2 183 183 0 940 5 
49 1 0 0 1 2 83 116 0 871 5 
49 1 0 0 1 2 449 516 1 702 5 
49 1 0 0 1 2 183 549 1 732 5 
49 1 0 0 1 1 443 294 -1 -1 0 7684 443 63 443 321 443 309 443 296 443 279 443 259 443 239 443 204 443 192 443 174 443 169 443 167 443 167 443 168 443 170 443 175 443 181 443 189 443 199 443 225 443 240 443 271 443 283 443 290 443 294 
49 1 0 0 1 1 330 321 -1 -1 1 3515 330 431 330 442 330 436 330 427 330 412 330 394 330 376 330 350 330 344 330 337 330 332 330 328 330 322 330 321 
49 1 0 0 1 1 0 317 -1 -1 1 8218 324 200 326 200 332 200 337 200 344 200 353 200 364 200 391 200 407 200 442 200 462 200 481 200 522 200 541 200 557 200 560 200 552 200 511 200 478 200 432 200 301 200 237 200 182 200 105 200 72 200 18 200 0 200 0 200 0 200 0 200 0 200 1 200 0 200 0 200 0 200 0 200 0 200 0 200 0 200 0 200 0 200 0 200 0 200 0 200 0 201 0 205 0 214 0 224 0 235 0 245 0 262 0 269 0 277 0 280 0 282 0 285 0 286 0 287 0 288 0 289 0 291 0 293 0 296 0 298 0 306 0 309 0 312 0 313 0 314 0 314 0 316 0 317 
49 1 0 0 1 1 0 267 -1 -1 0 9643 341 1 343 1 348 1 357 1 372 1 390 1 413 1 459 1 481 1 520 1 535 1 541 1 545 1 552 1 561 1 579 1 577 1 569 1 555 1 535 1 507 1 474 1 377 1 314 1 184 1 127 1 73 1 0 1 0 1 0 1 0 1 0 1 0 1 0 1 0 1 0 1 0 1 0 1 0 1 0 1 0 0 0 0 0 0 0 0 0 0 0 0 0 0 0 0 0 0 0 0 0 0 0 0 0 0 0 0 0 0 0 0 0 0 0 0 0 0 0 0 0 0 0 1 0 12 0 68 0 115 0 175 0 307 0 358 0 398 0 452 0 470 0 497 0 511 0 523 0 544 0 547 0 548 0 546 0 540 0 528 0 511 0 492 0 455 0 438 0 414 0 405 0 400 0 389 0 382 0 376 0 371 0 370 0 369 0 368 0 364 0 358 0 350 0 343 0 328 0 323 0 317 0 316 0 315 0 313 0 310 0 308 0 306 0 302 0 298 0 297 0 296 0 295 0 294 0 293 0 292 0 291 0 290 0 289 0 288 0 287 0 285 0 284 0 283 0 282 0 282 0 281 0 280 0 279 0 278 0 278 0 276 0 275 0 274 0 273 0 273 0 272 0 272 0 270 0 270 0 269 0 268 0 267 0 266 0 266 0 264 0 265 0 265 0 267 0 267 
49 1 0 0 1 1 0 202 -1 -1 0 8577 338 180 342 180 340 180 334 180 322 180 304 180 278 180 205 180 162 180 82 180 50 180 23 180 0 180 0 180 0 180 0 180 0 180 0 180 0 180 0 180 0 180 0 180 0 180 0 180 0 180 0 180 0 180 0 192 0 193 0 194 0 195 0 198 0 201 0 206 0 210 0 213 0 215 0 215 0 216 0 217 0 218 0 217 0 216 0 215 0 214 0 213 0 211 0 210 0 209 0 208 0 207 0 206 0 205 0 204 0 203 0 202 0 201 0 200 0 199 0 198 0 196 0 195 0 194 0 195 0 196 0 197 0 198 0 199 0 200 0 201 0 202 
49 1 0 0 1 1 0 207 -1 -1 0 7961 28 103 26 103 21 103 13 103 3 103 0 103 0 103 0 103 0 103 0 103 0 103 0 103 0 103 0 103 0 103 0 103 0 103 0 103 0 104 0 106 0 107 0 108 0 109 0 110 0 117 0 123 0 137 0 144 0 149 0 158 0 162 0 164 0 166 0 168 0 176 0 180 0 183 0 189 0 191 0 192 0 193 0 194 0 195 0 196 0 197 0 199 0 200 0 201 0 202 0 203 0 204 0 205 0 206 0 205 0 203 0 197 0 192 0 187 0 185 0 181 0 182 0 184 0 186 0 189 0 191 0 192 0 193 0 194 0 195 0 196 0 197 0 198 0 199 0 200 0 201 0 203 0 204 0 206 0 207 
49 1 0 0 1 1 2 330 -1 -1 1 6410 572 193 571 193 567 193 562 193 552 193 534 193 510 193 450 193 419 193 365 193 346 193 329 193 297 193 283 193 268 193 234 193 215 193 180 193 163 193 144 193 115 193 120 193 126 193 127 193 126 193 117 193 98 193 33 193 0 193 0 193 0 193 0 193 0 193 0 193 0 193 0 193 0 193 0 193 0 193 0 193 0 193 2 193 2 202 2 214 2 228 2 240 2 251 2 262 2 289 2 300 2 313 2 317 2 321 2 326 2 327 2 328 2 326 2 323 2 319 2 315 2 313 2 311 2 302 2 298 2 295 2 296 2 299 2 305 2 312 2 318 2 325 2 330 
49 1 0 0 1 1 315 301 -1 -1 1 5400 342 571 341 571 339 571 338 571 336 571 338 571 342 571 353 571 371 571 397 571 425 571 476 571 498 571 536 571 556 571 574 571 599 571 599 571 598 571 592 571 582 571 548 571 525 571 502 571 473 571 468 571 465 571 452 571 437 571 418 571 367 571 343 571 315 571 315 579 315 584 315 594 315 599 315 599 315 599 315 599 315 599 315 599 315 599 315 599 315 597 315 592 315 587 315 585 315 582 315 576 315 565 315 545 315 481 315 430 315 377 315 328 315 291 315 264 315 236 315 231 315 232 315 237 315 248 315 262 315 277 315 290 315 308 315 313 315 324 315 326 315 329 315 335 315 338 315 325 315 321 315 317 315 314 315 309 315 306 315 305 315 304 315 301 
49 1 0 0 1 1 599 259 -1 -1 0 4794 50 488 31 488 20 488 5 488 0 488 0 488 0 488 0 488 0 488 0 488 0 488 0 488 0 488 0 488 0 488 2 488 15 488 37 488 71 488 121 488 191 488 264 488 346 488 412 488 463 488 531 488 555 488 576 488 592 488 599 488 599 488 599 488 599 488 599 488 599 488 599 488 599 488 599 488 599 488 599 488 599 487 599 485 599 481 599 474 599 466 599 453 599 419 599 401 599 369 599 354 599 338 599 305 599 293 599 283 599 262 599 251 599 233 599 229 599 226 599 223 599 222 599 223 599 224 599 226 599 230 599 235 599 240 599 250 599 254 599 258 599 259 
49 1 0 0 1 1 599 296 -1 -1 0 5018 559 596 558 596 556 596 555 596 551 596 545 596 538 596 518 596 507 596 480 596 466 596 451 596 420 596 408 596 397 596 382 596 384 596 391 596 403 596 416 596 431 596 447 596 485 596 507 596 554 596 580 596 599 596 599 596 599 596 599 596 599 596 599 594 599 589 599 581 599 569 599 554 599 533 599 479 599 454 599 417 599 407 599 399 599 385 599 381 599 378 599 376 599 374 599 366 599 363 599 361 599 360 599 359 599 358 599 356 599 352 599 346 599 329 599 320 599 307 599 302 599 298 599 289 599 286 599 283 599 280 599 277 599 268 599 265 599 266 599 267 599 269 599 273 599 278 599 284 599 289 599 296 
49 1 0 0 1 1 206 298 -1 -1 0 6858 77 378 79 378 80 378 80 378 79 378 76 378 69 378 62 378 54 378 45 378 32 378 26 378 15 378 11 378 10 378 11 378 17 378 29 378 51 378 82 378 117 378 178 378 196 378 206 378 206 379 206 378 206 375 206 369 206 359 206 346 206 316 206 300 206 277 206 271 206 268 206 267 206 266 206 266 206 265 206 264 206 265 206 267 206 271 206 275 206 282 206 287 206 296 206 298 
49 1 0 0 1 1 325 307 -1 -1 1 7147 165 118 156 118 152 118 146 118 139 118 132 118 129 118 126 118 125 118 123 118 120 118 117 118 115 118 111 118 99 118 96 118 95 118 97 118 102 118 125 118 143 118 162 118 199 118 217 118 249 118 262 118 273 118 291 118 299 118 306 118 316 118 321 118 324 118 325 118 325 118 325 121 325 127 325 138 325 149 325 160 325 170 325 181 325 179 325 170 325 155 325 136 325 85 325 58 325 39 325 17 325 13 325 10 325 8 325 3 325 0 325 0 325 0 325 2 325 10 325 22 325 39 325 59 325 105 325 129 325 149 325 177 325 188 325 204 325 210 325 215 325 225 325 233 325 243 325 262 325 268 325 275 325 277 325 282 325 297 325 306 325 315 325 336 325 346 325 363 325 370 325 375 325 377 325 376 325 375 325 371 325 368 325 364 325 358 325 352 325 346 325 341 325 334 325 332 325 331 325 330 325 329 325 328 325 326 325 325 325 324 325 324 325 323 325 321 325 319 325 317 325 316 325 315 325 314 325 313 325 312 325 311 325 311 325 309 325 308 325 307 
49 1 0 0 1 1 389 252 -1 -1 0 5323 165 252 170 252 172 252 179 252 188 252 201 252 218 252 250 252 256 252 254 252 252 252 253 252 257 252 264 252 273 252 283 252 299 252 341 252 359 252 381 252 387 252 389 252 389 251 389 249 389 247 389 245 389 243 389 241 389 238 389 230 389 214 389 208 389 205 389 196 389 194 389 193 389 193 389 194 389 196 389 200 389 204 389 209 389 217 389 222 389 232 389 236 389 239 389 242 389 246 389 250 389 252 
49 1 0 0 1 1 393 288 -1 -1 0 6284 209 6 205 6 206 6 208 6 210 6 212 6 215 6 222 6 228 6 240 6 251 6 262 6 287 6 300 6 312 6 335 6 346 6 364 6 367 6 368 6 369 6 372 6 378 6 386 6 391 6 393 6 393 5 393 1 393 0 393 0 393 0 393 0 393 0 393 0 393 0 393 0 393 0 393 0 393 0 393 0 393 0 393 0 393 0 393 0 393 0 393 1 393 9 393 21 393 74 393 110 393 152 393 226 393 257 393 302 393 318 393 333 393 356 393 364 393 370 393 374 393 375 393 378 393 379 393 378 393 376 393 371 393 366 393 360 393 352 393 335 393 330 393 327 393 326 393 325 393 321 393 317 393 315 393 311 393 309 393 304 393 301 393 300 393 299 393 297 393 293 393 291 393 289 393 288 
49 1 0 0 1 1 297 301 -1 -1 1 8571 297 349 297 342 297 330 297 316 297 300 297 281 297 264 297 246 297 247 297 252 297 260 297 270 297 280 297 286 297 288 297 289 297 291 297 298 297 307 297 320 297 345 297 357 297 371 297 370 297 369 297 367 297 363 297 358 297 349 297 336 297 332 297 329 297 328 297 327 297 326 297 324 297 322 297 321 297 319 297 318 297 318 297 316 297 315 297 314 297 313 297 312 297 311 297 310 297 310 297 309 297 308 297 307 297 306 297 305 297 304 297 303 297 303 297 301 
49 1 0 0 1 1 321 305 -1 -1 1 7041 111 475 111 482 111 490 111 499 111 509 111 519 111 530 111 551 111 561 111 568 111 570 111 571 111 572 111 574 111 578 111 580 111 577 111 566 111 548 111 521 111 488 111 453 111 422 111 387 111 381 111 380 111 378 111 373 111 366 111 360 111 357 111 356 111 355 111 354 111 353 111 352 111 350 111 346 111 342 111 337 111 329 111 321 111 312 111 304 111 295 111 282 111 277 111 275 111 272 111 268 111 266 111 265 111 265 112 265 113 265 115 265 121 265 131 265 145 265 179 265 199 265 244 265 263 265 279 265 299 265 305 265 307 265 312 265 313 265 314 265 315 265 316 265 317 265 319 265 320 265 321 265 321 266 321 267 321 271 321 275 321 279 321 281 321 286 321 289 321 293 321 295 321 298 321 301 321 305 
49 1 0 0 1 2 383 316 1 3135 4 
49 1 0 0 1 2 149 383 1 969 4 
49 1 0 0 1 2 482 216 0 1588 5 
49 1 0 0 1 2 516 249 0 785 5 
49 1 0 0 1 2 516 216 0 687 5 
49 1 0 0 1 2 383 349 1 1483 5 
49 1 0 0 1 2 283 349 1 869 5 
49 1 0 0 1 2 549 50 0 857 5 
49 1 0 0 1 2 149 549 1 1312 5 
49 1 0 0 1 2 216 149 0 876 5 
49 1 0 0 1 2 116 116 0 873 5 
49 1 0 0 1 2 249 50 0 875 5 
49 1 0 0 1 2 349 449 1 1066 5 
49 1 0 0 1 2 249 216 0 976 5 
49 1 0 0 1 2 383 116 0 738 5 
49 1 0 0 1 2 50 283 0 1693 5 
49 1 0 0 1 2 316 116 0 1013 5 
49 1 0 0 1 2 149 183 0 730 5 
49 1 0 0 1 2 249 316 1 2815 5 
49 1 0 0 1 2 516 449 1 923 5 
49 1 0 0 1 2 549 449 1 640 5 
49 1 0 0 1 2 349 149 0 754 5 
49 1 0 0 1 2 516 349 1 1175 5 
49 1 0 0 1 2 116 416 1 981 5 
49 1 0 0 1 2 116 482 1 631 5 
49 1 0 0 1 2 249 416 1 731 5 
49 1 0 0 1 2 183 249 0 1714 5 
49 1 0 0 1 2 316 149 0 794 5 
49 1 0 0 1 2 50 83 0 794 5 
49 1 0 0 1 2 149 349 1 1067 5 
49 1 0 0 1 2 549 516 1 815 5 
49 1 0 0 1 2 482 383 1 1495 5 
