Subject 56 in condition 0
Training Condition: 0
Task: 0
Rule: [[[220, 300], [[2000, 0], [0, 9000]]], [[380, 300], [[2000, 0], [0, 9000]]]]
Noise: 0
CATA=1
CATB=0
Sample keys: 120 122
Resp keys: 307 309
Dim direction: 1 0
Dim minimum: 96 54
Test order: [4, 0, 7, 1, 3, 5, 6, 2]
56 0 0 0 0 1 210 1 -1 -1 0 11877 210 27 210 10 210 11 210 15 210 19 210 25 210 31 210 40 210 48 210 56 210 65 210 83 210 91 210 96 210 100 210 101 210 102 210 103 210 105 210 106 210 108 210 110 210 113 210 117 210 122 210 127 210 132 210 144 210 151 210 159 210 167 210 177 210 188 210 207 210 217 210 227 210 238 210 248 210 265 210 272 210 278 210 286 210 291 210 297 210 307 210 311 210 315 210 319 210 322 210 327 210 329 210 330 210 332 210 333 210 334 210 335 210 336 210 337 210 338 210 338 210 338 210 337 210 336 210 332 210 328 210 324 210 317 210 310 210 300 210 287 210 260 210 248 210 237 210 223 210 209 210 194 210 177 210 169 210 161 210 153 210 145 210 134 210 130 210 126 210 122 210 118 210 114 210 103 210 95 210 88 210 82 210 76 210 64 210 57 210 51 210 47 210 43 210 40 210 33 210 31 210 30 210 28 210 27 210 25 210 20 210 19 210 17 210 16 210 12 210 11 210 9 210 8 210 8 210 7 210 6 210 5 210 4 210 3 210 2 210 1 
56 0 0 0 0 1 122 138 -1 -1 0 6381 122 43 122 317 122 316 122 315 122 314 122 313 122 312 122 312 122 311 122 308 122 305 122 299 122 293 122 285 122 278 122 268 122 259 122 241 122 234 122 229 122 226 122 225 122 223 122 222 122 221 122 221 122 220 122 219 122 218 122 216 122 212 122 207 122 201 122 194 122 186 122 180 122 174 122 165 122 162 122 159 122 158 122 157 122 156 122 155 122 154 122 153 122 152 122 148 122 145 122 142 122 140 122 138 
56 0 0 0 0 1 65 451 -1 -1 0 5268 65 407 65 423 65 425 65 427 65 429 65 432 65 435 65 440 65 444 65 448 65 450 65 451 
56 0 0 0 0 1 571 141 -1 -1 1 7942 571 214 571 214 571 214 571 212 571 211 571 210 571 208 571 204 571 201 571 198 571 196 571 192 571 189 571 182 571 180 571 180 571 178 571 176 571 175 571 173 571 171 571 170 571 169 571 168 571 167 571 165 571 164 571 163 571 162 571 161 571 160 571 160 571 158 571 157 571 156 571 155 571 154 571 153 571 152 571 151 571 150 571 148 571 146 571 145 571 144 571 143 571 142 571 141 
56 0 0 0 0 1 494 0 -1 -1 1 12581 494 254 494 254 494 253 494 252 494 252 494 251 494 250 494 250 494 248 494 247 494 245 494 243 494 241 494 240 494 238 494 237 494 237 494 236 494 235 494 234 494 233 494 232 494 231 494 231 494 229 494 228 494 227 494 226 494 225 494 224 494 223 494 223 494 222 494 221 494 220 494 219 494 218 494 217 494 216 494 215 494 214 494 212 494 211 494 210 494 208 494 205 494 202 494 194 494 190 494 185 494 179 494 175 494 170 494 161 494 158 494 156 494 152 494 150 494 147 494 145 494 144 494 143 494 141 494 141 494 139 494 138 494 138 494 138 494 137 494 137 494 136 494 136 494 136 494 136 494 136 494 136 494 138 494 138 494 139 494 141 494 141 494 142 494 143 494 144 494 145 494 145 494 146 494 147 494 147 494 150 494 150 494 151 494 152 494 153 494 154 494 158 494 163 494 170 494 179 494 189 494 202 494 213 494 226 494 249 494 260 494 271 494 280 494 289 494 297 494 314 494 323 494 329 494 337 494 343 494 359 494 366 494 371 494 378 494 384 494 390 494 401 494 406 494 411 494 417 494 423 494 434 494 442 494 450 494 458 494 467 494 476 494 503 494 517 494 531 494 545 494 560 494 574 494 599 494 599 494 599 494 599 494 599 494 599 494 599 494 599 494 599 494 599 494 599 494 599 494 599 494 599 494 599 494 599 494 599 494 599 494 599 494 599 494 599 494 599 494 599 494 599 494 599 494 599 494 599 494 599 494 599 494 599 494 597 494 591 494 583 494 572 494 558 494 537 494 510 494 474 494 432 494 387 494 294 494 245 494 190 494 132 494 66 494 7 494 0 494 0 494 0 494 0 494 0 494 0 494 0 494 0 494 0 494 0 494 0 494 0 494 0 494 0 494 0 494 0 494 0 494 0 
56 0 0 0 0 1 395 129 -1 -1 1 9070 395 24 395 21 395 21 395 23 395 24 395 26 395 28 395 32 395 35 395 40 395 48 395 56 395 75 395 86 395 96 395 107 395 117 395 128 395 144 395 151 395 155 395 158 395 159 395 159 395 160 395 161 395 162 395 162 395 163 395 164 395 165 395 165 395 166 395 166 395 168 395 169 395 170 395 172 395 174 395 176 395 179 395 183 395 187 395 192 395 196 395 203 395 205 395 208 395 210 395 211 395 212 395 213 395 214 395 216 395 217 395 219 395 222 395 224 395 226 395 227 395 229 395 230 395 231 395 231 395 232 395 232 395 232 395 230 395 224 395 213 395 201 395 191 395 184 395 179 395 176 395 175 395 174 395 173 395 172 395 172 395 170 395 170 395 173 395 179 395 189 395 199 395 213 395 226 395 239 395 250 395 260 395 278 395 284 395 288 395 289 395 289 395 288 395 280 395 275 395 268 395 263 395 258 395 248 395 242 395 236 395 230 395 226 395 224 395 217 395 214 395 211 395 209 395 208 395 209 395 214 395 221 395 229 395 237 395 241 395 242 395 235 395 216 395 149 395 106 395 67 395 21 395 0 395 0 395 0 395 0 395 0 395 0 395 0 395 0 395 0 395 0 395 0 395 0 395 0 395 0 395 0 395 0 395 0 395 0 395 0 395 0 395 1 395 3 395 7 395 16 395 30 395 47 395 67 395 91 395 121 395 191 395 227 395 263 395 296 395 327 395 354 395 390 395 398 395 400 395 400 395 399 395 397 395 393 395 385 395 375 395 362 395 346 395 328 395 310 395 279 395 265 395 251 395 238 395 223 395 208 395 187 395 181 395 178 395 175 395 170 395 161 395 150 395 140 395 131 395 122 395 114 395 108 395 103 395 102 395 103 395 104 395 106 395 109 395 112 395 115 395 117 395 118 395 118 395 120 395 120 395 121 395 121 395 123 395 124 395 124 395 126 395 126 395 128 395 129 
56 0 0 0 0 1 42 140 -1 -1 0 8764 42 534 42 539 42 541 42 546 42 552 42 561 42 571 42 583 42 597 42 599 42 599 42 599 42 599 42 599 42 599 42 599 42 599 42 599 42 599 42 599 42 599 42 599 42 599 42 599 42 599 42 599 42 599 42 599 42 597 42 595 42 592 42 586 42 575 42 561 42 543 42 522 42 500 42 458 42 438 42 420 42 404 42 389 42 377 42 363 42 361 42 360 42 359 42 358 42 357 42 356 42 354 42 351 42 347 42 344 42 337 42 333 42 327 42 319 42 313 42 295 42 284 42 273 42 262 42 252 42 242 42 223 42 215 42 204 42 194 42 186 42 172 42 165 42 157 42 150 42 143 42 140 
56 0 0 0 0 1 140 346 -1 -1 0 6717 140 538 140 599 140 599 140 599 140 599 140 599 140 599 140 599 140 599 140 599 140 599 140 599 140 599 140 599 140 599 140 597 140 591 140 581 140 569 140 552 140 536 140 517 140 497 140 475 140 455 140 427 140 418 140 412 140 410 140 410 140 411 140 415 140 421 140 428 140 434 140 439 140 441 140 443 140 445 140 449 140 453 140 457 140 460 140 462 140 464 140 467 140 469 140 470 140 470 140 471 140 471 140 472 140 473 140 473 140 474 140 475 140 479 140 480 140 482 140 482 140 482 140 482 140 482 140 482 140 482 140 482 140 480 140 475 140 473 140 471 140 469 140 467 140 464 140 460 140 458 140 457 140 454 140 451 140 438 140 432 140 427 140 424 140 425 140 426 140 427 140 428 140 430 140 432 140 433 140 434 140 437 140 438 140 436 140 433 140 429 140 426 140 423 140 419 140 406 140 400 140 393 140 387 140 381 140 368 140 363 140 359 140 354 140 351 140 349 140 347 140 346 
56 0 0 0 0 1 599 0 -1 -1 1 7876 556 48 555 48 553 48 550 48 548 48 544 48 541 48 538 48 533 48 531 48 527 48 521 48 518 48 514 48 510 48 507 48 504 48 503 48 504 48 508 48 513 48 521 48 530 48 540 48 550 48 560 48 570 48 578 48 594 48 599 48 599 48 599 48 599 48 599 48 599 48 599 48 599 48 599 48 599 48 599 48 599 48 599 48 599 48 599 48 599 48 599 48 599 48 599 48 599 48 599 28 599 24 599 22 599 19 599 16 599 12 599 9 599 5 599 1 599 0 599 0 599 0 599 0 599 0 599 0 599 0 599 0 599 0 599 0 599 0 599 0 599 0 599 0 599 0 
56 0 0 0 0 1 599 526 -1 -1 1 5709 437 436 437 437 437 438 437 439 437 441 437 443 437 446 437 450 437 454 437 458 437 463 437 475 437 481 437 486 437 490 437 492 437 494 437 499 437 502 437 506 437 510 437 513 437 520 437 522 437 524 437 526 437 526 437 526 437 526 437 525 437 525 437 525 437 525 437 525 437 525 437 525 437 525 437 525 437 525 437 525 437 526 437 526 437 526 437 526 436 526 432 526 427 526 421 526 414 526 408 526 400 526 393 526 374 526 365 526 356 526 348 526 338 526 329 526 312 526 305 526 298 526 293 526 288 526 287 526 289 526 293 526 300 526 311 526 327 526 348 526 373 526 403 526 435 526 474 526 553 526 590 526 599 526 599 526 599 526 599 526 599 526 599 526 599 526 599 526 599 526 599 526 599 526 599 526 
56 0 0 0 0 1 599 36 -1 -1 1 4149 137 36 135 36 140 36 145 36 153 36 164 36 176 36 190 36 206 36 220 36 238 36 271 36 290 36 311 36 334 36 357 36 382 36 445 36 477 36 508 36 543 36 583 36 599 36 599 36 599 36 599 36 599 36 599 36 599 36 599 36 599 36 599 36 599 36 599 36 599 36 599 36 599 36 599 36 
56 0 0 0 0 1 599 387 -1 -1 1 3614 162 387 0 387 2 387 7 387 15 387 28 387 46 387 68 387 92 387 123 387 159 387 240 387 285 387 332 387 383 387 425 387 470 387 546 387 580 387 599 387 599 387 599 387 599 387 599 387 599 387 599 387 599 387 599 387 599 387 599 387 599 387 599 387 
56 0 0 0 0 1 599 86 -1 -1 1 4398 255 86 0 86 1 86 2 86 3 86 4 86 7 86 9 86 13 86 17 86 22 86 27 86 33 86 44 86 50 86 55 86 59 86 63 86 65 86 69 86 70 86 72 86 74 86 78 86 86 86 91 86 97 86 105 86 115 86 125 86 143 86 155 86 166 86 177 86 190 86 216 86 231 86 246 86 262 86 279 86 295 86 334 86 359 86 386 86 414 86 438 86 484 86 507 86 528 86 547 86 562 86 577 86 599 86 599 86 599 86 599 86 599 86 599 86 599 86 599 86 599 86 599 86 
56 0 0 0 0 1 599 137 -1 -1 1 6851 36 535 0 535 3 535 12 535 25 535 41 535 60 535 78 535 92 535 105 535 120 535 145 535 155 535 161 535 165 535 170 535 176 535 185 535 191 535 200 535 212 535 226 535 257 535 272 535 288 535 303 535 316 535 330 535 361 535 378 535 393 535 406 535 417 535 430 535 434 535 438 535 441 535 445 535 449 535 460 535 470 535 482 535 496 535 510 535 524 535 555 535 568 535 577 535 582 535 585 535 585 535 586 535 587 535 589 535 590 535 591 535 593 535 595 535 596 535 597 535 598 535 599 535 599 535 599 535 599 535 599 535 599 535 599 535 599 535 599 535 599 535 599 535 599 535 599 535 599 535 599 535 599 535 599 437 599 429 599 417 599 402 599 386 599 370 599 356 599 339 599 322 599 307 599 274 599 258 599 242 599 227 599 214 599 202 599 183 599 178 599 173 599 171 599 169 599 167 599 166 599 165 599 164 599 163 599 162 599 161 599 160 599 158 599 157 599 155 599 152 599 149 599 145 599 138 599 137 
56 0 0 0 0 1 599 492 -1 -1 1 3789 371 527 370 527 377 527 388 527 403 527 418 527 439 527 463 527 493 527 526 527 561 527 599 527 599 527 599 527 599 527 599 527 599 495 599 494 599 493 599 492 
56 0 0 0 0 1 599 105 -1 -1 1 3966 370 109 0 109 2 109 6 109 13 109 23 109 39 109 56 109 74 109 96 109 118 109 167 109 192 109 221 109 248 109 278 109 310 109 374 109 405 109 435 109 463 109 487 109 531 109 550 109 570 109 581 109 590 109 598 109 599 109 599 109 599 109 599 109 599 109 599 109 599 109 599 109 599 109 599 109 599 109 599 109 599 106 599 106 599 105 
56 0 0 0 0 2 116 349 0 4751 3 
56 0 0 0 0 2 149 416 0 4135 4 
56 0 0 0 0 2 83 216 1 8678 3 
56 0 0 0 0 2 449 249 1 1863 3 
56 0 0 0 0 2 516 83 1 2087 4 
56 0 0 0 0 2 216 516 1 5873 2 
56 0 0 0 0 2 216 116 0 4479 3 
56 0 0 0 0 2 149 449 0 1864 4 
56 0 0 0 0 2 416 283 1 2065 5 
56 0 0 0 0 2 183 149 1 3670 3 
56 0 0 0 0 2 449 283 1 1794 3 
56 0 0 0 0 2 516 316 1 2654 3 
56 0 0 0 0 2 283 516 0 4836 3 
56 0 0 0 0 2 416 549 1 1932 2 
56 0 0 0 0 2 116 183 1 2259 5 
56 0 0 0 0 2 449 482 1 2163 3 
56 0 0 0 0 2 549 549 0 1241 2 
56 0 0 0 0 2 83 249 0 3443 3 
56 0 0 0 0 2 549 249 1 1220 2 
56 0 0 0 0 2 349 50 0 4547 3 
56 0 0 0 0 2 383 482 1 1911 4 
56 0 0 0 0 2 383 249 0 1653 4 
56 0 0 0 0 2 516 416 1 1789 4 
56 0 0 0 0 2 249 383 0 2634 3 
56 0 0 0 0 2 216 249 1 2212 4 
56 0 0 0 0 2 283 283 0 1199 3 
56 0 0 0 0 2 316 83 1 1410 3 
56 0 0 0 0 2 216 216 0 747 4 
56 0 0 0 0 2 83 383 1 797 2 
56 0 0 0 0 2 416 383 0 907 3 
56 0 0 0 0 2 283 316 0 1486 3 
56 0 0 0 0 2 516 516 1 991 3 
56 0 0 0 0 1 599 152 -1 -1 1 16655 409 384 599 384 599 384 599 384 599 384 599 384 599 384 599 384 599 384 599 384 599 384 599 384 599 384 599 384 599 384 599 384 599 384 599 145 599 141 599 129 599 111 599 92 599 71 599 46 599 21 599 0 599 0 599 0 599 0 599 0 599 2 599 5 599 10 599 17 599 25 599 31 599 37 599 43 599 51 599 61 599 83 599 94 599 105 599 117 599 130 599 144 599 165 599 171 599 176 599 181 599 183 599 184 599 185 599 186 599 187 599 188 599 187 599 186 599 185 599 185 599 184 599 184 599 183 599 182 599 182 599 181 599 181 599 179 599 178 599 178 599 177 599 176 599 176 599 175 599 175 599 174 599 174 599 173 599 173 599 172 599 172 599 171 599 170 599 169 599 169 599 168 599 167 599 166 599 165 599 165 599 163 599 162 599 161 599 160 599 159 599 158 599 157 599 156 599 156 599 155 599 154 599 153 599 152 
56 0 0 0 0 1 595 120 -1 -1 1 6813 443 222 444 222 448 222 456 222 466 222 479 222 497 222 519 222 547 222 579 222 599 222 599 222 599 222 599 222 599 222 599 222 599 222 599 222 599 222 599 222 599 222 597 222 595 222 595 0 595 5 595 11 595 16 595 21 595 24 595 28 595 30 595 30 595 30 595 21 595 13 595 5 595 0 595 0 595 0 595 0 595 0 595 1 595 3 595 6 595 10 595 14 595 21 595 27 595 32 595 37 595 46 595 50 595 54 595 59 595 63 595 68 595 75 595 81 595 88 595 94 595 100 595 109 595 113 595 118 595 121 595 122 595 123 595 127 595 129 595 130 595 133 595 135 595 138 595 140 595 141 595 142 595 140 595 138 595 134 595 130 595 126 595 123 595 121 595 120 
56 0 0 0 0 1 599 93 -1 -1 1 6350 186 369 201 369 202 369 206 369 212 369 225 369 243 369 267 369 296 369 327 369 360 369 439 369 478 369 516 369 548 369 577 369 599 369 599 369 599 369 599 369 599 369 599 369 599 369 599 0 599 0 599 0 599 0 599 0 599 0 599 0 599 0 599 0 599 0 599 0 599 0 599 0 599 0 599 1 599 3 599 5 599 7 599 9 599 11 599 15 599 18 599 21 599 24 599 29 599 32 599 36 599 40 599 42 599 43 599 44 599 45 599 46 599 47 599 48 599 50 599 53 599 55 599 58 599 59 599 61 599 63 599 69 599 72 599 73 599 74 599 78 599 80 599 82 599 83 599 85 599 86 599 87 599 89 599 90 599 91 599 92 599 93 599 93 
56 0 0 0 0 1 598 108 -1 -1 1 5888 225 338 224 338 229 338 240 338 255 338 275 338 298 338 333 338 382 338 439 338 496 338 593 338 599 338 599 338 599 338 599 338 599 338 599 338 599 338 599 338 599 338 598 338 598 0 598 0 598 0 598 0 598 0 598 0 598 0 598 0 598 0 598 0 598 0 598 0 598 0 598 0 598 0 598 0 598 0 598 0 598 1 598 3 598 5 598 9 598 14 598 21 598 29 598 39 598 49 598 69 598 78 598 85 598 93 598 99 598 103 598 107 598 108 
56 0 0 0 0 1 583 51 -1 -1 1 6460 141 433 136 433 136 433 136 433 137 433 140 433 145 433 156 433 171 433 189 433 207 433 223 433 255 433 267 433 275 433 281 433 284 433 287 433 290 433 292 433 294 433 297 433 300 433 306 433 310 433 319 433 329 433 340 433 348 433 355 433 356 433 357 433 357 433 359 433 365 433 371 433 383 433 398 433 417 433 438 433 476 433 498 433 519 433 536 433 552 433 566 433 584 433 591 433 593 433 595 433 595 433 595 433 593 433 592 433 589 433 587 433 585 433 584 433 583 433 583 433 583 433 583 433 583 179 583 178 583 173 583 167 583 158 583 150 583 141 583 131 583 122 583 117 583 113 583 111 583 110 583 109 583 108 583 106 583 103 583 99 583 95 583 92 583 91 583 90 583 89 583 85 583 84 583 83 583 82 583 81 583 80 583 79 583 78 583 77 583 74 583 72 583 70 583 66 583 64 583 61 583 59 583 58 583 58 583 57 583 57 583 55 583 53 583 52 583 51 
56 0 0 0 0 1 598 14 -1 -1 1 3774 374 478 376 478 385 478 400 478 423 478 460 478 499 478 550 478 599 478 599 478 599 478 599 478 599 478 599 478 599 478 599 478 599 478 599 478 599 478 599 478 599 478 599 478 598 478 598 478 598 417 598 398 598 378 598 356 598 332 598 304 598 276 598 248 598 218 598 192 598 139 598 113 598 90 598 71 598 57 598 46 598 33 598 28 598 25 598 23 598 22 598 20 598 19 598 17 598 16 598 15 598 14 
56 0 0 0 0 1 592 0 -1 -1 1 8670 506 184 510 184 515 184 599 184 599 184 599 184 599 184 599 184 599 184 599 184 599 184 599 184 599 184 598 184 594 184 590 184 588 184 586 184 585 184 584 184 583 184 583 184 582 184 581 184 586 184 591 184 599 184 599 184 599 184 599 184 599 184 599 184 599 184 599 184 599 184 599 184 599 184 599 184 599 184 599 184 599 184 599 184 599 184 598 184 0 184 13 184 25 184 40 184 55 184 76 184 104 184 148 184 199 184 252 184 387 184 455 184 512 184 574 184 599 184 599 184 599 184 599 184 599 184 599 184 599 184 599 184 599 184 599 184 599 184 599 184 599 184 599 184 599 184 599 184 599 184 599 184 599 184 598 184 597 184 597 184 596 184 594 184 593 184 592 184 592 175 592 171 592 164 592 153 592 140 592 125 592 106 592 86 592 63 592 39 592 0 592 0 592 0 592 0 592 0 592 0 592 0 592 0 592 0 592 0 592 0 592 0 592 0 592 0 592 0 592 0 592 0 592 0 592 0 592 0 
56 0 0 0 0 1 599 0 -1 -1 1 3842 339 224 341 224 345 224 354 224 367 224 387 224 415 224 454 224 501 224 553 224 599 224 599 224 599 224 599 224 599 224 599 224 599 224 599 224 599 224 599 224 599 224 599 86 599 85 599 79 599 71 599 58 599 43 599 24 599 3 599 0 599 0 599 0 599 0 599 0 599 0 599 0 599 0 599 0 
56 0 0 0 0 1 599 0 -1 -1 1 4134 179 97 176 97 184 97 197 97 217 97 247 97 291 97 347 97 413 97 475 97 535 97 599 97 599 97 599 97 599 97 599 97 599 97 599 97 599 97 599 97 599 97 599 96 599 92 599 88 599 82 599 74 599 64 599 51 599 36 599 21 599 6 599 0 599 0 599 0 599 0 599 0 599 0 599 0 599 0 599 0 599 0 599 0 599 0 599 0 599 0 599 0 599 0 599 0 599 0 599 0 
56 0 0 0 0 1 599 0 -1 -1 1 4005 203 207 149 207 155 207 164 207 177 207 196 207 225 207 268 207 327 207 394 207 465 207 597 207 599 207 599 207 599 207 599 207 599 207 599 207 599 207 599 206 599 201 599 189 599 173 599 150 599 121 599 88 599 49 599 11 599 0 599 0 599 0 599 0 599 0 599 0 599 0 599 0 599 0 599 0 599 0 599 0 
56 0 0 0 0 1 599 81 -1 -1 1 4185 106 358 105 358 111 358 127 358 152 358 196 358 257 358 334 358 423 358 517 358 596 358 599 358 599 358 599 358 599 358 599 358 599 358 599 358 599 358 599 358 599 357 599 356 599 350 599 341 599 331 599 319 599 308 599 298 599 288 599 281 599 276 599 270 599 269 599 268 599 266 599 262 599 256 599 249 599 241 599 233 599 223 599 211 599 196 599 164 599 150 599 136 599 124 599 112 599 101 599 87 599 84 599 83 599 83 599 81 599 81 
56 0 0 0 0 1 599 66 -1 -1 1 4292 134 412 107 412 112 412 121 412 137 412 159 412 188 412 222 412 262 412 304 412 350 412 430 412 464 412 495 412 522 412 546 412 566 412 599 412 599 412 599 412 599 412 599 412 599 412 599 412 599 412 599 412 599 412 599 412 599 412 599 410 599 408 599 399 599 384 599 363 599 337 599 304 599 269 599 237 599 206 599 150 599 126 599 108 599 97 599 91 599 89 599 88 599 87 599 85 599 82 599 78 599 75 599 72 599 70 599 68 599 67 599 66 
56 0 0 0 0 1 598 141 -1 -1 1 5740 357 61 134 61 139 61 148 61 161 61 179 61 208 61 243 61 290 61 346 61 413 61 551 61 599 61 599 61 599 61 599 61 599 61 599 61 599 61 599 61 599 61 599 61 599 61 599 61 598 61 598 58 598 60 598 61 598 62 598 61 598 57 598 48 598 35 598 23 598 12 598 3 598 0 598 0 598 0 598 0 598 0 598 0 598 0 598 0 598 0 598 0 598 0 598 0 598 0 598 0 598 0 598 0 598 0 598 0 598 0 598 1 598 4 598 9 598 16 598 24 598 33 598 42 598 51 598 60 598 70 598 87 598 95 598 105 598 114 598 124 598 134 598 153 598 160 598 166 598 170 598 171 598 170 598 168 598 166 598 163 598 162 598 160 598 159 598 158 598 157 598 155 598 155 598 153 598 153 598 152 598 151 598 150 598 150 598 148 598 147 598 146 598 144 598 143 598 143 598 141 
56 0 0 0 0 1 599 142 -1 -1 1 4749 407 469 341 469 347 469 361 469 388 469 429 469 483 469 551 469 599 469 599 469 599 469 599 469 599 469 599 469 599 469 599 469 599 464 599 461 599 456 599 450 599 441 599 433 599 423 599 413 599 402 599 393 599 374 599 364 599 353 599 342 599 329 599 319 599 300 599 291 599 283 599 278 599 274 599 270 599 268 599 264 599 261 599 257 599 253 599 240 599 234 599 228 599 223 599 219 599 214 599 205 599 201 599 197 599 192 599 189 599 180 599 176 599 172 599 168 599 167 599 165 599 164 599 163 599 161 599 159 599 157 599 153 599 150 599 147 599 145 599 144 599 143 599 142 
56 0 0 0 0 1 599 181 -1 -1 1 4254 182 568 136 568 142 568 151 568 167 568 190 568 220 568 259 568 305 568 353 568 402 568 502 568 545 568 582 568 599 568 599 568 599 568 599 568 599 568 599 568 599 568 599 568 599 568 599 568 599 568 599 568 599 568 599 568 599 568 599 567 599 563 599 555 599 545 599 530 599 511 599 493 599 470 599 445 599 421 599 373 599 352 599 333 599 315 599 301 599 290 599 277 599 273 599 269 599 265 599 263 599 258 599 254 599 250 599 247 599 245 599 243 599 242 599 241 599 239 599 236 599 232 599 220 599 213 599 207 599 201 599 197 599 193 599 186 599 183 599 182 599 181 
56 0 0 0 0 1 599 62 -1 -1 1 3756 88 531 0 531 9 531 23 531 44 531 80 531 140 531 222 531 315 531 414 531 524 531 599 531 599 531 599 531 599 531 599 531 599 531 599 531 599 531 599 531 599 531 599 531 599 531 599 531 599 531 599 531 599 531 599 530 599 528 599 523 599 514 599 500 599 477 599 440 599 390 599 343 599 298 599 221 599 187 599 157 599 132 599 112 599 97 599 77 599 71 599 66 599 64 599 62 
56 0 0 0 0 2 50 449 0 5352 4 
56 0 0 0 0 2 549 216 1 7343 2 
56 0 0 0 0 2 83 316 0 4180 4 
56 0 0 0 0 2 83 549 1 3083 3 
56 0 0 0 0 2 83 516 1 2439 4 
56 0 0 0 0 2 249 116 1 1226 3 
56 0 0 0 0 2 283 183 0 1995 4 
56 0 0 0 0 2 216 549 1 1382 3 
56 0 0 0 0 2 449 349 0 1973 4 
56 0 0 0 0 2 283 50 1 1322 3 
56 0 0 0 0 2 83 482 0 1906 4 
56 0 0 0 0 2 316 249 0 1938 5 
56 0 0 0 0 2 183 283 0 2209 5 
56 0 0 0 0 2 249 283 0 2090 5 
56 0 0 0 0 2 516 50 1 2111 4 
56 0 0 0 0 2 383 549 1 4347 4 
56 0 0 0 0 2 482 183 1 1373 4 
56 0 0 0 0 2 316 516 0 4296 5 
56 0 0 0 0 2 183 216 0 2167 5 
56 0 0 0 0 2 482 116 1 1210 4 
56 0 0 0 0 2 216 383 0 1078 5 
56 0 0 0 0 2 416 149 1 1466 4 
56 0 0 0 0 2 416 416 0 1194 5 
56 0 0 0 0 2 416 116 1 1069 5 
56 0 0 0 0 2 83 416 0 2625 4 
56 0 0 0 0 2 482 449 0 1149 4 
56 0 0 0 0 2 116 83 1 1823 5 
56 0 0 0 0 2 516 283 0 2974 3 
56 0 0 0 0 2 316 549 1 10408 1 
56 0 0 0 0 2 349 416 0 1650 3 
56 0 0 0 0 2 482 316 0 1538 4 
56 0 0 0 0 2 116 149 1 1610 3 
56 0 0 0 0 1 190 374 -1 -1 0 8087 190 54 190 0 190 1 190 7 190 16 190 30 190 51 190 78 190 111 190 146 190 183 190 250 190 274 190 292 190 305 190 311 190 310 190 307 190 299 190 288 190 271 190 254 190 236 190 216 190 197 190 180 190 149 190 138 190 129 190 125 190 123 190 118 190 110 190 99 190 88 190 77 190 66 190 57 190 49 190 45 190 44 190 44 190 45 190 49 190 56 190 68 190 82 190 100 190 128 190 164 190 200 190 238 190 308 190 333 190 352 190 364 190 372 190 374 
56 0 0 0 0 1 585 599 -1 -1 1 6437 585 520 585 414 585 416 585 421 585 430 585 443 585 460 585 478 585 501 585 531 585 564 585 599 585 599 585 599 585 599 585 599 585 599 585 599 585 599 585 599 585 599 585 599 585 599 585 599 585 599 585 599 585 598 585 597 585 596 585 592 585 586 585 575 585 560 585 539 585 510 585 474 585 425 585 301 585 233 585 168 585 117 585 80 585 54 585 22 585 15 585 12 585 11 585 10 585 9 585 7 585 6 585 5 585 7 585 16 585 33 585 57 585 104 585 185 585 275 585 363 585 447 585 527 585 599 585 599 585 599 585 599 585 599 585 599 
56 0 0 0 0 1 260 82 -1 -1 0 3421 260 29 260 26 260 25 260 23 260 21 260 15 260 6 260 0 260 0 260 0 260 0 260 0 260 0 260 0 260 2 260 10 260 21 260 35 260 55 260 75 260 100 260 126 260 152 260 203 260 223 260 238 260 250 260 256 260 259 260 258 260 254 260 251 260 247 260 237 260 224 260 209 260 190 260 169 260 146 260 106 260 92 260 84 260 82 
56 0 0 0 0 1 448 187 -1 -1 1 2622 448 31 448 15 448 21 448 33 448 49 448 69 448 92 448 114 448 134 448 152 448 168 448 184 448 187 
56 0 0 0 0 1 51 85 -1 -1 0 2645 51 389 51 383 51 382 51 381 51 380 51 378 51 375 51 367 51 355 51 336 51 313 51 285 51 248 51 172 51 141 51 117 51 99 51 88 51 85 
56 0 0 0 0 1 69 0 -1 -1 0 3877 69 36 69 37 69 41 69 48 69 54 69 59 69 65 69 70 69 75 69 80 69 83 69 87 69 88 69 89 69 90 69 92 69 99 69 122 69 139 69 162 69 185 69 208 69 251 69 267 69 278 69 284 69 286 69 284 69 276 69 263 69 246 69 223 69 193 69 156 69 112 69 68 69 33 69 0 69 0 
56 0 0 0 0 1 125 563 -1 -1 0 2722 125 414 125 415 125 418 125 425 125 437 125 453 125 473 125 493 125 512 125 527 125 540 125 556 125 559 125 560 125 560 125 562 125 563 
56 0 0 0 0 1 387 0 -1 -1 1 2774 387 119 387 118 387 117 387 116 387 114 387 109 387 99 387 87 387 72 387 56 387 38 387 6 387 0 387 0 387 0 387 0 387 0 387 0 
56 0 0 0 0 1 378 597 -1 -1 1 2491 378 494 378 599 378 598 378 597 378 597 378 597 
56 0 0 0 0 1 542 94 -1 -1 1 2850 542 313 542 311 542 310 542 309 542 308 542 308 542 306 542 304 542 301 542 297 542 286 542 273 542 255 542 205 542 176 542 149 542 128 542 111 542 100 542 94 
56 0 0 0 0 1 561 599 -1 -1 1 2973 561 582 561 572 561 574 561 579 561 589 561 599 561 599 561 599 561 599 561 599 561 599 561 599 561 599 561 599 561 599 561 599 
56 0 0 0 0 1 170 190 -1 -1 0 2731 170 134 170 0 170 2 170 5 170 10 170 17 170 25 170 36 170 52 170 71 170 88 170 105 170 137 170 152 170 166 170 176 170 184 170 188 170 190 
56 0 0 0 0 1 236 59 -1 -1 0 2812 236 162 236 157 236 155 236 152 236 148 236 140 236 130 236 118 236 106 236 92 236 79 236 62 236 59 
56 0 0 0 0 1 10 532 -1 -1 0 2902 10 291 10 292 10 297 10 303 10 311 10 322 10 338 10 359 10 382 10 407 10 431 10 477 10 494 10 505 10 512 10 518 10 523 10 528 10 530 10 531 10 532 10 532 
56 0 0 0 0 1 403 154 -1 -1 1 2669 403 350 403 347 403 345 403 344 403 341 403 335 403 326 403 314 403 300 403 282 403 260 403 215 403 195 403 178 403 165 403 157 403 154 
56 0 0 0 0 1 284 159 -1 -1 0 2965 284 452 284 417 284 416 284 415 284 410 284 400 284 382 284 359 284 329 284 293 284 255 284 197 284 180 284 167 284 161 284 160 284 159 
56 0 0 0 0 2 516 249 0 2290 2 
56 0 0 0 0 2 383 316 1 602 3 
56 0 0 0 0 2 549 50 0 533 2 
56 0 0 0 0 2 549 516 1 620 2 
56 0 0 0 0 2 116 116 0 507 3 
56 0 0 0 0 2 149 183 1 492 2 
56 0 0 0 0 2 383 116 0 580 2 
56 0 0 0 0 2 482 216 1 473 2 
56 0 0 0 0 2 249 50 0 554 3 
56 0 0 0 0 2 116 482 1 512 2 
56 0 0 0 0 2 383 349 0 579 3 
56 0 0 0 0 2 516 349 1 480 2 
56 0 0 0 0 2 516 216 0 489 3 
56 0 0 0 0 2 116 416 1 474 2 
56 0 0 0 0 2 216 149 0 491 3 
56 0 0 0 0 2 549 449 1 465 2 
56 0 0 0 0 2 183 249 0 505 2 
56 0 0 0 0 2 349 149 1 680 3 
56 0 0 0 0 2 249 216 0 419 3 
56 0 0 0 0 2 149 549 0 491 2 
56 0 0 0 0 2 249 316 0 635 4 
56 0 0 0 0 2 316 116 1 611 4 
56 0 0 0 0 2 50 83 1 453 4 
56 0 0 0 0 2 482 383 0 621 4 
56 0 0 0 0 2 50 283 0 439 3 
56 0 0 0 0 2 249 416 0 522 3 
56 0 0 0 0 2 316 149 1 1230 4 
56 0 0 0 0 2 149 349 1 540 4 
56 0 0 0 0 2 516 449 1 501 4 
56 0 0 0 0 2 283 349 0 501 3 
56 0 0 0 0 2 149 383 1 550 3 
56 0 0 0 0 2 349 449 0 505 4 
56 0 0 0 0 1 127 0 -1 -1 0 4376 127 178 127 203 127 202 127 191 127 167 127 131 127 84 127 27 127 0 127 0 127 0 127 0 127 0 
56 0 0 0 0 1 547 235 -1 -1 1 2811 459 235 458 235 460 235 464 235 468 235 473 235 479 235 485 235 492 235 504 235 516 235 529 235 544 235 547 235 
56 0 0 0 0 1 70 184 -1 -1 0 2520 70 441 70 449 70 448 70 448 70 447 70 446 70 446 70 444 70 439 70 429 70 413 70 389 70 359 70 321 70 278 70 240 70 194 70 184 
56 0 0 0 0 1 599 56 -1 -1 1 2581 379 56 387 56 399 56 423 56 468 56 545 56 599 56 599 56 599 56 599 56 599 56 599 56 599 56 599 56 
56 0 0 0 0 1 599 460 -1 -1 1 2783 404 460 73 460 81 460 99 460 135 460 208 460 292 460 372 460 440 460 496 460 541 460 591 460 599 460 599 460 
56 0 0 0 0 1 599 18 -1 -1 1 2629 84 18 0 18 8 18 20 18 43 18 89 18 168 18 261 18 356 18 454 18 546 18 599 18 599 18 599 18 599 18 599 18 
56 0 0 0 0 1 599 242 -1 -1 1 2710 294 242 0 242 8 242 22 242 48 242 95 242 178 242 276 242 376 242 471 242 557 242 599 242 599 242 599 242 599 242 
56 0 0 0 0 1 0 51 -1 -1 0 2924 445 51 217 51 217 51 217 51 216 51 215 51 214 51 214 51 213 51 212 51 210 51 205 51 195 51 182 51 165 51 145 51 121 51 89 51 27 51 0 51 0 51 0 51 0 51 0 51 0 51 0 51 0 51 0 51 0 51 0 51 0 51 0 51 0 51 0 51 0 51 0 51 0 51 
56 0 0 0 0 1 236 599 -1 -1 0 2844 236 132 236 135 236 147 236 166 236 194 236 250 236 342 236 450 236 573 236 599 236 599 236 599 236 599 236 599 236 599 236 599 236 599 236 599 236 599 
56 0 0 0 0 1 599 43 -1 -1 1 2793 315 43 0 43 1 43 9 43 27 43 59 43 115 43 198 43 309 43 421 43 541 43 599 43 599 43 599 43 599 43 599 43 599 43 
56 0 0 0 0 1 0 586 -1 -1 0 2685 564 586 558 586 557 586 554 586 545 586 529 586 506 586 473 586 419 586 339 586 238 586 122 586 0 586 0 586 0 586 0 586 0 586 0 586 0 586 
56 0 0 0 0 1 5 48 -1 -1 0 2774 59 48 476 48 473 48 467 48 457 48 441 48 420 48 397 48 371 48 342 48 309 48 243 48 207 48 175 48 143 48 114 48 85 48 38 48 22 48 11 48 5 48 
56 0 0 0 0 1 15 599 -1 -1 0 3446 396 169 390 169 380 169 366 169 346 169 317 169 269 169 213 169 166 169 130 169 100 169 60 169 46 169 36 169 30 169 26 169 23 169 18 169 16 169 15 169 15 170 15 176 15 187 15 204 15 228 15 260 15 297 15 353 15 424 15 507 15 599 15 599 15 599 15 599 15 599 15 599 15 599 15 599 
56 0 0 0 0 1 0 235 -1 -1 0 2739 520 235 599 235 593 235 582 235 565 235 536 235 495 235 431 235 350 235 252 235 135 235 0 235 0 235 0 235 0 235 0 235 0 235 0 235 0 235 0 235 0 235 0 235 0 235 0 235 
56 0 0 0 0 1 354 599 -1 -1 1 2852 354 44 354 44 354 45 354 49 354 58 354 75 354 104 354 164 354 270 354 417 354 591 354 599 354 599 354 599 354 599 354 599 354 599 354 599 354 599 354 599 
56 0 0 0 0 1 599 294 -1 -1 1 3109 141 294 138 294 136 294 133 294 124 294 109 294 84 294 51 294 0 294 0 294 0 294 0 294 0 294 0 294 0 294 0 294 0 294 0 294 0 294 0 294 0 294 0 294 1 294 9 294 24 294 50 294 108 294 214 294 360 294 547 294 599 294 599 294 599 294 599 294 599 294 599 294 599 294 599 294 599 294 
56 0 0 0 0 2 316 349 1 3252 2 
56 0 0 0 0 2 249 149 0 1141 2 
56 0 0 0 0 2 482 516 1 1613 5 
56 0 0 0 0 2 216 416 0 1916 3 
56 0 0 0 0 2 516 549 1 1399 5 
56 0 0 0 0 2 449 549 1 1203 5 
56 0 0 0 0 2 183 50 0 1440 3 
56 0 0 0 0 2 383 216 1 2009 4 
56 0 0 0 0 2 516 482 1 1352 5 
56 0 0 0 0 2 149 50 0 1198 3 
56 0 0 0 0 2 216 50 0 2326 4 
56 0 0 0 0 2 283 116 1 2031 3 
56 0 0 0 0 2 416 516 1 1565 3 
56 0 0 0 0 2 249 349 0 1128 3 
56 0 0 0 0 2 516 183 1 1630 5 
56 0 0 0 0 2 149 316 0 1232 4 
56 0 0 0 0 2 50 482 0 2617 5 
56 0 0 0 0 2 249 516 1 1476 5 
56 0 0 0 0 2 50 249 0 1036 5 
56 0 0 0 0 2 183 116 0 878 5 
56 0 0 0 0 2 416 449 1 685 5 
56 0 0 0 0 2 50 316 0 1020 5 
56 0 0 0 0 2 216 482 0 3652 5 
56 0 0 0 0 2 316 316 1 967 5 
56 0 0 0 0 2 283 249 0 831 5 
56 0 0 0 0 2 349 116 0 1068 5 
56 0 0 0 0 2 416 183 1 938 5 
56 0 0 0 0 2 149 516 0 904 5 
56 0 0 0 0 2 316 216 0 1184 5 
56 0 0 0 0 2 482 249 1 596 5 
56 0 0 0 0 2 383 183 1 2000 5 
56 0 0 0 0 2 416 216 1 705 5 
56 0 0 0 0 1 0 399 -1 -1 0 6127 553 399 599 399 599 399 599 399 599 399 599 399 599 399 599 399 599 399 599 399 599 399 599 399 599 399 599 399 599 399 599 399 597 399 589 399 578 399 560 399 536 399 501 399 456 399 394 399 313 399 214 399 0 399 0 399 0 399 0 399 0 399 0 399 0 399 0 399 0 399 0 399 0 399 0 399 0 399 
56 0 0 0 0 1 0 301 -1 -1 0 2933 449 301 452 301 448 301 436 301 402 301 326 301 233 301 137 301 40 301 0 301 0 301 0 301 0 301 0 301 0 301 0 301 0 301 0 301 
56 0 0 0 0 1 599 0 -1 -1 1 3877 349 329 349 339 349 346 349 361 349 386 349 429 349 502 349 599 349 599 349 599 349 599 349 599 349 599 349 599 349 599 349 599 349 599 349 599 349 598 349 597 349 596 349 593 349 588 349 577 349 559 349 537 349 505 349 460 349 393 349 218 349 129 349 56 349 10 349 0 349 0 349 0 351 0 361 0 380 0 409 0 459 0 543 0 599 0 599 0 599 0 599 0 599 0 599 0 599 0 599 0 599 0 599 0 599 0 599 0 599 0 599 0 
56 0 0 0 0 1 354 267 -1 -1 1 3006 502 267 483 267 482 267 481 267 477 267 471 267 461 267 449 267 437 267 422 267 408 267 393 267 368 267 361 267 357 267 355 267 354 267 
56 0 0 0 0 1 261 115 -1 -1 0 4501 261 243 261 241 261 225 261 210 261 194 261 179 261 167 261 156 261 149 261 144 261 139 261 131 261 125 261 121 261 117 261 115 
56 0 0 0 0 1 375 185 -1 -1 1 3501 356 185 356 185 356 185 358 185 359 185 359 185 361 185 363 185 364 185 365 185 366 185 368 185 369 185 371 185 374 185 375 185 375 185 
56 0 0 0 0 1 458 0 -1 -1 1 2892 458 238 458 236 458 227 458 212 458 191 458 162 458 125 458 84 458 46 458 16 458 0 458 0 
56 0 0 0 0 1 0 186 -1 -1 0 4189 109 186 214 186 212 186 206 186 192 186 175 186 153 186 126 186 96 186 68 186 43 186 7 186 0 186 0 186 
56 0 0 0 0 1 599 409 -1 -1 1 3892 526 409 599 409 599 409 599 409 599 409 599 409 
56 0 0 0 0 1 576 0 -1 -1 1 2654 576 190 576 189 576 188 576 183 576 171 576 151 576 115 576 61 576 0 576 0 576 0 576 0 576 0 576 0 
56 0 0 0 0 1 106 237 -1 -1 0 4822 65 393 66 393 67 393 68 393 69 393 73 393 83 393 98 393 116 393 137 393 161 393 188 393 232 393 241 393 240 393 234 393 223 393 206 393 185 393 164 393 144 393 127 393 114 393 107 393 106 393 106 392 106 389 106 381 106 370 106 356 106 336 106 316 106 295 106 277 106 263 106 245 106 240 106 237 
56 0 0 0 0 1 69 332 -1 -1 0 3021 69 18 69 47 69 49 69 53 69 63 69 80 69 103 69 135 69 177 69 226 69 271 69 322 69 332 
56 0 0 0 0 1 127 0 -1 -1 0 2917 127 305 127 307 127 301 127 279 127 216 127 123 127 26 127 0 127 0 127 0 127 0 127 0 
56 0 0 0 0 1 400 599 -1 -1 1 3021 400 461 400 485 400 489 400 498 400 512 400 529 400 552 400 588 400 599 400 599 400 599 400 599 400 599 400 599 400 599 
56 0 0 0 0 1 172 0 -1 -1 0 2638 172 198 172 199 172 197 172 187 172 172 172 142 172 90 172 19 172 0 172 0 172 0 172 0 172 0 
56 0 0 0 0 1 525 597 -1 -1 1 2792 525 300 525 302 525 303 525 306 525 310 525 311 525 314 525 320 525 330 525 344 525 361 525 411 525 442 525 482 525 520 525 552 525 573 525 594 525 597 
56 0 0 0 0 2 283 83 1 3877 2 
56 0 0 0 0 2 383 449 1 1489 4 
56 0 0 0 0 2 183 83 0 2549 3 
56 0 0 0 0 2 149 482 0 1408 3 
56 0 0 0 0 2 516 149 1 1603 5 
56 0 0 0 0 2 383 50 1 1170 5 
56 0 0 0 0 2 383 516 1 748 5 
56 0 0 0 0 2 149 283 0 2243 2 
56 0 0 0 0 2 383 416 1 1686 5 
56 0 0 0 0 2 149 149 0 1212 5 
56 0 0 0 0 2 549 416 1 1066 5 
56 0 0 0 0 2 216 83 1 2702 4 
56 0 0 0 0 2 349 482 1 1550 5 
56 0 0 0 0 2 449 316 1 1110 5 
56 0 0 0 0 2 283 149 1 1918 5 
56 0 0 0 0 2 283 416 0 1295 4 
56 0 0 0 0 2 83 183 0 1582 5 
56 0 0 0 0 2 50 516 0 812 5 
56 0 0 0 0 2 316 449 1 1602 5 
56 0 0 0 0 2 249 549 1 852 5 
56 0 0 0 0 2 482 349 1 863 5 
56 0 0 0 0 2 283 482 1 1182 5 
56 0 0 0 0 2 549 83 1 785 5 
56 0 0 0 0 2 449 50 1 778 5 
56 0 0 0 0 2 50 416 0 1561 5 
56 0 0 0 0 2 183 449 0 711 5 
56 0 0 0 0 2 449 216 1 677 5 
56 0 0 0 0 2 349 216 1 1081 5 
56 0 0 0 0 2 383 149 1 871 5 
56 0 0 0 0 2 50 50 0 840 5 
56 0 0 0 0 2 549 183 1 673 5 
56 0 0 0 0 2 116 383 0 509 5 
56 0 0 0 0 1 561 248 -1 -1 1 5495 561 559 561 599 561 583 561 566 561 544 561 518 561 487 561 452 561 414 561 371 561 334 561 279 561 264 561 255 561 250 561 248 561 248 561 248 
56 0 0 0 0 1 186 599 -1 -1 0 3277 186 569 186 581 186 581 186 584 186 592 186 599 186 599 186 599 186 599 186 599 186 599 186 599 186 599 186 599 186 599 186 599 186 599 186 599 186 599 186 599 186 599 186 599 186 599 
56 0 0 0 0 1 104 227 -1 -1 0 2901 104 564 104 561 104 555 104 539 104 517 104 486 104 446 104 403 104 357 104 321 104 289 104 249 104 236 104 228 104 227 
56 0 0 0 0 1 213 599 -1 -1 0 2631 213 364 213 378 213 379 213 383 213 394 213 414 213 443 213 485 213 533 213 583 213 599 213 599 213 599 213 599 213 599 
56 0 0 0 0 1 582 103 -1 -1 1 2595 582 370 582 358 582 358 582 355 582 349 582 339 582 325 582 307 582 283 582 251 582 218 582 155 582 130 582 113 582 105 582 103 
56 0 0 0 0 1 250 441 -1 -1 0 2666 250 58 250 56 250 57 250 60 250 68 250 82 250 100 250 128 250 160 250 195 250 234 250 321 250 354 250 379 250 399 250 416 250 428 250 440 250 441 
56 0 0 0 0 1 31 0 -1 -1 0 2617 31 88 31 88 31 86 31 81 31 70 31 51 31 22 31 0 31 0 31 0 31 0 31 0 31 0 31 0 31 0 31 0 31 0 31 0 
56 0 0 0 0 1 224 599 -1 -1 0 2604 224 494 224 497 224 505 224 514 224 534 224 567 224 599 224 599 224 599 224 599 224 599 224 599 224 599 224 599 224 599 224 599 224 599 
56 0 0 0 0 1 16 0 -1 -1 0 2589 16 272 16 265 16 264 16 260 16 252 16 237 16 216 16 183 16 133 16 61 16 0 16 0 16 0 16 0 16 0 16 0 16 0 16 0 
56 0 0 0 0 1 422 599 -1 -1 1 2519 422 423 422 434 422 447 422 486 422 510 422 536 422 565 422 594 422 599 422 599 422 599 422 599 422 599 422 599 422 599 422 599 422 599 422 599 422 599 422 599 422 599 422 599 422 599 422 599 422 599 422 599 
56 0 0 0 0 1 467 0 -1 -1 1 2484 467 48 467 0 467 0 467 0 467 0 467 0 467 0 467 0 467 0 467 0 467 0 467 0 467 0 467 0 467 0 467 0 467 0 467 0 467 0 467 0 467 0 467 0 467 0 467 0 
56 0 0 0 0 1 575 599 -1 -1 1 2372 575 488 575 569 575 599 575 599 575 599 575 599 575 599 575 599 575 599 575 599 575 599 575 599 575 599 575 599 575 599 575 599 575 599 575 599 
56 0 0 0 0 1 84 0 -1 -1 0 2566 84 118 84 106 84 105 84 103 84 95 84 82 84 63 84 41 84 13 84 0 84 0 84 0 84 0 84 0 84 0 84 0 84 0 
56 0 0 0 0 1 273 599 -1 -1 0 2413 273 152 273 153 273 154 273 155 273 161 273 167 273 178 273 191 273 212 273 243 273 284 273 334 273 454 273 518 273 572 273 599 273 599 273 599 273 599 
56 0 0 0 0 1 291 111 -1 -1 0 2477 291 593 291 589 291 586 291 579 291 566 291 545 291 519 291 481 291 438 291 388 291 334 291 225 291 183 291 152 291 130 291 116 291 111 
56 0 0 0 0 1 196 599 -1 -1 0 2408 196 38 196 37 196 39 196 43 196 49 196 58 196 72 196 93 196 122 196 162 196 220 196 371 196 439 196 504 196 559 196 596 196 599 196 599 
56 0 0 0 0 2 50 549 0 4814 5 
56 0 0 0 0 2 449 183 1 834 5 
56 0 0 0 0 2 549 283 1 868 5 
56 0 0 0 0 2 183 516 0 821 5 
56 0 0 0 0 2 449 516 1 1126 5 
56 0 0 0 0 2 549 116 1 738 5 
56 0 0 0 0 2 316 383 1 1851 1 
56 0 0 0 0 2 482 83 1 1014 5 
56 0 0 0 0 2 249 83 0 1439 5 
56 0 0 0 0 2 116 216 0 1184 5 
56 0 0 0 0 2 183 183 0 800 5 
56 0 0 0 0 2 349 349 1 1256 5 
56 0 0 0 0 2 482 482 1 847 5 
56 0 0 0 0 2 183 416 0 718 5 
56 0 0 0 0 2 383 383 1 915 5 
56 0 0 0 0 2 249 249 0 796 5 
56 0 0 0 0 2 116 283 0 879 5 
56 0 0 0 0 2 416 316 1 728 5 
56 0 0 0 0 2 116 516 0 853 5 
56 0 0 0 0 2 116 249 0 698 5 
56 0 0 0 0 2 316 416 1 1290 5 
56 0 0 0 0 2 216 183 0 1040 5 
56 0 0 0 0 2 416 50 1 903 5 
56 0 0 0 0 2 316 50 1 1954 5 
56 0 0 0 0 2 83 116 0 636 5 
56 0 0 0 0 2 183 316 0 472 5 
56 0 0 0 0 2 183 549 0 515 5 
56 0 0 0 0 2 449 383 1 496 5 
56 0 0 0 0 2 416 83 1 969 5 
56 0 0 0 0 2 283 449 1 1325 5 
56 0 0 0 0 2 449 149 1 741 5 
56 0 0 0 0 2 216 316 0 1284 5 
56 0 0 0 0 1 423 599 -1 -1 1 4671 423 556 423 90 423 95 423 113 423 145 423 189 423 250 423 326 423 402 423 469 423 516 423 576 423 592 423 599 423 599 
56 0 0 0 0 1 5 193 -1 -1 0 2718 5 552 5 552 5 550 5 546 5 537 5 524 5 501 5 462 5 419 5 372 5 326 5 248 5 224 5 204 5 193 
56 0 0 0 0 1 428 599 -1 -1 1 2497 428 330 428 322 428 323 428 324 428 330 428 344 428 368 428 402 428 457 428 528 428 599 428 599 428 599 428 599 428 599 428 599 428 599 
56 0 0 0 0 1 328 0 -1 -1 1 2534 328 313 328 305 328 304 328 302 328 297 328 287 328 269 328 243 328 201 328 143 328 88 328 0 328 0 328 0 328 0 328 0 328 0 
56 0 0 0 0 1 566 599 -1 -1 1 2663 566 550 566 549 566 553 566 560 566 575 566 595 566 599 566 599 566 599 566 599 566 599 566 599 566 599 566 599 566 599 566 599 566 599 566 599 
56 0 0 0 0 1 398 0 -1 -1 1 2460 398 28 398 0 398 0 398 0 398 0 398 0 398 0 398 0 398 0 398 0 398 0 398 0 398 0 398 0 398 0 398 0 398 0 398 0 398 0 398 0 398 0 398 0 398 0 
56 0 0 0 0 1 11 599 -1 -1 0 2618 11 7 11 1 11 2 11 6 11 12 11 22 11 39 11 59 11 84 11 115 11 150 11 241 11 286 11 337 11 390 11 447 11 505 11 599 11 599 11 599 11 599 11 599 11 599 11 599 11 599 
56 0 0 0 0 1 271 0 -1 -1 0 2705 271 464 271 453 271 447 271 435 271 414 271 376 271 323 271 249 271 162 271 65 271 0 271 0 271 0 271 0 271 0 271 0 271 0 271 0 
56 0 0 0 0 1 557 599 -1 -1 1 2519 557 216 557 225 557 252 557 270 557 292 557 321 557 354 557 389 557 475 557 522 557 569 557 599 557 599 557 599 557 599 557 599 557 599 557 599 557 599 557 599 557 599 557 599 
56 0 0 0 0 1 21 0 -1 -1 0 2517 21 199 21 199 21 198 21 198 21 196 21 192 21 184 21 170 21 150 21 121 21 79 21 32 21 0 21 0 21 0 21 0 21 0 21 0 21 0 21 0 
56 0 0 0 0 1 232 599 -1 -1 0 2453 232 195 232 196 232 202 232 213 232 231 232 257 232 300 232 362 232 433 232 506 232 574 232 599 232 599 232 599 232 599 
56 0 0 0 0 1 573 0 -1 -1 1 2501 573 303 573 302 573 301 573 300 573 296 573 291 573 282 573 270 573 251 573 227 573 195 573 108 573 65 573 21 573 0 573 0 573 0 573 0 
56 0 0 0 0 1 508 599 -1 -1 1 2582 508 441 508 440 508 444 508 451 508 463 508 482 508 505 508 538 508 577 508 599 508 599 508 599 508 599 508 599 508 599 508 599 508 599 508 599 
56 0 0 0 0 1 561 0 -1 -1 1 2611 561 283 561 282 561 281 561 281 561 279 561 277 561 271 561 262 561 249 561 236 561 221 561 203 561 180 561 122 561 91 561 60 561 31 561 5 561 0 561 0 561 0 561 0 561 0 
56 0 0 0 0 1 197 538 -1 -1 0 2484 197 117 197 118 197 125 197 132 197 142 197 154 197 169 197 190 197 218 197 249 197 285 197 371 197 414 197 448 197 476 197 497 197 515 197 535 197 538 
56 0 0 0 0 1 160 0 -1 -1 0 2438 160 128 160 122 160 116 160 103 160 89 160 74 160 56 160 34 160 8 160 0 160 0 160 0 160 0 160 0 160 0 160 0 160 0 160 0 160 0 160 0 
56 0 0 0 0 2 216 283 0 4986 2 
56 0 0 0 0 2 149 216 0 1432 4 
56 0 0 0 0 2 183 482 0 1029 4 
56 0 0 0 0 2 50 216 0 605 4 
56 0 0 0 0 2 549 149 1 723 4 
56 0 0 0 0 2 116 50 0 1046 5 
56 0 0 0 0 2 249 482 1 1105 5 
56 0 0 0 0 2 116 549 0 2890 4 
56 0 0 0 0 2 516 116 1 994 5 
56 0 0 0 0 2 482 549 1 702 5 
56 0 0 0 0 2 83 283 0 585 5 
56 0 0 0 0 2 349 549 1 834 5 
56 0 0 0 0 2 50 116 0 695 5 
56 0 0 0 0 2 482 283 1 650 5 
56 0 0 0 0 2 50 383 0 860 5 
56 0 0 0 0 2 116 449 0 685 5 
56 0 0 0 0 2 549 349 1 693 5 
56 0 0 0 0 2 316 482 1 992 5 
56 0 0 0 0 2 349 249 1 1068 5 
56 0 0 0 0 2 83 50 0 659 5 
56 0 0 0 0 2 449 416 1 590 5 
56 0 0 0 0 2 249 449 1 1080 5 
56 0 0 0 0 2 316 183 1 712 5 
56 0 0 0 0 2 50 349 0 812 4 
56 0 0 0 0 2 50 183 0 668 5 
56 0 0 0 0 2 283 549 0 6595 5 
56 0 0 0 0 2 383 283 1 790 5 
56 0 0 0 0 2 549 482 1 681 5 
56 0 0 0 0 2 349 316 1 994 5 
56 0 0 0 0 2 349 183 1 774 5 
56 0 0 0 0 2 482 416 1 720 5 
56 0 0 0 0 2 349 283 1 1084 5 
56 0 0 0 0 1 180 599 -1 -1 0 4764 180 521 180 599 180 599 180 599 180 599 180 599 180 599 180 599 180 599 180 599 180 599 180 599 180 599 180 599 180 599 
56 0 0 0 0 1 560 483 -1 -1 1 2713 560 185 560 0 560 6 560 20 560 41 560 72 560 122 560 182 560 246 560 310 560 365 560 440 560 461 560 476 560 483 
56 0 0 0 0 1 551 42 -1 -1 1 2626 551 403 551 388 551 388 551 386 551 382 551 373 551 360 551 343 551 322 551 298 551 271 551 208 551 176 551 145 551 116 551 94 551 75 551 49 551 45 551 42 
56 0 0 0 0 1 168 599 -1 -1 0 2582 168 366 168 304 168 310 168 325 168 350 168 388 168 443 168 514 168 592 168 599 168 599 
56 0 0 0 0 1 482 0 -1 -1 1 2695 482 46 482 17 482 5 482 0 482 0 482 0 482 0 482 0 482 0 482 0 482 0 482 0 482 0 482 0 482 0 482 0 482 0 482 0 482 0 482 0 482 0 482 0 482 0 482 0 
56 0 0 0 0 1 379 599 -1 -1 1 2454 379 566 379 576 379 588 379 599 379 599 379 599 379 599 379 599 379 599 379 599 379 599 379 599 379 599 379 599 379 599 379 599 379 599 379 599 
56 0 0 0 0 1 166 0 -1 -1 0 2531 166 57 166 47 166 47 166 46 166 45 166 43 166 38 166 32 166 22 166 8 166 0 166 0 166 0 166 0 166 0 166 0 166 0 166 0 166 0 166 0 166 0 166 0 
56 0 0 0 0 1 402 421 -1 -1 1 2457 402 61 402 51 402 53 402 58 402 68 402 81 402 100 402 119 402 139 402 165 402 196 402 227 402 290 402 320 402 345 402 367 402 385 402 400 402 418 402 421 
56 0 0 0 0 1 382 262 -1 -1 1 2571 382 470 382 468 382 464 382 456 382 445 382 431 382 416 382 399 382 382 382 362 382 339 382 298 382 279 382 262 
56 0 0 0 0 1 207 0 -1 -1 0 2572 207 243 207 240 207 239 207 233 207 224 207 209 207 190 207 168 207 143 207 116 207 90 207 35 207 16 207 0 207 0 207 0 207 0 
56 0 0 0 0 1 177 599 -1 -1 0 2647 177 527 177 528 177 534 177 546 177 562 177 584 177 599 177 599 177 599 177 599 177 599 177 599 177 599 177 599 177 599 177 599 177 599 177 599 177 599 
56 0 0 0 0 1 546 0 -1 -1 1 2622 546 98 546 416 546 414 546 410 546 403 546 393 546 379 546 361 546 339 546 310 546 273 546 180 546 124 546 67 546 10 546 0 546 0 546 0 546 0 546 0 546 0 546 0 546 0 
56 0 0 0 0 1 120 599 -1 -1 0 2581 120 398 120 269 120 271 120 279 120 292 120 310 120 333 120 364 120 405 120 460 120 524 120 599 120 599 120 599 120 599 120 599 120 599 120 599 
56 0 0 0 0 1 506 0 -1 -1 1 2703 506 384 506 383 506 382 506 377 506 368 506 356 506 340 506 320 506 296 506 264 506 223 506 126 506 75 506 21 506 0 506 0 506 0 506 0 506 0 506 0 
56 0 0 0 0 1 259 599 -1 -1 0 2675 259 315 259 313 259 323 259 339 259 365 259 401 259 447 259 514 259 588 259 599 259 599 259 599 259 599 259 599 259 599 259 599 259 599 259 599 
56 0 0 0 0 1 580 0 -1 -1 1 2682 580 136 580 130 580 127 580 121 580 111 580 98 580 84 580 68 580 51 580 32 580 8 580 0 580 0 580 0 580 0 580 0 580 0 580 0 580 0 580 0 
56 0 0 0 0 2 416 249 1 2699 5 
56 0 0 0 0 2 216 349 0 1268 5 
56 0 0 0 0 2 83 83 0 700 5 
56 0 0 0 0 2 416 349 1 764 5 
56 0 0 0 0 2 449 449 1 643 5 
56 0 0 0 0 2 349 383 1 609 5 
56 0 0 0 0 2 216 449 0 1200 5 
56 0 0 0 0 2 149 116 0 769 5 
56 0 0 0 0 2 549 383 1 624 5 
56 0 0 0 0 2 149 249 0 1119 5 
56 0 0 0 0 2 482 149 1 616 5 
56 0 0 0 0 2 549 316 1 597 5 
56 0 0 0 0 2 83 149 0 487 5 
56 0 0 0 0 2 149 83 0 625 5 
56 0 0 0 0 2 249 183 0 877 5 
56 0 0 0 0 2 349 516 1 519 5 
56 0 0 0 0 2 183 383 0 703 5 
56 0 0 0 0 2 516 383 1 456 5 
56 0 0 0 0 2 116 316 0 601 5 
56 0 0 0 0 2 183 349 1 944 5 
56 0 0 0 0 2 416 482 1 702 5 
56 0 0 0 0 2 449 116 1 539 5 
56 0 0 0 0 2 482 50 1 427 5 
56 0 0 0 0 2 50 149 0 729 5 
56 0 0 0 0 2 83 449 0 386 5 
56 0 0 0 0 2 283 383 1 489 5 
56 0 0 0 0 2 316 283 1 521 5 
56 0 0 0 0 2 449 83 1 524 5 
56 0 0 0 0 2 283 216 1 406 5 
56 0 0 0 0 2 83 349 0 441 5 
56 0 0 0 0 2 383 83 1 578 5 
56 0 0 0 0 2 349 83 1 538 5 
