Subject 64 in condition 0
Training Condition: 0
Task: 0
Rule: [[[220, 300], [[2000, 0], [0, 9000]]], [[380, 300], [[2000, 0], [0, 9000]]]]
Noise: 0
CATA=0
CATB=1
Sample keys: 120 122
Resp keys: 309 307
Dim direction: 0 1
Dim minimum: 68 75
Test order: [6, 5, 7, 2, 0, 4, 3, 1]
64 0 0 0 0 1 368 339 -1 -1 1 10229 368 525 368 523 368 522 368 521 368 521 368 519 368 518 368 517 368 516 368 515 368 514 368 512 368 511 368 510 368 509 368 508 368 506 368 505 368 503 368 502 368 500 368 499 368 498 368 496 368 494 368 492 368 490 368 487 368 478 368 473 368 459 368 452 368 448 368 442 368 439 368 436 368 431 368 426 368 411 368 406 368 400 368 391 368 389 368 389 368 387 368 387 368 385 368 384 368 383 368 382 368 380 368 373 368 371 368 370 368 367 368 366 368 365 368 364 368 363 368 361 368 356 368 351 368 349 368 345 368 343 368 340 368 339 368 339 
64 0 0 0 0 1 520 336 -1 -1 1 5554 520 216 520 215 520 214 520 212 520 210 520 209 520 208 520 207 520 206 520 204 520 202 520 200 520 195 520 191 520 185 520 173 520 166 520 159 520 147 520 141 520 130 520 125 520 121 520 116 520 113 520 111 520 109 520 110 520 114 520 122 520 133 520 145 520 157 520 173 520 179 520 186 520 188 520 191 520 203 520 213 520 221 520 236 520 244 520 251 520 261 520 267 520 281 520 289 520 297 520 318 520 324 520 327 520 330 520 332 520 333 520 333 520 335 520 336 
64 0 0 0 0 1 484 0 -1 -1 1 6741 484 587 484 587 484 588 484 589 484 590 484 591 484 591 484 599 484 599 484 599 484 599 484 599 484 599 484 599 484 599 484 599 484 599 484 599 484 599 484 599 484 599 484 599 484 599 484 599 484 599 484 599 484 599 484 599 484 599 484 599 484 599 484 599 484 599 484 599 484 599 484 599 484 599 484 599 484 599 484 599 484 599 484 599 484 599 484 599 484 599 484 599 484 599 484 599 484 599 484 599 484 599 484 597 484 595 484 589 484 581 484 570 484 559 484 530 484 511 484 460 484 432 484 406 484 347 484 322 484 303 484 275 484 263 484 249 484 220 484 207 484 182 484 168 484 157 484 140 484 130 484 120 484 99 484 87 484 55 484 39 484 25 484 0 484 0 484 0 484 0 484 0 484 0 484 0 484 0 484 0 484 0 484 0 484 0 484 0 484 0 484 0 484 0 484 0 484 0 484 0 484 0 484 0 484 0 484 0 484 0 484 0 484 0 484 0 484 0 484 0 484 0 484 0 484 0 484 0 484 0 484 0 484 0 484 0 484 0 
64 0 0 0 0 1 96 599 -1 -1 0 4937 96 475 96 479 96 480 96 481 96 486 96 496 96 507 96 529 96 541 96 572 96 587 96 599 96 599 96 599 96 599 96 599 96 599 96 599 96 599 96 599 96 599 96 599 96 599 96 599 96 599 96 599 96 599 96 599 96 599 96 599 96 599 96 599 96 599 96 599 96 599 
64 0 0 0 0 1 405 505 -1 -1 1 8994 35 518 35 517 35 516 35 514 35 513 35 512 35 511 35 509 35 507 35 505 35 502 35 501 35 499 35 498 35 499 35 500 35 501 35 503 35 504 35 505 36 505 37 505 39 505 42 505 44 505 45 505 47 505 48 505 49 505 50 505 51 505 55 505 57 505 59 505 62 505 65 505 68 505 78 505 84 505 107 505 120 505 133 505 157 505 166 505 180 505 207 505 218 505 229 505 246 505 251 505 261 505 269 505 278 505 296 505 305 505 312 505 323 505 327 505 336 505 339 505 343 505 356 505 362 505 368 505 381 505 387 505 391 505 398 505 399 505 399 505 400 505 402 505 404 505 405 505 
64 0 0 0 0 1 599 89 -1 -1 1 6861 489 89 485 89 484 89 483 89 482 89 481 89 479 89 478 89 476 89 471 89 470 89 469 89 468 89 467 89 466 89 464 89 463 89 461 89 457 89 441 89 430 89 408 89 400 89 394 89 386 89 384 89 381 89 380 89 379 89 381 89 389 89 401 89 418 89 435 89 451 89 480 89 490 89 506 89 513 89 520 89 539 89 547 89 554 89 567 89 573 89 581 89 599 89 599 89 599 89 599 89 599 89 599 89 599 89 599 89 599 89 599 89 599 89 599 89 599 89 599 89 599 89 599 89 
64 0 0 0 0 1 0 256 -1 -1 0 5024 361 594 357 594 356 594 355 594 354 594 352 594 351 594 349 594 342 594 334 594 312 594 301 594 291 594 267 594 254 594 237 594 205 594 189 594 172 594 131 594 110 594 69 594 47 594 25 594 0 594 0 594 0 594 0 594 0 594 0 594 0 594 0 594 0 594 0 594 0 594 0 594 0 594 0 594 0 594 0 594 0 594 0 594 0 594 0 592 0 591 0 589 0 583 0 575 0 566 0 551 0 543 0 527 0 518 0 507 0 483 0 472 0 458 0 426 0 410 0 394 0 361 0 347 0 319 0 305 0 292 0 279 0 273 0 267 0 257 0 256 
64 0 0 0 0 1 364 24 -1 -1 1 5163 305 24 306 24 307 24 308 24 309 24 310 24 312 24 315 24 319 24 322 24 326 24 327 24 332 24 333 24 334 24 337 24 341 24 345 24 348 24 350 24 352 24 354 24 357 24 358 24 359 24 360 24 362 24 363 24 364 24 
64 0 0 0 0 1 0 0 -1 -1 0 7203 282 205 284 205 287 205 294 205 303 205 313 205 324 205 347 205 358 205 384 205 398 205 413 205 453 205 473 205 493 205 517 205 524 205 528 205 536 205 539 205 547 205 555 205 565 205 581 205 580 205 578 205 571 205 561 205 547 205 528 205 484 205 460 205 411 205 383 205 352 205 292 205 268 205 247 205 206 205 188 205 171 205 135 205 117 205 83 205 70 205 58 205 35 205 22 205 11 205 0 205 0 205 0 205 0 205 0 205 0 205 0 205 0 205 0 205 0 205 0 205 0 205 0 205 0 205 0 205 0 205 0 205 0 214 0 210 0 204 0 196 0 187 0 175 0 148 0 133 0 106 0 92 0 77 0 43 0 26 0 9 0 0 0 0 0 0 0 0 0 0 0 0 0 0 0 0 0 0 0 0 0 0 0 0 0 0 0 0 0 0 
64 0 0 0 0 1 0 370 -1 -1 0 6122 14 71 14 63 14 56 14 46 14 37 14 26 14 15 14 0 14 0 14 0 14 0 14 0 14 0 14 0 14 0 14 0 14 0 14 0 14 0 14 0 14 0 14 0 14 0 14 0 14 0 14 0 14 0 14 0 14 10 14 16 12 16 8 16 6 16 1 16 0 16 0 16 0 16 0 16 0 16 0 16 0 16 0 16 0 16 0 16 0 16 0 16 0 16 0 16 0 16 0 16 0 16 0 16 0 16 0 15 0 14 0 13 0 12 0 13 0 15 0 17 0 21 0 28 0 41 0 71 0 85 0 110 0 124 0 140 0 178 0 198 0 217 0 250 0 266 0 283 0 313 0 324 0 339 0 346 0 352 0 365 0 370 
64 0 0 0 0 1 314 0 -1 -1 1 6428 403 322 404 322 405 322 407 322 411 322 415 322 423 322 440 322 447 322 459 322 463 322 467 322 472 322 479 322 489 322 511 322 522 322 535 322 565 322 579 322 598 322 599 322 599 322 599 322 598 322 596 322 591 322 583 322 573 322 562 322 535 322 522 322 493 322 481 322 472 322 459 322 450 322 442 322 425 322 415 322 406 322 386 322 376 322 361 322 354 322 348 322 339 322 333 322 324 322 309 322 302 322 291 322 288 322 286 322 281 322 276 322 272 322 268 322 269 322 271 322 275 322 280 322 286 322 294 322 308 322 310 322 312 322 313 322 314 322 314 321 314 317 314 313 314 307 314 303 314 296 314 276 314 263 314 239 314 223 314 208 314 176 314 158 314 138 314 108 314 100 314 98 314 98 314 98 314 100 314 102 314 99 314 89 314 74 314 52 314 28 314 0 314 0 314 0 314 0 314 0 314 0 314 0 314 0 314 0 314 0 314 0 314 0 314 0 314 0 314 0 314 0 
64 0 0 0 0 1 193 599 -1 -1 0 7028 70 595 74 595 74 595 75 595 76 595 78 595 83 595 88 595 93 595 97 595 98 595 100 595 103 595 104 595 105 595 106 595 108 595 109 595 110 595 111 595 112 595 113 595 114 595 115 595 116 595 117 595 118 595 119 595 120 595 121 595 125 595 126 595 127 595 128 595 130 595 132 595 134 595 138 595 141 595 145 595 145 595 146 595 147 595 148 595 153 595 155 595 158 595 160 595 162 595 164 595 165 595 166 595 166 595 167 595 168 595 169 595 171 595 172 595 174 595 175 595 177 595 183 595 185 595 186 595 187 595 188 595 190 595 193 595 193 594 193 590 193 585 193 577 193 570 193 564 193 551 193 545 193 533 193 524 193 516 193 505 193 499 193 494 193 488 193 487 193 485 193 480 193 483 193 492 193 505 193 521 193 541 193 562 193 597 193 599 193 599 193 599 193 599 193 599 193 599 193 599 193 599 193 599 193 599 193 599 193 599 193 599 193 599 193 599 193 599 193 599 193 599 193 599 
64 0 0 0 0 1 448 486 -1 -1 1 8434 448 489 448 489 448 488 448 487 448 486 448 485 448 484 448 482 448 480 448 478 448 477 448 476 448 477 448 478 448 479 448 480 448 481 448 482 448 483 448 484 448 484 448 485 448 486 
64 0 0 0 0 1 355 10 -1 -1 1 4472 355 103 355 102 355 101 355 100 355 98 355 96 355 94 355 86 355 79 355 65 355 60 355 55 355 46 355 39 355 31 355 21 355 19 355 18 355 17 355 16 355 14 355 12 355 10 
64 0 0 0 0 1 598 336 -1 -1 1 5259 563 332 564 332 565 332 566 332 567 332 569 332 573 332 579 332 584 332 594 332 596 332 597 332 598 332 598 331 598 330 598 329 598 328 598 326 598 324 598 322 598 321 598 320 598 319 598 320 598 325 598 330 598 334 598 336 
64 0 0 0 0 1 0 478 -1 -1 0 5386 54 531 55 531 56 531 58 531 62 531 71 531 81 531 95 531 99 531 102 531 104 531 105 531 106 531 107 531 111 531 117 531 123 531 129 531 135 531 149 531 157 531 169 531 174 531 177 531 179 531 178 531 175 531 167 531 155 531 139 531 121 531 80 531 60 531 24 531 8 531 0 531 0 531 0 531 0 531 0 531 0 531 0 531 0 531 0 531 0 531 0 531 0 531 0 531 0 528 0 527 0 526 0 524 0 523 0 522 0 521 0 520 0 520 0 517 0 517 0 516 0 513 0 510 0 507 0 502 0 500 0 499 0 494 0 491 0 487 0 485 0 483 0 478 
64 0 0 0 0 2 516 116 1 6057 5 
64 0 0 0 0 2 316 482 1 6648 3 
64 0 0 0 0 2 50 116 0 5314 4 
64 0 0 0 0 2 116 50 0 4354 4 
64 0 0 0 0 2 549 349 1 9639 5 
64 0 0 0 0 2 349 549 1 4180 3 
64 0 0 0 0 2 216 283 1 6021 2 
64 0 0 0 0 2 349 283 1 2034 4 
64 0 0 0 0 2 50 183 0 2322 3 
64 0 0 0 0 2 183 482 1 8438 3 
64 0 0 0 0 2 549 482 1 1703 3 
64 0 0 0 0 2 83 283 0 6675 2 
64 0 0 0 0 2 549 149 1 1828 5 
64 0 0 0 0 2 383 283 1 1863 5 
64 0 0 0 0 2 249 449 1 3682 4 
64 0 0 0 0 2 482 416 1 2450 5 
64 0 0 0 0 2 316 183 1 3040 3 
64 0 0 0 0 2 50 349 0 3030 3 
64 0 0 0 0 2 50 383 0 2359 5 
64 0 0 0 0 2 116 449 0 3269 3 
64 0 0 0 0 2 482 283 1 2036 4 
64 0 0 0 0 2 149 216 1 8071 3 
64 0 0 0 0 2 50 216 0 4119 2 
64 0 0 0 0 2 83 50 0 3816 3 
64 0 0 0 0 2 449 416 1 2605 4 
64 0 0 0 0 2 349 183 1 4478 4 
64 0 0 0 0 2 482 549 1 6796 4 
64 0 0 0 0 2 116 549 0 5033 3 
64 0 0 0 0 2 349 316 1 1445 4 
64 0 0 0 0 2 283 549 1 1878 3 
64 0 0 0 0 2 349 249 1 2209 3 
64 0 0 0 0 2 249 482 1 1830 3 
64 0 0 0 0 1 184 182 -1 -1 0 10140 184 523 184 384 184 383 184 382 184 379 184 375 184 366 184 356 184 345 184 330 184 324 184 317 184 315 184 312 184 308 184 307 184 305 184 301 184 297 184 291 184 288 184 286 184 283 184 282 184 284 184 288 184 293 184 301 184 308 184 314 184 327 184 332 184 337 184 338 184 339 184 340 184 342 184 346 184 354 184 375 184 380 184 379 184 378 184 376 184 372 184 369 184 364 184 361 184 358 184 355 184 348 184 344 184 342 184 339 184 337 184 336 184 335 184 334 184 332 184 328 184 321 184 309 184 305 184 303 184 298 184 297 184 296 184 292 184 286 184 272 184 268 184 265 184 260 184 255 184 251 184 248 184 247 184 245 184 240 184 236 184 233 184 231 184 226 184 224 184 219 184 216 184 211 184 201 184 195 184 189 184 182 184 181 184 181 184 179 184 178 184 171 184 168 184 166 184 159 184 156 184 156 184 156 184 157 184 159 184 161 184 164 184 165 184 169 184 171 184 173 184 173 184 173 184 174 184 175 184 175 184 176 184 177 184 177 184 179 184 180 184 180 184 182 
64 0 0 0 0 1 206 64 -1 -1 0 4212 206 211 206 209 206 207 206 205 206 204 206 203 206 201 206 196 206 192 206 183 206 178 206 173 206 164 206 158 206 151 206 141 206 137 206 133 206 123 206 116 206 102 206 94 206 90 206 89 206 87 206 85 206 83 206 82 206 81 206 79 206 76 206 73 206 70 206 65 206 64 
64 0 0 0 0 1 215 338 -1 -1 0 3786 215 504 215 503 215 501 215 496 215 491 215 483 215 473 215 453 215 444 215 422 215 407 215 395 215 374 215 367 215 359 215 347 215 342 215 340 215 339 215 338 215 338 
64 0 0 0 0 1 148 351 -1 -1 0 6612 148 22 148 21 148 20 148 19 148 18 148 16 148 12 148 7 148 0 148 0 148 0 148 0 148 0 148 0 148 0 148 0 148 0 148 0 148 0 148 1 148 2 148 3 148 5 148 7 148 11 148 17 148 29 148 45 148 75 148 83 148 88 148 93 148 96 148 102 148 107 148 116 148 137 148 150 148 165 148 198 148 213 148 226 148 248 148 258 148 279 148 285 148 287 148 289 148 294 148 302 148 315 148 320 148 330 148 337 148 343 148 353 148 356 148 357 148 365 148 370 148 378 148 399 148 414 148 448 148 465 148 483 148 516 148 533 148 549 148 580 148 595 148 599 148 599 148 599 148 599 148 599 148 599 148 599 148 599 148 599 148 599 148 599 148 599 148 599 148 599 148 599 148 599 148 599 148 599 148 599 148 598 148 597 148 594 148 589 148 582 148 573 148 564 148 532 148 513 148 480 148 465 148 454 148 432 148 424 148 415 148 394 148 383 148 373 148 368 148 368 148 367 148 368 148 383 148 418 148 471 148 517 148 552 148 587 148 594 148 599 148 599 148 599 148 599 148 599 148 599 148 599 148 599 148 599 148 599 148 599 148 599 148 598 148 591 148 578 148 556 148 523 148 488 148 449 148 438 148 415 148 406 148 400 148 384 148 381 148 380 148 376 148 370 148 365 148 355 148 352 148 351 
64 0 0 0 0 1 396 254 -1 -1 1 11009 501 281 500 281 499 281 498 281 496 281 495 281 493 281 491 281 488 281 487 281 486 281 485 281 484 281 483 281 482 281 480 281 479 281 478 281 477 281 476 281 475 281 474 281 473 281 471 281 470 281 469 281 468 281 467 281 466 281 465 281 464 281 463 281 462 281 461 281 460 281 459 281 458 281 456 281 454 281 453 281 452 281 451 281 450 281 449 281 446 281 445 281 444 281 443 281 442 281 441 281 440 281 439 281 436 281 435 281 435 281 432 281 430 281 426 281 425 281 424 281 421 281 419 281 418 281 415 281 414 281 413 281 411 281 410 281 408 281 407 281 406 281 405 281 404 281 403 281 402 281 401 281 400 281 399 281 398 281 397 281 396 281 396 279 396 276 396 271 396 268 396 266 396 265 396 264 396 264 396 258 396 256 396 254 
64 0 0 0 0 1 219 193 -1 -1 0 6194 345 193 344 193 343 193 342 193 341 193 340 193 335 193 330 193 326 193 323 193 318 193 315 193 306 193 301 193 299 193 296 193 292 193 287 193 274 193 267 193 261 193 254 193 252 193 251 193 250 193 249 193 247 193 245 193 244 193 243 193 243 193 242 193 241 193 240 193 236 193 232 193 228 193 225 193 216 193 211 193 209 193 210 193 211 193 212 193 216 193 219 193 221 193 220 193 219 193 
64 0 0 0 0 1 151 161 -1 -1 0 5314 151 145 151 147 151 148 151 150 151 151 151 152 151 152 151 153 151 157 151 160 151 161 
64 0 0 0 0 1 588 0 -1 -1 1 9290 145 112 146 112 147 112 148 112 149 112 150 112 151 112 152 112 153 112 154 112 155 112 156 112 157 112 158 112 159 112 160 112 161 112 162 112 163 112 164 112 165 112 166 112 167 112 168 112 169 112 170 112 171 112 172 112 172 112 173 112 174 112 175 112 176 112 177 112 178 112 179 112 180 112 180 112 181 112 182 112 183 112 184 112 185 112 186 112 188 112 190 112 192 112 193 112 194 112 195 112 196 112 196 114 196 115 196 116 196 117 196 119 196 123 196 129 196 148 196 158 196 172 196 181 196 191 196 205 196 210 196 213 196 221 196 225 196 228 196 229 196 228 196 227 201 227 214 227 238 227 271 227 309 227 340 227 381 227 397 227 427 227 444 227 459 227 491 227 502 227 510 227 529 227 543 227 556 227 578 227 590 227 599 227 599 227 599 227 598 227 597 227 595 227 594 227 592 227 591 227 590 227 589 227 588 227 588 227 588 226 588 220 588 210 588 194 588 169 588 110 588 81 588 24 588 0 588 0 588 0 588 0 588 0 588 0 588 0 588 0 588 0 588 0 588 0 588 0 588 0 588 0 
64 0 0 0 0 1 592 179 -1 -1 1 7331 165 17 164 17 167 17 196 17 232 17 292 17 369 17 446 17 550 17 581 17 599 17 599 17 599 17 599 17 599 17 599 17 599 17 599 17 599 17 599 17 599 17 599 17 598 17 594 17 592 17 592 9 592 8 592 6 592 2 592 0 592 0 592 0 592 0 592 0 592 0 592 0 592 0 592 0 592 0 592 0 592 0 592 0 592 0 592 0 592 0 592 0 592 0 592 0 592 2 592 10 592 26 592 43 592 62 592 103 592 127 592 155 592 210 592 229 592 259 592 268 592 275 592 285 592 290 592 295 592 303 592 304 592 303 592 302 592 300 592 298 592 296 592 295 592 292 592 290 592 288 592 287 592 286 592 285 592 282 592 280 592 278 592 277 592 276 592 275 592 273 592 267 592 259 592 250 592 234 592 203 592 195 592 183 592 176 592 172 592 165 592 161 592 154 592 144 592 142 592 141 592 142 592 144 592 145 592 146 592 147 592 148 592 149 592 152 592 157 592 162 592 166 592 170 592 172 592 173 592 174 592 175 592 176 592 177 592 178 592 179 
64 0 0 0 0 1 507 386 -1 -1 1 3793 507 40 507 39 507 33 507 22 507 8 507 0 507 0 507 0 507 0 507 0 507 0 507 0 507 0 507 0 507 0 507 0 507 0 507 0 507 0 507 1 507 5 507 13 507 25 507 67 507 95 507 124 507 177 507 203 507 232 507 273 507 286 507 308 507 321 507 336 507 357 507 365 507 370 507 380 507 382 507 383 507 384 507 385 507 386 
64 0 0 0 0 1 312 555 -1 -1 1 6819 312 376 312 323 312 324 312 328 312 331 312 337 312 342 312 356 312 364 312 384 312 397 312 410 312 433 312 443 312 449 312 453 312 453 312 454 312 455 312 457 312 460 312 465 312 475 312 479 312 482 312 484 312 485 312 487 312 489 312 490 312 492 312 494 312 495 312 497 312 498 312 500 312 502 312 503 312 504 312 506 312 507 312 508 312 513 312 515 312 517 312 518 312 519 312 520 312 523 312 525 312 526 312 527 312 528 312 529 312 529 312 531 312 532 312 533 312 534 312 535 312 536 312 538 312 540 312 545 312 547 312 549 312 550 312 552 312 554 312 555 312 557 312 559 312 561 312 560 312 559 312 558 312 557 312 555 312 553 312 549 312 540 312 539 312 538 312 537 312 538 312 542 312 547 312 553 312 558 312 563 312 571 312 576 312 589 312 596 312 599 312 599 312 599 312 599 312 599 312 599 312 599 312 599 312 599 312 599 312 599 312 599 312 599 312 599 312 599 312 599 312 598 312 594 312 589 312 583 312 573 312 558 312 512 312 489 312 458 312 448 312 443 312 441 312 442 312 443 312 446 312 449 312 452 312 457 312 471 312 478 312 493 312 500 312 507 312 514 312 516 312 518 312 521 312 525 312 529 312 538 312 540 312 544 312 545 312 546 312 548 312 550 312 551 312 554 312 555 
64 0 0 0 0 1 176 7 -1 -1 0 6468 23 7 12 7 13 7 14 7 15 7 16 7 17 7 18 7 19 7 22 7 23 7 26 7 28 7 30 7 32 7 34 7 39 7 50 7 52 7 55 7 58 7 64 7 72 7 75 7 77 7 80 7 81 7 83 7 87 7 88 7 89 7 90 7 92 7 95 7 96 7 97 7 103 7 105 7 107 7 109 7 110 7 113 7 115 7 116 7 122 7 125 7 128 7 135 7 137 7 138 7 139 7 140 7 142 7 143 7 144 7 145 7 147 7 149 7 150 7 151 7 152 7 153 7 154 7 155 7 155 7 156 7 157 7 158 7 159 7 160 7 162 7 163 7 166 7 167 7 168 7 169 7 170 7 172 7 173 7 174 7 175 7 175 7 176 7 
64 0 0 0 0 1 324 469 -1 -1 1 4890 125 469 106 469 108 469 112 469 118 469 125 469 134 469 152 469 160 469 175 469 183 469 190 469 206 469 214 469 221 469 231 469 236 469 243 469 255 469 261 469 269 469 273 469 278 469 292 469 301 469 310 469 324 469 325 469 326 469 327 469 328 469 329 469 331 469 332 469 333 469 335 469 341 469 344 469 346 469 348 469 349 469 352 469 353 469 354 469 355 469 356 469 357 469 356 469 355 469 353 469 349 469 344 469 338 469 330 469 327 469 325 469 324 469 324 469 
64 0 0 0 0 1 139 368 -1 -1 0 7236 82 256 82 254 82 256 82 257 82 261 82 267 82 272 82 282 82 286 82 290 82 292 82 295 82 302 82 306 82 312 82 325 82 328 82 331 82 335 82 337 82 339 82 340 82 341 82 345 82 347 82 351 82 362 82 367 82 368 79 368 81 368 86 368 91 368 95 368 100 368 104 368 106 368 108 368 110 368 111 368 117 368 121 368 125 368 130 368 133 368 136 368 137 368 138 368 139 368 
64 0 0 0 0 1 227 456 -1 -1 0 10706 485 456 561 456 560 456 559 456 559 456 558 456 554 456 549 456 544 456 540 456 533 456 530 456 527 456 523 456 521 456 519 456 518 456 518 456 517 456 518 456 522 456 533 456 550 456 568 456 583 456 592 456 593 456 599 456 599 456 599 456 599 456 599 456 599 456 599 456 599 456 599 456 599 456 598 456 595 456 592 456 587 456 579 456 568 456 533 456 512 456 480 456 469 456 459 456 435 456 423 456 414 456 400 456 395 456 388 456 377 456 374 456 370 456 369 456 368 456 367 456 365 456 364 456 363 456 361 456 360 456 359 456 358 456 357 456 356 456 355 456 353 456 350 456 348 456 344 456 339 456 336 456 326 456 322 456 320 456 319 456 317 456 316 456 309 456 305 456 301 456 293 456 290 456 287 456 285 456 283 456 281 456 280 456 279 456 277 456 275 456 272 456 270 456 269 456 267 456 265 456 263 456 260 456 259 456 258 456 254 456 252 456 249 456 248 456 247 456 245 456 244 456 243 456 240 456 239 456 238 456 236 456 235 456 234 456 233 456 232 456 231 456 230 456 229 456 228 456 227 456 
64 0 0 0 0 1 271 100 -1 -1 0 5121 271 162 271 161 271 160 271 159 271 158 271 157 271 156 271 155 271 153 271 151 271 146 271 144 271 143 271 142 271 141 271 139 271 137 271 133 271 121 271 117 271 109 271 106 271 103 271 100 271 100 
64 0 0 0 0 2 549 283 1 3323 5 
64 0 0 0 0 2 316 383 0 4127 3 
64 0 0 0 0 2 116 249 0 2481 5 
64 0 0 0 0 2 383 383 1 5085 3 
64 0 0 0 0 2 449 183 1 2927 4 
64 0 0 0 0 2 249 83 0 1769 3 
64 0 0 0 0 2 116 216 0 1544 3 
64 0 0 0 0 2 183 416 0 1947 3 
64 0 0 0 0 2 216 183 0 2292 4 
64 0 0 0 0 2 416 50 1 2119 3 
64 0 0 0 0 2 316 416 0 2003 3 
64 0 0 0 0 2 183 316 0 1152 3 
64 0 0 0 0 2 283 449 0 3642 3 
64 0 0 0 0 2 482 482 1 1670 4 
64 0 0 0 0 2 50 549 0 2828 5 
64 0 0 0 0 2 83 116 0 1076 5 
64 0 0 0 0 2 249 249 0 1940 3 
64 0 0 0 0 2 416 83 1 2661 3 
64 0 0 0 0 2 216 316 0 1466 3 
64 0 0 0 0 2 183 183 0 1554 3 
64 0 0 0 0 2 116 516 0 1155 3 
64 0 0 0 0 2 449 149 1 3038 3 
64 0 0 0 0 2 416 316 1 1816 2 
64 0 0 0 0 2 183 516 0 3539 2 
64 0 0 0 0 2 449 383 1 8157 3 
64 0 0 0 0 2 549 116 1 1977 5 
64 0 0 0 0 2 482 83 1 1139 4 
64 0 0 0 0 2 449 516 1 1699 4 
64 0 0 0 0 2 349 349 0 3133 3 
64 0 0 0 0 2 183 549 0 1509 4 
64 0 0 0 0 2 116 283 0 1780 4 
64 0 0 0 0 2 316 50 0 2664 3 
64 0 0 0 0 1 322 172 -1 -1 1 7219 322 273 322 272 322 271 322 270 322 268 322 266 322 262 322 257 322 255 322 250 322 246 322 241 322 232 322 227 322 219 322 202 322 196 322 191 322 187 322 185 322 182 322 181 322 180 322 179 322 178 322 177 322 176 322 175 322 174 322 173 322 172 
64 0 0 0 0 1 306 599 -1 -1 1 8100 409 485 409 484 409 483 409 481 409 478 409 474 409 465 409 445 409 434 409 417 409 409 409 401 409 393 409 390 409 387 409 383 409 378 409 372 409 362 409 357 409 347 409 342 409 338 409 334 409 335 409 337 409 344 409 358 409 380 409 407 409 464 409 492 409 545 409 568 409 586 409 599 409 599 409 599 409 599 409 599 409 599 409 599 409 599 409 599 409 599 409 599 406 599 405 599 404 599 403 599 402 599 399 599 396 599 392 599 383 599 379 599 374 599 365 599 359 599 352 599 339 599 334 599 329 599 326 599 325 599 324 599 322 599 321 599 318 599 317 599 313 599 307 599 306 599 
64 0 0 0 0 1 270 137 -1 -1 0 9882 404 137 403 137 401 137 399 137 398 137 397 137 396 137 395 137 393 137 392 137 392 137 390 137 387 137 386 137 384 137 383 137 382 137 379 137 378 137 376 137 373 137 371 137 368 137 367 137 366 137 361 137 357 137 353 137 346 137 342 137 339 137 337 137 335 137 334 137 333 137 332 137 331 137 330 137 329 137 328 137 327 137 326 137 324 137 323 137 322 137 321 137 320 137 319 137 318 137 317 137 316 137 315 137 314 137 313 137 312 137 311 137 310 137 308 137 307 137 303 137 302 137 301 137 299 137 295 137 292 137 288 137 287 137 286 137 283 137 281 137 278 137 277 137 276 137 275 137 274 137 273 137 272 137 271 137 270 137 
64 0 0 0 0 1 250 427 -1 -1 0 4252 250 218 250 220 250 221 250 225 250 232 250 243 250 255 250 272 250 280 250 300 250 310 250 321 250 349 250 361 250 370 250 384 250 392 250 403 250 420 250 424 250 428 250 427 
64 0 0 0 0 1 225 441 -1 -1 0 6019 504 441 502 441 501 441 500 441 499 441 497 441 495 441 492 441 481 441 477 441 472 441 463 441 460 441 457 441 451 441 448 441 445 441 439 441 433 441 419 441 412 441 406 441 395 441 389 441 383 441 369 441 362 441 350 441 345 441 341 441 330 441 325 441 319 441 306 441 299 441 293 441 282 441 277 441 267 441 263 441 259 441 254 441 250 441 246 441 241 441 239 441 238 441 237 441 236 441 235 441 234 441 233 441 232 441 231 441 229 441 228 441 227 441 226 441 225 441 
64 0 0 0 0 1 245 284 -1 -1 0 4660 245 594 245 596 245 598 245 599 245 599 245 599 245 599 245 599 245 599 245 599 245 599 245 599 245 599 245 599 245 599 245 599 245 598 245 594 245 583 245 562 245 533 245 473 245 447 245 400 245 382 245 368 245 347 245 334 245 318 245 295 245 288 245 284 
64 0 0 0 0 1 320 256 -1 -1 1 8163 38 256 47 256 48 256 50 256 51 256 53 256 57 256 60 256 61 256 63 256 64 256 66 256 70 256 71 256 72 256 73 256 75 256 80 256 88 256 90 256 92 256 93 256 94 256 97 256 101 256 102 256 106 256 110 256 114 256 125 256 131 256 142 256 147 256 151 256 162 256 169 256 175 256 181 256 183 256 186 256 189 256 190 256 197 256 200 256 201 256 202 256 203 256 204 256 205 256 206 256 208 256 210 256 213 256 218 256 223 256 226 256 227 256 228 256 229 256 231 256 232 256 235 256 238 256 240 256 250 256 255 256 261 256 274 256 279 256 283 256 289 256 291 256 292 256 294 256 296 256 299 256 300 256 302 256 307 256 311 256 313 256 314 256 315 256 316 256 317 256 318 256 319 256 320 256 320 256 
64 0 0 0 0 1 472 416 -1 -1 1 4898 472 550 472 549 472 545 472 538 472 526 472 509 472 493 472 461 472 447 472 426 472 420 472 417 472 416 
64 0 0 0 0 1 322 347 -1 -1 1 4906 322 231 322 232 322 233 322 234 322 238 322 248 322 259 322 276 322 281 322 283 322 284 322 285 322 291 322 297 322 303 322 315 322 320 322 327 322 341 322 346 322 347 
64 0 0 0 0 1 202 183 -1 -1 0 7296 590 183 590 183 591 183 592 183 596 183 599 183 599 183 599 183 599 183 599 183 599 183 599 183 599 183 599 183 599 183 599 183 599 183 599 183 599 183 599 183 598 183 591 183 579 183 563 183 545 183 525 183 485 183 467 183 432 183 416 183 402 183 369 183 353 183 338 183 315 183 306 183 298 183 283 183 277 183 264 183 258 183 251 183 240 183 236 183 236 183 238 183 239 183 245 183 252 183 257 183 264 183 268 183 272 183 273 183 274 183 275 183 279 183 283 183 287 183 288 183 287 183 286 183 285 183 284 183 283 183 282 183 279 183 274 183 269 183 264 183 254 183 249 183 242 183 240 183 237 183 231 183 227 183 223 183 217 183 214 183 212 183 209 183 208 183 207 183 206 183 205 183 204 183 203 183 202 183 
64 0 0 0 0 1 235 175 -1 -1 0 5834 441 175 440 175 439 175 438 175 437 175 436 175 432 175 428 175 417 175 410 175 398 175 394 175 391 175 386 175 381 175 378 175 372 175 369 175 365 175 356 175 351 175 341 175 336 175 330 175 322 175 317 175 310 175 296 175 289 175 276 175 272 175 267 175 255 175 250 175 246 175 240 175 238 175 236 175 233 175 232 175 231 175 230 175 229 175 228 175 227 175 226 175 225 175 226 175 227 175 229 175 231 175 232 175 233 175 234 175 235 175 
64 0 0 0 0 1 296 335 -1 -1 0 10060 359 335 358 335 357 335 356 335 355 335 353 335 348 335 336 335 331 335 325 335 323 335 322 335 318 335 316 335 314 335 308 335 304 335 300 335 296 335 293 335 284 335 283 335 283 335 294 335 293 335 292 335 290 335 287 335 285 335 283 335 278 335 274 335 261 335 256 335 251 335 247 335 246 335 245 335 242 335 241 335 240 335 239 335 237 335 228 335 224 335 221 335 217 335 216 335 215 335 214 335 213 335 212 335 211 335 209 335 207 335 202 335 196 335 185 335 179 335 166 335 161 335 156 335 146 335 139 335 133 335 129 335 127 335 125 335 124 335 123 335 122 335 123 335 124 335 126 335 129 335 132 335 134 335 135 335 136 335 138 335 139 335 140 335 142 335 143 335 144 335 145 335 146 335 147 335 147 335 148 335 150 335 152 335 154 335 155 335 156 335 161 335 162 335 163 335 164 335 165 335 165 335 167 335 168 335 169 335 170 335 171 335 172 335 173 335 174 335 175 335 177 335 178 335 179 335 181 335 182 335 184 335 188 335 193 335 195 335 196 335 197 335 198 335 199 335 200 335 201 335 202 335 204 335 205 335 206 335 207 335 208 335 210 335 215 335 216 335 217 335 218 335 219 335 220 335 222 335 223 335 225 335 227 335 242 335 248 335 255 335 256 335 257 335 258 335 259 335 260 335 261 335 263 335 268 335 275 335 282 335 292 335 294 335 295 335 296 335 
64 0 0 0 0 1 322 433 -1 -1 1 6579 348 476 348 475 348 474 348 471 348 468 348 464 348 459 348 452 348 450 348 445 348 443 348 441 348 437 348 435 348 434 348 433 347 433 346 433 345 433 344 433 343 433 342 433 341 433 340 433 339 433 338 433 337 433 335 433 333 433 332 433 331 433 330 433 329 433 328 433 327 433 326 433 325 433 324 433 323 433 322 433 
64 0 0 0 0 1 147 96 -1 -1 0 4610 214 96 213 96 212 96 210 96 209 96 205 96 201 96 196 96 185 96 183 96 178 96 174 96 169 96 161 96 159 96 157 96 156 96 155 96 154 96 153 96 151 96 150 96 149 96 148 96 147 96 
64 0 0 0 0 1 0 39 -1 -1 0 3305 140 39 139 39 138 39 137 39 135 39 133 39 130 39 116 39 106 39 93 39 90 39 86 39 80 39 76 39 72 39 63 39 59 39 56 39 48 39 43 39 29 39 21 39 14 39 1 39 0 39 0 39 0 39 
64 0 0 0 0 1 326 294 -1 -1 1 4683 159 294 168 294 167 294 166 294 165 294 163 294 162 294 160 294 157 294 140 294 130 294 120 294 92 294 76 294 48 294 37 294 25 294 10 294 6 294 7 294 8 294 13 294 21 294 33 294 51 294 93 294 118 294 170 294 193 294 212 294 233 294 238 294 239 294 241 294 243 294 245 294 256 294 263 294 278 294 282 294 283 294 284 294 285 294 286 294 287 294 291 294 298 294 303 294 305 294 307 294 308 294 310 294 311 294 312 294 313 294 314 294 316 294 319 294 320 294 322 294 324 294 326 294 
64 0 0 0 0 2 383 316 1 3563 4 
64 0 0 0 0 2 249 216 0 3846 3 
64 0 0 0 0 2 549 516 1 1807 4 
64 0 0 0 0 2 216 149 0 2973 3 
64 0 0 0 0 2 383 349 1 2642 4 
64 0 0 0 0 2 482 216 1 1473 5 
64 0 0 0 0 2 516 449 1 1230 5 
64 0 0 0 0 2 249 316 0 6941 3 
64 0 0 0 0 2 249 50 0 1934 3 
64 0 0 0 0 2 549 50 1 1335 4 
64 0 0 0 0 2 516 249 1 1747 4 
64 0 0 0 0 2 283 349 1 5227 4 
64 0 0 0 0 2 349 449 1 1469 4 
64 0 0 0 0 2 383 116 1 1263 5 
64 0 0 0 0 2 50 283 0 2078 5 
64 0 0 0 0 2 249 416 0 3908 3 
64 0 0 0 0 2 116 416 0 1222 2 
64 0 0 0 0 2 149 183 0 1536 4 
64 0 0 0 0 2 516 216 1 3163 4 
64 0 0 0 0 2 116 482 0 4743 3 
64 0 0 0 0 2 116 116 0 1678 4 
64 0 0 0 0 2 183 249 0 2107 3 
64 0 0 0 0 2 349 149 1 1808 4 
64 0 0 0 0 2 316 149 1 1140 3 
64 0 0 0 0 2 549 449 1 1150 4 
64 0 0 0 0 2 149 549 0 2250 3 
64 0 0 0 0 2 149 383 0 1257 3 
64 0 0 0 0 2 482 383 1 1356 4 
64 0 0 0 0 2 516 349 1 2189 4 
64 0 0 0 0 2 50 83 0 1681 4 
64 0 0 0 0 2 149 349 0 4180 3 
64 0 0 0 0 2 316 116 1 2808 4 
64 0 0 0 0 1 201 466 -1 -1 0 6477 201 533 201 531 201 530 201 529 201 528 201 527 201 526 201 524 201 522 201 521 201 519 201 515 201 511 201 506 201 499 201 496 201 486 201 481 201 478 201 474 201 473 201 472 201 471 201 470 201 469 201 467 201 466 
64 0 0 0 0 1 346 338 -1 -1 1 3820 346 452 346 452 346 448 346 444 346 439 346 432 346 424 346 406 346 399 346 387 346 381 346 374 346 364 346 358 346 351 346 341 346 339 346 338 
64 0 0 0 0 1 242 193 -1 -1 0 5890 362 193 363 193 364 193 365 193 366 193 367 193 368 193 369 193 373 193 374 193 375 193 376 193 378 193 379 193 383 193 385 193 387 193 386 193 384 193 381 193 378 193 373 193 371 193 363 193 358 193 351 193 347 193 344 193 341 193 338 193 336 193 332 193 330 193 328 193 321 193 319 193 312 193 308 193 303 193 295 193 291 193 286 193 277 193 271 193 264 193 249 193 242 193 229 193 223 193 219 193 209 193 204 193 201 193 194 193 191 193 187 193 186 193 185 193 186 193 187 193 189 193 191 193 193 193 195 193 196 193 197 193 200 193 205 193 212 193 217 193 221 193 222 193 226 193 231 193 233 193 235 193 236 193 237 193 238 193 239 193 240 193 241 193 242 193 
64 0 0 0 0 1 292 413 -1 -1 0 4060 517 413 517 413 515 413 509 413 500 413 490 413 482 413 466 413 459 413 441 413 431 413 423 413 412 413 407 413 402 413 391 413 387 413 382 413 368 413 361 413 352 413 345 413 337 413 321 413 313 413 306 413 298 413 297 413 295 413 294 413 293 413 292 413 
64 0 0 0 0 1 290 338 -1 -1 0 4337 536 338 535 338 534 338 533 338 531 338 527 338 520 338 504 338 494 338 475 338 465 338 456 338 439 338 431 338 425 338 411 338 405 338 400 338 390 338 385 338 373 338 367 338 360 338 344 338 337 338 333 338 329 338 328 338 327 338 326 338 324 338 319 338 316 338 312 338 305 338 302 338 300 338 299 338 299 338 297 338 296 338 295 338 294 338 293 338 292 338 291 338 290 338 
64 0 0 0 0 1 375 383 -1 -1 1 5186 177 383 195 383 199 383 206 383 214 383 223 383 231 383 245 383 251 383 257 383 260 383 266 383 277 383 282 383 287 383 297 383 300 383 301 383 302 383 303 383 306 383 307 383 308 383 309 383 310 383 311 383 313 383 316 383 319 383 331 383 338 383 349 383 352 383 356 383 358 383 359 383 360 383 361 383 362 383 363 383 364 383 366 383 370 383 373 383 375 383 
64 0 0 0 0 1 292 343 -1 -1 0 5804 45 343 46 343 47 343 48 343 51 343 55 343 63 343 82 343 89 343 104 343 111 343 117 343 129 343 136 343 144 343 161 343 170 343 180 343 202 343 212 343 235 343 248 343 260 343 286 343 296 343 304 343 321 343 329 343 336 343 350 343 354 343 359 343 360 343 360 343 361 343 363 343 366 343 370 343 376 343 388 343 394 343 405 343 408 343 410 343 413 343 414 343 418 343 422 343 424 343 425 343 429 343 431 343 437 343 438 343 437 343 436 343 435 343 431 343 427 343 424 343 423 343 420 343 418 343 416 343 415 343 414 343 411 343 409 343 407 343 406 343 405 343 404 343 403 343 402 343 402 343 401 343 399 343 398 343 397 343 394 343 393 343 388 343 383 343 378 343 368 343 363 343 359 343 346 343 341 343 333 343 329 343 325 343 320 343 317 343 315 343 308 343 305 343 303 343 299 343 298 343 295 343 294 343 293 343 292 343 
64 0 0 0 0 1 342 316 -1 -1 1 6385 414 316 414 316 413 316 412 316 410 316 406 316 403 316 394 316 390 316 389 316 388 316 387 316 385 316 379 316 371 316 363 316 351 316 346 316 337 316 335 316 333 316 329 316 326 316 321 316 315 316 314 316 315 316 318 316 323 316 330 316 333 316 334 316 335 316 336 316 338 316 339 316 340 316 342 316 
64 0 0 0 0 1 292 165 -1 -1 0 3952 155 165 156 165 157 165 159 165 161 165 164 165 167 165 170 165 172 165 180 165 184 165 188 165 198 165 204 165 210 165 221 165 225 165 229 165 236 165 240 165 252 165 257 165 263 165 272 165 277 165 281 165 285 165 286 165 287 165 288 165 289 165 290 165 291 165 292 165 
64 0 0 0 0 1 347 400 -1 -1 1 3363 568 400 555 400 556 400 560 400 566 400 576 400 585 400 599 400 599 400 599 400 599 400 599 400 599 400 599 400 599 400 599 400 599 400 599 400 599 400 598 400 595 400 590 400 583 400 572 400 557 400 519 400 499 400 465 400 451 400 438 400 418 400 409 400 402 400 392 400 383 400 375 400 363 400 358 400 349 400 347 400 
64 0 0 0 0 1 139 424 -1 -1 0 4563 139 31 139 31 139 29 139 21 139 12 139 2 139 0 139 0 139 0 139 0 139 0 139 0 139 0 139 0 139 0 139 0 139 0 139 0 139 0 139 0 139 0 139 0 139 0 139 0 139 0 139 0 139 0 139 0 139 1 139 9 139 29 139 53 139 83 139 160 139 221 139 285 139 380 139 413 139 440 139 483 139 500 139 536 139 554 139 574 139 599 139 599 139 599 139 599 139 599 139 599 139 599 139 599 139 599 139 599 139 599 139 599 139 599 139 599 139 599 139 599 139 599 139 599 139 599 139 599 139 599 139 598 139 597 139 595 139 589 139 581 139 569 139 557 139 544 139 517 139 501 139 482 139 480 139 476 139 465 139 461 139 457 139 451 139 443 139 435 139 427 139 426 139 425 139 424 
64 0 0 0 0 1 126 190 -1 -1 0 4665 306 475 306 475 302 475 294 475 284 475 272 475 256 475 220 475 202 475 176 475 167 475 162 475 158 475 156 475 152 475 144 475 139 475 132 475 117 475 112 475 109 475 108 475 110 475 114 475 117 475 120 475 121 475 124 475 126 475 126 476 126 469 126 458 126 444 126 432 126 416 126 376 126 359 126 337 126 328 126 323 126 319 126 317 126 314 126 294 126 280 126 266 126 242 126 234 126 227 126 225 126 224 126 219 126 213 126 204 126 196 126 194 126 190 
64 0 0 0 0 1 102 0 -1 -1 0 4938 598 341 599 341 597 341 590 341 580 341 566 341 548 341 506 341 480 341 422 341 393 341 367 341 322 341 303 341 287 341 258 341 243 341 227 341 203 341 190 341 173 341 166 341 161 341 158 341 157 341 156 341 155 341 153 341 151 341 147 341 142 341 133 341 128 341 122 341 109 341 103 341 99 341 95 341 94 341 93 341 92 341 90 341 90 341 88 341 87 341 86 341 88 341 96 341 102 341 102 341 102 340 102 339 102 337 102 336 102 333 102 327 102 302 102 285 102 249 102 229 102 208 102 167 102 149 102 133 102 99 102 79 102 59 102 25 102 10 102 0 102 0 102 0 
64 0 0 0 0 1 312 169 -1 -1 1 6083 312 207 312 360 312 361 312 362 312 364 312 366 312 370 312 373 312 376 312 384 312 389 312 393 312 395 312 396 312 397 312 398 312 399 312 402 312 407 312 415 312 433 312 437 312 439 312 439 312 433 312 418 312 400 312 380 312 362 312 320 312 296 312 255 312 237 312 222 312 202 312 200 312 198 312 194 312 187 312 178 312 172 312 164 312 150 312 146 312 144 312 143 312 143 312 144 312 145 312 146 312 147 312 148 312 149 312 151 312 154 312 157 312 169 312 175 312 181 312 183 312 185 312 185 312 187 312 188 312 191 312 193 312 192 312 190 312 188 312 184 312 180 312 173 312 157 312 151 312 152 312 153 312 157 312 159 312 161 312 162 312 166 312 168 312 168 312 169 
64 0 0 0 0 1 265 88 -1 -1 0 6091 451 207 449 207 445 207 438 207 430 207 424 207 418 207 407 207 400 207 384 207 376 207 370 207 355 207 347 207 339 207 330 207 328 207 327 207 316 207 311 207 305 207 304 207 303 207 302 207 300 207 299 207 297 207 294 207 291 207 281 207 276 207 268 207 265 207 265 204 265 200 265 193 265 185 265 179 265 173 265 152 265 140 265 120 265 112 265 104 265 88 265 83 265 81 265 81 265 81 265 85 265 88 
64 0 0 0 0 1 37 0 -1 -1 0 4059 37 77 37 78 37 74 37 68 37 58 37 47 37 35 37 6 37 0 37 0 37 0 37 0 37 0 37 0 37 0 37 0 37 0 37 0 37 0 
64 0 0 0 0 2 416 349 1 4590 4 
64 0 0 0 0 2 149 116 0 2007 4 
64 0 0 0 0 2 216 449 0 1599 4 
64 0 0 0 0 2 249 183 0 1714 4 
64 0 0 0 0 2 549 316 1 1240 4 
64 0 0 0 0 2 149 83 0 1195 4 
64 0 0 0 0 2 549 383 1 1108 4 
64 0 0 0 0 2 516 383 1 3752 4 
64 0 0 0 0 2 349 83 1 3310 3 
64 0 0 0 0 2 449 83 1 1369 4 
64 0 0 0 0 2 283 383 0 1505 3 
64 0 0 0 0 2 383 83 1 1411 4 
64 0 0 0 0 2 83 449 0 2200 5 
64 0 0 0 0 2 116 316 0 1608 5 
64 0 0 0 0 2 482 149 1 2195 5 
64 0 0 0 0 2 83 349 0 1268 5 
64 0 0 0 0 2 482 50 1 1283 5 
64 0 0 0 0 2 416 482 1 1954 5 
64 0 0 0 0 2 83 149 0 1201 5 
64 0 0 0 0 2 316 283 1 4115 4 
64 0 0 0 0 2 349 516 1 1688 4 
64 0 0 0 0 2 349 383 1 1306 4 
64 0 0 0 0 2 149 249 0 3453 4 
64 0 0 0 0 2 183 349 0 1158 4 
64 0 0 0 0 2 50 149 0 1341 4 
64 0 0 0 0 2 183 383 0 1393 4 
64 0 0 0 0 2 449 116 1 1590 4 
64 0 0 0 0 2 83 83 0 1777 4 
64 0 0 0 0 2 216 349 0 3031 4 
64 0 0 0 0 2 416 249 1 6637 3 
64 0 0 0 0 2 449 449 1 1812 4 
64 0 0 0 0 2 283 216 0 2845 3 
64 0 0 0 0 1 301 363 -1 -1 1 8916 301 312 301 311 301 310 301 309 301 308 301 307 301 306 301 304 301 301 301 291 301 284 301 271 301 266 301 261 301 252 301 248 301 244 301 241 301 240 301 239 301 240 301 241 301 242 301 243 301 247 301 250 301 257 301 258 301 259 301 260 301 264 301 268 301 273 301 281 301 302 301 310 301 322 301 326 301 331 301 345 301 352 301 357 301 363 
64 0 0 0 0 1 288 235 -1 -1 0 4602 360 235 358 235 357 235 355 235 352 235 348 235 345 235 342 235 334 235 330 235 322 235 319 235 316 235 312 235 309 235 307 235 302 235 301 235 299 235 294 235 292 235 290 235 288 235 
64 0 0 0 0 1 298 195 -1 -1 0 4138 432 195 431 195 429 195 428 195 426 195 424 195 419 195 403 195 396 195 379 195 370 195 363 195 351 195 345 195 340 195 329 195 322 195 317 195 307 195 305 195 299 195 298 195 
64 0 0 0 0 1 256 331 -1 -1 0 4250 256 405 256 403 256 399 256 394 256 389 256 384 256 376 256 365 256 359 256 351 256 349 256 347 256 345 256 344 256 341 256 336 256 331 
64 0 0 0 0 1 342 466 -1 -1 1 6112 451 466 451 466 449 466 445 466 437 466 425 466 412 466 391 466 382 466 366 466 360 466 352 466 339 466 333 466 328 466 321 466 320 466 321 466 320 466 312 466 303 466 297 466 289 466 281 466 268 466 262 466 251 466 246 466 243 466 237 466 236 466 235 466 233 466 232 466 231 466 232 466 234 466 238 466 245 466 255 466 266 466 280 466 281 466 282 466 283 466 284 466 288 466 290 466 294 466 299 466 300 466 301 466 303 466 305 466 308 466 309 466 312 466 313 466 317 466 319 466 323 466 333 466 337 466 339 466 341 466 342 466 
64 0 0 0 0 1 338 303 -1 -1 1 3828 517 303 516 303 514 303 513 303 511 303 505 303 493 303 468 303 457 303 439 303 433 303 427 303 417 303 411 303 404 303 389 303 379 303 367 303 349 303 344 303 341 303 340 303 339 303 338 303 
64 0 0 0 0 1 334 503 -1 -1 1 3804 285 503 290 503 291 503 293 503 296 503 300 503 304 503 312 503 314 503 316 503 317 503 318 503 321 503 323 503 324 503 327 503 329 503 332 503 333 503 334 503 
64 0 0 0 0 1 374 433 -1 -1 1 4066 226 433 224 433 225 433 228 433 233 433 240 433 246 433 252 433 264 433 269 433 279 433 283 433 288 433 292 433 295 433 300 433 310 433 314 433 318 433 326 433 329 433 333 433 335 433 338 433 349 433 354 433 357 433 363 433 366 433 368 433 370 433 371 433 372 433 373 433 374 433 
64 0 0 0 0 1 235 393 -1 -1 0 5187 23 393 24 393 27 393 32 393 38 393 47 393 58 393 80 393 90 393 105 393 114 393 122 393 136 393 143 393 148 393 155 393 156 393 157 393 160 393 161 393 167 393 169 393 170 393 171 393 172 393 173 393 175 393 177 393 184 393 189 393 196 393 198 393 199 393 200 393 201 393 202 393 203 393 204 393 205 393 206 393 208 393 210 393 213 393 214 393 215 393 216 393 217 393 217 393 219 393 220 393 222 393 223 393 224 393 225 393 226 393 227 393 229 393 231 393 232 393 234 393 235 393 
64 0 0 0 0 1 396 364 -1 -1 1 5074 250 364 210 364 212 364 215 364 219 364 224 364 230 364 240 364 243 364 249 364 250 364 252 364 255 364 258 364 261 364 265 364 269 364 270 364 271 364 273 364 280 364 283 364 287 364 295 364 299 364 305 364 322 364 330 364 338 364 357 364 369 364 395 364 408 364 420 364 445 364 458 364 470 364 489 364 498 364 511 364 517 364 522 364 530 364 532 364 531 364 529 364 525 364 521 364 519 364 515 364 505 364 500 364 487 364 479 364 471 364 455 364 447 364 439 364 422 364 415 364 410 364 401 364 399 364 398 364 397 364 396 364 
64 0 0 0 0 1 425 407 -1 -1 1 4643 328 407 328 407 332 407 339 407 348 407 362 407 379 407 409 407 422 407 439 407 447 407 454 407 469 407 478 407 488 407 506 407 511 407 513 407 512 407 511 407 488 407 487 407 486 407 485 407 484 407 483 407 479 407 478 407 477 407 475 407 461 407 452 407 440 407 437 407 434 407 432 407 431 407 430 407 429 407 428 407 427 407 426 407 426 407 425 407 
64 0 0 0 0 1 226 518 -1 -1 0 3627 96 518 97 518 100 518 107 518 118 518 129 518 140 518 161 518 168 518 178 518 181 518 183 518 190 518 196 518 201 518 208 518 212 518 215 518 219 518 220 518 221 518 222 518 223 518 226 518 
64 0 0 0 0 1 326 23 -1 -1 1 3609 40 23 18 23 20 23 24 23 31 23 42 23 54 23 84 23 99 23 131 23 146 23 162 23 196 23 209 23 223 23 247 23 259 23 270 23 288 23 298 23 315 23 320 23 322 23 324 23 325 23 326 23 
64 0 0 0 0 1 255 327 -1 -1 0 3987 427 327 405 327 403 327 399 327 395 327 390 327 385 327 374 327 368 327 360 327 357 327 351 327 338 327 333 327 329 327 317 327 310 327 303 327 292 327 286 327 271 327 267 327 266 327 262 327 261 327 260 327 259 327 257 327 256 327 255 327 
64 0 0 0 0 1 343 477 -1 -1 1 3817 552 477 551 477 549 477 544 477 538 477 533 477 527 477 512 477 501 477 482 477 475 477 468 477 453 477 446 477 438 477 419 477 408 477 398 477 382 477 375 477 364 477 361 477 360 477 358 477 357 477 356 477 355 477 354 477 353 477 352 477 348 477 346 477 344 477 343 477 
64 0 0 0 0 1 319 477 -1 -1 1 3573 106 477 120 477 122 477 130 477 140 477 151 477 165 477 181 477 216 477 232 477 256 477 266 477 275 477 290 477 296 477 300 477 305 477 306 477 307 477 308 477 310 477 314 477 317 477 319 477 
64 0 0 0 0 2 316 516 1 6719 3 
64 0 0 0 0 2 482 116 1 1562 4 
64 0 0 0 0 2 416 149 1 1612 3 
64 0 0 0 0 2 83 416 0 1701 5 
64 0 0 0 0 2 50 449 0 1014 5 
64 0 0 0 0 2 249 283 0 1947 3 
64 0 0 0 0 2 549 216 1 1630 5 
64 0 0 0 0 2 449 349 1 3309 5 
64 0 0 0 0 2 83 482 0 1537 5 
64 0 0 0 0 2 83 516 0 980 5 
64 0 0 0 0 2 249 116 0 1761 3 
64 0 0 0 0 2 482 316 1 1482 5 
64 0 0 0 0 2 283 50 0 4822 3 
64 0 0 0 0 2 183 283 0 1298 5 
64 0 0 0 0 2 416 116 1 4383 3 
64 0 0 0 0 2 516 283 1 1000 3 
64 0 0 0 0 2 349 416 1 6470 3 
64 0 0 0 0 2 116 149 0 1277 3 
64 0 0 0 0 2 83 316 0 1344 3 
64 0 0 0 0 2 316 549 0 4221 3 
64 0 0 0 0 2 383 549 1 2362 4 
64 0 0 0 0 2 83 549 0 1165 3 
64 0 0 0 0 2 482 183 1 1686 3 
64 0 0 0 0 2 283 183 0 5309 3 
64 0 0 0 0 2 316 249 0 2359 3 
64 0 0 0 0 2 216 549 0 3744 5 
64 0 0 0 0 2 416 416 1 1596 4 
64 0 0 0 0 2 516 50 1 1316 5 
64 0 0 0 0 2 116 83 0 1535 3 
64 0 0 0 0 2 216 383 0 4553 3 
64 0 0 0 0 2 482 449 1 1405 4 
64 0 0 0 0 2 183 216 0 1508 3 
64 0 0 0 0 1 57 403 -1 -1 0 22541 57 225 57 227 57 231 57 236 57 241 57 245 57 248 57 249 57 250 57 251 57 255 57 258 57 263 57 280 57 288 57 304 57 310 57 313 57 313 57 311 57 305 57 292 57 277 57 261 57 248 57 232 57 225 57 219 57 217 57 216 57 214 57 212 57 208 57 205 57 199 57 187 57 180 57 165 57 158 57 155 57 154 57 155 57 156 57 158 57 160 57 161 57 162 57 163 57 164 57 165 57 167 57 169 57 170 57 171 57 171 57 172 57 173 57 174 57 175 57 176 57 180 57 184 57 186 57 187 57 191 57 195 57 201 57 203 57 205 57 205 57 207 57 208 57 209 57 211 57 217 57 234 57 242 57 251 57 256 57 263 57 277 57 284 57 295 57 330 57 350 57 367 57 392 57 398 57 402 57 403 57 403 
64 0 0 0 0 1 434 492 -1 -1 1 4553 257 492 254 492 258 492 263 492 271 492 281 492 290 492 300 492 303 492 307 492 309 492 312 492 321 492 330 492 343 492 368 492 377 492 384 492 392 492 395 492 403 492 408 492 412 492 423 492 427 492 431 492 434 492 
64 0 0 0 0 1 599 156 -1 -1 1 3355 394 156 382 156 385 156 393 156 403 156 414 156 426 156 454 156 469 156 497 156 509 156 520 156 543 156 553 156 562 156 573 156 576 156 588 156 596 156 599 156 599 156 599 156 599 156 599 156 599 156 
64 0 0 0 0 1 145 573 -1 -1 0 3688 30 573 0 573 0 573 0 573 0 573 0 573 0 573 0 573 0 573 0 573 0 573 0 573 0 573 0 573 0 573 0 573 0 573 0 573 0 573 0 573 0 573 0 573 0 573 0 573 0 573 1 573 7 573 17 573 31 573 48 573 64 573 90 573 98 573 107 573 110 573 114 573 128 573 136 573 141 573 145 573 
64 0 0 0 0 1 182 526 -1 -1 0 3628 486 526 487 526 488 526 490 526 495 526 500 526 504 526 505 526 506 526 507 526 505 526 499 526 491 526 479 526 466 526 453 526 427 526 415 526 387 526 374 526 363 526 346 526 338 526 328 526 311 526 304 526 294 526 278 526 270 526 254 526 244 526 235 526 227 526 222 526 215 526 202 526 196 526 190 526 182 526 
64 0 0 0 0 1 284 7 -1 -1 0 4059 392 7 395 7 393 7 390 7 384 7 377 7 370 7 355 7 348 7 333 7 326 7 320 7 312 7 309 7 306 7 303 7 302 7 300 7 293 7 291 7 290 7 289 7 288 7 287 7 286 7 285 7 284 7 
64 0 0 0 0 1 293 571 -1 -1 0 4316 158 571 160 571 161 571 166 571 173 571 181 571 187 571 193 571 196 571 205 571 212 571 221 571 236 571 243 571 249 571 259 571 261 571 265 571 275 571 282 571 292 571 293 571 
64 0 0 0 0 1 321 362 -1 -1 1 5569 513 18 512 18 507 18 499 18 484 18 472 18 462 18 450 18 442 18 429 18 422 18 416 18 403 18 397 18 392 18 382 18 380 18 379 18 378 18 377 18 374 18 373 18 372 18 371 18 367 18 365 18 363 18 360 18 347 18 341 18 330 18 325 18 323 18 322 18 321 18 321 17 321 15 321 9 321 0 321 0 321 0 321 0 321 0 321 0 321 0 321 0 321 0 321 0 321 0 321 0 321 0 321 1 321 9 321 24 321 45 321 75 321 143 321 176 321 207 321 253 321 269 321 282 321 300 321 307 321 313 321 334 321 349 321 361 321 362 
64 0 0 0 0 1 274 253 -1 -1 0 6794 432 108 432 106 432 105 432 103 432 97 432 86 432 71 432 36 432 22 432 10 432 7 432 4 432 0 432 0 432 0 432 0 432 0 432 2 432 5 432 10 432 16 432 25 432 38 432 66 432 74 432 79 432 81 432 84 438 84 432 84 422 84 410 84 399 84 388 84 366 84 359 84 348 84 340 84 333 84 317 84 312 84 308 84 301 84 296 84 290 84 276 84 268 84 251 84 242 84 230 84 216 84 215 84 213 84 210 84 209 84 210 84 211 84 214 84 217 84 221 84 227 84 238 84 246 84 258 84 265 84 269 84 273 84 274 84 274 84 274 83 274 76 274 63 274 46 274 33 274 23 274 4 274 0 274 0 274 0 274 0 274 0 274 0 274 0 274 0 274 0 274 0 274 0 274 0 274 0 274 0 274 1 274 5 274 18 274 36 274 59 274 89 274 152 274 180 274 222 274 230 274 232 274 233 274 235 274 239 274 246 274 250 274 253 
64 0 0 0 0 1 230 120 -1 -1 0 5803 32 317 33 317 38 317 45 317 51 317 62 317 72 317 89 317 95 317 103 317 106 317 109 317 112 317 116 317 122 317 134 317 138 317 140 317 145 317 146 317 147 317 148 317 149 317 152 317 153 317 155 317 159 317 161 317 162 317 165 317 166 317 168 317 169 317 171 317 178 317 181 317 182 317 187 317 191 317 200 317 202 317 204 317 208 317 211 317 213 317 219 317 221 317 223 317 225 317 227 317 230 317 230 317 230 315 230 310 230 304 230 299 230 294 230 290 230 285 230 283 230 273 230 267 230 261 230 255 230 252 230 246 230 239 230 236 230 231 230 218 230 211 230 199 230 192 230 184 230 170 230 163 230 153 230 132 230 124 230 120 
64 0 0 0 0 1 284 348 -1 -1 0 5404 283 522 281 522 280 522 279 522 277 522 274 522 267 522 260 522 247 522 239 522 222 522 213 522 207 522 199 522 197 522 196 522 197 522 198 522 201 522 206 522 213 522 222 522 243 522 252 522 265 522 271 522 276 522 281 522 282 522 283 522 284 522 284 520 284 511 284 497 284 482 284 469 284 456 284 434 284 423 284 404 284 395 284 385 284 365 284 357 284 352 284 350 284 348 
64 0 0 0 0 1 205 308 -1 -1 0 3895 8 189 8 190 8 193 8 196 8 199 8 206 8 217 8 236 8 247 8 264 8 270 8 275 8 297 8 312 8 323 8 328 8 329 8 328 8 326 8 324 8 318 8 314 8 311 8 308 9 308 11 308 18 308 28 308 43 308 58 308 89 308 103 308 124 308 135 308 143 308 156 308 162 308 169 308 183 308 191 308 197 308 202 308 204 308 205 308 
64 0 0 0 0 1 309 472 -1 -1 1 4690 438 472 354 472 357 472 364 472 372 472 383 472 393 472 409 472 415 472 422 472 424 472 425 472 426 472 427 472 428 472 430 472 434 472 439 472 448 472 463 472 500 472 515 472 526 472 528 472 530 472 533 472 534 472 536 472 537 472 536 472 531 472 522 472 508 472 495 472 481 472 451 472 437 472 418 472 410 472 401 472 380 472 371 472 361 472 341 472 335 472 331 472 328 472 327 472 323 472 318 472 314 472 311 472 310 472 309 472 
64 0 0 0 0 1 169 599 -1 -1 0 4491 169 377 169 378 169 379 169 380 169 381 169 383 169 388 169 394 169 399 169 414 169 423 169 453 169 469 169 486 169 514 169 527 169 540 169 550 169 551 169 552 169 556 169 563 169 572 169 578 169 584 169 599 169 599 169 599 169 599 169 599 169 599 169 599 169 599 169 599 169 599 169 599 169 599 
64 0 0 0 0 1 243 0 -1 -1 0 7209 232 80 231 80 230 80 228 80 226 80 226 80 224 80 213 80 205 80 189 80 182 80 176 80 156 80 146 80 140 80 134 80 135 80 136 80 139 80 144 80 149 80 154 80 162 80 182 80 194 80 211 80 216 80 219 80 221 80 222 80 223 80 223 80 225 80 226 80 227 80 228 80 231 80 232 80 233 80 234 80 235 80 236 80 237 80 239 80 240 80 242 80 243 80 243 78 243 71 243 61 243 49 243 36 243 21 243 0 243 0 243 0 243 0 243 0 243 0 243 0 243 0 243 0 
64 0 0 0 0 1 255 395 -1 -1 0 4458 255 545 255 543 255 542 255 541 255 535 255 528 255 521 255 514 255 506 255 489 255 479 255 456 255 447 255 438 255 417 255 408 255 404 255 402 255 401 255 400 255 399 255 398 255 397 255 397 255 396 255 395 
64 0 0 0 0 2 549 249 1 2698 5 
64 0 0 0 0 2 283 516 1 5413 3 
64 0 0 0 0 2 516 516 1 1236 5 
64 0 0 0 0 2 516 316 1 1509 5 
64 0 0 0 0 2 116 349 0 1439 5 
64 0 0 0 0 2 449 249 1 2452 5 
64 0 0 0 0 2 416 549 1 1772 4 
64 0 0 0 0 2 216 516 0 2918 3 
64 0 0 0 0 2 383 482 1 1852 5 
64 0 0 0 0 2 83 383 0 1800 5 
64 0 0 0 0 2 249 383 1 3944 3 
64 0 0 0 0 2 183 149 0 1724 5 
64 0 0 0 0 2 283 283 1 2869 4 
64 0 0 0 0 2 516 83 1 1653 4 
64 0 0 0 0 2 116 183 0 2046 3 
64 0 0 0 0 2 149 416 0 5030 3 
64 0 0 0 0 2 216 116 0 965 5 
64 0 0 0 0 2 349 50 1 2899 3 
64 0 0 0 0 2 449 283 1 5292 5 
64 0 0 0 0 2 149 449 0 1579 3 
64 0 0 0 0 2 549 549 1 2296 5 
64 0 0 0 0 2 516 416 1 929 5 
64 0 0 0 0 2 83 216 0 2442 3 
64 0 0 0 0 2 316 83 1 9573 3 
64 0 0 0 0 2 383 249 1 3331 4 
64 0 0 0 0 2 216 216 0 1509 4 
64 0 0 0 0 2 416 383 1 1478 4 
64 0 0 0 0 2 216 249 0 1737 3 
64 0 0 0 0 2 283 316 0 1713 4 
64 0 0 0 0 2 416 283 1 1344 4 
64 0 0 0 0 2 449 482 1 1443 5 
64 0 0 0 0 2 83 249 0 1078 5 
64 0 0 0 0 1 110 365 -1 -1 0 9660 110 437 110 435 110 431 110 422 110 411 110 401 110 392 110 378 110 372 110 368 110 367 110 366 110 365 
64 0 0 0 0 1 247 88 -1 -1 0 4580 247 256 247 254 247 253 247 251 247 247 247 241 247 235 247 222 247 216 247 198 247 191 247 185 247 179 247 176 247 175 247 164 247 158 247 152 247 137 247 129 247 118 247 114 247 111 247 106 247 103 247 100 247 94 247 91 247 88 
64 0 0 0 0 1 209 367 -1 -1 0 6594 54 292 53 292 51 292 49 292 45 292 41 292 39 292 37 292 35 292 27 292 24 292 22 292 21 292 20 292 21 292 28 292 44 292 61 292 75 292 87 292 104 292 108 292 122 292 130 292 139 292 160 292 169 292 175 292 182 292 184 292 185 292 186 292 187 292 188 292 192 292 195 292 197 292 200 292 202 292 203 292 204 292 206 292 207 292 208 292 209 292 209 291 209 290 209 286 209 278 209 267 209 260 209 255 209 254 209 253 209 252 209 251 209 250 209 249 209 248 209 249 209 253 209 259 209 267 209 276 209 288 209 312 209 325 209 349 209 358 209 362 209 366 209 366 209 367 
64 0 0 0 0 1 146 192 -1 -1 0 3723 146 275 146 274 146 270 146 265 146 257 146 248 146 239 146 224 146 216 146 199 146 194 146 192 146 192 
64 0 0 0 0 1 511 599 -1 -1 1 7524 511 492 511 494 511 500 511 509 511 516 511 523 511 531 511 548 511 555 511 563 511 564 511 565 511 566 511 567 511 569 511 573 511 578 511 583 511 585 511 590 511 594 511 599 511 599 511 599 511 599 511 599 511 599 511 599 511 599 511 599 511 599 511 599 511 599 511 599 
64 0 0 0 0 1 548 30 -1 -1 1 4275 548 579 548 576 548 573 548 564 548 551 548 533 548 514 548 472 548 452 548 409 548 388 548 370 548 340 548 327 548 312 548 284 548 270 548 257 548 233 548 219 548 192 548 183 548 179 548 175 548 173 548 171 548 165 548 156 548 142 548 127 548 93 548 77 548 48 548 39 548 33 548 29 548 30 
64 0 0 0 0 1 305 409 -1 -1 1 5169 89 544 151 544 160 544 173 544 188 544 199 544 207 544 217 544 219 544 220 544 221 544 223 544 227 544 232 544 237 544 245 544 249 544 253 544 260 544 263 544 267 544 268 544 270 544 273 544 274 544 278 544 287 544 290 544 292 544 300 544 303 544 305 544 305 544 305 543 305 541 305 539 305 532 305 522 305 506 305 470 305 454 305 428 305 420 305 415 305 413 305 411 305 411 305 410 305 409 
64 0 0 0 0 1 335 371 -1 -1 1 3475 335 483 335 482 335 478 335 476 335 472 335 469 335 466 335 462 335 445 335 433 335 415 335 409 335 405 335 394 335 388 335 382 335 374 335 372 335 371 335 371 
64 0 0 0 0 1 428 0 -1 -1 1 3369 428 242 428 287 428 286 428 280 428 269 428 255 428 238 428 220 428 183 428 164 428 130 428 118 428 110 428 103 428 102 428 101 428 97 428 93 428 86 428 76 428 58 428 48 428 24 428 12 428 0 428 0 428 0 428 0 428 0 
64 0 0 0 0 1 266 530 -1 -1 0 3731 266 305 266 403 266 401 266 395 266 388 266 379 266 370 266 351 266 340 266 321 266 314 266 311 266 309 266 310 266 312 266 317 266 324 266 331 266 339 266 356 266 370 266 400 266 412 266 423 266 446 266 459 266 469 266 488 266 496 266 503 266 520 266 527 266 530 
64 0 0 0 0 1 140 535 -1 -1 0 4075 140 235 140 236 140 238 140 240 140 245 140 254 140 267 140 294 140 305 140 325 140 337 140 350 140 380 140 394 140 406 140 430 140 441 140 450 140 469 140 478 140 493 140 499 140 505 140 516 140 522 140 529 140 535 140 537 140 542 140 543 140 544 140 545 140 544 140 543 140 542 140 541 140 540 140 539 140 538 140 537 140 536 140 535 
64 0 0 0 0 1 29 522 -1 -1 0 3202 29 353 29 312 29 314 29 319 29 326 29 337 29 349 29 378 29 395 29 426 29 442 29 456 29 477 29 484 29 489 29 494 29 495 29 496 29 501 29 505 29 517 29 521 29 522 
64 0 0 0 0 1 420 98 -1 -1 1 4660 420 426 420 367 420 371 420 381 420 399 420 417 420 436 420 472 420 487 420 514 420 526 420 536 420 539 420 539 420 538 420 537 420 534 420 525 420 512 420 494 420 455 420 434 420 394 420 377 420 363 420 337 420 326 420 318 420 293 420 280 420 268 420 250 420 241 420 213 420 199 420 189 420 168 420 151 420 134 420 109 420 102 420 98 
64 0 0 0 0 1 374 192 -1 -1 1 3475 374 460 374 459 374 452 374 445 374 438 374 429 374 416 374 394 374 386 374 371 374 363 374 355 374 338 374 328 374 318 374 306 374 293 374 269 374 255 374 243 374 233 374 224 374 216 374 204 374 199 374 194 374 192 
64 0 0 0 0 1 324 0 -1 -1 1 3435 324 134 324 152 324 151 324 149 324 145 324 141 324 135 324 111 324 94 324 58 324 41 324 23 324 0 324 0 324 0 324 0 324 0 324 0 324 0 324 0 324 0 324 0 
64 0 0 0 0 1 142 302 -1 -1 0 3434 142 368 142 371 142 369 142 363 142 356 142 349 142 343 142 326 142 318 142 312 142 304 142 303 142 302 
64 0 0 0 0 2 349 216 1 4433 3 
64 0 0 0 0 2 383 149 1 1522 3 
64 0 0 0 0 2 50 516 0 1364 5 
64 0 0 0 0 2 249 549 0 2090 3 
64 0 0 0 0 2 449 316 1 1260 5 
64 0 0 0 0 2 283 149 0 3904 3 
64 0 0 0 0 2 183 83 0 1257 4 
64 0 0 0 0 2 383 449 1 2253 3 
64 0 0 0 0 2 316 449 1 3519 3 
64 0 0 0 0 2 383 50 1 1487 3 
64 0 0 0 0 2 216 83 0 1193 2 
64 0 0 0 0 2 183 449 0 1168 3 
64 0 0 0 0 2 449 216 1 1095 4 
64 0 0 0 0 2 283 482 1 4436 4 
64 0 0 0 0 2 549 83 1 991 4 
64 0 0 0 0 2 549 416 1 853 4 
64 0 0 0 0 2 50 416 0 2306 5 
64 0 0 0 0 2 516 149 1 1222 5 
64 0 0 0 0 2 283 83 0 5738 3 
64 0 0 0 0 2 549 183 1 1055 5 
64 0 0 0 0 2 383 416 1 1847 5 
64 0 0 0 0 2 283 416 1 3603 4 
64 0 0 0 0 2 449 50 1 1458 5 
64 0 0 0 0 2 149 482 0 2492 4 
64 0 0 0 0 2 50 50 0 1205 4 
64 0 0 0 0 2 149 283 0 1904 4 
64 0 0 0 0 2 83 183 0 995 4 
64 0 0 0 0 2 349 482 1 5278 3 
64 0 0 0 0 2 116 383 0 1425 3 
64 0 0 0 0 2 383 516 1 1923 3 
64 0 0 0 0 2 482 349 1 1843 4 
64 0 0 0 0 2 149 149 0 2701 4 
64 0 0 0 0 1 542 482 -1 -1 1 9251 542 172 542 277 542 283 542 290 542 301 542 316 542 330 542 356 542 371 542 401 542 414 542 424 542 442 542 452 542 460 542 465 542 468 542 470 542 475 542 478 542 480 542 481 542 482 
64 0 0 0 0 1 345 232 -1 -1 1 3946 345 329 345 300 345 302 345 307 345 313 345 319 345 326 345 340 345 349 345 365 345 370 345 371 345 371 345 375 345 388 345 404 345 418 345 428 345 435 345 434 345 430 345 425 345 415 345 403 345 388 345 355 345 339 345 313 345 301 345 290 345 272 345 263 345 254 345 241 345 235 345 233 345 232 
64 0 0 0 0 1 499 398 -1 -1 1 3148 499 271 499 272 499 274 499 278 499 286 499 295 499 305 499 323 499 334 499 353 499 364 499 374 499 390 499 395 499 398 
64 0 0 0 0 1 113 88 -1 -1 0 4203 113 189 113 186 113 178 113 166 113 151 113 138 113 126 113 104 113 95 113 89 113 88 113 88 
64 0 0 0 0 1 458 344 -1 -1 1 3010 458 243 458 247 458 250 458 258 458 269 458 280 458 291 458 309 458 319 458 336 458 340 458 344 
64 0 0 0 0 1 31 0 -1 -1 0 3291 31 112 31 109 31 108 31 106 31 102 31 96 31 88 31 68 31 56 31 31 31 19 31 6 31 0 31 0 31 0 31 0 31 0 
64 0 0 0 0 1 359 229 -1 -1 1 3908 359 584 359 585 359 587 359 590 359 595 359 599 359 599 359 599 359 599 359 599 359 599 359 599 359 599 359 599 359 599 359 599 359 599 359 599 359 583 359 566 359 546 359 526 359 502 359 475 359 408 359 376 359 350 359 308 359 289 359 262 359 253 359 246 359 232 359 229 
64 0 0 0 0 1 541 485 -1 -1 1 3682 541 269 541 352 541 351 541 350 541 349 541 347 541 344 541 339 541 331 541 312 541 303 541 293 541 276 541 270 541 268 541 266 541 267 541 270 541 276 541 286 541 299 541 313 541 344 541 359 541 387 541 398 541 408 541 431 541 441 541 450 541 467 541 474 541 481 541 485 
64 0 0 0 0 1 222 307 -1 -1 0 3113 222 385 222 377 222 377 222 375 222 374 222 370 222 365 222 359 222 350 222 345 222 333 222 327 222 321 222 312 222 309 222 307 
64 0 0 0 0 1 474 0 -1 -1 1 3011 474 134 474 134 474 130 474 124 474 114 474 104 474 91 474 65 474 53 474 33 474 25 474 18 474 4 474 2 474 2 474 0 
64 0 0 0 0 1 145 363 -1 -1 0 4209 145 183 145 226 145 224 145 221 145 217 145 211 145 203 145 178 145 165 145 139 145 126 145 114 145 95 145 88 145 83 145 78 145 77 145 76 145 75 145 74 145 72 145 69 145 64 145 58 145 47 145 17 145 2 145 0 145 0 145 0 145 0 145 0 145 0 145 0 145 0 145 0 145 0 145 1 145 5 145 14 145 29 145 49 145 75 145 136 145 167 145 216 145 234 145 253 145 287 145 301 145 313 145 330 145 338 145 346 145 359 145 362 145 363 
64 0 0 0 0 1 177 188 -1 -1 0 4835 177 263 177 262 177 258 177 250 177 240 177 230 177 223 177 217 177 215 177 212 177 211 177 207 177 201 177 198 177 196 177 194 177 192 177 191 177 189 177 188 
64 0 0 0 0 1 423 159 -1 -1 1 9684 423 285 423 284 423 280 423 272 423 264 423 261 423 259 423 250 423 242 423 225 423 218 423 211 423 198 423 191 423 186 423 174 423 167 423 161 423 159 
64 0 0 0 0 1 278 135 -1 -1 0 3442 278 274 278 273 278 274 278 274 278 271 278 259 278 235 278 204 278 172 278 150 278 135 278 135 
64 0 0 0 0 1 582 476 -1 -1 1 2930 582 586 582 599 582 599 582 596 582 587 582 570 582 551 582 532 582 501 582 492 582 479 582 477 582 476 
64 0 0 0 0 1 432 274 -1 -1 1 2714 432 421 432 418 432 416 432 410 432 402 432 391 432 381 432 355 432 341 432 314 432 302 432 292 432 276 432 274 
64 0 0 0 0 2 149 316 0 3177 3 
64 0 0 0 0 2 249 149 0 8161 3 
64 0 0 0 0 2 416 516 1 2738 4 
64 0 0 0 0 2 383 216 1 3372 4 
64 0 0 0 0 2 516 183 1 1022 4 
64 0 0 0 0 2 183 116 0 1139 4 
64 0 0 0 0 2 183 50 0 831 4 
64 0 0 0 0 2 416 449 1 1073 4 
64 0 0 0 0 2 216 482 0 2934 3 
64 0 0 0 0 2 416 216 1 1133 4 
64 0 0 0 0 2 316 216 1 3097 4 
64 0 0 0 0 2 482 516 1 1053 4 
64 0 0 0 0 2 482 249 1 798 4 
64 0 0 0 0 2 283 116 0 2280 3 
64 0 0 0 0 2 216 416 0 831 3 
64 0 0 0 0 2 149 50 0 782 3 
64 0 0 0 0 2 149 516 0 611 3 
64 0 0 0 0 2 383 183 0 6009 4 
64 0 0 0 0 2 249 349 0 3021 3 
64 0 0 0 0 2 50 482 0 1434 3 
64 0 0 0 0 2 316 349 1 3037 3 
64 0 0 0 0 2 50 249 0 1042 3 
64 0 0 0 0 2 516 482 1 1327 4 
64 0 0 0 0 2 283 249 0 4165 3 
64 0 0 0 0 2 349 116 1 1290 5 
64 0 0 0 0 2 516 549 1 1326 5 
64 0 0 0 0 2 249 516 0 2996 4 
64 0 0 0 0 2 216 50 0 1173 3 
64 0 0 0 0 2 316 316 1 1907 4 
64 0 0 0 0 2 50 316 0 1085 3 
64 0 0 0 0 2 416 183 1 1369 4 
64 0 0 0 0 2 449 549 1 1165 4 
