Subject 73 in condition 1
Training Condition: 0
Task: 0
Rule: [[[300, 220], [[9000, 0], [0, 2000]]], [[300, 380], [[9000, 0], [0, 2000]]]]
Noise: 0
CATA=0
CATB=1
Sample keys: 122 120
Resp keys: 307 309
Dim direction: 1 0
Dim minimum: 62 48
Test order: [2, 0, 7, 1, 6, 3, 5, 4]
73 1 0 0 1 1 0 447 -1 -1 1 15907 241 99 154 99 154 99 154 99 155 99 155 99 156 99 156 99 158 99 166 99 172 99 187 99 193 99 197 99 204 99 208 99 212 99 217 99 218 99 220 99 222 99 224 99 226 99 228 99 228 99 228 99 227 99 224 99 220 99 216 99 210 99 205 99 195 99 189 99 179 99 171 99 163 99 144 99 134 99 124 99 99 99 84 99 46 99 28 99 10 99 0 99 0 99 0 99 0 99 0 99 0 99 0 99 0 99 0 99 0 99 0 99 0 99 0 99 0 99 0 99 0 99 0 99 0 99 0 99 0 99 0 99 0 99 0 99 0 99 0 99 0 99 0 99 0 99 0 143 0 144 0 145 0 147 0 149 0 151 0 155 0 178 0 196 0 236 0 257 0 280 0 325 0 347 0 367 0 393 0 400 0 423 0 438 0 453 0 475 0 480 0 482 0 482 0 482 0 482 0 482 0 482 0 482 0 482 0 482 0 482 0 482 0 480 0 479 0 478 0 478 0 476 0 475 0 474 0 474 0 472 0 470 0 469 0 468 0 466 0 465 0 463 0 463 0 463 0 460 0 458 0 457 0 455 0 454 0 452 0 451 0 449 0 449 0 449 0 448 0 448 0 448 0 447 0 447 0 445 0 445 0 445 0 445 0 445 0 445 0 445 0 445 0 445 0 445 0 445 0 444 0 444 0 443 0 443 0 443 0 446 0 446 0 446 0 446 0 446 0 446 0 446 0 446 0 446 0 446 0 446 0 446 0 446 0 446 0 446 0 446 0 447 0 447 
73 1 0 0 1 1 3 308 -1 -1 1 13369 214 308 211 308 210 308 208 308 206 308 203 308 195 308 178 308 170 308 148 308 138 308 131 308 120 308 116 308 114 308 107 308 104 308 101 308 100 308 98 308 94 308 85 308 76 308 55 308 44 308 11 308 0 308 0 308 0 308 0 308 0 308 0 308 0 308 0 308 0 308 0 308 0 308 0 308 0 308 0 308 0 308 0 308 0 308 1 308 3 308 
73 1 0 0 1 1 0 67 -1 -1 0 14354 101 227 220 227 218 227 214 227 207 227 197 227 185 227 162 227 152 227 134 227 124 227 114 227 95 227 86 227 76 227 61 227 57 227 54 227 52 227 49 227 38 227 31 227 22 227 2 227 0 227 0 227 0 227 0 227 0 227 0 227 0 227 0 227 0 227 0 227 0 227 0 227 0 227 0 227 0 227 0 227 0 227 0 227 0 227 0 227 0 227 0 227 0 227 0 227 0 227 0 227 0 227 0 227 0 227 0 227 0 227 0 227 0 227 0 227 0 227 0 227 1 227 4 227 0 227 0 227 0 227 0 227 0 227 0 227 0 227 0 227 0 227 0 227 0 227 30 227 28 227 22 227 12 227 1 227 0 227 0 227 0 227 0 227 0 227 0 227 0 227 0 227 0 227 0 227 0 227 0 227 0 227 0 227 0 227 0 227 0 227 0 227 0 227 0 227 0 227 0 227 0 227 0 262 0 261 0 258 0 254 0 247 0 238 0 226 0 195 0 181 0 157 0 147 0 141 0 137 0 136 0 135 0 131 0 128 0 124 0 122 0 117 0 113 0 109 0 108 0 107 0 106 0 104 0 101 0 99 0 98 0 96 0 94 0 92 0 91 0 90 0 89 0 89 0 88 0 87 0 83 0 78 0 75 0 74 0 73 0 72 0 69 0 67 0 66 0 65 0 66 0 67 
73 1 0 0 1 1 599 469 -1 -1 1 11211 198 469 262 469 263 469 265 469 266 469 269 469 271 469 274 469 282 469 285 469 289 469 290 469 292 469 294 469 295 469 298 469 303 469 307 469 314 469 319 469 324 469 332 469 336 469 343 469 347 469 351 469 364 469 372 469 382 469 402 469 410 469 419 469 433 469 439 469 450 469 453 469 458 469 466 469 471 469 475 469 484 469 490 469 501 469 505 469 511 469 522 469 527 469 533 469 547 469 552 469 560 469 565 469 569 469 580 469 585 469 590 469 599 469 599 469 599 469 599 469 599 469 599 469 599 469 599 469 599 469 599 469 599 469 599 469 599 469 599 469 599 469 599 469 599 469 599 469 599 469 599 469 599 469 599 469 
73 1 0 0 1 1 599 129 -1 -1 0 9132 3 522 11 522 11 522 12 522 13 522 14 522 15 522 15 522 16 522 21 522 25 522 30 522 42 522 48 522 53 522 60 522 64 522 69 522 72 522 76 522 84 522 89 522 94 522 98 522 99 522 98 522 98 522 98 522 101 522 107 522 117 522 140 522 151 522 162 522 186 522 198 522 216 522 221 522 224 522 233 522 233 522 229 522 226 522 225 522 224 522 223 522 221 522 219 522 219 522 219 522 219 522 216 522 214 522 211 522 205 522 202 522 192 522 186 522 181 522 171 522 168 522 165 522 159 522 157 522 151 522 151 522 150 522 150 522 151 522 152 522 155 522 155 522 154 522 153 522 151 522 149 522 148 522 143 522 141 522 132 522 128 522 125 522 118 522 115 522 111 522 105 522 103 522 102 522 102 522 102 522 102 522 102 522 103 522 104 522 104 522 109 522 110 522 112 522 117 522 121 522 126 522 138 522 144 522 154 522 160 522 166 522 180 522 187 522 194 522 211 522 222 522 245 522 256 522 267 522 288 522 298 522 308 522 331 522 343 522 355 522 384 522 398 522 430 522 444 522 461 522 495 522 515 522 535 522 580 522 599 522 599 522 599 522 599 522 599 522 599 522 599 522 599 522 599 522 599 522 599 522 599 522 599 522 599 522 599 522 599 522 599 522 599 522 599 522 599 522 599 522 599 515 599 515 599 513 599 512 599 510 599 506 599 496 599 491 599 480 599 474 599 467 599 451 599 443 599 435 599 417 599 406 599 380 599 367 599 355 599 330 599 318 599 306 599 289 599 284 599 280 599 278 599 277 599 274 599 273 599 272 599 269 599 267 599 263 599 262 599 259 599 246 599 241 599 238 599 236 599 236 599 235 599 235 599 234 599 233 599 230 599 226 599 214 599 204 599 182 599 170 599 158 599 140 599 134 599 130 599 129 
73 1 0 0 1 1 589 62 -1 -1 0 12312 215 62 317 62 316 62 315 62 315 62 315 62 314 62 314 62 314 62 314 62 314 62 314 62 314 62 314 62 312 62 309 62 302 62 300 62 296 62 293 62 291 62 287 62 284 62 283 62 278 62 274 62 263 62 257 62 252 62 241 62 239 62 239 62 240 62 241 62 244 62 247 62 249 62 249 62 249 62 249 62 249 62 249 62 249 62 252 62 254 62 255 62 256 62 258 62 264 62 267 62 270 62 277 62 282 62 296 62 307 62 317 62 337 62 346 62 358 62 389 62 407 62 447 62 471 62 503 62 579 62 599 62 599 62 599 62 599 62 599 62 599 62 599 62 599 62 599 62 599 62 599 62 599 62 599 62 599 62 599 62 598 62 594 62 589 62 
73 1 0 0 1 1 46 0 -1 -1 0 16451 46 542 46 599 46 599 46 599 46 599 46 599 46 599 46 599 46 599 46 599 46 599 46 599 46 599 46 599 46 599 46 599 46 599 46 599 46 599 46 599 46 599 46 599 46 599 46 599 46 599 46 599 46 599 46 599 46 599 46 599 46 599 46 599 46 599 46 599 46 599 46 599 46 599 46 599 46 599 46 599 46 599 46 599 46 599 46 599 46 599 46 580 46 582 46 581 46 580 46 579 46 578 46 577 46 575 46 574 46 570 46 566 46 556 46 554 46 553 46 553 46 554 46 554 46 555 46 556 46 558 46 560 46 566 46 574 46 595 46 599 46 599 46 599 46 599 46 599 46 599 46 599 46 599 46 599 46 599 46 599 46 599 46 599 46 599 46 599 46 599 46 599 46 599 46 599 46 599 46 599 46 599 46 598 46 592 46 586 46 582 46 580 46 582 46 589 46 599 46 599 46 599 46 599 46 599 46 599 46 599 46 599 46 599 46 599 46 599 46 599 46 599 46 599 46 599 46 599 46 599 46 599 46 599 46 599 46 599 46 599 46 599 46 599 46 599 46 599 46 599 46 599 46 599 46 599 46 599 46 599 46 599 46 595 46 591 46 585 46 579 46 568 46 562 46 555 46 539 46 529 46 519 46 492 46 473 46 425 46 400 46 374 46 318 46 288 46 259 46 212 46 191 46 152 46 135 46 119 46 95 46 85 46 79 46 74 46 73 46 73 46 72 46 72 46 70 46 69 46 68 46 68 46 66 46 65 46 62 46 58 46 53 46 42 46 34 46 26 46 3 46 0 46 0 46 0 46 0 46 0 46 0 46 0 46 0 46 0 46 0 46 0 46 0 46 0 46 1 46 0 
73 1 0 0 1 1 62 599 -1 -1 1 6280 62 523 62 396 62 394 62 393 62 391 62 389 62 385 62 381 62 378 62 378 62 384 62 389 62 395 62 414 62 424 62 436 62 456 62 461 62 466 62 468 62 470 62 481 62 489 62 500 62 534 62 554 62 598 62 599 62 599 62 599 62 599 62 599 62 599 62 599 62 599 62 599 62 599 62 599 62 599 62 599 62 599 62 599 62 599 62 599 62 599 62 599 62 599 62 599 62 599 62 599 62 599 62 593 62 588 62 579 62 577 62 576 62 573 62 572 62 570 62 564 62 560 62 554 62 551 62 549 62 545 62 545 62 545 62 545 62 546 62 548 62 552 62 556 62 561 62 566 62 579 62 587 62 599 62 599 62 599 62 599 62 599 62 599 62 599 62 599 62 599 62 599 62 599 62 599 62 599 62 599 62 599 62 599 62 599 62 599 62 599 
73 1 0 0 1 1 599 497 -1 -1 1 6225 347 497 199 497 198 497 196 497 190 497 180 497 166 497 131 497 111 497 66 497 44 497 25 497 0 497 0 497 0 497 0 497 1 497 6 497 18 497 36 497 59 497 88 497 160 497 204 497 288 497 323 497 355 497 406 497 422 497 436 497 457 497 469 497 492 497 505 497 519 497 546 497 555 497 564 497 582 497 590 497 599 497 599 497 599 497 599 497 599 497 599 497 599 497 599 497 599 497 599 497 599 497 599 497 599 497 599 497 599 497 599 497 599 497 599 497 599 497 599 497 
73 1 0 0 1 1 599 335 -1 -1 1 4475 55 335 0 335 1 335 6 335 14 335 29 335 47 335 66 335 110 335 140 335 207 335 242 335 281 335 367 335 421 335 457 335 515 335 546 335 599 335 599 335 599 335 599 335 599 335 599 335 599 335 599 335 
73 1 0 0 1 1 599 599 -1 -1 1 8506 250 336 96 336 99 336 104 336 111 336 118 336 126 336 145 336 159 336 190 336 205 336 219 336 256 336 277 336 297 336 336 336 355 336 391 336 408 336 425 336 460 336 480 336 500 336 546 336 569 336 599 336 599 336 599 336 599 336 599 336 599 336 599 336 599 336 599 336 599 336 599 336 599 336 599 291 599 291 599 291 599 292 599 295 599 301 599 311 599 323 599 353 599 371 599 412 599 432 599 450 599 486 599 504 599 517 599 535 599 541 599 549 599 554 599 558 599 559 599 555 599 548 599 536 599 531 599 521 599 515 599 507 599 488 599 478 599 469 599 448 599 436 599 417 599 413 599 414 599 417 599 420 599 423 599 425 599 427 599 428 599 430 599 439 599 444 599 446 599 450 599 452 599 454 599 455 599 456 599 457 599 460 599 464 599 472 599 477 599 483 599 500 599 509 599 528 599 537 599 545 599 561 599 569 599 576 599 588 599 593 599 597 599 599 599 599 599 599 599 599 599 599 599 599 599 599 599 599 599 599 599 599 599 599 599 599 599 599 599 599 599 599 599 599 599 599 599 599 599 599 599 599 599 599 599 599 599 599 599 599 599 599 599 599 599 599 599 599 599 599 599 599 599 599 599 599 599 599 599 599 599 599 599 599 599 599 599 599 599 599 599 599 599 599 599 599 599 599 599 599 599 599 599 599 599 599 599 599 599 599 
73 1 0 0 1 1 275 168 -1 -1 0 14340 275 145 275 115 275 123 275 132 275 143 275 157 275 175 275 215 275 240 275 282 275 298 275 309 275 319 275 319 275 317 275 312 275 306 275 298 275 290 275 274 275 266 275 250 275 242 275 235 275 232 275 232 275 231 275 229 275 224 275 219 275 216 275 213 275 212 275 212 275 211 275 210 275 209 275 208 275 205 275 202 275 198 275 194 275 183 275 178 275 172 275 153 275 144 275 135 275 125 275 123 275 124 275 126 275 129 275 130 275 131 275 132 275 133 275 134 275 135 275 136 275 137 275 138 275 140 275 143 275 147 275 152 275 155 275 161 275 166 275 183 275 190 275 194 275 196 275 195 275 194 275 193 275 192 275 191 275 190 275 189 275 187 275 186 275 185 275 184 275 183 275 182 275 180 275 179 275 178 275 177 275 177 275 175 275 174 275 173 275 172 275 171 275 170 275 169 275 168 275 167 275 167 275 165 275 164 275 165 275 166 275 167 275 168 275 169 275 170 275 171 275 170 275 169 275 168 275 167 275 166 275 167 275 168 
73 1 0 0 1 1 599 593 -1 -1 1 5794 231 571 231 570 231 571 231 573 231 575 231 578 231 580 231 590 231 599 231 599 231 599 231 599 231 599 231 599 231 599 231 599 231 599 231 599 231 599 231 599 231 599 231 599 231 599 231 599 231 599 231 599 231 599 231 598 231 593 240 593 242 593 246 593 252 593 264 593 279 593 320 593 347 593 417 593 456 593 501 593 578 593 599 593 599 593 599 593 599 593 599 593 599 593 599 593 599 593 599 593 599 593 599 593 599 593 599 593 599 593 599 593 599 593 
73 1 0 0 1 1 599 599 -1 -1 1 6962 430 161 430 109 430 109 430 111 430 114 430 119 430 127 430 157 430 154 430 152 430 151 430 151 430 151 430 151 430 151 430 160 430 171 430 185 430 226 430 253 430 284 430 346 430 376 430 435 430 459 430 485 430 525 430 543 430 560 430 584 430 592 430 599 430 599 430 599 430 599 430 599 430 599 430 599 430 599 430 599 430 599 430 599 430 599 430 599 430 599 430 599 430 599 430 599 430 599 430 599 430 599 430 599 433 599 433 599 433 599 433 599 433 599 433 599 433 599 432 599 432 599 430 599 428 599 426 599 426 599 426 599 427 599 427 599 427 599 426 599 422 599 414 599 400 599 378 599 347 599 271 599 238 599 187 599 166 599 146 599 113 599 107 599 105 599 104 599 104 599 112 599 124 599 142 599 166 599 238 599 290 599 352 599 466 599 512 599 554 599 599 599 599 599 599 599 599 599 599 599 599 599 599 599 599 599 599 599 599 599 599 599 599 599 599 599 599 599 599 599 
73 1 0 0 1 1 520 599 -1 -1 1 4586 520 465 520 301 520 302 520 302 520 304 520 304 520 305 520 306 520 310 520 323 520 333 520 347 520 386 520 412 520 439 520 490 520 514 520 563 520 587 520 599 520 599 520 599 520 599 520 599 520 599 520 599 520 598 520 598 520 599 520 599 520 599 520 599 520 599 520 599 520 599 520 599 520 599 
73 1 0 0 1 1 205 0 -1 -1 0 3939 205 335 205 127 205 127 205 129 205 130 205 130 205 129 205 125 205 115 205 110 205 95 205 85 205 71 205 39 205 23 205 6 205 0 205 0 205 0 205 0 205 0 205 0 205 0 205 0 205 0 205 0 205 0 205 0 205 0 205 0 205 0 205 0 205 0 
73 1 0 0 1 2 83 83 0 5653 4 
73 1 0 0 1 2 349 516 1 9851 3 
73 1 0 0 1 2 283 216 1 4002 3 
73 1 0 0 1 2 416 349 1 3311 3 
73 1 0 0 1 2 149 83 0 3461 5 
73 1 0 0 1 2 283 383 1 4425 4 
73 1 0 0 1 2 449 116 0 3304 4 
73 1 0 0 1 2 249 183 0 5544 4 
73 1 0 0 1 2 416 249 1 20905 2 
73 1 0 0 1 2 516 383 0 8040 2 
73 1 0 0 1 2 183 383 1 2576 4 
73 1 0 0 1 2 216 349 1 4226 4 
73 1 0 0 1 2 482 149 0 3530 3 
73 1 0 0 1 2 349 383 1 3372 3 
73 1 0 0 1 2 83 449 1 4044 3 
73 1 0 0 1 2 83 149 0 5612 5 
73 1 0 0 1 2 549 316 0 3028 3 
73 1 0 0 1 2 216 449 1 5209 3 
73 1 0 0 1 2 50 149 0 2568 5 
73 1 0 0 1 2 83 349 1 3145 3 
73 1 0 0 1 2 549 383 0 3793 3 
73 1 0 0 1 2 316 283 1 3553 4 
73 1 0 0 1 2 449 83 0 3067 3 
73 1 0 0 1 2 349 83 0 2744 3 
73 1 0 0 1 2 116 316 1 3694 5 
73 1 0 0 1 2 482 50 1 5492 2 
73 1 0 0 1 2 416 482 1 3218 3 
73 1 0 0 1 2 383 83 0 3996 4 
73 1 0 0 1 2 449 449 1 4348 3 
73 1 0 0 1 2 149 116 0 3685 5 
73 1 0 0 1 2 183 349 1 4045 4 
73 1 0 0 1 2 149 249 1 3327 3 
73 1 0 0 1 1 0 507 -1 -1 1 18172 222 407 0 407 1 407 1 407 3 407 4 407 4 407 6 407 9 407 16 407 19 407 20 407 26 407 30 407 34 407 44 407 49 407 56 407 61 407 65 407 76 407 82 407 88 407 99 407 104 407 110 407 122 407 127 407 132 407 133 407 133 407 132 407 128 407 124 407 120 407 116 407 114 407 108 407 104 407 88 407 80 407 71 407 47 407 33 407 14 407 0 407 0 407 0 407 0 407 0 407 0 407 0 407 0 407 0 407 0 407 0 407 0 407 0 407 0 407 0 407 0 407 0 407 0 407 0 407 0 407 0 407 0 407 0 522 0 522 0 522 0 520 0 518 0 516 0 512 0 511 0 510 0 511 0 515 0 531 0 543 0 557 0 590 0 599 0 599 0 599 0 599 0 599 0 599 0 599 0 599 0 599 0 599 0 599 0 599 0 599 0 599 0 599 0 599 0 599 0 599 0 599 0 599 0 599 0 599 0 599 0 599 0 599 0 599 0 599 0 598 0 591 0 587 0 581 0 563 0 551 0 528 0 519 0 510 0 494 0 488 0 483 0 481 0 482 0 483 0 483 0 485 0 488 0 489 0 490 0 491 0 491 0 493 0 494 0 495 0 496 0 496 0 498 0 500 0 501 0 502 0 504 0 508 0 511 0 517 0 519 0 523 0 527 0 532 0 542 0 545 0 544 0 543 0 542 0 541 0 540 0 539 0 538 0 536 0 535 0 534 0 533 0 532 0 531 0 530 0 529 0 528 0 527 0 526 0 525 0 524 0 523 0 522 0 521 0 520 0 519 0 518 0 517 0 516 0 515 0 515 0 513 0 512 0 512 0 511 0 510 0 510 0 509 0 509 0 508 0 507 
73 1 0 0 1 1 0 599 -1 -1 1 8758 506 299 507 299 507 299 508 299 510 299 512 299 514 299 521 299 524 299 529 299 531 299 533 299 536 299 536 299 535 299 530 299 529 299 528 299 526 299 523 299 515 299 511 299 506 299 494 299 483 299 453 299 440 299 424 299 381 299 351 299 320 299 282 299 268 299 247 299 240 299 232 299 213 299 198 299 176 299 116 299 84 299 56 299 11 299 0 299 0 299 0 299 0 299 0 299 0 299 0 299 0 299 0 299 0 299 0 299 0 299 0 299 0 299 0 299 0 299 0 299 0 299 0 299 0 299 0 299 0 299 0 299 0 299 0 251 0 251 0 251 0 251 0 252 0 254 0 259 0 267 0 274 0 293 0 302 0 324 0 335 0 345 0 365 0 376 0 389 0 416 0 428 0 448 0 459 0 467 0 479 0 483 0 487 0 491 0 492 0 493 0 493 0 494 0 494 0 494 0 494 0 495 0 495 0 495 0 495 0 495 0 495 0 494 0 494 0 492 0 490 0 489 0 486 0 484 0 480 0 478 0 474 0 467 0 463 0 456 0 455 0 456 0 464 0 473 0 483 0 495 0 507 0 536 0 556 0 599 0 599 0 599 0 599 0 599 0 599 0 599 0 599 0 599 0 599 0 599 0 599 
73 1 0 0 1 1 0 347 -1 -1 1 15587 144 347 96 347 96 347 96 347 96 347 95 347 94 347 92 347 89 347 89 347 86 347 83 347 81 347 79 347 78 347 76 347 72 347 70 347 68 347 67 347 65 347 63 347 62 347 61 347 57 347 54 347 49 347 45 347 42 347 40 347 39 347 39 347 43 347 45 347 46 347 46 347 46 347 48 347 51 347 54 347 58 347 59 347 59 347 59 347 58 347 54 347 51 347 49 347 48 347 50 347 57 347 60 347 62 347 67 347 70 347 73 347 76 347 76 347 75 347 72 347 71 347 69 347 69 347 69 347 69 347 63 347 50 347 37 347 28 347 20 347 6 347 0 347 0 347 0 347 0 347 0 347 0 347 0 347 2 347 4 347 9 347 20 347 25 347 28 347 30 347 30 347 33 347 34 347 35 347 40 347 43 347 49 347 53 347 57 347 63 347 66 347 68 347 72 347 73 347 74 347 75 347 76 347 80 347 82 347 85 347 92 347 95 347 98 347 103 347 103 347 104 347 104 347 104 347 104 347 104 347 103 347 102 347 100 347 100 347 100 347 100 347 100 347 100 347 100 347 100 347 98 347 98 347 98 347 98 347 97 347 96 347 96 347 96 347 96 347 96 347 95 347 94 347 93 347 93 347 91 347 90 347 89 347 85 347 82 347 77 347 58 347 42 347 24 347 0 347 0 347 0 347 0 347 0 347 0 347 0 347 0 347 0 347 0 347 0 347 0 347 0 347 0 347 0 347 0 347 0 347 0 347 0 347 0 347 0 347 
73 1 0 0 1 1 29 65 -1 -1 0 7753 571 167 574 167 574 167 572 167 568 167 562 167 556 167 548 167 538 167 534 167 527 167 524 167 522 167 517 167 513 167 507 167 487 167 473 167 437 167 413 167 382 167 314 167 282 167 250 167 183 167 148 167 90 167 68 167 47 167 5 167 0 167 0 167 0 167 0 167 0 167 0 167 0 167 0 167 0 167 0 167 0 167 0 167 0 167 0 167 0 167 0 167 0 167 2 167 14 167 29 167 29 444 29 446 29 449 29 456 29 466 29 479 29 503 29 514 29 531 29 536 29 541 29 542 29 541 29 541 29 540 29 540 29 538 29 535 29 529 29 506 29 490 29 455 29 435 29 412 29 340 29 306 29 276 29 224 29 201 29 159 29 140 29 123 29 94 29 77 29 58 29 28 29 17 29 0 29 0 29 0 29 0 29 0 29 1 29 3 29 7 29 11 29 14 29 18 29 19 29 21 29 25 29 26 29 29 29 40 29 43 29 46 29 47 29 48 29 50 29 53 29 57 29 62 29 63 29 64 29 64 29 65 
73 1 0 0 1 1 334 258 -1 -1 0 7825 388 253 386 253 386 253 388 253 389 253 390 253 391 253 393 253 394 253 396 253 396 253 396 253 396 253 396 253 395 253 395 253 395 253 395 253 395 253 395 253 395 253 395 253 395 253 394 253 394 253 394 253 393 253 392 253 391 253 388 253 388 253 389 253 398 253 403 253 409 253 419 253 424 253 433 253 435 253 437 253 439 253 441 253 444 253 448 253 450 253 455 253 457 253 458 253 458 253 455 253 451 253 445 253 437 253 426 253 406 253 396 253 375 253 365 253 357 253 345 253 342 253 338 253 334 253 334 253 332 253 332 253 332 253 333 253 333 253 334 253 334 253 334 253 334 255 334 256 334 257 334 258 
73 1 0 0 1 1 358 35 -1 -1 0 8073 224 163 233 163 234 163 234 163 234 163 235 163 235 163 235 163 236 163 236 163 236 163 236 163 236 163 236 163 236 163 236 163 236 163 236 163 237 163 237 163 237 163 238 163 239 163 239 163 239 163 239 163 240 163 240 163 238 163 234 163 228 163 206 163 193 163 168 163 156 163 144 163 128 163 126 163 123 163 121 163 120 163 121 163 125 163 129 163 132 163 134 163 136 163 137 163 139 163 143 163 146 163 149 163 166 163 175 163 183 163 194 163 200 163 214 163 220 163 224 163 228 163 232 163 237 163 252 163 258 163 268 163 273 163 277 163 283 163 283 163 284 163 285 163 287 163 290 163 293 163 297 163 304 163 307 163 308 163 309 163 310 163 318 163 321 163 325 163 331 163 336 163 340 163 345 163 346 163 347 163 348 163 349 163 352 163 353 163 354 163 354 163 356 163 357 163 358 163 358 167 358 166 358 165 358 161 358 154 358 143 358 128 358 99 358 86 358 61 358 50 358 42 358 31 358 28 358 27 358 28 358 29 358 30 358 31 358 33 358 35 
73 1 0 0 1 1 227 477 -1 -1 1 13306 227 90 227 95 227 96 227 98 227 102 227 110 227 121 227 150 227 168 227 209 227 232 227 253 227 295 227 314 227 331 227 360 227 373 227 391 227 398 227 403 227 406 227 406 227 406 227 407 227 407 227 408 227 408 227 408 227 408 227 408 227 408 227 408 227 408 227 407 227 406 227 403 227 402 227 401 227 399 227 399 227 399 227 399 227 399 227 396 227 395 227 392 227 391 227 390 227 390 227 391 227 392 227 392 227 393 227 395 227 396 227 397 227 398 227 398 227 400 227 402 227 404 227 409 227 415 227 426 227 429 227 438 227 442 227 445 227 451 227 454 227 457 227 463 227 467 227 476 227 481 227 487 227 497 227 501 227 505 227 516 227 522 227 532 227 536 227 539 227 545 227 547 227 548 227 548 227 548 227 548 227 548 227 548 227 548 227 548 227 548 227 548 227 548 227 549 227 548 227 545 227 543 227 543 227 544 227 545 227 545 227 545 227 545 227 546 227 550 227 553 227 554 227 554 227 554 227 554 227 554 227 554 227 554 227 554 227 554 227 554 227 552 227 551 227 551 227 551 227 551 227 551 227 550 227 548 227 545 227 543 227 533 227 526 227 508 227 499 227 489 227 475 227 470 227 467 227 465 227 466 227 468 227 470 227 473 227 475 227 476 227 477 
73 1 0 0 1 1 599 308 -1 -1 1 7265 325 308 246 308 246 308 245 308 245 308 245 308 247 308 248 308 251 308 254 308 258 308 264 308 264 308 265 308 266 308 268 308 270 308 272 308 274 308 278 308 280 308 283 308 285 308 286 308 288 308 289 308 291 308 293 308 294 308 301 308 305 308 309 308 314 308 317 308 321 308 327 308 329 308 330 308 330 308 331 308 333 308 334 308 337 308 345 308 350 308 362 308 368 308 375 308 390 308 398 308 407 308 426 308 436 308 443 308 460 308 469 308 488 308 496 308 505 308 522 308 530 308 538 308 553 308 560 308 572 308 577 308 581 308 591 308 596 308 599 308 599 308 599 308 599 308 599 308 599 308 599 308 599 308 599 308 599 308 599 308 599 308 599 308 599 308 599 308 599 308 
73 1 0 0 1 1 599 576 -1 -1 1 5737 48 576 48 576 48 576 48 576 48 576 48 576 50 576 56 576 56 576 56 576 56 576 53 576 34 576 20 576 4 576 0 576 0 576 0 576 0 576 0 576 0 576 0 576 0 576 0 576 0 576 0 576 0 576 0 576 0 576 0 576 1 576 5 576 16 576 36 576 109 576 187 576 379 576 500 576 599 576 599 576 599 576 599 576 599 576 599 576 599 576 599 576 599 576 599 576 599 576 599 576 599 576 
73 1 0 0 1 1 599 578 -1 -1 1 8277 422 0 419 0 419 0 419 0 419 0 420 0 420 0 422 0 423 0 425 0 433 0 446 0 463 0 497 0 518 0 543 0 587 0 599 0 599 0 599 0 599 0 599 0 599 0 599 0 599 0 599 0 599 0 599 0 599 0 599 0 599 0 599 0 599 0 599 0 599 0 599 0 599 0 599 0 599 0 599 0 599 0 599 0 599 0 599 0 599 0 599 0 599 0 599 0 599 0 599 0 599 0 599 0 599 0 599 0 599 0 599 0 599 0 599 0 599 0 599 0 599 0 599 2 599 8 599 16 599 27 599 26 599 25 599 25 599 25 599 23 599 21 599 3 599 0 599 0 599 0 599 0 599 0 599 0 599 0 599 0 599 0 599 0 599 0 599 0 599 0 599 0 599 0 599 0 599 0 599 0 599 0 599 0 599 0 599 1 599 4 599 8 599 26 599 40 599 58 599 109 599 148 599 192 599 306 599 371 599 433 599 541 599 598 599 599 599 599 599 599 599 599 599 599 599 599 599 599 599 599 599 599 599 599 599 599 599 599 599 599 599 599 599 599 599 599 599 599 599 599 599 598 599 596 599 594 599 592 599 587 599 585 599 583 599 580 599 579 599 577 599 576 599 576 599 575 599 575 599 575 599 575 599 575 599 574 599 574 599 573 599 573 599 573 599 573 599 573 599 573 599 573 599 573 599 574 599 574 599 575 599 576 599 578 599 578 599 578 599 578 599 578 
73 1 0 0 1 1 599 0 -1 -1 0 11717 284 401 278 401 279 401 281 401 286 401 292 401 302 401 316 401 355 401 382 401 443 401 476 401 508 401 563 401 586 401 599 401 599 401 599 401 599 401 599 401 599 401 599 401 599 397 599 393 599 389 599 382 599 371 599 356 599 316 599 293 599 242 599 213 599 186 599 138 599 114 599 90 599 38 599 11 599 0 599 0 599 0 599 0 599 0 599 0 599 0 599 0 599 0 
73 1 0 0 1 1 599 180 -1 -1 0 8922 529 22 599 22 597 22 591 22 582 22 571 22 558 22 527 22 505 22 440 22 395 22 347 22 259 22 227 22 196 22 151 22 133 22 108 22 98 22 90 22 73 22 64 22 54 22 38 22 40 22 50 22 67 22 95 22 136 22 193 22 363 22 469 22 599 22 599 22 599 22 599 22 599 22 599 22 599 22 599 0 599 0 599 0 599 0 599 0 599 0 599 0 599 0 599 0 599 0 599 0 599 0 599 0 599 0 599 0 599 0 599 0 599 0 599 0 599 0 599 0 599 4 599 12 599 25 599 41 599 59 599 100 599 123 599 166 599 185 599 202 599 227 599 237 599 241 599 240 599 238 599 236 599 233 599 231 599 228 599 220 599 216 599 206 599 201 599 196 599 187 599 185 599 184 599 182 599 181 599 179 599 176 599 173 599 170 599 168 599 166 599 167 599 168 599 169 599 170 599 171 599 172 599 173 599 174 599 175 599 177 599 178 599 179 599 180 
73 1 0 0 1 1 381 599 -1 -1 1 8275 79 470 82 470 81 470 80 470 78 470 76 470 75 470 73 470 71 470 68 470 64 470 63 470 62 470 59 470 58 470 55 470 54 470 52 470 51 470 52 470 54 470 57 470 59 470 63 470 71 470 102 470 124 470 170 470 192 470 215 470 257 470 272 470 283 470 297 470 304 470 324 470 334 470 345 470 377 470 396 470 413 470 448 470 465 470 483 470 512 470 522 470 536 470 543 470 550 470 561 470 559 470 557 470 550 470 539 470 524 470 507 470 468 470 449 470 413 470 396 470 383 470 371 470 372 470 373 470 375 470 376 470 378 470 381 470 381 471 381 471 381 475 381 480 381 487 381 494 381 510 381 519 381 537 381 545 381 553 381 565 381 568 381 570 381 571 381 573 381 577 381 579 381 583 381 597 381 599 381 599 381 599 381 599 381 599 381 599 381 599 381 599 381 599 381 599 381 599 381 599 381 599 381 599 381 599 381 599 381 599 381 599 
73 1 0 0 1 1 278 363 -1 -1 1 4244 278 560 278 536 278 536 278 536 278 537 278 537 278 537 278 537 278 537 278 536 278 532 278 530 278 529 278 523 278 519 278 516 278 509 278 507 278 505 278 503 278 502 278 496 278 492 278 485 278 465 278 451 278 423 278 411 278 399 278 383 278 377 278 371 278 365 278 363 
73 1 0 0 1 1 370 256 -1 -1 0 3425 370 537 370 599 370 599 370 599 370 599 370 599 370 599 370 598 370 595 370 584 370 577 370 568 370 545 370 532 370 521 370 505 370 500 370 493 370 488 370 481 370 465 370 455 370 443 370 417 370 402 370 368 370 349 370 331 370 300 370 288 370 278 370 263 370 258 370 256 
73 1 0 0 1 1 55 160 -1 -1 0 6657 55 185 55 464 55 466 55 470 55 477 55 488 55 502 55 540 55 564 55 599 55 599 55 599 55 599 55 599 55 599 55 599 55 599 55 599 55 599 55 599 55 599 55 599 55 599 55 599 55 599 55 599 55 599 55 599 55 598 55 592 55 580 55 565 55 545 55 522 55 464 55 430 55 367 55 338 55 308 55 260 55 243 55 232 55 225 55 224 55 222 55 218 55 214 55 210 55 205 55 193 55 188 55 179 55 176 55 173 55 167 55 165 55 164 55 163 55 162 55 161 55 160 
73 1 0 0 1 2 482 183 1 6379 3 
73 1 0 0 1 2 183 283 1 3257 3 
73 1 0 0 1 2 249 283 1 1816 3 
73 1 0 0 1 2 216 383 1 2070 4 
73 1 0 0 1 2 249 116 0 2901 3 
73 1 0 0 1 2 549 216 0 3470 3 
73 1 0 0 1 2 482 116 0 1771 2 
73 1 0 0 1 2 316 549 1 3276 4 
73 1 0 0 1 2 50 449 1 7336 3 
73 1 0 0 1 2 283 50 0 2692 3 
73 1 0 0 1 2 316 516 1 3964 4 
73 1 0 0 1 2 83 482 1 3022 4 
73 1 0 0 1 2 383 549 1 8147 3 
73 1 0 0 1 2 183 216 0 3613 3 
73 1 0 0 1 2 83 516 1 2492 5 
73 1 0 0 1 2 416 116 0 2713 3 
73 1 0 0 1 2 283 183 0 2239 3 
73 1 0 0 1 2 316 249 1 74444 3 
73 1 0 0 1 2 416 416 1 9987 3 
73 1 0 0 1 2 516 283 1 1804 3 
73 1 0 0 1 2 349 416 1 1686 4 
73 1 0 0 1 2 482 316 0 2809 3 
73 1 0 0 1 2 83 549 1 3969 4 
73 1 0 0 1 2 116 83 0 4168 5 
73 1 0 0 1 2 449 349 1 2639 3 
73 1 0 0 1 2 83 316 1 2278 5 
73 1 0 0 1 2 83 416 1 1414 5 
73 1 0 0 1 2 116 149 0 2978 4 
73 1 0 0 1 2 516 50 0 1106 4 
73 1 0 0 1 2 216 549 1 2512 4 
73 1 0 0 1 2 482 449 1 3333 4 
73 1 0 0 1 2 416 149 0 1132 4 
73 1 0 0 1 1 599 224 -1 -1 0 15853 443 92 443 398 443 396 443 395 443 393 443 388 443 379 443 357 443 345 443 320 443 309 443 297 443 286 443 283 443 284 443 284 443 285 443 283 443 280 443 270 443 255 443 239 443 222 443 181 443 158 443 112 443 94 443 81 443 69 443 70 443 71 443 72 443 74 443 75 443 77 443 79 443 91 443 96 443 103 443 108 443 113 443 125 443 129 443 131 443 137 443 141 443 149 443 154 443 158 443 166 443 169 443 171 443 174 443 173 443 171 443 169 443 167 443 165 443 161 443 147 443 139 443 125 443 122 443 121 443 122 443 123 443 124 443 124 443 125 443 126 443 128 443 130 443 134 443 141 443 159 443 169 443 188 443 196 443 205 443 216 443 219 443 221 443 222 443 222 443 223 443 224 599 224 599 224 598 224 596 224 591 224 585 224 571 224 566 224 561 224 558 224 555 224 547 224 540 224 530 224 509 224 497 224 477 224 468 224 463 224 463 224 466 224 472 224 482 224 496 224 537 224 560 224 581 224 599 224 599 224 599 224 599 224 599 224 599 224 599 224 599 224 599 224 599 224 599 224 599 224 599 224 599 224 599 224 599 224 
73 1 0 0 1 1 596 40 -1 -1 0 6827 2 0 3 0 5 0 7 0 8 0 9 0 10 0 12 0 12 0 15 0 17 0 20 0 30 0 39 0 50 0 88 0 113 0 168 0 195 0 222 0 286 0 319 0 355 0 422 0 462 0 543 0 582 0 599 0 599 0 599 0 599 0 599 0 599 0 599 0 599 0 599 0 599 0 599 0 599 0 599 0 599 0 599 0 599 0 599 0 599 0 599 0 596 0 596 0 596 0 596 0 596 0 596 0 596 0 596 0 596 0 596 0 596 0 596 0 596 0 596 0 596 0 596 0 596 0 596 0 596 0 596 0 596 0 596 0 596 0 596 0 596 0 596 0 596 0 596 0 596 2 596 4 596 6 596 9 596 14 596 17 596 18 596 20 596 19 596 18 596 19 596 22 596 25 596 30 596 34 596 36 596 39 596 40 
73 1 0 0 1 1 599 535 -1 -1 1 8570 598 278 590 278 596 278 599 278 599 278 599 278 599 278 599 278 599 278 599 278 599 278 599 278 599 278 599 278 599 278 599 278 599 278 599 278 599 278 599 278 599 278 599 275 599 274 599 273 599 271 599 269 599 265 599 262 599 258 599 253 599 252 599 251 599 249 599 247 599 239 599 234 599 227 599 211 599 200 599 182 599 172 599 163 599 144 599 133 599 122 599 98 599 88 599 67 599 58 599 49 599 37 599 34 599 33 599 32 599 30 599 27 599 23 599 12 599 5 599 0 599 0 599 0 599 0 599 0 599 0 599 0 599 0 599 0 599 0 599 0 599 0 599 0 599 0 599 0 599 0 599 0 599 0 599 0 599 0 599 0 599 0 599 0 599 0 599 0 599 0 599 0 599 5 599 12 599 21 599 43 599 57 599 96 599 120 599 148 599 210 599 246 599 282 599 357 599 391 599 464 599 498 599 526 599 558 599 567 599 573 599 576 599 576 599 576 599 576 599 575 599 575 599 575 599 575 599 575 599 575 599 575 599 575 599 575 599 575 599 575 599 575 599 575 599 575 599 575 599 575 599 575 599 576 599 576 599 578 599 579 599 579 599 579 599 579 599 579 599 579 599 579 599 579 599 578 599 577 599 575 599 574 599 573 599 572 599 570 599 568 599 565 599 562 599 557 599 555 599 551 599 550 599 549 599 545 599 543 599 541 599 540 599 539 599 537 599 536 599 536 599 535 
73 1 0 0 1 1 599 599 -1 -1 1 7642 412 291 410 291 406 291 403 291 399 291 391 291 379 291 350 291 333 291 301 291 284 291 266 291 228 291 209 291 190 291 156 291 141 291 125 291 123 291 125 291 133 291 144 291 159 291 182 291 215 291 344 291 425 291 580 291 599 291 599 291 599 291 599 291 599 291 599 291 599 291 599 291 599 122 599 109 599 101 599 96 599 95 599 95 599 107 599 119 599 153 599 176 599 202 599 265 599 297 599 324 599 363 599 381 599 408 599 417 599 423 599 432 599 436 599 438 599 441 599 443 599 445 599 446 599 446 599 446 599 446 599 446 599 447 599 449 599 449 599 449 599 451 599 456 599 456 599 456 599 454 599 452 599 454 599 464 599 476 599 490 599 508 599 529 599 588 599 599 599 599 599 599 599 599 599 599 599 599 599 599 599 599 599 599 599 599 599 599 599 599 
73 1 0 0 1 1 599 392 -1 -1 1 8538 515 56 513 56 511 56 505 56 498 56 488 56 475 56 444 56 425 56 378 56 355 56 334 56 298 56 284 56 273 56 267 56 266 56 270 56 276 56 291 56 336 56 367 56 402 56 497 56 562 56 599 56 599 56 599 56 599 56 599 56 599 56 599 56 599 23 599 23 599 22 599 21 599 15 599 8 599 0 599 0 599 0 599 0 599 0 599 0 599 0 599 0 599 0 599 0 599 0 599 0 599 0 599 0 599 0 599 0 599 0 599 0 599 0 599 0 599 0 599 0 599 0 599 0 599 0 599 0 599 0 599 0 599 10 599 9 599 7 599 3 599 0 599 0 599 0 599 0 599 0 599 0 599 0 599 0 599 0 599 0 599 0 599 0 599 0 599 0 599 0 599 0 599 1 599 8 599 24 599 46 599 117 599 161 599 211 599 325 599 372 599 415 599 489 599 523 599 580 599 599 599 599 599 599 599 599 599 599 599 599 599 598 599 596 599 594 599 589 599 586 599 582 599 577 599 575 599 569 599 565 599 561 599 553 599 550 599 546 599 538 599 534 599 524 599 518 599 513 599 502 599 497 599 491 599 481 599 477 599 470 599 466 599 460 599 442 599 433 599 426 599 412 599 404 599 395 599 393 599 392 
73 1 0 0 1 1 325 594 -1 -1 1 10313 213 428 238 428 234 428 228 428 220 428 208 428 191 428 155 428 134 428 92 428 69 428 44 428 0 428 0 428 0 428 0 428 0 428 0 428 0 428 6 428 29 428 45 428 61 428 95 428 112 428 128 428 155 428 163 428 173 428 176 428 180 428 191 428 199 428 210 428 241 428 260 428 295 428 306 428 314 428 319 428 322 428 323 428 323 428 325 428 325 429 325 430 325 431 325 435 325 440 325 449 325 474 325 488 325 516 325 529 325 540 325 557 325 562 325 566 325 570 325 571 325 571 325 572 325 572 325 573 325 573 325 573 325 574 325 574 325 574 325 575 325 576 325 577 325 577 325 577 325 578 325 583 325 586 325 591 325 592 325 594 
73 1 0 0 1 1 298 432 -1 -1 1 6880 295 432 294 432 294 432 293 432 293 432 293 432 294 432 295 432 296 432 297 432 298 432 
73 1 0 0 1 1 323 216 -1 -1 0 6563 138 424 136 424 135 424 134 424 133 424 132 424 131 424 129 424 125 424 120 424 113 424 93 424 80 424 65 424 44 424 42 424 44 424 50 424 56 424 67 424 82 424 117 424 134 424 170 424 188 424 206 424 236 424 248 424 257 424 272 424 278 424 285 424 286 424 287 424 288 424 289 424 290 424 291 424 293 424 295 424 300 424 303 424 305 424 306 424 307 424 308 424 309 424 312 424 316 424 319 424 320 424 321 424 322 424 323 424 323 415 323 415 323 410 323 399 323 383 323 365 323 331 323 314 323 277 323 259 323 242 323 224 323 223 323 222 323 221 323 220 323 219 323 217 323 216 
73 1 0 0 1 1 351 50 -1 -1 0 6970 14 436 14 474 14 474 14 476 14 477 14 478 14 479 14 479 14 479 14 479 14 479 14 476 14 471 14 451 14 438 14 402 14 381 14 361 14 323 14 306 14 292 14 277 14 275 14 273 14 267 14 260 14 241 14 226 14 207 14 163 14 142 14 107 14 95 14 86 14 69 14 62 14 57 14 52 14 51 14 50 13 50 12 50 11 50 9 50 6 50 1 50 0 50 0 50 0 50 0 50 0 50 0 50 0 50 0 50 0 50 0 50 2 50 10 50 21 50 42 50 73 50 119 50 242 50 307 50 436 50 487 50 525 50 569 50 577 50 576 50 572 50 567 50 557 50 547 50 536 50 513 50 501 50 475 50 461 50 449 50 425 50 415 50 406 50 400 50 398 50 397 50 396 50 393 50 387 50 380 50 369 50 365 50 360 50 358 50 357 50 355 50 355 50 354 50 353 50 352 50 351 50 
73 1 0 0 1 1 237 599 -1 -1 1 7827 587 411 599 411 598 411 596 411 595 411 593 411 591 411 588 411 582 411 566 411 558 411 550 411 535 411 525 411 517 411 510 411 513 411 517 411 528 411 545 411 565 411 592 411 599 411 599 411 599 411 599 411 599 411 599 411 599 411 599 411 599 411 599 411 599 411 599 411 599 411 597 411 593 411 585 411 570 411 552 411 529 411 467 411 429 411 350 411 313 411 283 411 248 411 240 411 237 411 237 411 237 430 237 430 237 430 237 429 237 428 237 424 237 417 237 396 237 383 237 369 237 346 237 337 237 331 237 323 237 320 237 316 237 313 237 310 237 301 237 295 237 289 237 276 237 269 237 255 237 247 237 243 237 241 237 242 237 248 237 257 237 272 237 293 237 320 237 392 237 438 237 521 237 557 237 587 237 599 237 599 237 599 237 599 237 599 237 599 
73 1 0 0 1 1 402 488 -1 -1 1 6088 6 585 9 585 8 585 5 585 1 585 0 585 0 585 0 585 0 585 0 585 0 585 0 585 0 585 0 585 0 585 0 585 0 585 0 585 0 585 7 585 20 585 38 585 62 585 91 585 174 585 225 585 309 585 340 585 365 585 396 585 402 585 402 584 402 584 402 583 402 583 402 581 402 578 402 568 402 564 402 552 402 546 402 541 402 534 402 531 402 528 402 521 402 518 402 512 402 512 402 510 402 510 402 509 402 509 402 508 402 507 402 507 402 504 402 503 402 501 402 499 402 499 402 499 402 498 402 498 402 498 402 497 402 495 402 494 402 494 402 494 402 494 402 494 402 492 402 491 402 489 402 489 402 488 402 488 402 488 402 488 402 488 402 488 402 488 402 488 402 488 
73 1 0 0 1 1 0 224 -1 -1 0 3938 485 224 481 224 480 224 478 224 475 224 468 224 454 224 413 224 388 224 337 224 311 224 284 224 228 224 200 224 175 224 131 224 111 224 76 224 56 224 35 224 0 224 0 224 0 224 0 224 0 224 0 224 0 224 0 224 0 224 0 224 0 224 0 224 0 224 0 224 0 224 0 224 0 224 0 224 
73 1 0 0 1 1 14 599 -1 -1 1 5154 40 587 40 587 38 587 34 587 26 587 9 587 0 587 0 587 0 587 0 587 0 587 0 587 0 587 0 587 0 587 0 587 0 587 0 587 0 587 0 587 0 587 0 587 0 587 0 587 0 587 0 587 0 587 0 587 0 587 0 587 0 587 0 587 0 587 0 587 1 587 14 587 14 599 14 599 14 599 14 599 14 599 14 598 14 597 14 597 14 598 14 598 14 599 14 599 
73 1 0 0 1 1 0 126 -1 -1 0 6679 286 399 292 399 291 399 287 399 282 399 272 399 257 399 215 399 191 399 139 399 111 399 82 399 26 399 0 399 0 399 0 399 0 399 0 399 0 399 0 399 0 399 0 399 0 399 0 399 0 399 0 399 0 399 0 399 0 399 0 498 0 506 0 518 0 534 0 555 0 577 0 599 0 599 0 599 0 599 0 599 0 599 0 599 0 599 0 599 0 599 0 599 0 599 0 599 0 598 0 598 0 598 0 597 0 599 0 599 0 599 0 599 0 599 0 599 0 595 0 597 0 599 0 599 0 599 0 599 0 599 0 599 0 599 0 599 0 599 0 599 0 599 0 599 0 599 0 599 0 599 0 599 0 599 0 599 0 599 0 598 0 596 0 586 0 570 0 550 0 527 0 473 0 427 0 302 0 235 0 178 0 87 0 44 0 1 0 0 0 0 0 0 0 0 0 0 0 0 0 1 0 7 0 13 0 19 0 23 0 27 0 37 0 47 0 76 0 90 0 102 0 119 0 122 0 124 0 125 0 126 
73 1 0 0 1 1 0 0 -1 -1 0 6306 154 481 230 481 226 481 222 481 213 481 198 481 178 481 134 481 113 481 75 481 55 481 35 481 0 481 0 481 0 481 0 481 0 481 0 481 0 481 0 481 0 481 0 481 0 481 0 481 0 481 0 481 0 481 0 481 0 481 0 481 0 498 0 503 0 506 0 509 0 509 0 505 0 487 0 472 0 430 0 405 0 375 0 307 0 267 0 228 0 163 0 135 0 94 0 78 0 63 0 34 0 21 0 8 0 0 0 0 0 0 0 0 0 0 0 0 0 0 0 0 0 0 0 0 0 0 0 0 0 0 0 0 0 85 0 92 0 98 0 102 0 106 0 110 0 112 0 111 0 110 0 109 0 108 0 106 0 103 0 93 0 86 0 65 0 51 0 36 0 1 0 0 0 0 0 0 0 0 0 0 0 0 0 0 0 0 0 0 0 0 0 0 0 0 
73 1 0 0 1 1 0 599 -1 -1 1 4633 559 462 533 462 529 462 523 462 512 462 497 462 482 462 448 462 430 462 395 462 384 462 385 462 384 462 380 462 375 462 367 462 353 462 339 462 304 462 284 462 231 462 199 462 166 462 104 462 69 462 31 462 0 462 0 462 0 462 0 462 0 462 0 462 0 462 0 462 0 462 0 462 0 462 0 462 0 462 0 462 0 462 0 462 0 462 0 462 0 462 0 459 0 459 0 459 0 459 0 461 0 464 0 479 0 493 0 532 0 553 0 573 0 599 0 599 0 599 0 599 0 599 0 599 0 599 0 599 0 599 0 599 0 599 0 599 0 599 0 599 0 599 0 599 
73 1 0 0 1 2 516 216 0 3794 4 
73 1 0 0 1 2 516 249 0 1506 4 
73 1 0 0 1 2 482 216 0 1265 4 
73 1 0 0 1 2 316 149 0 2200 4 
73 1 0 0 1 2 249 316 0 5057 3 
73 1 0 0 1 2 116 116 0 1480 3 
73 1 0 0 1 2 516 349 1 14207 3 
73 1 0 0 1 2 249 416 1 2371 3 
73 1 0 0 1 2 549 449 1 2303 4 
73 1 0 0 1 2 383 116 0 1799 4 
73 1 0 0 1 2 549 516 1 1740 4 
73 1 0 0 1 2 516 449 1 1620 4 
73 1 0 0 1 2 549 50 0 1384 4 
73 1 0 0 1 2 482 383 1 2936 2 
73 1 0 0 1 2 216 149 0 2604 4 
73 1 0 0 1 2 249 50 0 2372 4 
73 1 0 0 1 2 349 449 1 1668 4 
73 1 0 0 1 2 50 283 1 5302 3 
73 1 0 0 1 2 149 183 0 2157 4 
73 1 0 0 1 2 349 149 0 1935 4 
73 1 0 0 1 2 316 116 0 2357 4 
73 1 0 0 1 2 383 316 1 4108 2 
73 1 0 0 1 2 183 249 1 1273 2 
73 1 0 0 1 2 249 216 0 1725 3 
73 1 0 0 1 2 116 416 1 3060 3 
73 1 0 0 1 2 149 349 1 1171 4 
73 1 0 0 1 2 149 549 1 2293 4 
73 1 0 0 1 2 149 383 1 1032 4 
73 1 0 0 1 2 50 83 0 1091 4 
73 1 0 0 1 2 283 349 1 1823 4 
73 1 0 0 1 2 116 482 1 1116 4 
73 1 0 0 1 2 383 349 1 876 4 
73 1 0 0 1 1 2 321 -1 -1 1 9813 300 203 104 203 103 203 102 203 101 203 98 203 91 203 78 203 58 203 31 203 0 203 0 203 0 203 0 203 0 203 0 203 0 203 0 203 0 203 0 203 0 203 0 203 0 203 0 203 0 203 0 203 0 203 0 203 0 203 1 203 2 203 2 331 2 332 2 334 2 338 2 345 2 353 2 378 2 393 2 422 2 433 2 443 2 456 2 457 2 455 2 451 2 446 2 439 2 431 2 409 2 397 2 366 2 347 2 325 2 283 2 262 2 243 2 219 2 211 2 207 2 208 2 211 2 216 2 220 2 224 2 226 2 228 2 232 2 239 2 241 2 242 2 243 2 243 2 245 2 248 2 250 2 252 2 256 2 262 2 275 2 277 2 279 2 280 2 281 2 282 2 282 2 284 2 284 2 285 2 285 2 286 2 289 2 294 2 298 2 306 2 309 2 310 2 311 2 312 2 312 2 314 2 314 2 315 2 316 2 316 2 318 2 318 2 319 2 319 2 320 2 320 2 320 2 321 2 321 2 321 
73 1 0 0 1 1 8 222 -1 -1 0 5792 504 466 516 466 514 466 508 466 499 466 485 466 464 466 409 466 378 466 316 466 285 466 257 466 211 466 192 466 174 466 143 466 130 466 106 466 90 466 73 466 42 466 26 466 12 466 0 466 0 466 0 466 0 466 0 466 0 466 0 466 0 466 0 466 0 466 0 466 0 466 0 466 0 466 0 466 0 466 0 466 8 466 8 482 8 483 8 483 8 483 8 483 8 483 8 481 8 477 8 465 8 456 8 432 8 417 8 400 8 363 8 344 8 327 8 300 8 289 8 269 8 259 8 249 8 233 8 227 8 224 8 222 
73 1 0 0 1 1 599 330 -1 -1 1 7112 73 2 158 2 154 2 147 2 136 2 123 2 109 2 77 2 58 2 14 2 0 2 0 2 0 2 0 2 0 2 0 2 0 2 0 2 0 2 0 2 0 2 0 2 0 2 0 2 0 2 0 2 0 2 0 2 1 2 3 2 6 2 8 2 15 2 22 2 34 2 74 2 103 2 136 2 247 2 314 2 369 2 446 2 480 2 550 2 583 2 599 2 599 2 599 2 599 2 599 2 599 2 599 2 599 2 599 2 599 2 599 2 599 0 599 1 599 5 599 13 599 19 599 24 599 28 599 30 599 36 599 39 599 43 599 55 599 62 599 68 599 73 599 74 599 75 599 81 599 88 599 98 599 111 599 124 599 150 599 164 599 186 599 192 599 196 599 206 599 208 599 209 599 210 599 212 599 217 599 221 599 224 599 234 599 243 599 267 599 277 599 283 599 293 599 299 599 307 599 315 599 317 599 317 599 319 599 322 599 325 599 326 599 326 599 328 599 328 599 328 599 329 599 329 599 329 599 329 599 329 599 329 599 329 599 329 599 329 599 329 599 329 599 330 
73 1 0 0 1 1 599 221 -1 -1 0 10290 484 352 484 351 484 352 484 353 484 355 484 358 484 362 484 370 484 380 484 404 484 418 484 446 484 459 484 472 484 493 484 503 484 513 484 528 484 535 484 546 484 549 484 549 484 549 484 549 484 549 484 549 484 549 484 548 484 548 484 546 484 546 484 546 484 542 484 538 484 536 484 536 484 536 484 531 484 530 484 530 484 529 484 529 485 529 487 529 492 529 499 529 505 529 513 529 537 529 552 529 574 529 584 529 592 529 599 529 599 529 599 529 599 529 599 529 599 529 599 529 599 529 599 529 599 529 599 529 599 529 599 529 599 529 599 529 599 529 599 529 599 529 599 529 599 481 599 481 599 481 599 481 599 477 599 472 599 457 599 445 599 419 599 403 599 389 599 372 599 369 599 368 599 367 599 366 599 364 599 361 599 356 599 350 599 335 599 330 599 323 599 320 599 317 599 309 599 305 599 299 599 287 599 279 599 265 599 259 599 253 599 251 599 251 599 251 599 251 599 251 599 250 599 249 599 246 599 242 599 240 599 233 599 228 599 221 599 219 599 217 599 216 599 216 599 216 599 216 599 216 599 216 599 215 599 215 599 214 599 214 599 214 599 213 599 213 599 213 599 213 599 213 599 213 599 213 599 213 599 214 599 214 599 214 599 215 599 217 599 217 599 218 599 218 599 219 599 219 599 220 599 221 
73 1 0 0 1 1 443 127 -1 -1 0 4361 443 480 443 492 443 490 443 486 443 480 443 470 443 458 443 432 443 418 443 381 443 360 443 338 443 300 443 280 443 260 443 223 443 212 443 196 443 187 443 176 443 154 443 147 443 141 443 132 443 128 443 127 
73 1 0 0 1 1 443 70 -1 -1 0 4227 443 469 443 471 443 469 443 467 443 463 443 457 443 451 443 431 443 418 443 390 443 374 443 357 443 319 443 301 443 285 443 262 443 254 443 241 443 234 443 229 443 221 443 214 443 205 443 189 443 183 443 170 443 159 443 143 443 117 443 109 443 104 443 92 443 87 443 85 443 80 443 78 443 73 443 70 443 70 
73 1 0 0 1 1 599 237 -1 -1 0 5921 599 418 599 480 599 480 599 480 599 480 599 478 599 475 599 468 599 464 599 446 599 434 599 418 599 382 599 361 599 336 599 288 599 260 599 227 599 212 599 192 599 152 599 135 599 116 599 85 599 71 599 53 599 21 599 4 599 0 599 0 599 0 599 0 599 0 599 0 599 0 599 0 599 0 599 0 599 2 599 7 599 16 599 30 599 51 599 80 599 147 599 181 599 242 599 266 599 282 599 296 599 296 599 296 599 296 599 297 599 299 599 302 599 306 599 309 599 316 599 319 599 322 599 323 599 324 599 325 599 326 599 327 599 327 599 326 599 324 599 320 599 317 599 314 599 311 599 309 599 308 599 307 599 305 599 300 599 298 599 296 599 290 599 287 599 276 599 273 599 269 599 258 599 254 599 250 599 244 599 243 599 242 599 241 599 240 599 239 599 238 599 237 
73 1 0 0 1 1 573 372 -1 -1 1 4699 573 530 573 531 573 535 573 542 573 551 573 562 573 572 573 597 573 599 573 599 573 599 573 599 573 599 573 599 573 599 573 599 573 599 573 599 573 599 573 599 573 599 573 599 573 599 573 599 573 599 573 599 573 599 573 599 573 598 573 592 573 581 573 543 573 518 573 453 573 418 573 382 573 282 573 238 573 198 573 124 573 95 573 78 573 72 573 73 573 79 573 92 573 110 573 131 573 151 573 195 573 221 573 279 573 304 573 323 573 343 573 345 573 346 573 348 573 352 573 358 573 364 573 369 573 372 
73 1 0 0 1 1 195 118 -1 -1 0 7058 195 137 195 130 195 129 195 129 195 128 195 127 195 126 195 126 195 123 195 121 195 119 195 118 
73 1 0 0 1 1 0 256 -1 -1 0 5066 595 129 587 129 585 129 582 129 573 129 556 129 533 129 462 129 417 129 329 129 291 129 257 129 198 129 174 129 150 129 112 129 97 129 67 129 51 129 37 129 8 129 0 129 0 129 0 129 0 129 0 129 0 129 0 129 0 129 0 129 0 129 0 129 0 129 0 129 0 129 0 164 0 166 0 166 0 168 0 169 0 171 0 174 0 183 0 188 0 195 0 197 0 198 0 199 0 200 0 202 0 208 0 216 0 224 0 230 0 241 0 246 0 254 0 255 0 256 
73 1 0 0 1 1 0 297 -1 -1 0 5539 482 206 482 252 482 251 482 250 482 248 482 245 482 243 482 238 482 222 482 211 482 203 482 193 482 190 482 187 482 183 484 183 481 183 474 183 462 183 446 183 422 183 349 183 302 183 199 183 146 183 97 183 19 183 0 183 0 183 0 183 0 183 0 183 0 183 0 183 0 183 0 183 0 183 0 183 0 183 0 183 0 183 0 183 0 183 0 183 0 183 0 207 0 209 0 211 0 214 0 219 0 228 0 265 0 289 0 329 0 346 0 363 0 398 0 414 0 426 0 443 0 449 0 460 0 463 0 462 0 460 0 455 0 450 0 445 0 438 0 420 0 410 0 389 0 378 0 365 0 343 0 334 0 328 0 320 0 315 0 301 0 297 
73 1 0 0 1 1 0 416 -1 -1 1 10386 451 556 435 556 431 556 426 556 413 556 394 556 370 556 301 556 259 556 169 556 116 556 60 556 0 556 0 556 0 556 0 556 0 556 0 556 0 556 0 556 0 556 0 556 0 556 0 556 0 556 0 556 0 556 0 556 0 556 0 556 0 569 0 571 0 575 0 580 0 585 0 589 0 599 0 599 0 599 0 599 0 599 0 599 0 599 0 599 0 599 0 599 0 599 0 599 0 599 0 599 0 599 0 599 0 599 0 599 0 599 0 599 0 599 0 599 0 596 0 586 0 574 0 532 0 530 0 528 0 528 0 529 0 533 0 541 0 578 0 599 0 599 0 599 0 599 0 599 0 599 0 599 0 599 0 599 0 599 0 599 0 599 0 599 0 599 0 599 0 599 0 599 0 599 0 599 0 598 0 588 0 550 0 522 0 492 0 410 0 357 0 221 0 161 0 122 0 68 0 52 0 45 0 44 0 45 0 47 0 50 0 57 0 84 0 100 0 118 0 165 0 192 0 243 0 264 0 285 0 327 0 340 0 348 0 357 0 359 0 364 0 366 0 368 0 375 0 376 0 376 0 377 0 379 0 381 0 382 0 385 0 389 0 395 0 401 0 403 0 405 0 410 0 411 0 412 0 412 0 413 0 414 0 414 0 415 0 415 0 416 
73 1 0 0 1 1 0 270 -1 -1 0 6248 315 264 315 264 311 264 304 264 295 264 281 264 267 264 245 264 231 264 192 264 163 264 133 264 87 264 67 264 46 264 3 264 0 264 0 264 0 264 0 264 0 264 0 264 0 264 0 264 0 264 0 264 0 264 0 264 0 264 0 264 0 299 0 304 0 312 0 321 0 331 0 343 0 371 0 388 0 422 0 438 0 452 0 465 0 463 0 459 0 454 0 445 0 437 0 429 0 412 0 402 0 388 0 382 0 378 0 366 0 357 0 348 0 332 0 323 0 308 0 304 0 302 0 298 0 296 0 295 0 293 0 292 0 291 0 287 0 280 0 278 0 277 0 274 0 272 0 271 0 270 
73 1 0 0 1 1 0 64 -1 -1 0 6713 171 269 221 269 217 269 209 269 194 269 174 269 148 269 73 269 29 269 0 269 0 269 0 269 0 269 0 269 0 269 0 269 0 269 0 269 0 269 0 269 0 269 0 269 0 269 0 269 0 269 0 269 0 269 0 269 0 269 0 269 0 269 0 269 0 269 0 269 0 269 0 269 0 269 0 269 0 269 0 269 0 287 0 283 0 273 0 258 0 238 0 219 0 170 0 138 0 71 0 38 0 9 0 0 0 0 0 0 0 0 0 1 0 3 0 4 0 7 0 9 0 11 0 17 0 22 0 31 0 37 0 43 0 51 0 52 0 53 0 54 0 56 0 57 0 59 0 60 0 61 0 62 0 63 0 64 
73 1 0 0 1 1 0 0 -1 -1 0 7657 496 524 556 524 552 524 545 524 531 524 510 524 479 524 381 524 325 524 199 524 124 524 47 524 0 524 0 524 0 524 0 524 0 524 0 524 0 524 0 524 0 524 0 524 0 524 0 524 0 524 0 524 0 524 0 524 0 599 0 599 0 599 0 599 0 599 0 599 0 594 0 579 0 518 0 470 0 414 0 289 0 231 0 170 0 82 0 47 0 0 0 0 0 0 0 0 0 0 0 0 0 0 0 0 0 0 0 0 0 0 0 0 0 0 0 0 0 0 0 0 0 0 0 0 0 0 0 0 0 0 0 0 0 0 0 0 0 0 0 0 0 0 0 0 0 0 0 0 0 0 0 0 0 0 0 0 0 0 0 0 0 0 0 0 0 0 0 0 0 0 0 0 0 0 0 4 0 14 0 29 0 50 0 79 0 171 0 240 0 386 0 457 0 516 0 593 0 599 0 599 0 599 0 599 0 599 0 599 0 599 0 599 0 599 0 599 0 599 0 599 0 599 0 599 0 599 0 599 0 599 0 599 0 599 0 599 0 599 0 599 0 599 0 599 0 599 0 599 0 599 0 599 0 599 0 599 0 599 0 599 0 599 0 599 0 599 0 599 0 599 0 599 0 589 0 576 0 539 0 511 0 479 0 406 0 369 0 328 0 238 0 194 0 155 0 93 0 70 0 39 0 27 0 15 0 0 0 0 0 0 0 0 0 0 0 0 0 0 0 0 0 0 0 0 0 0 0 0 0 0 0 0 
73 1 0 0 1 1 248 309 -1 -1 1 11023 145 549 145 599 145 598 145 597 145 596 145 595 145 593 145 589 145 587 145 585 145 584 241 584 242 584 247 584 257 584 268 584 283 584 315 584 332 584 362 584 373 584 382 584 391 584 392 584 391 584 390 584 388 584 385 584 379 584 373 584 359 584 351 584 331 584 321 584 312 584 297 584 290 584 286 584 282 584 281 584 277 584 274 584 270 584 268 584 266 584 264 584 261 584 260 584 259 584 258 584 257 584 256 584 254 584 253 584 251 584 249 584 248 584 248 585 248 585 248 586 248 587 248 588 248 590 248 594 248 599 248 599 248 599 248 599 248 599 248 599 248 599 248 599 248 599 248 599 248 599 248 599 248 599 248 599 248 599 248 599 248 599 248 599 248 599 248 599 248 598 248 590 248 580 248 560 248 494 248 446 248 359 248 312 248 273 248 219 248 200 248 184 248 160 248 154 248 155 248 157 248 161 248 167 248 175 248 186 248 210 248 224 248 251 248 265 248 280 248 297 248 298 248 297 248 296 248 274 248 272 248 270 248 267 248 263 248 258 248 246 248 241 248 236 248 235 248 234 248 233 248 232 248 231 248 230 248 229 248 228 248 229 248 230 248 231 248 233 248 235 248 238 248 246 248 251 248 261 248 267 248 272 248 274 248 275 248 275 248 277 248 278 248 280 248 284 248 287 248 290 248 290 248 290 248 291 248 292 248 293 248 295 248 300 248 305 248 311 248 320 248 322 248 326 248 325 248 324 248 323 248 319 248 317 248 316 248 313 248 312 248 310 248 309 
73 1 0 0 1 2 50 249 0 4077 4 
73 1 0 0 1 2 349 116 0 1730 4 
73 1 0 0 1 2 149 50 0 2812 4 
73 1 0 0 1 2 149 316 1 11537 3 
73 1 0 0 1 2 316 216 0 2155 4 
73 1 0 0 1 2 50 482 1 1924 4 
73 1 0 0 1 2 283 116 0 1864 3 
73 1 0 0 1 2 183 50 0 2862 4 
73 1 0 0 1 2 249 149 0 1513 4 
73 1 0 0 1 2 316 349 1 2381 4 
73 1 0 0 1 2 416 449 1 1745 4 
73 1 0 0 1 2 383 216 0 1838 4 
73 1 0 0 1 2 482 516 1 4405 5 
73 1 0 0 1 2 216 50 0 2737 4 
73 1 0 0 1 2 482 249 0 2932 4 
73 1 0 0 1 2 416 216 0 1258 4 
73 1 0 0 1 2 383 183 0 1191 4 
73 1 0 0 1 2 149 516 1 2107 4 
73 1 0 0 1 2 516 482 1 1322 4 
73 1 0 0 1 2 416 183 0 3102 4 
73 1 0 0 1 2 216 416 1 2826 4 
73 1 0 0 1 2 516 549 1 1168 4 
73 1 0 0 1 2 216 482 1 1694 4 
73 1 0 0 1 2 249 349 1 1134 4 
73 1 0 0 1 2 50 316 1 1180 4 
73 1 0 0 1 2 516 183 0 2725 4 
73 1 0 0 1 2 249 516 1 1706 4 
73 1 0 0 1 2 283 249 0 2728 4 
73 1 0 0 1 2 183 116 0 1244 4 
73 1 0 0 1 2 449 549 1 1326 4 
73 1 0 0 1 2 416 516 1 2319 4 
73 1 0 0 1 2 316 316 1 6275 3 
73 1 0 0 1 1 0 60 -1 -1 0 16979 189 60 0 60 1 60 6 60 15 60 27 60 42 60 79 60 101 60 144 60 166 60 187 60 224 60 239 60 251 60 264 60 265 60 264 60 262 60 261 60 260 60 259 60 257 60 256 60 253 60 251 60 244 60 240 60 233 60 219 60 211 60 202 60 185 60 177 60 159 60 150 60 141 60 124 60 117 60 110 60 95 60 88 60 81 60 66 60 59 60 43 60 36 60 29 60 16 60 10 60 4 60 0 60 0 60 0 60 0 60 0 60 0 60 0 60 0 60 0 60 0 60 0 60 0 60 0 60 0 60 0 60 0 60 0 60 0 60 0 60 
73 1 0 0 1 1 413 474 -1 -1 1 2938 413 200 413 204 413 206 413 212 413 224 413 242 413 262 413 302 413 327 413 380 413 407 413 430 413 461 413 471 413 474 
73 1 0 0 1 1 61 251 -1 -1 0 4569 61 456 61 444 61 444 61 444 61 444 61 443 61 443 61 441 61 440 61 436 61 422 61 411 61 399 61 370 61 354 61 321 61 306 61 293 61 274 61 268 61 263 61 257 61 255 61 253 61 252 61 251 
73 1 0 0 1 1 0 321 -1 -1 1 4634 559 238 566 238 565 238 564 238 562 238 559 238 552 238 540 238 505 238 482 238 424 238 391 238 356 238 280 238 246 238 213 238 152 238 120 238 68 238 46 238 27 238 0 238 0 238 0 238 0 238 0 238 0 238 0 238 0 238 0 224 0 226 0 227 0 229 0 230 0 232 0 238 0 242 0 255 0 263 0 275 0 301 0 314 0 328 0 356 0 368 0 388 0 395 0 397 0 396 0 395 0 394 0 391 0 388 0 382 0 370 0 366 0 358 0 353 0 348 0 336 0 332 0 329 0 323 0 321 
73 1 0 0 1 1 34 26 -1 -1 0 3986 34 436 34 599 34 599 34 597 34 593 34 588 34 579 34 547 34 525 34 469 34 435 34 393 34 285 34 233 34 183 34 101 34 72 34 38 34 30 34 27 34 26 
73 1 0 0 1 1 599 310 -1 -1 1 5563 300 595 322 595 323 595 325 595 329 595 334 595 339 595 348 595 355 595 373 595 383 595 393 595 416 595 430 595 448 595 487 595 509 595 557 595 588 595 599 595 599 595 599 595 599 595 599 595 599 595 599 595 599 595 599 498 599 494 599 473 599 455 599 443 599 440 599 440 599 442 599 446 599 466 599 479 599 493 599 518 599 527 599 536 599 543 599 543 599 544 599 544 599 544 599 542 599 540 599 535 599 527 599 489 599 463 599 414 599 393 599 374 599 345 599 336 599 331 599 329 599 329 599 328 599 327 599 326 599 325 599 325 599 324 599 323 599 321 599 320 599 320 599 319 599 319 599 317 599 317 599 316 599 316 599 315 599 314 599 314 599 313 599 313 599 312 599 311 599 311 599 311 599 311 599 310 599 310 
73 1 0 0 1 1 319 246 -1 -1 0 4617 327 242 401 242 399 242 395 242 387 242 376 242 362 242 329 242 309 242 257 242 230 242 207 242 168 242 150 242 134 242 110 242 102 242 97 242 98 242 102 242 107 242 115 242 129 242 143 242 173 242 187 242 211 242 219 242 226 242 233 242 238 242 243 242 256 242 267 242 291 242 302 242 311 242 319 242 319 243 319 244 319 246 319 248 319 252 319 257 319 263 319 286 319 299 319 322 319 330 319 335 319 336 319 335 319 334 319 332 319 331 319 328 319 324 319 315 319 311 319 297 319 289 319 281 319 268 319 263 319 259 319 254 319 250 319 247 319 246 
73 1 0 0 1 1 591 206 -1 -1 0 3335 591 348 591 424 591 423 591 421 591 416 591 408 591 398 591 373 591 358 591 323 591 308 591 294 591 271 591 262 591 257 591 253 591 252 591 250 591 248 591 245 591 241 591 236 591 230 591 219 591 214 591 207 591 206 
73 1 0 0 1 1 74 84 -1 -1 0 2695 60 84 212 84 207 84 195 84 177 84 155 84 132 84 90 84 74 84 
73 1 0 0 1 1 571 300 -1 -1 1 3167 571 226 571 385 571 379 571 367 571 352 571 336 571 323 571 306 571 302 571 300 
73 1 0 0 1 1 248 379 -1 -1 1 3547 248 99 248 101 248 102 248 104 248 107 248 116 248 126 248 158 248 178 248 218 248 239 248 256 248 283 248 290 248 295 248 300 248 302 248 306 248 309 248 314 248 335 248 350 248 362 248 376 248 379 
73 1 0 0 1 1 559 116 -1 -1 0 2739 559 196 559 127 559 126 559 125 559 119 559 116 
73 1 0 0 1 1 156 344 -1 -1 1 10672 156 529 156 470 156 468 156 466 156 462 156 456 156 443 156 404 156 383 156 356 156 348 156 344 
73 1 0 0 1 1 573 241 -1 -1 0 14287 573 454 573 437 573 434 573 428 573 416 573 395 573 369 573 316 573 294 573 259 573 248 573 241 
73 1 0 0 1 1 171 321 -1 -1 1 3060 171 366 171 569 171 565 171 555 171 539 171 515 171 490 171 435 171 410 171 369 171 353 171 340 171 323 171 321 
73 1 0 0 1 1 162 0 -1 -1 0 4115 162 340 162 432 162 428 162 426 162 421 162 416 162 409 162 384 162 368 162 331 162 311 162 290 162 253 162 236 162 221 162 198 162 191 162 184 162 182 162 180 162 174 162 168 162 161 162 141 162 128 162 96 162 77 162 57 162 17 162 0 162 0 162 0 162 0 
73 1 0 0 1 2 50 383 1 2254 4 
73 1 0 0 1 2 283 549 1 1228 4 
73 1 0 0 1 2 149 216 0 1182 4 
73 1 0 0 1 2 83 50 0 1230 4 
73 1 0 0 1 2 383 283 1 8585 3 
73 1 0 0 1 2 50 183 0 1547 4 
73 1 0 0 1 2 116 50 0 833 4 
73 1 0 0 1 2 549 149 0 1024 4 
73 1 0 0 1 2 50 349 1 1265 4 
73 1 0 0 1 2 349 183 0 1027 4 
73 1 0 0 1 2 349 316 1 948 4 
73 1 0 0 1 2 449 416 1 816 4 
73 1 0 0 1 2 216 283 1 1642 4 
73 1 0 0 1 2 516 116 0 1119 4 
73 1 0 0 1 2 316 183 0 1009 4 
73 1 0 0 1 2 549 349 1 1246 4 
73 1 0 0 1 2 316 482 1 1305 4 
73 1 0 0 1 2 249 449 1 759 4 
73 1 0 0 1 2 349 283 1 889 4 
73 1 0 0 1 2 349 249 0 1714 4 
73 1 0 0 1 2 83 283 1 5046 4 
73 1 0 0 1 2 482 283 1 2159 4 
73 1 0 0 1 2 249 482 1 1302 4 
73 1 0 0 1 2 549 482 1 1826 4 
73 1 0 0 1 2 116 549 1 809 4 
73 1 0 0 1 2 349 549 1 1455 4 
73 1 0 0 1 2 50 116 0 1783 5 
73 1 0 0 1 2 482 416 1 2897 5 
73 1 0 0 1 2 50 216 0 1242 5 
73 1 0 0 1 2 183 482 1 1074 5 
73 1 0 0 1 2 116 449 1 1318 5 
73 1 0 0 1 2 482 549 1 1036 5 
73 1 0 0 1 1 6 240 -1 -1 0 9659 23 62 22 62 20 62 17 62 12 62 6 62 0 62 0 62 0 62 0 62 0 62 0 62 0 62 0 62 0 62 0 62 0 62 0 62 0 62 0 62 0 62 0 62 0 62 0 62 0 62 0 62 0 62 0 62 0 62 0 62 0 62 0 62 0 62 0 62 0 62 0 62 0 62 1 62 2 62 3 62 3 62 4 62 5 62 6 62 6 67 6 68 6 70 6 75 6 81 6 88 6 101 6 108 6 133 6 149 6 166 6 199 6 217 6 234 6 270 6 284 6 293 6 292 6 288 6 283 6 277 6 271 6 267 6 262 6 260 6 258 6 256 6 255 6 254 6 252 6 250 6 248 6 246 6 244 6 242 6 241 6 241 6 241 6 240 6 240 
73 1 0 0 1 1 0 264 -1 -1 0 10113 403 66 403 66 402 66 401 66 400 66 399 66 394 66 385 66 372 66 354 66 293 66 254 66 184 66 151 66 118 66 52 66 28 66 10 66 0 66 0 66 0 66 0 66 0 66 0 66 0 66 0 66 0 66 0 66 0 0 0 2 0 3 0 6 0 8 0 13 0 33 0 47 0 91 0 120 0 152 0 218 0 251 0 282 0 338 0 366 0 414 0 436 0 451 0 461 0 460 0 458 0 454 0 447 0 439 0 432 0 410 0 396 0 368 0 356 0 344 0 322 0 313 0 306 0 299 0 297 0 290 0 286 0 284 0 280 0 276 0 273 0 265 0 263 0 262 0 261 0 258 0 252 0 251 0 251 0 252 0 253 0 255 0 257 0 260 0 263 0 264 0 265 0 266 0 266 0 268 0 269 0 270 0 270 0 271 0 272 0 272 0 273 0 273 0 274 0 275 0 279 0 285 0 292 0 303 0 307 0 314 0 315 0 315 0 317 0 318 0 320 0 323 0 326 0 328 0 330 0 331 0 332 0 332 0 333 0 333 0 333 0 334 0 334 0 334 0 336 0 336 0 335 0 335 0 334 0 332 0 330 0 329 0 325 0 319 0 312 0 306 0 294 0 290 0 284 0 283 0 281 0 278 0 277 0 275 0 272 0 271 0 270 0 269 0 267 0 263 0 258 0 253 0 248 0 242 0 240 0 239 0 238 0 237 0 238 0 239 0 240 0 242 0 243 0 245 0 246 0 247 0 248 0 250 0 251 0 253 0 254 0 255 0 257 0 258 0 259 0 260 0 261 0 262 0 262 0 263 0 263 0 264 
73 1 0 0 1 1 2 299 -1 -1 0 6906 281 269 277 269 276 269 275 269 274 269 270 269 266 269 259 269 251 269 224 269 204 269 162 269 141 269 118 269 71 269 50 269 31 269 4 269 0 269 0 269 0 269 0 269 0 269 0 269 0 269 0 269 0 269 0 269 0 269 0 269 0 269 2 269 2 362 2 364 2 365 2 367 2 370 2 374 2 380 2 384 2 391 2 395 2 402 2 408 2 409 2 408 2 405 2 401 2 397 2 392 2 379 2 373 2 359 2 351 2 344 2 327 2 318 2 310 2 299 2 294 2 290 2 289 2 289 2 287 2 288 2 289 2 290 2 291 2 292 2 292 2 293 2 294 2 295 2 296 2 297 2 298 2 299 
73 1 0 0 1 1 0 0 -1 -1 0 16403 261 548 292 548 290 548 287 548 282 548 277 548 270 548 247 548 232 548 196 548 177 548 159 548 123 548 109 548 99 548 87 548 88 548 87 548 85 548 83 548 75 548 64 548 53 548 26 548 12 548 0 548 0 548 0 548 0 548 0 548 0 548 0 548 0 548 2 548 6 548 11 548 6 548 0 548 0 548 0 548 0 548 0 548 0 548 0 548 0 548 0 548 0 548 0 548 0 548 0 548 0 548 0 548 0 548 0 548 0 548 0 548 0 548 0 549 0 548 0 547 0 543 0 536 0 528 0 520 0 497 0 482 0 450 0 435 0 422 0 398 0 386 0 374 0 351 0 342 0 327 0 319 0 311 0 294 0 285 0 278 0 263 0 254 0 234 0 225 0 218 0 204 0 198 0 192 0 184 0 183 0 186 0 185 0 183 0 181 0 177 0 173 0 169 0 160 0 154 0 138 0 127 0 115 0 92 0 85 0 76 0 62 0 57 0 52 0 50 0 48 0 43 0 39 0 35 0 26 0 24 0 23 0 22 0 21 0 21 0 19 0 19 0 18 0 18 0 16 0 15 0 13 0 10 0 7 0 2 0 0 0 0 0 0 0 0 0 0 0 0 0 0 0 0 0 0 0 0 0 0 0 0 0 0 0 0 0 0 0 0 0 0 0 0 0 0 0 0 0 0 0 0 
73 1 0 0 1 1 318 258 -1 -1 0 7593 318 526 318 548 318 548 318 550 318 552 318 555 318 560 318 579 318 590 318 599 318 599 318 599 318 599 318 599 318 599 318 599 318 599 318 599 318 599 318 599 318 599 318 599 318 599 318 599 318 599 318 599 318 599 318 596 318 583 318 560 318 529 318 492 318 403 318 355 318 314 318 245 318 218 318 198 318 175 318 176 318 180 318 187 318 197 318 208 318 219 318 249 318 264 318 287 318 295 318 302 318 306 318 305 318 303 318 297 318 291 318 285 318 280 318 277 318 275 318 273 318 271 318 269 318 267 318 266 318 264 318 263 318 262 318 261 318 260 318 259 318 257 318 257 318 256 318 255 318 254 318 253 318 254 318 255 318 256 318 257 318 258 318 259 318 258 
73 1 0 0 1 1 57 315 -1 -1 1 3937 57 158 57 159 57 165 57 175 57 188 57 201 57 216 57 254 57 271 57 295 57 302 57 309 57 315 
73 1 0 0 1 1 208 273 -1 -1 0 6995 208 401 208 399 208 398 208 396 208 393 208 390 208 387 208 386 208 384 208 383 208 382 208 380 208 376 208 367 208 361 208 352 208 336 208 328 208 310 208 301 208 292 208 278 208 272 208 267 208 255 208 252 208 252 208 253 208 254 208 258 208 258 208 259 208 260 208 261 208 262 208 265 208 267 208 269 208 270 208 271 208 272 208 273 208 273 
73 1 0 0 1 1 101 304 -1 -1 1 3712 101 235 101 235 101 238 101 244 101 254 101 267 101 282 101 310 101 320 101 327 101 326 101 324 101 321 101 316 101 312 101 307 101 305 101 304 
73 1 0 0 1 1 255 165 -1 -1 0 3906 255 291 255 266 255 265 255 265 255 263 255 262 255 261 255 261 255 260 255 258 255 252 255 242 255 232 255 222 255 194 255 180 255 162 255 163 255 164 255 165 
73 1 0 0 1 1 450 84 -1 -1 0 3307 450 89 450 150 450 148 450 142 450 133 450 123 450 112 450 92 450 88 450 86 450 85 450 84 
73 1 0 0 1 1 427 62 -1 -1 0 2430 427 38 427 62 
73 1 0 0 1 1 195 293 -1 -1 0 4582 195 388 195 527 195 526 195 525 195 523 195 519 195 513 195 505 195 484 195 472 195 452 195 442 195 431 195 417 195 414 195 412 195 411 195 410 195 405 195 402 195 397 195 390 195 385 195 379 195 364 195 357 195 348 195 342 195 335 195 317 195 309 195 301 195 285 195 278 195 267 195 262 195 260 195 259 195 260 195 264 195 267 195 271 195 276 195 281 195 289 195 290 195 291 195 292 195 293 
73 1 0 0 1 1 417 269 -1 -1 0 2986 417 311 417 397 417 392 417 386 417 377 417 366 417 351 417 318 417 301 417 279 417 272 417 270 417 269 
73 1 0 0 1 1 341 337 -1 -1 1 4826 341 104 341 145 341 146 341 148 341 152 341 156 341 163 341 173 341 195 341 205 341 219 341 225 341 230 341 238 341 240 341 243 341 251 341 257 341 268 341 270 341 271 341 273 341 277 341 280 341 283 341 284 341 287 341 291 341 299 341 301 341 302 341 307 341 317 341 327 341 334 341 338 341 342 341 343 341 342 341 341 341 340 341 338 341 337 
73 1 0 0 1 1 136 377 -1 -1 1 2921 136 377 136 377 136 377 
73 1 0 0 1 1 182 303 -1 -1 1 3489 182 482 182 420 182 420 182 418 182 413 182 406 182 399 182 392 182 378 182 371 182 356 182 350 182 345 182 341 182 340 182 339 182 338 182 337 182 335 182 333 182 330 182 320 182 316 182 311 182 307 182 306 182 305 182 304 182 303 
73 1 0 0 1 2 383 516 1 2921 5 
73 1 0 0 1 2 116 383 1 980 5 
73 1 0 0 1 2 383 50 0 2665 5 
73 1 0 0 1 2 449 216 0 1209 5 
73 1 0 0 1 2 283 149 0 805 5 
73 1 0 0 1 2 549 416 1 1623 5 
73 1 0 0 1 2 149 149 0 1181 5 
73 1 0 0 1 2 316 449 1 1433 5 
73 1 0 0 1 2 349 482 1 993 5 
73 1 0 0 1 2 283 83 0 1110 5 
73 1 0 0 1 2 249 549 1 1603 5 
73 1 0 0 1 2 83 183 0 1013 5 
73 1 0 0 1 2 449 316 1 18434 3 
73 1 0 0 1 2 149 283 0 3034 3 
73 1 0 0 1 2 50 50 0 1045 3 
73 1 0 0 1 2 549 183 0 1842 4 
73 1 0 0 1 2 50 416 1 2139 4 
73 1 0 0 1 2 183 83 0 1792 4 
73 1 0 0 1 2 283 482 1 1450 4 
73 1 0 0 1 2 283 416 1 1214 4 
73 1 0 0 1 2 183 449 1 779 4 
73 1 0 0 1 2 383 149 0 1274 4 
73 1 0 0 1 2 383 416 1 1232 4 
73 1 0 0 1 2 149 482 1 2463 4 
73 1 0 0 1 2 216 83 0 1493 4 
73 1 0 0 1 2 549 83 0 4857 4 
73 1 0 0 1 2 516 149 0 972 4 
73 1 0 0 1 2 50 516 1 1079 4 
73 1 0 0 1 2 449 50 0 1284 4 
73 1 0 0 1 2 349 216 0 2573 4 
73 1 0 0 1 2 482 349 1 3027 4 
73 1 0 0 1 2 383 449 1 1111 4 
73 1 0 0 1 1 0 101 -1 -1 0 3856 367 101 364 101 350 101 332 101 309 101 277 101 239 101 119 101 49 101 0 101 0 101 0 101 0 101 0 101 0 101 0 101 0 101 0 101 0 101 0 101 0 101 0 101 0 101 
73 1 0 0 1 1 54 243 -1 -1 0 2837 54 160 54 432 54 425 54 414 54 401 54 384 54 366 54 326 54 305 54 269 54 256 54 247 54 241 54 241 54 243 
73 1 0 0 1 1 231 343 -1 -1 1 3611 231 446 231 459 231 457 231 454 231 452 231 449 231 445 231 440 231 436 231 431 231 429 231 428 231 430 231 435 231 440 231 448 231 457 231 465 231 473 231 472 231 468 231 461 231 450 231 435 231 418 231 380 231 365 231 343 231 338 231 335 231 336 231 338 231 341 231 343 
73 1 0 0 1 1 96 266 -1 -1 0 2946 96 147 96 191 96 194 96 202 96 210 96 218 96 225 96 231 96 242 96 250 96 264 96 266 
73 1 0 0 1 1 62 293 -1 -1 0 2736 98 293 87 293 86 293 83 293 77 293 71 293 62 293 
73 1 0 0 1 1 442 299 -1 -1 0 2917 442 411 442 373 442 371 442 367 442 364 442 357 442 349 442 333 442 324 442 309 442 303 442 299 
73 1 0 0 1 1 565 371 -1 -1 1 2586 507 371 511 371 512 371 513 371 514 371 519 371 523 371 534 371 540 371 546 371 555 371 560 371 563 371 565 371 
73 1 0 0 1 1 262 574 -1 -1 1 2834 302 574 359 574 358 574 356 574 353 574 346 574 339 574 318 574 305 574 284 574 276 574 271 574 264 574 262 574 
73 1 0 0 1 1 465 34 -1 -1 0 2746 578 34 599 34 596 34 591 34 582 34 569 34 554 34 522 34 506 34 481 34 472 34 466 34 465 34 
73 1 0 0 1 1 138 596 -1 -1 1 2574 138 470 138 473 138 473 138 474 138 485 138 503 138 533 138 565 138 596 138 599 138 598 138 597 138 596 
73 1 0 0 1 1 153 296 -1 -1 0 3888 153 235 153 231 153 237 153 244 153 251 153 260 153 268 153 286 153 293 153 296 
73 1 0 0 1 1 195 332 -1 -1 1 5075 195 543 195 536 195 535 195 531 195 527 195 521 195 513 195 495 195 485 195 462 195 451 195 440 195 422 195 416 195 413 195 411 195 410 195 406 195 399 195 391 195 378 195 375 195 374 195 373 195 371 195 370 195 369 195 368 195 367 195 366 195 366 195 364 195 363 195 363 195 362 195 361 195 360 195 360 195 359 195 359 195 359 195 358 195 357 195 356 195 354 195 354 195 354 195 353 195 353 195 350 195 349 195 348 195 345 195 344 195 341 195 339 195 338 195 335 195 334 195 334 195 332 
73 1 0 0 1 1 369 325 -1 -1 1 3185 369 379 369 378 369 375 369 370 369 362 369 354 369 345 369 333 369 329 369 326 369 325 
73 1 0 0 1 1 138 308 -1 -1 1 7642 138 281 138 398 138 397 138 397 138 396 138 394 138 392 138 388 138 385 138 384 138 383 138 382 138 381 138 380 138 379 138 378 138 376 138 373 138 371 138 364 138 359 138 348 138 344 138 339 138 329 138 322 138 318 138 311 138 307 138 297 138 292 138 289 138 283 138 282 138 281 138 278 138 277 138 276 138 274 138 273 138 272 138 272 138 271 138 271 138 270 138 270 138 269 138 268 138 268 138 266 138 264 138 263 138 263 138 262 138 262 138 262 138 262 138 261 138 261 138 260 138 260 138 260 138 259 138 259 138 259 138 259 138 259 138 258 138 257 138 256 138 256 138 255 138 252 138 252 138 252 138 252 138 252 138 252 138 253 138 253 138 254 138 254 138 254 138 254 138 253 138 252 138 250 138 249 138 248 138 246 138 239 138 236 138 237 138 240 138 244 138 249 138 254 138 255 138 258 138 259 138 260 138 261 138 262 138 264 138 266 138 267 138 269 138 272 138 276 138 286 138 289 138 292 138 296 138 297 138 298 138 298 138 299 138 299 138 300 138 301 138 302 138 303 138 303 138 304 138 305 138 305 138 306 138 306 138 307 138 307 138 308 
73 1 0 0 1 1 100 250 -1 -1 0 4563 100 229 100 230 100 230 100 229 100 227 100 225 100 223 100 220 100 212 100 209 100 206 100 205 100 206 100 207 100 208 100 209 100 210 100 211 100 212 100 213 100 214 100 215 100 216 100 217 100 217 100 219 100 220 100 222 100 226 100 233 100 238 100 242 100 243 100 245 100 245 100 247 100 248 100 250 100 251 100 250 
73 1 0 0 1 1 60 254 -1 -1 0 3834 60 445 60 445 60 445 60 445 60 445 60 445 60 443 60 440 60 438 60 429 60 421 60 411 60 385 60 372 60 357 60 330 60 317 60 290 60 282 60 274 60 262 60 257 60 250 60 241 60 238 60 239 60 240 60 241 60 242 60 243 60 244 60 246 60 248 60 251 60 252 60 253 60 254 
73 1 0 0 1 2 449 183 0 1812 4 
73 1 0 0 1 2 349 349 1 5212 5 
73 1 0 0 1 2 50 549 1 1139 5 
73 1 0 0 1 2 416 50 0 1342 5 
73 1 0 0 1 2 449 149 0 1033 5 
73 1 0 0 1 2 416 316 1 8391 3 
73 1 0 0 1 2 116 516 1 2674 4 
73 1 0 0 1 2 183 516 1 925 5 
73 1 0 0 1 2 449 383 1 858 5 
73 1 0 0 1 2 316 416 1 956 5 
73 1 0 0 1 2 216 316 1 1445 5 
73 1 0 0 1 2 383 383 1 746 5 
73 1 0 0 1 2 183 183 0 1093 5 
73 1 0 0 1 2 116 216 0 710 5 
73 1 0 0 1 2 316 50 0 856 5 
73 1 0 0 1 2 83 116 0 752 5 
73 1 0 0 1 2 116 283 0 1591 5 
73 1 0 0 1 2 449 516 1 1473 5 
73 1 0 0 1 2 183 316 1 7955 4 
73 1 0 0 1 2 249 83 0 1233 4 
73 1 0 0 1 2 316 383 1 1483 5 
73 1 0 0 1 2 416 83 0 1353 4 
73 1 0 0 1 2 482 482 1 1727 4 
73 1 0 0 1 2 216 183 0 1352 4 
73 1 0 0 1 2 482 83 0 1059 4 
73 1 0 0 1 2 183 549 1 1325 4 
73 1 0 0 1 2 249 249 0 2066 4 
73 1 0 0 1 2 183 416 1 1362 4 
73 1 0 0 1 2 549 116 0 2271 4 
73 1 0 0 1 2 116 249 0 1742 4 
73 1 0 0 1 2 283 449 1 978 4 
73 1 0 0 1 2 549 283 0 6060 4 
73 1 0 0 1 1 211 116 -1 -1 0 3865 211 266 211 226 211 226 211 226 211 226 211 223 211 219 211 213 211 213 211 212 211 212 211 209 211 205 211 198 211 176 211 162 211 135 211 125 211 116 
73 1 0 0 1 1 345 104 -1 -1 0 2749 217 104 202 104 203 104 204 104 206 104 213 104 223 104 234 104 247 104 261 104 290 104 303 104 326 104 335 104 342 104 345 104 
73 1 0 0 1 1 577 392 -1 -1 1 3099 577 400 577 353 577 354 577 355 577 356 577 357 577 358 577 360 577 364 577 375 577 379 577 384 577 386 577 388 577 391 577 392 
73 1 0 0 1 1 137 73 -1 -1 0 2544 220 73 120 73 121 73 122 73 123 73 124 73 125 73 126 73 128 73 130 73 133 73 136 73 137 73 
73 1 0 0 1 1 313 402 -1 -1 1 3032 301 402 300 402 301 402 302 402 303 402 305 402 306 402 308 402 310 402 313 402 
73 1 0 0 1 1 102 439 -1 -1 1 2347 123 439 102 439 
73 1 0 0 1 1 290 324 -1 -1 1 3131 336 324 336 324 335 324 334 324 330 324 327 324 324 324 315 324 309 324 303 324 296 324 294 324 290 324 
73 1 0 0 1 1 548 448 -1 -1 1 3266 555 448 599 448 597 448 593 448 588 448 581 448 574 448 561 448 557 448 549 448 548 448 
73 1 0 0 1 1 574 290 -1 -1 0 2786 574 367 574 433 574 431 574 428 574 421 574 411 574 399 574 374 574 360 574 334 574 321 574 310 574 294 574 292 574 290 
73 1 0 0 1 1 400 235 -1 -1 0 2937 400 403 400 429 400 423 400 412 400 400 400 385 400 369 400 337 400 321 400 289 400 275 400 262 400 244 400 239 400 236 400 235 
73 1 0 0 1 1 373 572 -1 -1 1 2233 373 463 373 574 373 573 373 572 
73 1 0 0 1 1 597 199 -1 -1 0 2946 597 448 597 350 597 349 597 343 597 337 597 326 597 312 597 278 597 261 597 235 597 226 597 219 597 207 597 203 597 201 597 199 
73 1 0 0 1 1 301 9 -1 -1 0 2570 301 66 301 0 301 0 301 0 301 1 301 3 301 4 301 6 301 7 301 9 
73 1 0 0 1 1 577 146 -1 -1 0 2858 577 96 577 80 577 81 577 82 577 85 577 90 577 98 577 106 577 122 577 129 577 139 577 143 577 145 577 146 
73 1 0 0 1 1 597 459 -1 -1 1 2260 597 442 597 459 
73 1 0 0 1 1 536 216 -1 -1 0 2500 536 162 536 201 536 205 536 208 536 210 536 212 536 213 536 214 536 215 536 216 
73 1 0 0 1 2 116 349 1 4938 4 
73 1 0 0 1 2 316 83 0 1543 4 
73 1 0 0 1 2 416 383 1 1412 4 
73 1 0 0 1 2 516 83 0 1088 4 
73 1 0 0 1 2 383 482 1 1113 4 
73 1 0 0 1 2 516 316 0 10565 3 
73 1 0 0 1 2 283 316 1 3288 3 
73 1 0 0 1 2 216 216 0 1562 4 
73 1 0 0 1 2 216 516 1 1383 3 
73 1 0 0 1 2 116 183 0 1459 5 
73 1 0 0 1 2 549 549 1 1980 5 
73 1 0 0 1 2 516 416 1 1933 5 
73 1 0 0 1 2 216 249 0 3887 5 
73 1 0 0 1 2 283 283 0 15271 3 
73 1 0 0 1 2 149 416 1 1631 5 
73 1 0 0 1 2 416 283 0 8858 3 
73 1 0 0 1 2 283 516 1 1644 5 
73 1 0 0 1 2 83 249 0 1759 5 
73 1 0 0 1 2 449 482 1 6950 5 
73 1 0 0 1 2 449 249 0 1217 5 
73 1 0 0 1 2 149 449 1 1100 5 
73 1 0 0 1 2 249 383 1 1382 5 
73 1 0 0 1 2 83 216 0 977 5 
73 1 0 0 1 2 416 549 1 894 5 
73 1 0 0 1 2 83 383 1 1324 5 
73 1 0 0 1 2 449 283 0 2713 5 
73 1 0 0 1 2 216 116 0 1216 5 
73 1 0 0 1 2 183 149 0 982 5 
73 1 0 0 1 2 349 50 0 1079 5 
73 1 0 0 1 2 549 249 0 1708 5 
73 1 0 0 1 2 383 249 0 840 5 
73 1 0 0 1 2 516 516 1 976 5 
