Subject 80 in condition 0
Training Condition: 0
Task: 0
Rule: [[[220, 300], [[2000, 0], [0, 9000]]], [[380, 300], [[2000, 0], [0, 9000]]]]
Noise: 0
CATA=1
CATB=0
Sample keys: 122 120
Resp keys: 309 307
Dim direction: 0 0
Dim minimum: 12 70
Test order: [0, 1, 4, 2, 5, 6, 3, 7]
80 0 0 0 0 1 599 599 -1 -1 1 16564 30 253 30 253 35 253 44 253 57 253 70 253 81 253 99 253 105 253 112 253 114 253 117 253 125 253 130 253 135 253 147 253 154 253 165 253 171 253 175 253 186 253 191 253 196 253 208 253 214 253 228 253 238 253 248 253 264 253 271 253 279 253 290 253 289 253 291 253 296 253 298 253 299 253 300 253 303 253 321 253 334 253 364 253 382 253 402 253 453 253 484 253 514 253 567 253 589 253 599 253 599 253 599 253 599 253 599 253 599 253 599 253 599 253 599 253 599 253 599 253 599 253 599 253 599 253 599 253 599 253 599 253 599 253 599 253 599 253 599 253 599 253 599 253 599 253 599 253 599 253 599 253 599 253 599 253 599 253 599 257 599 261 599 269 599 284 599 307 599 339 599 407 599 432 599 477 599 495 599 510 599 534 599 548 599 565 599 599 599 599 599 599 599 599 599 599 599 599 599 599 599 599 599 599 599 599 599 599 599 599 599 599 599 599 599 599 599 599 599 599 599 599 599 599 599 599 599 599 599 599 599 599 599 599 599 599 599 599 599 599 599 592 599 593 599 599 599 599 599 599 599 599 599 599 599 599 599 599 599 599 599 599 599 599 599 599 599 599 599 599 599 599 599 599 599 599 599 599 599 595 599 580 599 552 599 503 599 431 599 343 599 118 599 0 599 0 599 0 599 0 599 0 599 0 599 0 599 0 599 0 599 0 599 0 599 0 599 0 599 0 599 0 599 0 599 1 599 5 599 6 599 8 599 9 599 12 599 19 599 35 599 67 599 125 599 294 599 399 599 599 599 599 599 599 599 599 599 599 599 599 599 599 599 599 599 599 599 599 599 599 599 599 599 599 599 599 599 599 599 599 599 596 599 590 599 581 599 570 599 537 599 515 599 435 599 378 599 319 599 218 599 166 599 107 599 0 599 0 599 0 599 0 599 0 599 0 599 0 599 0 599 0 599 0 599 0 599 0 599 0 599 0 599 0 599 0 599 0 599 0 599 0 599 0 599 0 599 0 599 0 599 4 599 12 599 30 599 59 599 104 599 261 599 360 599 572 599 599 599 599 599 599 599 599 599 599 599 599 599 599 599 599 599 599 599 599 599 599 599 599 599 599 599 599 599 599 599 599 599 599 599 599 599 599 599 599 599 599 599 599 599 599 599 599 599 599 599 599 599 599 599 599 599 599 599 599 599 599 599 599 599 599 599 599 599 599 599 599 599 599 599 599 599 599 599 599 599 599 599 599 599 599 599 599 
80 0 0 0 0 1 599 0 -1 -1 1 7569 264 487 264 486 264 486 264 487 264 490 264 520 264 539 264 555 264 569 264 585 264 599 264 599 264 599 264 599 264 599 264 599 264 599 264 599 264 599 264 599 264 599 264 599 264 599 264 597 264 584 264 561 264 528 264 492 264 427 264 407 264 402 264 404 264 411 264 429 264 439 264 455 264 503 264 531 264 558 264 599 264 599 264 599 264 599 264 599 264 599 264 599 264 599 264 599 264 599 270 599 280 599 302 599 354 599 415 599 543 599 599 599 599 599 599 599 599 599 599 599 599 599 599 599 599 599 599 599 599 599 599 599 599 599 599 597 599 594 599 590 599 584 599 578 599 569 599 542 599 528 599 499 599 479 599 452 599 383 599 339 599 289 599 166 599 100 599 0 599 0 599 0 599 0 599 0 599 0 599 0 599 0 599 0 599 0 599 0 599 0 599 0 599 0 599 0 599 0 599 0 599 0 599 0 
80 0 0 0 0 1 0 599 -1 -1 0 7464 560 470 566 470 570 470 580 470 593 470 599 470 599 470 599 470 599 470 599 470 599 470 599 470 599 470 599 470 599 470 599 470 597 470 588 470 570 470 539 470 425 470 348 470 266 470 93 470 17 470 0 470 0 470 0 470 0 470 0 470 0 470 0 470 0 470 0 470 0 470 0 470 0 470 0 470 0 470 0 470 0 470 0 470 0 470 0 470 0 470 0 470 0 470 0 470 0 470 0 470 0 472 0 480 0 487 0 499 0 515 0 536 0 599 0 599 0 599 0 599 0 599 0 599 0 599 0 599 0 599 0 599 0 599 0 599 0 599 0 599 0 599 0 599 0 599 0 599 0 598 0 597 0 597 0 598 0 599 0 599 0 599 0 599 0 599 0 599 0 599 0 599 0 599 0 599 0 599 0 599 0 599 0 599 0 599 0 599 
80 0 0 0 0 1 3 0 -1 -1 0 8987 578 101 578 101 581 101 588 101 599 101 599 101 599 101 599 101 599 101 599 101 599 101 599 101 599 101 599 101 599 101 599 101 599 101 599 101 599 101 599 101 599 101 597 101 591 101 578 101 558 101 494 101 452 101 407 101 319 101 269 101 221 101 130 101 80 101 0 101 0 101 0 101 0 101 0 101 0 101 0 101 0 101 0 101 0 101 1 101 3 101 3 103 3 119 3 138 3 158 3 181 3 211 3 302 3 361 3 466 3 507 3 541 3 597 3 599 3 599 3 599 3 599 3 599 3 599 3 599 3 599 3 599 3 599 3 599 3 599 3 599 3 599 3 599 3 599 3 597 3 593 3 582 3 565 3 540 3 510 3 430 3 374 3 219 3 131 3 29 3 0 3 0 3 0 3 0 3 0 3 0 3 0 3 0 3 0 3 0 3 0 3 0 3 0 3 0 3 0 3 0 3 0 3 0 3 0 3 0 3 0 3 0 3 0 3 0 3 0 3 0 3 0 3 0 3 0 3 0 3 0 3 0 3 0 3 0 3 0 3 0 3 0 3 0 
80 0 0 0 0 1 207 595 -1 -1 0 11407 191 125 191 127 191 131 191 136 191 144 191 156 191 174 191 234 191 268 191 321 191 346 191 375 191 434 191 453 191 462 191 466 191 464 191 456 191 446 191 432 191 395 191 370 191 343 191 279 191 254 191 220 191 209 191 201 191 179 191 167 191 153 191 126 191 112 191 96 191 79 191 77 191 77 191 75 153 75 154 75 161 75 169 75 181 75 197 75 238 75 255 75 281 75 289 75 295 75 304 75 307 75 308 75 309 75 311 75 317 75 325 75 332 75 339 75 359 75 369 75 392 75 409 75 431 75 471 75 489 75 509 75 549 75 567 75 599 75 599 75 599 75 599 75 599 75 599 75 599 75 599 75 599 75 599 75 599 75 599 75 599 75 599 75 599 75 599 75 598 75 597 75 595 75 594 75 593 75 591 75 586 75 583 75 573 75 565 75 558 75 543 75 538 75 534 75 526 75 524 75 515 75 511 75 504 75 491 75 481 75 471 75 449 75 438 75 415 75 404 75 392 75 362 75 347 75 332 75 310 75 298 75 280 75 273 75 265 75 244 75 233 75 223 75 208 75 206 75 207 75 207 76 207 78 207 83 207 91 207 103 207 119 207 161 207 185 207 228 207 251 207 276 207 330 207 358 207 384 207 429 207 448 207 487 207 504 207 524 207 560 207 578 207 595 207 599 207 599 207 599 207 599 207 599 207 599 207 599 207 599 207 599 207 599 207 599 207 599 207 599 207 599 207 599 207 599 207 595 
80 0 0 0 0 1 212 0 -1 -1 0 9145 95 344 95 345 95 346 95 349 95 357 95 371 95 386 95 416 95 427 95 449 95 460 95 470 95 486 95 493 95 503 95 526 95 538 95 550 95 554 95 560 95 576 95 586 95 598 95 599 95 599 95 599 95 599 95 599 95 599 96 599 100 599 101 599 104 599 108 599 115 599 134 599 142 599 158 599 164 599 169 599 179 599 183 599 187 599 200 599 207 599 216 599 215 599 213 599 210 599 211 599 212 599 212 598 212 596 212 591 212 581 212 569 212 554 212 520 212 499 212 458 212 439 212 421 212 393 212 379 212 367 212 331 212 312 212 275 212 258 212 241 212 212 212 196 212 178 212 129 212 101 212 63 212 51 212 41 212 31 212 20 212 10 212 0 212 0 212 0 212 0 212 0 212 0 212 0 212 0 212 0 212 0 212 0 212 0 212 0 212 0 212 0 212 0 212 0 212 0 212 0 212 0 212 0 
80 0 0 0 0 1 579 599 -1 -1 1 6520 579 529 579 528 579 532 579 539 579 548 579 560 579 578 579 599 579 599 579 599 579 599 579 599 579 599 579 599 579 599 579 599 579 599 579 599 579 599 579 599 579 599 579 599 579 599 579 599 
80 0 0 0 0 1 475 0 -1 -1 1 7179 475 93 475 80 475 64 475 44 475 20 475 0 475 0 475 0 475 0 475 0 475 0 475 0 475 0 475 0 475 0 475 0 475 0 475 0 475 0 475 0 475 0 475 0 475 0 475 0 475 0 475 0 475 0 475 0 475 1 475 5 475 16 475 32 475 58 475 105 475 255 475 349 475 579 475 599 475 599 475 599 475 599 475 599 475 599 475 599 475 599 475 599 475 599 475 599 475 599 475 599 475 599 475 599 475 599 475 599 475 599 475 599 475 598 475 597 475 595 475 589 475 580 475 567 475 549 475 492 475 458 475 387 475 341 475 289 475 167 475 103 475 23 475 0 475 0 475 0 475 0 475 0 475 0 475 0 475 0 475 0 475 0 475 0 475 0 475 0 475 0 475 0 475 0 
80 0 0 0 0 1 0 85 -1 -1 0 9289 157 284 154 284 159 284 171 284 187 284 204 284 221 284 268 284 291 284 308 284 305 284 297 284 286 284 269 284 251 284 206 284 183 284 134 284 103 284 73 284 22 284 0 284 0 284 0 284 0 284 0 284 0 284 0 284 0 284 0 284 0 284 0 284 0 284 0 284 0 284 0 284 0 284 1 284 2 284 4 284 6 284 5 284 3 284 0 284 0 284 0 284 0 284 0 284 0 284 0 284 0 284 0 284 0 284 0 284 0 284 0 284 0 284 0 282 0 282 0 283 0 284 0 286 0 288 0 290 0 294 0 297 0 306 0 312 0 319 0 320 0 318 0 310 0 299 0 287 0 276 0 266 0 255 0 253 0 250 0 248 0 245 0 235 0 230 0 226 0 216 0 211 0 200 0 195 0 189 0 179 0 174 0 169 0 158 0 155 0 146 0 140 0 134 0 128 0 123 0 118 0 106 0 100 0 93 0 90 0 87 0 78 0 75 0 72 0 63 0 60 0 59 0 60 0 61 0 62 0 63 0 64 0 65 0 66 0 68 0 69 0 70 0 71 0 72 0 73 0 74 0 75 0 76 0 77 0 79 0 80 0 82 0 83 0 85 0 85 
80 0 0 0 0 1 370 599 -1 -1 1 7249 41 396 42 396 47 396 58 396 71 396 87 396 104 396 146 396 167 396 210 396 226 396 241 396 273 396 289 396 302 396 324 396 334 396 353 396 360 396 364 396 373 396 380 396 386 396 409 396 434 396 491 396 513 396 534 396 586 396 599 396 599 396 599 396 599 396 599 396 599 396 599 396 599 396 599 396 599 396 599 396 598 396 596 396 592 396 585 396 576 396 564 396 542 396 532 396 515 396 508 396 501 396 490 396 486 396 484 396 478 396 474 396 466 396 463 396 460 396 450 396 443 396 436 396 421 396 414 396 399 396 394 396 388 396 374 396 367 396 359 396 339 396 329 396 320 396 304 396 301 396 299 396 299 396 300 396 304 396 306 396 308 396 313 396 321 396 334 396 337 396 341 396 343 396 344 396 353 396 358 396 360 396 364 396 366 396 367 396 368 396 369 396 370 396 370 397 370 399 370 409 370 427 370 454 370 484 370 545 370 576 370 599 370 599 370 599 370 599 370 599 370 599 370 599 370 599 370 599 370 599 370 599 370 599 370 599 370 599 370 599 370 599 370 599 370 599 370 599 370 599 
80 0 0 0 0 1 170 599 -1 -1 0 6431 170 188 170 186 170 187 170 189 170 190 170 193 170 201 170 212 170 227 170 244 170 282 170 302 170 343 170 364 170 386 170 427 170 445 170 464 170 517 170 550 170 599 170 599 170 599 170 599 170 599 170 599 170 599 170 599 170 599 170 599 170 599 170 599 170 599 170 599 170 599 170 599 170 599 170 598 170 596 170 594 170 593 170 591 170 589 170 587 170 586 170 585 170 584 170 579 170 572 170 559 170 539 170 464 170 403 170 253 170 165 170 72 170 0 170 0 170 0 170 0 170 0 170 0 170 0 170 0 170 0 170 0 170 0 170 1 170 10 170 32 170 70 170 135 170 206 170 375 170 467 170 599 170 599 170 599 170 599 170 599 170 599 170 599 170 599 170 599 170 599 170 599 170 599 170 599 170 599 
80 0 0 0 0 1 599 339 -1 -1 1 9314 143 365 87 365 88 365 91 365 96 365 111 365 144 365 199 365 320 365 371 365 466 365 509 365 553 365 599 365 599 365 599 365 599 365 599 365 599 365 599 365 599 365 599 365 599 365 599 365 599 365 597 365 591 365 585 365 587 365 599 365 599 365 599 365 599 365 599 365 599 365 599 365 599 365 599 365 599 365 599 365 599 365 599 365 599 365 599 365 599 365 599 365 599 365 599 365 599 365 599 364 599 360 599 350 599 332 599 309 599 278 599 200 599 153 599 22 599 0 599 0 599 0 599 0 599 0 599 0 599 0 599 0 599 0 599 0 599 0 599 0 599 0 599 0 599 0 599 0 599 0 599 0 599 0 599 1 599 3 599 5 599 11 599 19 599 28 599 43 599 52 599 80 599 103 599 129 599 178 599 204 599 236 599 303 599 330 599 374 599 398 599 424 599 477 599 508 599 546 599 599 599 599 599 599 599 599 599 599 599 599 599 599 599 599 599 599 599 599 599 599 599 599 599 599 599 599 599 599 599 599 599 599 599 598 599 597 599 596 599 595 599 594 599 593 599 591 599 589 599 586 599 578 599 573 599 564 599 559 599 553 599 540 599 534 599 526 599 509 599 500 599 471 599 454 599 437 599 418 599 411 599 404 599 385 599 377 599 365 599 360 599 353 599 345 599 341 599 340 599 339 599 338 599 334 599 325 599 314 599 305 599 300 599 298 599 297 599 296 599 295 599 296 599 297 599 299 599 301 599 304 599 308 599 313 599 314 599 315 599 316 599 317 599 320 599 321 599 323 599 324 599 325 599 326 599 327 599 329 599 331 599 335 599 337 599 339 
80 0 0 0 0 1 193 599 -1 -1 0 8297 567 221 565 221 563 221 557 221 546 221 532 221 512 221 446 221 402 221 323 221 286 221 251 221 166 221 119 221 79 221 8 221 0 221 0 221 0 221 0 221 0 221 0 221 0 221 0 221 0 221 0 221 0 221 1 221 3 221 5 221 8 221 11 221 16 221 18 221 19 221 20 221 21 221 22 221 25 221 30 221 38 221 50 221 69 221 117 221 139 221 165 221 168 221 168 221 169 221 170 221 174 221 178 221 182 221 184 221 183 221 182 221 180 221 179 221 176 221 172 221 166 221 156 221 155 221 154 221 155 221 157 221 161 221 167 221 180 221 193 221 198 221 197 221 196 221 194 221 193 221 193 223 193 231 193 240 193 256 193 276 193 300 193 363 193 396 193 458 193 483 193 511 193 557 193 575 193 592 193 599 193 599 193 599 193 599 193 599 193 599 193 599 193 599 193 599 193 599 193 599 193 599 193 599 193 599 193 599 
80 0 0 0 0 1 167 0 -1 -1 0 9960 547 541 535 541 531 541 525 541 517 541 508 541 495 541 463 541 446 541 423 541 415 541 407 541 391 541 384 541 377 541 364 541 356 541 335 541 323 541 312 541 292 541 283 541 277 541 260 541 251 541 235 541 227 541 219 541 202 541 194 541 187 541 175 541 170 541 160 541 156 541 153 541 506 541 507 541 509 541 512 541 517 541 527 541 557 541 577 541 599 541 599 541 599 541 599 541 599 541 599 541 599 541 598 541 595 541 593 541 592 541 589 541 589 512 589 511 589 510 589 509 589 507 589 506 589 502 589 498 589 480 589 470 589 460 589 441 589 433 589 426 589 416 589 408 589 386 589 374 589 355 589 307 589 280 589 254 589 209 589 187 589 152 589 141 589 131 589 113 589 99 589 87 589 71 599 71 599 71 599 71 599 71 599 71 599 71 599 71 599 71 599 71 599 71 599 71 599 71 599 71 599 71 599 71 599 71 599 71 599 71 599 71 587 71 568 71 541 71 476 71 442 71 410 71 349 71 323 71 270 71 243 71 219 71 172 71 148 71 127 71 93 71 85 71 88 71 94 71 101 71 106 71 109 71 114 71 134 71 138 71 140 71 142 71 146 71 152 71 158 71 162 71 164 71 167 71 169 71 168 71 167 71 167 72 167 76 167 85 167 99 167 116 167 134 167 162 167 174 167 196 167 208 167 218 167 238 167 253 167 271 167 312 167 334 167 383 167 405 167 425 167 463 167 484 167 507 167 542 167 559 167 594 167 599 167 599 167 599 167 599 167 599 167 599 167 599 167 599 167 599 167 599 167 599 167 599 167 599 167 599 167 599 167 598 167 595 167 590 167 581 167 566 167 545 167 479 167 437 167 356 167 316 167 275 167 182 167 134 167 100 167 25 167 0 167 0 167 0 167 0 167 0 167 0 167 0 167 0 167 0 167 0 167 0 167 0 167 0 167 0 167 0 167 0 167 0 
80 0 0 0 0 1 471 562 -1 -1 1 13066 436 14 427 14 429 14 433 14 442 14 454 14 469 14 502 14 522 14 566 14 586 14 599 14 599 14 599 14 599 14 599 14 599 14 599 14 599 14 599 14 599 14 599 14 599 14 599 14 599 14 599 14 599 14 599 14 599 14 599 14 599 14 599 14 599 14 597 14 589 14 588 14 586 14 580 14 572 14 565 14 555 14 537 14 527 14 515 14 513 14 511 14 510 14 508 14 505 14 492 14 485 14 473 14 468 14 463 14 457 14 454 14 450 14 442 14 440 14 436 14 435 14 434 14 432 14 428 14 420 14 412 14 393 14 386 14 378 14 377 14 377 14 376 14 375 14 374 14 370 14 364 14 358 14 351 14 335 14 327 14 316 14 311 14 306 14 293 14 289 14 285 14 282 14 281 14 280 14 279 14 279 14 278 14 276 14 274 14 263 14 253 14 228 14 215 14 204 14 184 14 174 14 159 14 120 14 99 14 54 14 30 14 4 14 0 14 0 14 0 14 0 14 0 14 0 14 0 14 0 14 0 14 0 14 0 14 0 13 0 14 0 16 0 20 0 27 0 36 0 46 0 72 0 92 0 135 0 154 0 171 0 202 0 221 0 246 0 308 0 339 0 390 0 420 0 458 0 520 0 541 0 560 0 598 0 599 0 599 0 599 0 599 0 599 0 599 0 599 0 599 0 599 0 599 0 599 0 599 0 599 0 599 0 598 0 596 0 594 0 592 0 590 0 587 0 574 0 562 0 562 0 562 0 562 0 562 0 562 0 562 0 562 0 562 0 562 0 562 0 562 0 562 0 562 0 562 0 562 0 562 0 562 0 562 0 562 0 562 0 562 0 562 0 562 0 562 0 562 0 562 0 562 0 562 0 562 0 562 0 562 0 562 6 562 14 562 22 562 33 562 45 562 81 562 102 562 143 562 161 562 178 562 213 562 226 562 235 562 241 562 240 562 238 562 235 562 231 562 227 562 219 562 204 562 201 562 200 562 198 562 196 562 194 562 195 562 197 562 202 562 209 562 215 562 220 562 225 562 226 562 231 562 232 562 233 562 234 562 237 562 241 562 248 562 259 562 277 562 279 562 280 562 281 562 282 562 285 562 287 562 290 562 303 562 315 562 348 562 364 562 381 562 415 562 430 562 442 562 447 562 449 562 451 562 458 562 466 562 470 562 471 562 470 562 469 562 468 562 469 562 469 562 468 562 467 562 466 562 466 562 465 562 464 562 463 562 464 562 465 562 466 562 467 562 468 562 469 562 470 562 471 562 
80 0 0 0 0 1 139 464 -1 -1 0 7489 159 464 158 464 157 464 155 464 151 464 143 464 132 464 99 464 78 464 30 464 5 464 0 464 0 464 0 464 0 464 0 464 0 464 0 464 0 464 0 464 0 464 0 464 0 464 0 464 0 464 0 464 0 464 1 464 5 464 13 464 25 464 40 464 58 464 96 464 116 464 153 464 171 464 188 464 224 464 239 464 253 464 286 464 306 464 352 464 372 464 391 464 423 464 438 464 449 464 467 464 474 464 490 464 499 464 506 464 520 464 525 464 529 464 531 464 532 464 540 464 554 464 565 464 574 464 585 464 599 464 599 464 599 464 599 464 599 464 599 464 599 464 599 464 598 464 596 464 591 464 584 464 576 464 568 464 549 464 540 464 532 464 520 464 515 464 498 464 488 464 478 464 465 464 457 464 448 464 428 464 418 464 407 464 384 464 374 464 358 464 352 464 344 464 322 464 312 464 303 464 283 464 274 464 255 464 247 464 241 464 233 464 229 464 226 464 221 464 219 464 220 464 222 464 225 464 227 464 228 464 229 464 230 464 232 464 235 464 237 464 241 464 255 464 261 464 266 464 269 464 269 464 268 464 266 464 263 464 257 464 249 464 238 464 213 464 201 464 185 464 179 464 174 464 165 464 160 464 156 464 148 464 145 464 142 464 141 464 140 464 139 464 
80 0 0 0 0 2 183 283 0 5630 5 
80 0 0 0 0 2 283 50 0 5549 3 
80 0 0 0 0 2 116 149 0 1819 5 
80 0 0 0 0 2 549 216 1 3780 5 
80 0 0 0 0 2 283 183 0 7290 2 
80 0 0 0 0 2 83 482 0 2368 5 
80 0 0 0 0 2 216 383 0 2835 4 
80 0 0 0 0 2 416 416 1 3062 3 
80 0 0 0 0 2 116 83 0 4459 5 
80 0 0 0 0 2 416 149 1 5455 5 
80 0 0 0 0 2 482 316 1 1652 5 
80 0 0 0 0 2 516 50 1 1104 5 
80 0 0 0 0 2 316 249 0 10566 2 
80 0 0 0 0 2 216 549 0 2008 4 
80 0 0 0 0 2 482 183 1 1346 5 
80 0 0 0 0 2 50 449 0 1613 5 
80 0 0 0 0 2 482 116 1 4983 5 
80 0 0 0 0 2 83 549 0 1249 5 
80 0 0 0 0 2 516 283 1 2486 5 
80 0 0 0 0 2 83 516 0 2277 5 
80 0 0 0 0 2 316 549 0 5912 3 
80 0 0 0 0 2 249 283 0 1705 4 
80 0 0 0 0 2 183 216 0 3212 5 
80 0 0 0 0 2 249 116 0 3071 4 
80 0 0 0 0 2 383 549 1 5196 3 
80 0 0 0 0 2 316 516 0 3592 3 
80 0 0 0 0 2 449 349 1 2237 5 
80 0 0 0 0 2 83 316 0 1750 5 
80 0 0 0 0 2 83 416 0 3333 5 
80 0 0 0 0 2 482 449 1 2193 5 
80 0 0 0 0 2 349 416 1 5196 3 
80 0 0 0 0 2 416 116 1 3512 5 
80 0 0 0 0 1 599 599 -1 -1 1 9924 463 487 461 487 460 487 456 487 451 487 445 487 436 487 411 487 397 487 360 487 334 487 305 487 243 487 216 487 192 487 154 487 137 487 108 487 93 487 77 487 44 487 28 487 12 487 0 487 0 487 0 487 0 487 0 487 0 487 0 487 0 487 0 487 3 487 9 487 16 487 26 487 39 487 55 487 93 487 119 487 202 487 257 487 304 487 393 487 434 487 464 487 513 487 539 487 599 487 599 487 599 487 599 487 599 487 599 487 599 487 599 487 598 487 598 488 598 492 598 497 598 505 598 518 598 532 598 567 598 590 598 599 598 599 598 599 598 599 598 599 598 599 598 599 598 599 598 599 598 599 598 599 598 599 598 599 598 599 598 599 598 599 598 599 598 599 598 599 598 599 598 599 598 599 598 599 598 599 598 599 598 599 598 599 598 599 598 599 598 599 598 599 598 599 598 599 598 599 598 599 598 599 598 599 598 597 598 598 598 599 598 599 598 599 598 599 598 599 598 599 598 599 598 599 598 599 598 599 598 599 598 599 598 599 598 599 598 599 598 599 599 599 599 599 599 599 599 599 599 599 599 599 599 599 599 599 599 599 599 599 599 599 599 599 599 599 599 599 599 599 599 599 599 599 599 599 599 599 599 599 599 599 599 599 599 599 599 599 599 599 599 599 599 599 599 599 599 599 599 599 599 599 599 599 599 599 599 599 599 599 599 599 599 599 599 599 
80 0 0 0 0 1 599 0 -1 -1 1 9176 529 23 526 23 534 23 548 23 567 23 588 23 599 23 599 23 599 23 599 23 599 23 599 23 599 23 599 23 599 23 599 23 599 23 599 23 599 23 599 23 599 23 599 23 599 23 599 23 599 21 599 15 599 5 599 0 599 0 599 0 599 0 599 0 599 0 599 0 599 0 599 0 599 0 599 0 599 0 599 0 599 0 599 0 599 0 599 0 599 0 599 0 599 0 599 0 599 0 599 0 599 0 599 0 599 0 599 0 599 0 599 0 599 0 599 0 599 0 599 2 599 33 599 70 599 120 599 253 599 316 599 379 599 495 599 536 599 599 599 599 599 599 599 599 599 599 599 599 599 599 599 599 599 599 599 599 599 599 599 599 599 599 599 599 599 599 599 599 599 599 599 598 599 594 599 586 599 572 599 552 599 521 599 419 599 347 599 173 599 79 599 0 599 0 599 0 599 0 599 0 599 0 599 0 599 0 599 0 599 0 599 0 599 0 599 0 599 0 599 0 599 0 
80 0 0 0 0 1 0 599 -1 -1 0 6546 342 90 361 90 363 90 364 90 365 90 366 90 370 90 377 90 387 90 408 90 418 90 433 90 487 90 515 90 549 90 561 90 578 90 599 90 599 90 599 90 599 90 599 90 599 90 599 90 599 90 599 90 599 90 599 90 599 90 599 90 599 90 598 90 587 90 567 90 535 90 491 90 359 90 281 90 105 90 9 90 0 90 0 90 0 90 0 90 0 90 0 90 0 90 0 90 0 90 0 90 0 90 0 90 0 90 0 90 0 90 0 91 0 94 0 104 0 120 0 142 0 176 0 265 0 317 0 425 0 478 0 526 0 596 0 599 0 599 0 599 0 599 0 599 0 599 0 599 0 599 0 599 0 599 0 599 0 599 0 599 0 599 0 599 0 599 0 599 
80 0 0 0 0 1 483 441 -1 -1 1 9729 473 164 480 164 484 164 489 164 498 164 509 164 522 164 545 164 551 164 553 164 554 164 555 164 560 164 570 164 585 164 599 164 599 164 599 164 599 164 599 164 599 164 599 164 599 164 599 164 599 164 599 164 599 164 599 164 599 164 599 164 599 164 599 164 599 164 598 164 598 169 598 185 598 203 598 221 598 240 598 268 598 347 598 383 598 426 598 438 598 451 598 470 598 477 598 482 598 488 598 496 598 518 598 529 598 533 598 532 598 531 598 529 598 525 598 520 598 516 598 510 598 494 598 486 598 474 598 473 598 472 598 469 598 467 598 466 598 465 598 464 598 457 598 456 598 455 598 454 598 452 598 450 598 448 598 446 598 444 598 443 598 442 598 441 598 440 598 440 598 439 598 438 598 437 598 437 598 436 598 435 598 436 598 437 598 438 598 439 598 440 598 441 598 441 597 441 596 441 594 441 593 441 592 441 591 441 590 441 589 441 584 441 580 441 579 441 577 441 576 441 575 441 567 441 563 441 557 441 553 441 549 441 538 441 534 441 531 441 530 441 529 441 527 441 526 441 525 441 520 441 516 441 512 441 506 441 504 441 496 441 492 441 489 441 486 441 484 441 483 441 
80 0 0 0 0 1 443 572 -1 -1 1 3896 522 572 514 572 513 572 511 572 510 572 508 572 506 572 501 572 500 572 499 572 499 572 498 572 497 572 496 572 495 572 494 572 492 572 490 572 489 572 488 572 487 572 485 572 484 572 483 572 482 572 482 572 481 572 480 572 479 572 478 572 477 572 474 572 473 572 469 572 467 572 465 572 460 572 459 572 458 572 455 572 454 572 452 572 451 572 450 572 449 572 448 572 445 572 443 572 
80 0 0 0 0 1 339 599 -1 -1 1 3707 585 599 592 599 591 599 590 599 589 599 588 599 586 599 584 599 582 599 580 599 579 599 576 599 575 599 572 599 569 599 564 599 548 599 540 599 533 599 519 599 511 599 490 599 474 599 458 599 423 599 409 599 398 599 381 599 375 599 368 599 358 599 353 599 346 599 342 599 341 599 340 599 339 599 
80 0 0 0 0 1 226 534 -1 -1 0 3474 469 534 471 534 471 534 470 534 469 534 468 534 467 534 463 534 459 534 453 534 444 534 425 534 416 534 399 534 391 534 382 534 367 534 361 534 357 534 344 534 337 534 324 534 316 534 309 534 294 534 288 534 281 534 271 534 266 534 257 534 253 534 249 534 240 534 236 534 233 534 229 534 227 534 226 534 
80 0 0 0 0 1 298 57 -1 -1 0 3545 267 57 269 57 268 57 267 57 266 57 265 57 264 57 263 57 261 57 260 57 260 57 256 57 255 57 254 57 254 57 252 57 249 57 246 57 244 57 245 57 249 57 256 57 263 57 271 57 279 57 291 57 292 57 293 57 294 57 295 57 296 57 297 57 298 57 
80 0 0 0 0 1 365 157 -1 -1 1 3775 265 157 261 157 262 157 265 157 269 157 273 157 278 157 286 157 290 157 293 157 295 157 296 157 298 157 299 157 300 157 301 157 303 157 310 157 314 157 319 157 332 157 338 157 342 157 344 157 345 157 347 157 351 157 354 157 356 157 357 157 358 157 359 157 360 157 361 157 362 157 362 157 364 157 365 157 
80 0 0 0 0 1 281 304 -1 -1 0 3851 546 304 544 304 543 304 542 304 541 304 540 304 539 304 535 304 531 304 527 304 519 304 514 304 507 304 487 304 478 304 473 304 466 304 462 304 455 304 451 304 445 304 426 304 415 304 405 304 388 304 379 304 370 304 355 304 348 304 336 304 328 304 322 304 315 304 314 304 313 304 312 304 311 304 310 304 309 304 308 304 305 304 297 304 292 304 289 304 285 304 284 304 282 304 281 304 
80 0 0 0 0 1 39 434 -1 -1 0 6866 39 312 39 314 39 315 39 317 39 321 39 326 39 335 39 353 39 409 39 440 39 487 39 505 39 519 39 526 39 527 39 527 39 528 39 529 39 530 39 536 39 550 39 575 39 599 39 599 39 599 39 599 39 599 39 599 39 598 39 587 39 560 39 504 39 408 39 284 39 0 39 0 39 0 39 0 39 0 39 0 39 0 39 1 39 14 39 57 39 315 39 506 39 599 39 599 39 599 39 599 39 568 39 485 39 192 39 23 39 0 39 0 39 20 39 127 39 464 39 578 39 599 39 501 39 361 39 146 39 119 39 124 39 306 39 434 39 532 39 522 39 475 39 327 39 287 39 290 39 384 39 484 39 558 39 581 39 553 39 418 39 354 39 336 39 388 39 473 39 563 39 599 39 599 39 581 39 562 39 541 39 523 39 524 39 528 39 532 39 534 39 533 39 524 39 510 39 493 39 475 39 459 39 452 39 451 39 451 39 449 39 446 39 443 39 441 39 440 39 439 39 437 39 434 39 433 39 434 
80 0 0 0 0 1 13 585 -1 -1 0 4625 156 344 156 344 152 344 145 344 137 344 126 344 111 344 80 344 68 344 55 344 51 344 46 344 41 344 39 344 36 344 29 344 24 344 14 344 13 344 13 347 13 348 13 349 13 351 13 354 13 360 13 367 13 385 13 392 13 402 13 406 13 409 13 420 13 427 13 435 13 450 13 456 13 467 13 471 13 476 13 480 13 482 13 485 13 493 13 496 13 501 13 502 13 503 13 505 13 508 13 510 13 513 13 514 13 518 13 528 13 531 13 535 13 536 13 537 13 538 13 539 13 540 13 542 13 546 13 552 13 560 13 573 13 579 13 585 
80 0 0 0 0 1 0 599 -1 -1 0 6473 356 497 356 491 356 489 356 488 356 486 356 483 356 480 356 478 356 477 356 475 356 474 356 472 356 468 356 464 356 457 356 442 356 431 356 404 356 389 356 378 347 378 346 378 344 378 341 378 337 378 332 378 323 378 301 378 290 378 272 378 265 378 256 378 241 378 233 378 225 378 212 378 206 378 199 378 197 378 196 378 191 378 188 378 185 378 176 378 171 378 159 378 154 378 148 378 138 378 134 378 130 378 118 378 114 378 107 378 103 378 100 378 97 378 73 378 70 378 63 378 55 378 45 378 35 378 19 378 12 378 2 378 0 378 0 378 0 379 0 381 0 385 0 392 0 398 0 405 0 422 0 431 0 447 0 455 0 463 0 487 0 502 0 516 0 542 0 554 0 580 0 594 0 599 0 599 0 599 0 599 0 599 0 599 0 599 0 599 0 599 0 599 0 599 0 599 0 599 0 599 0 599 0 599 0 599 0 599 0 599 0 599 0 599 
80 0 0 0 0 1 0 275 -1 -1 0 6064 374 9 353 9 352 9 348 9 339 9 325 9 309 9 272 9 252 9 214 9 194 9 175 9 135 9 115 9 96 9 58 9 39 9 9 9 0 9 0 9 0 9 0 9 0 11 0 15 0 21 0 31 0 44 0 58 0 95 0 115 0 152 0 167 0 182 0 217 0 238 0 258 0 292 0 304 0 320 0 324 0 330 0 353 0 367 0 382 0 419 0 438 0 462 0 470 0 477 0 495 0 503 0 509 0 513 0 514 0 521 0 530 0 542 0 584 0 599 0 599 0 599 0 599 0 599 0 599 0 599 0 599 0 599 0 599 0 599 0 599 0 599 0 599 0 599 0 598 0 588 0 570 0 540 0 501 0 421 0 381 0 332 0 220 0 181 0 127 0 106 0 84 0 44 0 31 0 22 0 2 0 0 0 0 0 0 0 0 0 0 0 0 0 0 0 0 0 0 0 0 0 0 0 0 0 0 0 1 0 8 0 23 0 44 0 69 0 98 0 152 0 170 0 187 0 191 0 195 0 208 0 216 0 225 0 243 0 252 0 269 0 274 0 275 
80 0 0 0 0 1 599 459 -1 -1 1 3187 509 459 460 459 462 459 470 459 483 459 503 459 520 459 533 459 532 459 531 459 534 459 544 459 556 459 568 459 581 459 598 459 599 459 599 459 599 459 599 459 599 459 599 459 599 459 599 459 599 459 599 459 599 459 599 459 599 459 599 459 599 459 599 459 
80 0 0 0 0 1 599 406 -1 -1 1 9610 185 406 15 406 1 406 0 406 0 406 0 406 0 406 0 406 0 406 0 406 0 406 0 406 0 406 0 406 0 406 1 406 3 406 8 406 18 406 35 406 57 406 107 406 130 406 183 406 207 406 224 406 245 406 254 406 261 406 266 406 265 406 264 406 263 406 265 406 275 406 287 406 300 406 310 406 320 406 345 406 359 406 377 406 385 406 394 406 417 406 425 406 432 406 444 406 453 406 478 406 489 406 502 406 535 406 551 406 564 406 588 406 598 406 599 406 599 406 599 406 599 406 598 406 593 406 590 406 590 406 589 406 594 406 599 406 599 406 599 406 599 406 599 406 599 406 599 406 599 406 599 406 599 406 599 406 599 406 599 406 599 406 599 406 599 406 599 406 598 406 596 406 593 406 590 406 586 406 584 406 569 406 558 406 533 406 522 406 513 406 499 406 494 406 491 406 491 406 490 406 486 406 478 406 470 406 452 406 445 406 439 406 425 406 415 406 394 406 387 406 380 406 370 406 367 406 365 406 364 406 363 406 362 406 361 406 360 406 358 406 357 406 356 406 355 406 352 406 349 406 348 406 347 406 346 406 348 406 355 406 366 406 379 406 390 406 397 406 403 406 404 406 407 406 412 406 419 406 457 406 488 406 525 406 585 406 599 406 599 406 599 406 599 406 599 406 599 406 599 406 599 406 599 406 599 406 
80 0 0 0 0 2 216 416 0 5227 5 
80 0 0 0 0 2 482 516 1 1073 5 
80 0 0 0 0 2 216 50 0 3275 5 
80 0 0 0 0 2 149 316 0 1468 5 
80 0 0 0 0 2 416 449 1 7137 3 
80 0 0 0 0 2 283 116 0 7302 3 
80 0 0 0 0 2 149 516 0 1706 5 
80 0 0 0 0 2 316 349 1 3903 3 
80 0 0 0 0 2 249 516 0 2455 5 
80 0 0 0 0 2 416 183 1 1276 5 
80 0 0 0 0 2 383 183 1 2249 5 
80 0 0 0 0 2 183 116 0 1335 5 
80 0 0 0 0 2 316 316 1 4393 3 
80 0 0 0 0 2 516 549 1 1416 5 
80 0 0 0 0 2 50 482 0 1312 5 
80 0 0 0 0 2 249 149 0 1243 5 
80 0 0 0 0 2 383 216 1 8825 4 
80 0 0 0 0 2 249 349 0 3444 4 
80 0 0 0 0 2 516 482 1 1330 5 
80 0 0 0 0 2 416 516 1 4363 5 
80 0 0 0 0 2 50 316 0 2313 5 
80 0 0 0 0 2 50 249 0 1037 5 
80 0 0 0 0 2 516 183 1 986 5 
80 0 0 0 0 2 283 249 0 5574 3 
80 0 0 0 0 2 416 216 1 1059 5 
80 0 0 0 0 2 216 482 0 3674 5 
80 0 0 0 0 2 183 50 0 1049 5 
80 0 0 0 0 2 482 249 1 1758 5 
80 0 0 0 0 2 149 50 0 2810 5 
80 0 0 0 0 2 349 116 1 4608 5 
80 0 0 0 0 2 316 216 1 5353 3 
80 0 0 0 0 2 449 549 1 1811 5 
80 0 0 0 0 1 599 594 -1 -1 1 8117 2 433 0 433 0 433 0 433 0 433 2 433 14 433 34 433 64 433 165 433 241 433 326 433 459 433 487 433 502 433 510 433 510 433 515 433 525 433 534 433 545 433 558 433 576 433 599 433 599 433 599 433 599 433 599 433 599 433 599 433 599 433 599 433 599 433 599 433 599 433 599 433 599 433 599 433 598 433 587 433 581 433 582 433 584 433 585 433 588 433 595 433 599 433 599 433 599 433 599 433 599 433 599 433 599 433 599 433 599 433 599 433 599 433 599 433 599 433 599 433 599 433 599 433 599 433 599 436 599 448 599 462 599 477 599 497 599 518 599 553 599 571 599 599 599 599 599 599 599 599 599 599 599 599 599 599 599 599 599 599 599 599 599 599 599 599 599 599 599 599 599 599 599 599 599 599 599 599 599 599 599 594 
80 0 0 0 0 1 0 599 -1 -1 0 5345 318 506 317 506 316 506 316 509 316 517 316 528 316 544 316 565 316 596 316 599 316 599 316 599 316 599 316 599 316 599 316 599 316 599 316 599 316 599 316 599 316 599 316 599 316 599 316 599 316 599 316 599 315 599 313 599 310 599 306 599 300 599 293 599 269 599 252 599 203 599 171 599 138 599 72 599 31 599 0 599 0 599 0 599 0 599 0 599 0 599 0 599 0 599 0 599 0 599 0 599 0 599 0 599 0 599 
80 0 0 0 0 1 599 599 -1 -1 1 4315 86 428 237 428 243 428 254 428 276 428 308 428 348 428 471 428 551 428 599 428 599 428 599 428 599 428 599 428 599 428 599 428 599 428 599 428 599 428 599 428 599 428 599 428 599 428 599 428 599 428 599 428 599 427 599 430 599 438 599 452 599 473 599 503 599 575 599 599 599 599 599 599 599 599 599 599 599 599 599 599 599 599 599 599 599 599 599 599 599 599 599 599 599 599 599 599 599 599 599 599 
80 0 0 0 0 1 599 0 -1 -1 1 3977 230 473 0 473 31 473 67 473 111 473 160 473 215 473 342 473 409 473 531 473 567 473 599 473 599 473 599 473 599 473 599 473 599 473 599 473 599 473 599 473 599 473 599 473 599 473 599 473 599 471 599 467 599 459 599 451 599 446 599 443 599 438 599 430 599 403 599 379 599 343 599 217 599 130 599 29 599 0 599 0 599 0 599 0 599 0 599 0 599 0 599 0 599 0 599 0 599 0 599 0 599 0 599 0 599 0 599 0 
80 0 0 0 0 1 599 412 -1 -1 1 4915 98 328 130 328 139 328 154 328 177 328 213 328 272 328 433 328 518 328 599 328 599 328 599 328 599 328 599 328 599 328 599 328 599 328 599 328 599 328 599 328 599 328 599 326 599 320 599 310 599 294 599 270 599 235 599 110 599 31 599 0 599 0 599 0 599 0 599 0 599 0 599 0 599 0 599 0 599 0 599 0 599 0 599 1 599 9 599 21 599 44 599 80 599 124 599 216 599 271 599 367 599 400 599 424 599 455 599 461 599 465 599 477 599 483 599 496 599 500 599 502 599 501 599 500 599 499 599 495 599 492 599 488 599 474 599 463 599 435 599 425 599 418 599 413 599 412 
80 0 0 0 0 1 0 206 -1 -1 0 3712 276 206 236 206 232 206 219 206 201 206 178 206 151 206 98 206 70 206 18 206 0 206 0 206 0 206 0 206 0 206 0 206 0 206 0 206 0 206 0 206 
80 0 0 0 0 1 271 281 -1 -1 0 4745 271 122 271 238 271 240 271 244 271 249 271 253 271 260 271 274 271 279 271 281 
80 0 0 0 0 1 592 424 -1 -1 1 4257 592 76 592 77 592 86 592 107 592 134 592 166 592 206 592 323 592 384 592 462 592 488 592 508 592 540 592 551 592 559 592 574 592 584 592 599 592 599 592 599 592 599 592 599 592 599 592 599 592 599 592 599 592 599 592 599 592 599 592 599 592 599 592 598 592 597 592 593 592 584 592 570 592 549 592 528 592 489 592 478 592 466 592 464 592 462 592 460 592 455 592 447 592 438 592 433 592 432 592 427 592 425 592 424 
80 0 0 0 0 1 433 278 -1 -1 1 2459 290 278 296 278 297 278 298 278 299 278 301 278 305 278 309 278 315 278 322 278 352 278 371 278 389 278 417 278 426 278 431 278 433 278 
80 0 0 0 0 1 288 509 -1 -1 0 2375 532 509 384 509 382 509 372 509 364 509 353 509 334 509 323 509 313 509 298 509 296 509 294 509 292 509 291 509 289 509 288 509 
80 0 0 0 0 1 311 181 -1 -1 1 2756 197 181 233 181 234 181 236 181 238 181 239 181 241 181 249 181 261 181 290 181 301 181 309 181 311 181 
80 0 0 0 0 1 265 4 -1 -1 0 2658 274 4 265 4 
80 0 0 0 0 1 407 573 -1 -1 1 3555 38 573 38 573 39 573 41 573 43 573 47 573 52 573 61 573 83 573 95 573 117 573 128 573 140 573 163 573 173 573 186 573 215 573 230 573 259 573 272 573 283 573 307 573 319 573 328 573 339 573 340 573 340 573 341 573 342 573 344 573 347 573 353 573 362 573 384 573 392 573 401 573 403 573 404 573 406 573 407 573 
80 0 0 0 0 1 301 173 -1 -1 1 3562 575 173 560 173 560 173 558 173 557 173 557 173 555 173 554 173 550 173 545 173 538 173 531 173 526 173 519 173 518 173 511 173 506 173 502 173 496 173 494 173 492 173 490 173 488 173 481 173 477 173 470 173 455 173 448 173 440 173 426 173 422 173 412 173 407 173 402 173 394 173 390 173 385 173 377 173 372 173 367 173 356 173 352 173 343 173 337 173 332 173 322 173 317 173 312 173 305 173 303 173 301 173 
80 0 0 0 0 1 246 212 -1 -1 0 3314 556 212 537 212 533 212 528 212 513 212 506 212 497 212 495 212 494 212 490 212 488 212 486 212 479 212 473 212 467 212 453 212 443 212 423 212 414 212 405 212 388 212 381 212 375 212 360 212 354 212 344 212 338 212 331 212 318 212 313 212 309 212 301 212 296 212 287 212 283 212 278 212 273 212 271 212 269 212 264 212 262 212 258 212 257 212 255 212 253 212 252 212 250 212 249 212 248 212 247 212 247 212 246 212 246 212 
80 0 0 0 0 1 375 504 -1 -1 1 3026 486 504 484 504 483 504 482 504 482 504 481 504 480 504 479 504 477 504 476 504 474 504 470 504 468 504 466 504 464 504 463 504 457 504 454 504 451 504 443 504 439 504 434 504 426 504 422 504 416 504 411 504 408 504 401 504 397 504 394 504 388 504 386 504 384 504 383 504 382 504 381 504 380 504 379 504 377 504 375 504 
80 0 0 0 0 2 83 216 0 3756 5 
80 0 0 0 0 2 516 316 1 1762 5 
80 0 0 0 0 2 116 349 0 1188 5 
80 0 0 0 0 2 216 116 0 2090 5 
80 0 0 0 0 2 83 249 0 1172 5 
80 0 0 0 0 2 516 83 1 771 5 
80 0 0 0 0 2 516 516 1 1249 5 
80 0 0 0 0 2 216 516 0 2985 5 
80 0 0 0 0 2 216 249 0 1091 5 
80 0 0 0 0 2 249 383 0 1967 4 
80 0 0 0 0 2 183 149 0 1115 5 
80 0 0 0 0 2 549 549 1 908 5 
80 0 0 0 0 2 316 83 1 4044 4 
80 0 0 0 0 2 283 516 0 4813 3 
80 0 0 0 0 2 383 249 1 1702 5 
80 0 0 0 0 2 149 449 0 1089 5 
80 0 0 0 0 2 349 50 1 9919 5 
80 0 0 0 0 2 116 183 0 1103 5 
80 0 0 0 0 2 149 416 0 1689 5 
80 0 0 0 0 2 283 316 0 4631 3 
80 0 0 0 0 2 383 482 1 1271 5 
80 0 0 0 0 2 449 482 1 1420 5 
80 0 0 0 0 2 416 383 1 847 5 
80 0 0 0 0 2 449 283 1 739 5 
80 0 0 0 0 2 516 416 1 710 5 
80 0 0 0 0 2 416 283 1 1194 5 
80 0 0 0 0 2 83 383 0 1723 5 
80 0 0 0 0 2 549 249 1 805 5 
80 0 0 0 0 2 416 549 1 1234 5 
80 0 0 0 0 2 283 283 0 4143 3 
80 0 0 0 0 2 216 216 0 2180 4 
80 0 0 0 0 2 449 249 1 901 5 
80 0 0 0 0 1 332 599 -1 -1 1 8652 472 283 446 283 444 283 440 283 432 283 423 283 413 283 392 283 382 283 355 283 338 283 321 283 293 283 284 283 282 283 281 283 280 283 281 283 283 283 286 283 294 283 305 283 318 283 338 283 343 283 342 283 341 283 340 283 339 283 338 283 337 283 336 283 335 283 334 283 333 283 332 283 332 286 332 302 332 327 332 370 332 415 332 454 332 541 332 575 332 599 332 599 332 599 332 599 332 598 332 589 332 571 332 542 332 503 332 447 332 292 332 205 332 40 332 0 332 0 332 0 332 0 332 0 332 0 332 0 332 5 332 31 332 74 332 167 332 288 332 533 332 599 332 599 332 599 332 599 332 599 332 599 332 599 332 599 332 599 332 599 332 599 332 599 332 599 332 599 332 599 332 599 332 597 332 591 332 579 332 559 332 528 332 479 332 313 332 213 332 18 332 0 332 0 332 0 332 0 332 0 332 0 332 0 332 0 332 0 332 0 332 1 332 14 332 54 332 113 332 205 332 399 332 483 332 549 332 599 332 599 332 599 332 597 332 593 332 584 332 572 332 558 332 544 332 507 332 476 332 360 332 272 332 175 332 0 332 0 332 0 332 0 332 0 332 0 332 3 332 23 332 62 332 152 332 268 332 385 332 573 332 599 332 599 332 599 332 599 332 599 332 599 332 599 332 599 332 599 332 599 332 599 332 599 332 599 332 599 332 599 332 599 332 599 332 599 332 599 332 599 
80 0 0 0 0 1 278 552 -1 -1 0 8240 278 552 24 552 24 552 25 552 23 552 22 552 21 552 20 552 20 552 19 552 18 552 19 552 21 552 22 552 24 552 27 552 32 552 48 552 60 552 86 552 103 552 121 552 157 552 176 552 192 552 214 552 218 552 221 552 224 552 226 552 227 552 228 552 229 552 230 552 231 552 232 552 234 552 237 552 239 552 240 552 241 552 242 552 244 552 246 552 249 552 252 552 264 552 271 552 278 552 
80 0 0 0 0 1 370 38 -1 -1 1 3939 41 38 46 38 46 38 46 38 44 38 43 38 42 38 40 38 38 38 24 38 11 38 0 38 0 38 0 38 0 38 0 38 0 38 0 38 0 38 0 38 1 38 12 38 33 38 67 38 120 38 183 38 289 38 324 38 371 38 388 38 402 38 425 38 432 38 435 38 434 38 432 38 429 38 426 38 421 38 416 38 412 38 411 38 410 38 408 38 406 38 397 38 394 38 393 38 392 38 391 38 389 38 388 38 385 38 382 38 380 38 374 38 372 38 370 38 
80 0 0 0 0 1 355 451 -1 -1 1 2960 365 451 365 451 364 451 363 451 362 451 361 451 361 451 360 451 359 451 358 451 358 451 356 451 355 451 
80 0 0 0 0 1 334 68 -1 -1 1 4051 274 68 277 68 276 68 275 68 274 68 273 68 272 68 271 68 269 68 269 68 268 68 267 68 266 68 266 68 264 68 263 68 262 68 261 68 262 68 263 68 264 68 266 68 268 68 270 68 273 68 286 68 294 68 307 68 310 68 313 68 317 68 319 68 320 68 321 68 322 68 324 68 326 68 329 68 334 68 338 68 339 68 341 68 340 68 339 68 338 68 337 68 336 68 335 68 335 68 334 68 
80 0 0 0 0 1 267 271 -1 -1 0 3469 81 271 77 271 76 271 75 271 74 271 76 271 82 271 93 271 108 271 121 271 132 271 146 271 152 271 171 271 179 271 185 271 189 271 193 271 197 271 209 271 214 271 223 271 229 271 234 271 242 271 243 271 244 271 245 271 248 271 251 271 254 271 257 271 258 271 258 271 260 271 261 271 264 271 266 271 267 271 
80 0 0 0 0 1 308 9 -1 -1 1 4297 211 9 200 9 201 9 203 9 206 9 208 9 212 9 218 9 221 9 223 9 227 9 228 9 232 9 234 9 236 9 245 9 249 9 251 9 252 9 253 9 254 9 255 9 257 9 258 9 260 9 264 9 268 9 269 9 271 9 272 9 273 9 273 9 274 9 275 9 276 9 276 9 277 9 278 9 279 9 280 9 281 9 283 9 284 9 285 9 286 9 287 9 287 9 288 9 289 9 290 9 292 9 295 9 298 9 302 9 304 9 305 9 306 9 307 9 308 9 
80 0 0 0 0 1 314 309 -1 -1 1 5417 434 309 433 309 431 309 430 309 428 309 427 309 424 309 420 309 414 309 398 309 392 309 383 309 380 309 378 309 375 309 374 309 372 309 367 309 364 309 359 309 358 309 356 309 353 309 351 309 350 309 347 309 345 309 342 309 341 309 340 309 338 309 337 309 336 309 335 309 334 309 333 309 332 309 331 309 330 309 329 309 328 309 327 309 326 309 326 309 324 309 323 309 322 309 322 309 320 309 319 309 318 309 317 309 316 309 315 309 314 309 
80 0 0 0 0 1 308 578 -1 -1 1 3715 488 578 489 578 488 578 487 578 484 578 479 578 474 578 469 578 464 578 456 578 452 578 446 578 442 578 438 578 429 578 424 578 421 578 415 578 411 578 402 578 398 578 394 578 383 578 377 578 371 578 363 578 361 578 355 578 353 578 351 578 344 578 341 578 338 578 333 578 331 578 330 578 329 578 328 578 327 578 326 578 325 578 322 578 321 578 320 578 318 578 317 578 314 578 313 578 312 578 311 578 310 578 310 578 309 578 308 578 
80 0 0 0 0 1 252 524 -1 -1 0 3689 378 524 377 524 376 524 375 524 373 524 372 524 371 524 370 524 369 524 368 524 362 524 360 524 357 524 345 524 338 524 333 524 324 524 321 524 315 524 312 524 308 524 300 524 298 524 294 524 289 524 287 524 286 524 285 524 284 524 282 524 281 524 280 524 279 524 278 524 276 524 275 524 273 524 271 524 270 524 269 524 268 524 267 524 266 524 265 524 264 524 263 524 262 524 261 524 260 524 259 524 258 524 257 524 256 524 255 524 254 524 253 524 252 524 
80 0 0 0 0 1 308 2 -1 -1 1 5522 579 2 586 2 584 2 581 2 578 2 575 2 570 2 559 2 550 2 536 2 532 2 528 2 523 2 520 2 517 2 508 2 504 2 494 2 488 2 481 2 470 2 464 2 458 2 444 2 436 2 426 2 422 2 419 2 415 2 414 2 410 2 406 2 403 2 399 2 397 2 395 2 393 2 392 2 391 2 390 2 389 2 386 2 383 2 382 2 377 2 376 2 374 2 369 2 367 2 363 2 360 2 358 2 354 2 353 2 352 2 351 2 350 2 349 2 347 2 345 2 344 2 344 2 343 2 342 2 341 2 340 2 339 2 338 2 338 2 337 2 336 2 335 2 335 2 333 2 332 2 331 2 330 2 329 2 328 2 327 2 326 2 326 2 324 2 323 2 322 2 320 2 316 2 313 2 310 2 308 2 
80 0 0 0 0 1 278 359 -1 -1 0 2713 357 359 357 359 356 359 355 359 354 359 353 359 352 359 351 359 348 359 340 359 335 359 330 359 316 359 310 359 303 359 293 359 290 359 286 359 285 359 283 359 281 359 279 359 278 359 
80 0 0 0 0 1 305 112 -1 -1 1 3521 189 112 190 112 188 112 186 112 182 112 181 112 180 112 178 112 177 112 176 112 175 112 174 112 173 112 172 112 171 112 169 112 171 112 174 112 181 112 190 112 202 112 213 112 223 112 232 112 241 112 243 112 245 112 248 112 253 112 263 112 265 112 267 112 269 112 272 112 276 112 280 112 281 112 283 112 287 112 290 112 294 112 295 112 296 112 298 112 300 112 301 112 302 112 303 112 303 112 304 112 305 112 
80 0 0 0 0 1 241 105 -1 -1 0 5875 68 105 56 105 58 105 59 105 60 105 61 105 62 105 63 105 64 105 66 105 68 105 70 105 74 105 75 105 76 105 77 105 78 105 80 105 81 105 83 105 85 105 88 105 91 105 96 105 99 105 107 105 110 105 113 105 118 105 121 105 125 105 134 105 138 105 146 105 148 105 149 105 152 105 153 105 154 105 156 105 157 105 158 105 159 105 160 105 163 105 165 105 168 105 172 105 174 105 176 105 177 105 179 105 182 105 183 105 185 105 186 105 188 105 190 105 193 105 194 105 198 105 200 105 201 105 202 105 203 105 205 105 206 105 207 105 208 105 209 105 211 105 212 105 213 105 213 105 214 105 215 105 216 105 216 105 219 105 220 105 221 105 223 105 224 105 226 105 227 105 228 105 228 105 230 105 231 105 232 105 233 105 234 105 235 105 236 105 237 105 238 105 239 105 240 105 240 105 241 105 
80 0 0 0 0 1 381 350 -1 -1 1 4155 587 350 582 350 583 350 584 350 582 350 580 350 576 350 572 350 568 350 562 350 549 350 540 350 521 350 514 350 507 350 500 350 497 350 494 350 486 350 483 350 479 350 478 350 477 350 474 350 473 350 472 350 471 350 470 350 468 350 467 350 466 350 464 350 463 350 462 350 461 350 460 350 457 350 456 350 453 350 451 350 448 350 444 350 441 350 439 350 434 350 431 350 425 350 422 350 420 350 415 350 414 350 413 350 408 350 407 350 404 350 401 350 397 350 393 350 392 350 392 350 390 350 390 350 388 350 386 350 385 350 383 350 382 350 381 350 
80 0 0 0 0 1 276 597 -1 -1 0 3000 301 597 304 597 303 597 302 597 302 597 300 597 297 597 295 597 294 597 293 597 290 597 288 597 286 597 282 597 281 597 279 597 276 597 274 597 273 597 272 597 271 597 272 597 273 597 274 597 275 597 276 597 
80 0 0 0 0 2 549 316 1 2812 5 
80 0 0 0 0 2 149 83 0 1387 5 
80 0 0 0 0 2 149 249 0 2276 5 
80 0 0 0 0 2 316 283 1 3076 3 
80 0 0 0 0 2 216 449 0 1700 5 
80 0 0 0 0 2 83 349 0 1001 5 
80 0 0 0 0 2 283 216 0 5870 3 
80 0 0 0 0 2 416 249 1 889 5 
80 0 0 0 0 2 183 349 0 909 5 
80 0 0 0 0 2 416 482 1 2568 5 
80 0 0 0 0 2 482 50 1 705 5 
80 0 0 0 0 2 249 183 0 1903 3 
80 0 0 0 0 2 383 83 1 1927 5 
80 0 0 0 0 2 349 383 1 3013 4 
80 0 0 0 0 2 416 349 1 963 5 
80 0 0 0 0 2 482 149 1 734 5 
80 0 0 0 0 2 183 383 0 2460 5 
80 0 0 0 0 2 449 83 1 1231 5 
80 0 0 0 0 2 449 449 1 993 5 
80 0 0 0 0 2 349 516 1 2141 5 
80 0 0 0 0 2 149 116 0 844 5 
80 0 0 0 0 2 216 349 0 2807 5 
80 0 0 0 0 2 283 383 0 1823 3 
80 0 0 0 0 2 449 116 1 830 5 
80 0 0 0 0 2 83 83 0 1400 5 
80 0 0 0 0 2 116 316 0 825 5 
80 0 0 0 0 2 83 149 0 692 5 
80 0 0 0 0 2 83 449 0 571 5 
80 0 0 0 0 2 549 383 1 785 5 
80 0 0 0 0 2 349 83 1 2045 5 
80 0 0 0 0 2 50 149 0 796 5 
80 0 0 0 0 2 516 383 1 792 5 
80 0 0 0 0 1 0 513 -1 -1 0 6683 132 513 91 513 90 513 89 513 89 513 87 513 84 513 79 513 65 513 58 513 49 513 48 513 48 513 49 513 52 513 53 513 54 513 48 513 11 513 0 513 0 513 0 513 0 513 0 513 0 513 0 513 0 513 0 513 0 513 1 513 2 513 5 513 15 513 34 513 63 513 134 513 178 513 304 513 368 513 416 513 481 513 506 513 530 513 586 513 599 513 599 513 599 513 599 513 599 513 599 513 599 513 599 513 599 513 599 513 599 513 599 513 599 513 599 513 596 513 589 513 580 513 570 513 557 513 535 513 475 513 443 513 385 513 352 513 320 513 261 513 234 513 211 513 156 513 126 513 65 513 32 513 2 513 0 513 0 513 0 513 0 513 0 513 0 513 0 513 0 513 0 513 0 513 0 513 
80 0 0 0 0 1 0 302 -1 -1 0 2859 525 302 188 302 187 302 182 302 171 302 156 302 137 302 82 302 47 302 0 302 0 302 0 302 0 302 0 302 0 302 0 302 0 302 0 302 
80 0 0 0 0 1 599 200 -1 -1 1 3402 219 200 272 200 272 200 279 200 290 200 306 200 325 200 345 200 418 200 474 200 599 200 599 200 599 200 599 200 599 200 599 200 599 200 599 200 599 200 599 200 599 200 
80 0 0 0 0 1 241 484 -1 -1 0 2917 508 484 160 484 158 484 152 484 148 484 143 484 138 484 137 484 135 484 131 484 129 484 125 484 123 484 122 484 122 484 123 484 127 484 135 484 143 484 153 484 173 484 182 484 190 484 202 484 207 484 215 484 232 484 238 484 240 484 241 484 
80 0 0 0 0 1 223 599 -1 -1 0 4158 150 75 149 75 147 75 140 75 131 75 118 75 101 75 57 75 34 75 0 75 0 75 0 75 0 75 0 75 0 75 0 75 0 75 152 75 172 75 190 75 205 75 216 75 223 75 223 204 223 206 223 209 223 214 223 222 223 235 223 282 223 322 223 408 223 441 223 469 223 506 223 515 223 520 223 522 223 524 223 530 223 531 223 532 223 533 223 535 223 540 223 545 223 556 223 573 223 599 223 599 223 599 223 599 223 599 223 599 223 599 223 599 223 599 223 599 223 599 223 599 
80 0 0 0 0 1 78 384 -1 -1 0 2500 78 532 78 0 78 0 78 0 78 3 78 11 78 33 78 68 78 123 78 194 78 318 78 353 78 384 
80 0 0 0 0 1 562 0 -1 -1 1 2396 562 215 562 215 562 214 562 204 562 195 562 184 562 151 562 129 562 77 562 49 562 19 562 0 562 0 562 0 562 0 562 0 562 0 
80 0 0 0 0 1 303 581 -1 -1 1 2828 524 581 502 581 498 581 492 581 490 581 487 581 486 581 485 581 482 581 480 581 478 581 478 581 477 581 476 581 473 581 471 581 466 581 461 581 454 581 436 581 427 581 418 581 402 581 393 581 380 581 377 581 375 581 374 581 372 581 368 581 353 581 344 581 334 581 314 581 307 581 303 581 
80 0 0 0 0 1 239 89 -1 -1 0 2904 440 89 428 89 423 89 421 89 420 89 418 89 417 89 415 89 411 89 406 89 397 89 394 89 392 89 389 89 387 89 385 89 381 89 379 89 374 89 369 89 363 89 350 89 345 89 340 89 327 89 318 89 302 89 293 89 286 89 275 89 271 89 268 89 262 89 258 89 251 89 248 89 245 89 240 89 239 89 
80 0 0 0 0 1 56 519 -1 -1 0 2578 88 519 83 519 82 519 81 519 79 519 77 519 76 519 75 519 73 519 71 519 67 519 64 519 63 519 58 519 57 519 57 519 56 519 
80 0 0 0 0 1 282 365 -1 -1 0 2642 324 365 329 365 328 365 326 365 324 365 321 365 317 365 307 365 302 365 292 365 290 365 288 365 286 365 286 365 285 365 284 365 283 365 283 365 282 365 
80 0 0 0 0 1 327 394 -1 -1 1 2898 282 394 279 394 278 394 277 394 277 394 278 394 281 394 285 394 291 394 297 394 303 394 311 394 314 394 317 394 318 394 319 394 322 394 323 394 324 394 327 394 
80 0 0 0 0 1 317 96 -1 -1 1 3012 400 96 350 96 348 96 346 96 344 96 343 96 342 96 337 96 334 96 327 96 323 96 320 96 317 96 
80 0 0 0 0 1 143 599 -1 -1 0 2909 143 536 143 537 143 539 143 544 143 552 143 565 143 581 143 599 143 599 143 599 143 599 143 599 143 599 143 599 143 599 143 599 143 599 143 599 143 599 143 599 143 599 143 599 143 599 143 599 
80 0 0 0 0 1 345 395 -1 -1 1 3045 246 395 281 395 287 395 290 395 301 395 306 395 312 395 324 395 329 395 331 395 338 395 340 395 341 395 345 395 345 395 345 395 
80 0 0 0 0 1 281 175 -1 -1 0 2648 288 175 287 175 286 175 284 175 283 175 281 175 
80 0 0 0 0 2 416 316 1 3731 5 
80 0 0 0 0 2 449 516 1 921 5 
80 0 0 0 0 2 216 316 0 1589 5 
80 0 0 0 0 2 549 283 1 819 5 
80 0 0 0 0 2 316 416 0 3239 3 
80 0 0 0 0 2 183 416 0 991 5 
80 0 0 0 0 2 116 516 0 911 5 
80 0 0 0 0 2 449 383 1 808 5 
80 0 0 0 0 2 316 383 1 2708 4 
80 0 0 0 0 2 283 449 0 7391 3 
80 0 0 0 0 2 316 50 0 3865 3 
80 0 0 0 0 2 449 183 1 1173 5 
80 0 0 0 0 2 116 283 0 943 5 
80 0 0 0 0 2 116 249 0 914 5 
80 0 0 0 0 2 183 183 0 1065 5 
80 0 0 0 0 2 383 383 1 3386 5 
80 0 0 0 0 2 116 216 0 633 5 
80 0 0 0 0 2 183 549 0 680 5 
80 0 0 0 0 2 183 316 0 859 5 
80 0 0 0 0 2 249 83 0 1249 5 
80 0 0 0 0 2 549 116 1 770 5 
80 0 0 0 0 2 482 83 1 596 5 
80 0 0 0 0 2 416 50 1 1033 5 
80 0 0 0 0 2 249 249 0 1359 5 
80 0 0 0 0 2 50 549 0 907 5 
80 0 0 0 0 2 449 149 1 952 5 
80 0 0 0 0 2 482 482 1 1300 5 
80 0 0 0 0 2 416 83 1 772 5 
80 0 0 0 0 2 83 116 0 865 5 
80 0 0 0 0 2 349 349 1 1576 5 
80 0 0 0 0 2 216 183 0 1350 5 
80 0 0 0 0 2 183 516 0 751 5 
80 0 0 0 0 1 272 153 -1 -1 0 5044 74 153 63 153 64 153 66 153 77 153 94 153 113 153 131 153 167 153 186 153 216 153 227 153 235 153 244 153 248 153 258 153 285 153 295 153 298 153 299 153 297 153 295 153 292 153 286 153 280 153 274 153 270 153 267 153 266 153 265 153 264 153 265 153 266 153 267 153 268 153 269 153 270 153 272 153 
80 0 0 0 0 1 338 174 -1 -1 1 3098 179 174 175 174 176 174 181 174 188 174 198 174 209 174 227 174 235 174 248 174 256 174 264 174 281 174 291 174 301 174 320 174 328 174 335 174 337 174 338 174 
80 0 0 0 0 1 348 73 -1 -1 1 11275 28 73 25 73 26 73 28 73 30 73 34 73 39 73 44 73 56 73 66 73 92 73 110 73 130 73 165 73 175 73 182 73 191 73 194 73 196 73 198 73 199 73 201 73 203 73 208 73 212 73 217 73 219 73 222 73 223 73 227 73 235 73 239 73 244 73 260 73 266 73 275 73 277 73 278 73 279 73 279 73 280 73 283 73 286 73 291 73 302 73 305 73 306 73 307 73 308 73 309 73 312 73 316 73 319 73 324 73 338 73 345 73 352 73 351 73 350 73 349 73 348 73 
80 0 0 0 0 1 309 55 -1 -1 1 4105 275 55 274 55 276 55 277 55 278 55 279 55 281 55 283 55 285 55 288 55 290 55 290 55 291 55 292 55 293 55 294 55 295 55 296 55 298 55 301 55 302 55 303 55 305 55 306 55 307 55 307 55 309 55 309 55 
80 0 0 0 0 1 271 411 -1 -1 0 6033 175 411 174 411 173 411 175 411 179 411 181 411 183 411 185 411 186 411 188 411 190 411 192 411 195 411 198 411 200 411 201 411 202 411 203 411 204 411 205 411 207 411 212 411 217 411 221 411 227 411 231 411 242 411 244 411 246 411 249 411 251 411 254 411 255 411 256 411 259 411 261 411 263 411 264 411 265 411 266 411 266 411 267 411 268 411 268 411 269 411 270 411 271 411 
80 0 0 0 0 1 290 480 -1 -1 0 2962 280 480 285 480 286 480 287 480 287 480 288 480 289 480 290 480 
80 0 0 0 0 1 306 294 -1 -1 1 3553 187 294 188 294 189 294 190 294 192 294 196 294 203 294 209 294 218 294 223 294 226 294 228 294 229 294 232 294 234 294 237 294 240 294 242 294 245 294 247 294 249 294 253 294 257 294 260 294 269 294 273 294 279 294 284 294 289 294 295 294 296 294 298 294 301 294 303 294 304 294 306 294 
80 0 0 0 0 1 299 341 -1 -1 0 3569 323 341 323 341 324 341 325 341 326 341 327 341 328 341 328 341 328 341 327 341 326 341 325 341 323 341 321 341 320 341 319 341 318 341 317 341 316 341 315 341 314 341 313 341 312 341 311 341 310 341 309 341 308 341 307 341 306 341 305 341 304 341 304 341 303 341 302 341 301 341 300 341 299 341 
80 0 0 0 0 1 314 210 -1 -1 1 3882 484 210 485 210 486 210 487 210 488 210 489 210 490 210 491 210 495 210 498 210 504 210 509 210 517 210 514 210 506 210 496 210 483 210 467 210 453 210 436 210 432 210 428 210 425 210 422 210 412 210 403 210 392 210 370 210 360 210 345 210 340 210 337 210 332 210 328 210 324 210 314 210 310 210 309 210 310 210 311 210 312 210 313 210 314 210 315 210 316 210 315 210 314 210 
80 0 0 0 0 1 300 272 -1 -1 1 3528 195 272 198 272 197 272 197 272 196 272 196 272 196 272 196 272 207 272 233 272 260 272 292 272 300 272 299 272 297 272 296 272 295 272 295 272 296 272 297 272 297 272 298 272 299 272 300 272 
80 0 0 0 0 1 295 25 -1 -1 0 3891 384 25 381 25 382 25 384 25 385 25 387 25 389 25 393 25 398 25 406 25 408 25 409 25 410 25 412 25 416 25 421 25 427 25 432 25 429 25 421 25 410 25 396 25 385 25 377 25 363 25 359 25 356 25 355 25 354 25 352 25 349 25 346 25 334 25 327 25 321 25 317 25 315 25 313 25 312 25 311 25 310 25 309 25 307 25 306 25 305 25 304 25 303 25 302 25 301 25 300 25 300 25 298 25 297 25 296 25 295 25 
80 0 0 0 0 1 319 485 -1 -1 1 6705 472 485 437 485 445 485 458 485 473 485 487 485 500 485 511 485 512 485 515 485 521 485 528 485 535 485 536 485 537 485 542 485 544 485 543 485 537 485 530 485 517 485 500 485 469 485 461 485 457 485 455 485 454 485 452 485 447 485 441 485 433 485 425 485 406 485 396 485 377 485 369 485 363 485 352 485 346 485 340 485 327 485 321 485 308 485 304 485 303 485 304 485 305 485 307 485 308 485 309 485 310 485 311 485 312 485 314 485 316 485 318 485 319 485 
80 0 0 0 0 1 313 54 -1 -1 1 3952 416 54 410 54 409 54 408 54 406 54 402 54 398 54 393 54 387 54 380 54 377 54 376 54 375 54 373 54 366 54 360 54 354 54 341 54 333 54 323 54 320 54 318 54 316 54 315 54 314 54 313 54 312 54 312 54 312 54 311 54 309 54 307 54 306 54 305 54 306 54 307 54 309 54 311 54 312 54 313 54 313 54 
80 0 0 0 0 1 295 564 -1 -1 0 3118 281 564 282 564 281 564 280 564 279 564 278 564 277 564 277 564 275 564 274 564 273 564 272 564 270 564 268 564 267 564 268 564 270 564 272 564 275 564 279 564 283 564 286 564 287 564 288 564 289 564 290 564 291 564 292 564 294 564 295 564 
80 0 0 0 0 1 285 92 -1 -1 0 7688 51 92 37 92 39 92 43 92 46 92 47 92 52 92 63 92 78 92 91 92 102 92 122 92 130 92 151 92 157 92 160 92 169 92 175 92 181 92 199 92 210 92 227 92 234 92 240 92 251 92 255 92 258 92 263 92 264 92 267 92 270 92 272 92 277 92 278 92 279 92 279 92 280 92 282 92 283 92 285 92 
80 0 0 0 0 1 292 342 -1 -1 0 4037 564 342 558 342 557 342 553 342 546 342 536 342 525 342 515 342 493 342 484 342 464 342 451 342 440 342 416 342 401 342 386 342 352 342 337 342 318 342 312 342 308 342 307 342 306 342 306 342 305 342 304 342 303 342 301 342 300 342 299 342 298 342 297 342 297 342 296 342 295 342 294 342 293 342 292 342 
80 0 0 0 0 2 349 316 1 6282 5 
80 0 0 0 0 2 482 549 1 819 5 
80 0 0 0 0 2 116 449 0 2409 5 
80 0 0 0 0 2 449 416 1 909 5 
80 0 0 0 0 2 349 249 1 3735 5 
80 0 0 0 0 2 349 183 1 2525 5 
80 0 0 0 0 2 249 449 0 1438 5 
80 0 0 0 0 2 50 116 0 800 5 
80 0 0 0 0 2 549 149 1 1174 5 
80 0 0 0 0 2 216 283 0 2660 5 
80 0 0 0 0 2 149 216 0 836 5 
80 0 0 0 0 2 383 283 1 2098 5 
80 0 0 0 0 2 349 549 1 3474 5 
80 0 0 0 0 2 482 416 1 1199 5 
80 0 0 0 0 2 482 283 1 967 5 
80 0 0 0 0 2 316 482 0 7142 3 
80 0 0 0 0 2 50 349 0 985 5 
80 0 0 0 0 2 50 183 0 699 5 
80 0 0 0 0 2 83 283 0 484 5 
80 0 0 0 0 2 116 549 0 583 5 
80 0 0 0 0 2 283 549 0 2606 5 
80 0 0 0 0 2 549 349 1 769 5 
80 0 0 0 0 2 183 482 0 682 5 
80 0 0 0 0 2 50 383 0 2604 5 
80 0 0 0 0 2 349 283 1 1659 5 
80 0 0 0 0 2 50 216 0 715 5 
80 0 0 0 0 2 83 50 0 1646 5 
80 0 0 0 0 2 316 183 0 17541 5 
80 0 0 0 0 2 549 482 1 842 5 
80 0 0 0 0 2 516 116 1 907 5 
80 0 0 0 0 2 249 482 0 1274 5 
80 0 0 0 0 2 116 50 0 718 5 
80 0 0 0 0 1 285 355 -1 -1 0 5204 51 355 52 355 54 355 57 355 61 355 68 355 74 355 88 355 96 355 112 355 119 355 124 355 126 355 128 355 129 355 130 355 132 355 136 355 139 355 142 355 147 355 149 355 150 355 151 355 153 355 161 355 166 355 171 355 181 355 187 355 194 355 203 355 208 355 215 355 220 355 224 355 234 355 239 355 243 355 253 355 256 355 257 355 257 355 258 355 259 355 261 355 265 355 269 355 273 355 275 355 277 355 278 355 279 355 280 355 282 355 284 355 285 355 
80 0 0 0 0 1 302 268 -1 -1 1 4563 558 268 552 268 552 268 551 268 547 268 537 268 518 268 495 268 470 268 446 268 415 268 407 268 398 268 394 268 389 268 371 268 360 268 350 268 335 268 330 268 325 268 323 268 322 268 318 268 315 268 311 268 303 268 301 268 300 268 299 268 300 268 301 268 302 268 
80 0 0 0 0 1 299 117 -1 -1 0 4185 596 117 597 117 596 117 595 117 595 117 599 117 599 117 599 117 599 117 599 117 599 117 599 117 598 117 599 117 599 117 599 117 599 117 599 117 599 117 598 117 594 117 583 117 567 117 547 117 502 117 485 117 467 117 463 117 460 117 456 117 455 117 453 117 442 117 434 117 427 117 414 117 406 117 394 117 388 117 380 117 362 117 352 117 342 117 325 117 320 117 313 117 310 117 308 117 304 117 303 117 301 117 298 117 297 117 295 117 295 117 294 117 295 117 296 117 297 117 298 117 299 117 299 117 
80 0 0 0 0 1 305 30 -1 -1 1 3010 414 30 416 30 415 30 414 30 413 30 409 30 405 30 398 30 382 30 374 30 367 30 356 30 353 30 351 30 349 30 347 30 341 30 339 30 337 30 334 30 333 30 331 30 326 30 322 30 318 30 315 30 313 30 311 30 310 30 309 30 308 30 307 30 307 30 306 30 305 30 
80 0 0 0 0 1 302 342 -1 -1 1 3745 46 342 34 342 32 342 26 342 21 342 16 342 7 342 2 342 0 342 0 342 0 342 0 342 1 342 9 342 23 342 42 342 62 342 81 342 112 342 123 342 134 342 138 342 143 342 154 342 160 342 165 342 174 342 179 342 188 342 193 342 198 342 212 342 222 342 233 342 250 342 256 342 261 342 269 342 270 342 273 342 274 342 275 342 279 342 282 342 285 342 288 342 289 342 290 342 292 342 294 342 296 342 297 342 298 342 300 342 301 342 301 342 302 342 
80 0 0 0 0 1 304 50 -1 -1 1 3034 303 50 304 50 
80 0 0 0 0 1 290 416 -1 -1 0 4155 548 416 547 416 545 416 540 416 535 416 527 416 517 416 495 416 483 416 458 416 445 416 432 416 408 416 398 416 388 416 374 416 370 416 366 416 364 416 362 416 359 416 356 416 353 416 346 416 344 416 342 416 337 416 334 416 328 416 324 416 319 416 311 416 307 416 303 416 297 416 294 416 290 416 288 416 287 416 286 416 285 416 286 416 287 416 288 416 289 416 290 416 
80 0 0 0 0 1 300 119 -1 -1 1 4081 278 119 280 119 281 119 283 119 286 119 287 119 288 119 289 119 290 119 291 119 292 119 296 119 302 119 306 119 309 119 308 119 307 119 306 119 305 119 305 119 304 119 303 119 303 119 302 119 301 119 300 119 300 119 
80 0 0 0 0 1 292 414 -1 -1 0 3691 145 414 148 414 154 414 167 414 185 414 200 414 209 414 214 414 215 414 216 414 218 414 220 414 224 414 233 414 243 414 261 414 267 414 274 414 287 414 291 414 294 414 299 414 301 414 306 414 307 414 306 414 305 414 304 414 303 414 302 414 301 414 300 414 299 414 298 414 297 414 296 414 295 414 294 414 293 414 292 414 
80 0 0 0 0 1 298 55 -1 -1 0 3712 228 55 228 55 234 55 242 55 250 55 258 55 264 55 273 55 275 55 277 55 278 55 280 55 286 55 289 55 292 55 294 55 295 55 296 55 297 55 298 55 
80 0 0 0 0 1 299 457 -1 -1 0 4899 31 457 32 457 34 457 40 457 44 457 51 457 56 457 61 457 72 457 77 457 90 457 97 457 106 457 122 457 131 457 138 457 153 457 159 457 173 457 180 457 186 457 188 457 189 457 190 457 192 457 193 457 194 457 196 457 200 457 202 457 205 457 213 457 216 457 220 457 224 457 228 457 232 457 236 457 238 457 239 457 241 457 243 457 246 457 248 457 251 457 255 457 258 457 260 457 268 457 271 457 273 457 275 457 277 457 279 457 280 457 281 457 282 457 283 457 284 457 285 457 286 457 287 457 288 457 289 457 290 457 291 457 292 457 293 457 294 457 295 457 296 457 297 457 298 457 298 457 299 457 
80 0 0 0 0 1 315 546 -1 -1 1 3810 52 546 53 546 55 546 60 546 66 546 74 546 83 546 110 546 123 546 146 546 157 546 167 546 184 546 190 546 195 546 202 546 204 546 207 546 209 546 212 546 220 546 226 546 231 546 240 546 245 546 253 546 256 546 259 546 264 546 268 546 272 546 281 546 285 546 288 546 293 546 294 546 295 546 296 546 297 546 298 546 299 546 301 546 302 546 304 546 305 546 306 546 308 546 309 546 310 546 311 546 312 546 313 546 314 546 315 546 
80 0 0 0 0 1 306 147 -1 -1 1 3706 551 147 544 147 543 147 542 147 542 147 537 147 528 147 515 147 486 147 474 147 464 147 452 147 449 147 447 147 445 147 443 147 435 147 428 147 419 147 399 147 391 147 385 147 374 147 369 147 358 147 353 147 346 147 335 147 330 147 326 147 319 147 317 147 315 147 313 147 311 147 309 147 308 147 307 147 306 147 
80 0 0 0 0 1 321 306 -1 -1 1 6505 164 306 167 306 168 306 172 306 175 306 179 306 182 306 188 306 191 306 196 306 198 306 199 306 200 306 201 306 202 306 203 306 204 306 205 306 207 306 210 306 220 306 225 306 238 306 244 306 249 306 256 306 261 306 266 306 275 306 279 306 286 306 289 306 292 306 296 306 297 306 298 306 299 306 300 306 301 306 302 306 303 306 304 306 305 306 306 306 307 306 308 306 308 306 310 306 311 306 312 306 312 306 314 306 315 306 316 306 317 306 317 306 318 306 319 306 319 306 321 306 
80 0 0 0 0 1 316 267 -1 -1 1 3729 84 267 81 267 80 267 79 267 78 267 77 267 76 267 75 267 73 267 72 267 76 267 88 267 106 267 142 267 157 267 167 267 175 267 176 267 177 267 182 267 187 267 205 267 215 267 223 267 237 267 245 267 253 267 267 267 272 267 279 267 280 267 282 267 284 267 285 267 287 267 289 267 290 267 291 267 292 267 293 267 294 267 295 267 296 267 298 267 300 267 302 267 303 267 304 267 305 267 306 267 308 267 309 267 310 267 311 267 312 267 313 267 314 267 315 267 316 267 316 267 
80 0 0 0 0 1 305 342 -1 -1 1 5913 469 342 464 342 465 342 466 342 467 342 468 342 466 342 464 342 461 342 457 342 453 342 449 342 436 342 429 342 413 342 403 342 393 342 371 342 361 342 354 342 343 342 339 342 329 342 323 342 319 342 318 342 317 342 316 342 315 342 314 342 313 342 312 342 311 342 310 342 309 342 308 342 307 342 306 342 305 342 304 342 303 342 302 342 301 342 302 342 303 342 304 342 305 342 
80 0 0 0 0 2 83 183 0 3702 5 
80 0 0 0 0 2 183 83 0 1149 5 
80 0 0 0 0 2 549 83 1 945 5 
80 0 0 0 0 2 249 549 0 1236 5 
80 0 0 0 0 2 449 50 1 1274 5 
80 0 0 0 0 2 50 516 0 872 5 
80 0 0 0 0 2 383 449 1 1337 5 
80 0 0 0 0 2 349 216 1 2802 5 
80 0 0 0 0 2 149 149 0 784 5 
80 0 0 0 0 2 549 183 1 845 5 
80 0 0 0 0 2 482 349 1 2562 5 
80 0 0 0 0 2 449 316 1 716 5 
80 0 0 0 0 2 549 416 1 635 5 
80 0 0 0 0 2 316 449 1 4391 5 
80 0 0 0 0 2 383 149 1 964 5 
80 0 0 0 0 2 383 50 1 883 5 
80 0 0 0 0 2 283 83 0 2357 5 
80 0 0 0 0 2 116 383 0 805 5 
80 0 0 0 0 2 383 516 1 3819 5 
80 0 0 0 0 2 50 416 0 648 5 
80 0 0 0 0 2 50 50 0 596 5 
80 0 0 0 0 2 449 216 1 880 5 
80 0 0 0 0 2 283 149 0 902 5 
80 0 0 0 0 2 183 449 0 745 5 
80 0 0 0 0 2 216 83 0 727 5 
80 0 0 0 0 2 349 482 1 1412 5 
80 0 0 0 0 2 149 482 0 746 5 
80 0 0 0 0 2 516 149 1 691 5 
80 0 0 0 0 2 283 482 0 2315 5 
80 0 0 0 0 2 383 416 1 1829 5 
80 0 0 0 0 2 149 283 0 747 5 
80 0 0 0 0 2 283 416 0 1045 5 
80 0 0 0 0 1 158 244 -1 -1 0 6323 353 244 353 244 354 244 360 244 372 244 398 244 440 244 552 244 599 244 599 244 599 244 599 244 597 244 587 244 570 244 542 244 503 244 451 244 385 244 227 244 141 244 58 244 0 244 0 244 0 244 0 244 0 244 0 244 0 244 0 244 0 244 5 244 22 244 51 244 100 244 173 244 259 244 343 244 422 244 485 244 526 244 584 244 599 244 599 244 595 244 587 244 569 244 543 244 499 244 434 244 351 244 254 244 168 244 111 244 61 244 56 244 58 244 68 244 88 244 117 244 151 244 190 244 236 244 297 244 342 244 395 244 402 244 400 244 388 244 368 244 332 244 274 244 210 244 149 244 104 244 78 244 73 244 86 244 109 244 141 244 176 244 236 244 251 244 257 244 257 244 249 244 197 244 158 244 122 244 92 244 72 244 63 244 67 244 80 244 101 244 129 244 159 244 197 244 205 244 204 244 194 244 174 244 152 244 127 244 105 244 86 244 75 244 79 244 92 244 108 244 124 244 138 244 150 244 159 244 164 244 166 244 165 244 163 244 160 244 158 244 
80 0 0 0 0 1 298 189 -1 -1 0 3193 348 189 389 189 372 189 354 189 335 189 295 189 279 189 271 189 269 189 271 189 293 189 313 189 333 189 358 189 361 189 360 189 357 189 353 189 348 189 345 189 342 189 341 189 339 189 336 189 331 189 327 189 319 189 317 189 314 189 314 189 313 189 312 189 310 189 308 189 304 189 300 189 298 189 
80 0 0 0 0 1 317 287 -1 -1 1 5452 394 287 357 287 351 287 347 287 343 287 343 287 341 287 340 287 338 287 334 287 329 287 324 287 320 287 317 287 316 287 314 287 313 287 312 287 313 287 314 287 314 287 315 287 315 287 316 287 317 287 
80 0 0 0 0 1 301 16 -1 -1 1 4674 46 16 29 16 21 16 15 16 4 16 0 16 0 16 0 16 0 16 0 16 0 16 0 16 0 16 0 16 3 16 15 16 36 16 65 16 98 16 130 16 176 16 188 16 198 16 199 16 201 16 205 16 208 16 211 16 215 16 222 16 226 16 238 16 248 16 260 16 280 16 289 16 300 16 323 16 332 16 346 16 353 16 358 16 365 16 364 16 363 16 361 16 360 16 358 16 357 16 351 16 349 16 348 16 346 16 344 16 338 16 336 16 335 16 331 16 328 16 322 16 319 16 315 16 310 16 308 16 306 16 300 16 299 16 298 16 297 16 298 16 299 16 300 16 301 16 302 16 301 16 
80 0 0 0 0 1 292 275 -1 -1 0 3970 62 275 18 275 6 275 0 275 0 275 0 275 0 275 0 275 0 275 0 275 0 275 0 275 0 275 0 275 0 275 0 275 3 275 13 275 30 275 80 275 105 275 127 275 155 275 161 275 163 275 165 275 169 275 178 275 182 275 186 275 193 275 197 275 200 275 205 275 208 275 217 275 223 275 228 275 237 275 241 275 246 275 253 275 256 275 257 275 263 275 269 275 277 275 279 275 280 275 281 275 282 275 283 275 284 275 286 275 288 275 289 275 290 275 291 275 292 275 
80 0 0 0 0 1 295 547 -1 -1 0 4746 409 547 328 547 323 547 317 547 315 547 313 547 307 547 302 547 297 547 289 547 285 547 277 547 274 547 272 547 273 547 277 547 282 547 287 547 291 547 292 547 293 547 293 547 291 547 288 547 284 547 280 547 279 547 279 547 278 547 277 547 276 547 275 547 274 547 273 547 271 547 268 547 266 547 267 547 268 547 270 547 271 547 273 547 275 547 276 547 277 547 278 547 280 547 281 547 283 547 283 547 285 547 286 547 287 547 288 547 289 547 290 547 291 547 292 547 293 547 294 547 295 547 
80 0 0 0 0 1 294 119 -1 -1 0 4145 127 119 15 119 8 119 1 119 0 119 0 119 0 119 0 119 0 119 0 119 0 119 0 119 2 119 7 119 19 119 36 119 54 119 73 119 105 119 118 119 135 119 140 119 147 119 162 119 170 119 180 119 194 119 196 119 198 119 199 119 200 119 202 119 203 119 205 119 211 119 229 119 236 119 242 119 251 119 254 119 258 119 260 119 262 119 268 119 272 119 276 119 280 119 282 119 283 119 284 119 285 119 287 119 288 119 289 119 290 119 291 119 292 119 293 119 294 119 294 119 
80 0 0 0 0 1 302 439 -1 -1 1 3882 588 439 585 439 586 439 593 439 595 439 599 439 599 439 599 439 599 439 599 439 599 439 599 439 599 439 599 439 599 439 599 439 597 439 591 439 580 439 565 439 545 439 492 439 467 439 446 439 413 439 405 439 400 439 397 439 396 439 395 439 391 439 387 439 382 439 372 439 366 439 357 439 354 439 351 439 345 439 341 439 336 439 328 439 325 439 319 439 317 439 315 439 314 439 313 439 312 439 311 439 310 439 309 439 308 439 307 439 306 439 306 439 304 439 303 439 302 439 
80 0 0 0 0 1 294 221 -1 -1 0 4066 571 221 577 221 576 221 572 221 568 221 562 221 554 221 539 221 533 221 523 221 520 221 515 221 501 221 492 221 480 221 452 221 437 221 413 221 405 221 400 221 394 221 391 221 388 221 376 221 369 221 359 221 354 221 350 221 344 221 343 221 342 221 341 221 340 221 338 221 336 221 328 221 322 221 317 221 306 221 301 221 297 221 290 221 288 221 284 221 282 221 281 221 280 221 281 221 282 221 283 221 284 221 285 221 286 221 287 221 288 221 289 221 290 221 291 221 292 221 293 221 294 221 
80 0 0 0 0 1 313 219 -1 -1 1 2939 424 219 424 219 418 219 411 219 401 219 389 219 377 219 355 219 348 219 338 219 334 219 330 219 322 219 319 219 317 219 315 219 314 219 313 219 
80 0 0 0 0 1 319 489 -1 -1 1 3232 134 489 174 489 176 489 175 489 172 489 164 489 154 489 141 489 129 489 114 489 110 489 107 489 105 489 106 489 111 489 122 489 136 489 151 489 166 489 190 489 199 489 207 489 209 489 212 489 221 489 225 489 228 489 233 489 235 489 240 489 243 489 245 489 250 489 256 489 264 489 280 489 287 489 293 489 304 489 309 489 317 489 318 489 319 489 
80 0 0 0 0 1 299 5 -1 -1 0 3593 51 5 50 5 49 5 47 5 43 5 36 5 27 5 5 5 0 5 0 5 0 5 0 5 0 5 0 5 0 5 0 5 0 5 2 5 8 5 16 5 30 5 47 5 88 5 111 5 131 5 166 5 181 5 208 5 218 5 227 5 239 5 243 5 247 5 249 5 251 5 252 5 254 5 257 5 262 5 270 5 282 5 286 5 293 5 295 5 296 5 298 5 299 5 
80 0 0 0 0 1 271 343 -1 -1 0 2634 388 343 256 343 250 343 236 343 230 343 217 343 213 343 209 343 205 343 203 343 202 343 203 343 208 343 218 343 232 343 245 343 256 343 269 343 271 343 
80 0 0 0 0 1 299 365 -1 -1 0 3875 71 365 72 365 74 365 80 365 90 365 102 365 118 365 154 365 178 365 216 365 229 365 240 365 251 365 253 365 255 365 255 365 256 365 257 365 259 365 263 365 268 365 275 365 280 365 285 365 285 365 286 365 287 365 288 365 289 365 289 365 290 365 292 365 293 365 294 365 295 365 296 365 297 365 298 365 299 365 
80 0 0 0 0 1 298 584 -1 -1 0 3617 96 584 103 584 106 584 112 584 121 584 134 584 151 584 183 584 198 584 232 584 247 584 260 584 278 584 284 584 290 584 302 584 307 584 316 584 321 584 325 584 328 584 330 584 329 584 327 584 323 584 319 584 315 584 312 584 309 584 308 584 304 584 302 584 298 584 293 584 292 584 291 584 292 584 293 584 295 584 296 584 297 584 298 584 
80 0 0 0 0 1 309 208 -1 -1 1 3163 273 208 255 208 256 208 257 208 259 208 262 208 266 208 269 208 273 208 274 208 275 208 276 208 277 208 279 208 280 208 283 208 288 208 289 208 291 208 294 208 295 208 296 208 299 208 300 208 303 208 305 208 306 208 308 208 309 208 
80 0 0 0 0 2 349 149 1 6417 5 
80 0 0 0 0 2 516 216 1 1395 5 
80 0 0 0 0 2 549 516 1 2280 5 
80 0 0 0 0 2 549 50 1 696 5 
80 0 0 0 0 2 316 116 1 6941 5 
80 0 0 0 0 2 482 216 1 1405 5 
80 0 0 0 0 2 116 416 0 817 5 
80 0 0 0 0 2 249 416 0 617 5 
80 0 0 0 0 2 50 283 0 790 5 
80 0 0 0 0 2 116 482 0 566 5 
80 0 0 0 0 2 216 149 0 1179 5 
80 0 0 0 0 2 482 383 1 889 5 
80 0 0 0 0 2 516 249 1 765 5 
80 0 0 0 0 2 283 349 0 1675 5 
80 0 0 0 0 2 349 449 1 2784 5 
80 0 0 0 0 2 149 349 0 1794 5 
80 0 0 0 0 2 149 183 0 798 5 
80 0 0 0 0 2 50 83 0 642 5 
80 0 0 0 0 2 249 216 0 1502 5 
80 0 0 0 0 2 149 383 0 633 5 
80 0 0 0 0 2 183 249 0 670 5 
80 0 0 0 0 2 383 316 1 911 5 
80 0 0 0 0 2 383 349 1 754 5 
80 0 0 0 0 2 249 50 0 648 5 
80 0 0 0 0 2 516 449 1 769 5 
80 0 0 0 0 2 316 149 1 5359 3 
80 0 0 0 0 2 549 449 1 1661 5 
80 0 0 0 0 2 149 549 0 929 5 
80 0 0 0 0 2 516 349 1 943 5 
80 0 0 0 0 2 383 116 1 1181 5 
80 0 0 0 0 2 249 316 0 2508 5 
80 0 0 0 0 2 116 116 0 671 5 
