Subject 88 in condition 0
Training Condition: 0
Task: 0
Rule: [[[220, 300], [[2000, 0], [0, 9000]]], [[380, 300], [[2000, 0], [0, 9000]]]]
Noise: 0
CATA=0
CATB=1
Sample keys: 120 122
Resp keys: 307 309
Dim direction: 0 1
Dim minimum: 22 36
Test order: [6, 4, 1, 3, 2, 0, 5, 7]
88 0 0 0 0 1 273 499 -1 -1 0 12396 273 489 273 323 273 329 273 338 273 347 273 357 273 365 273 376 273 380 273 387 273 391 273 393 273 395 273 397 273 398 273 399 273 400 273 402 273 404 273 408 273 412 273 420 273 423 273 432 273 437 273 441 273 447 273 448 273 450 273 453 273 454 273 455 273 456 273 458 273 461 273 462 273 465 273 475 273 481 273 488 273 491 273 493 273 497 273 498 273 499 
88 0 0 0 0 1 260 414 -1 -1 0 8905 260 212 260 211 260 207 260 202 260 195 260 189 260 184 260 174 260 170 260 162 260 160 260 157 260 148 260 141 260 133 260 119 260 111 260 93 260 83 260 76 260 61 260 56 260 54 260 51 260 52 260 54 260 57 260 61 260 65 260 69 260 75 260 78 260 89 260 97 260 105 260 120 260 128 260 137 260 158 260 168 260 187 260 198 260 210 260 237 260 249 260 259 260 274 260 278 260 286 260 289 260 293 260 302 260 308 260 315 260 333 260 345 260 355 260 378 260 389 260 414 260 427 260 442 260 471 260 487 260 502 260 534 260 549 260 581 260 597 260 599 260 599 260 599 260 599 260 599 260 599 260 599 260 599 260 599 260 599 260 599 260 599 260 599 260 599 260 599 260 599 260 599 260 599 260 599 260 599 260 599 260 599 260 599 260 599 260 599 260 599 260 598 260 593 260 589 260 584 260 580 260 575 260 567 260 565 260 559 260 556 260 552 260 545 260 541 260 539 260 538 260 537 260 536 260 535 260 534 260 532 260 530 260 525 260 511 260 506 260 500 260 497 260 495 260 492 260 490 260 489 260 487 260 486 260 484 260 481 260 479 260 476 260 475 260 475 260 472 260 470 260 468 260 462 260 459 260 452 260 447 260 442 260 433 260 429 260 425 260 417 260 416 260 414 260 412 260 413 260 414 
88 0 0 0 0 1 218 575 -1 -1 0 10498 340 575 560 575 564 575 569 575 575 575 583 575 593 575 599 575 599 575 599 575 599 575 599 575 599 575 599 575 599 575 599 575 599 575 599 575 599 575 599 575 599 575 599 575 599 575 599 575 597 575 590 575 579 575 564 575 523 575 498 575 474 575 426 575 407 575 389 575 356 575 344 575 321 575 311 575 300 575 281 575 274 575 268 575 257 575 252 575 244 575 239 575 236 575 230 575 227 575 226 575 224 575 221 575 219 575 218 575 
88 0 0 0 0 1 76 93 -1 -1 0 7554 363 516 363 516 363 518 363 520 363 525 363 531 363 540 363 562 363 575 363 599 363 599 363 599 363 599 363 599 363 599 363 599 363 599 363 599 363 599 363 599 363 599 363 599 363 599 363 597 363 594 363 588 363 579 363 566 363 548 363 502 363 477 363 424 363 397 363 371 363 318 363 292 363 269 363 229 363 213 363 186 363 174 363 165 363 151 363 144 363 138 363 124 363 118 363 107 363 102 363 97 363 93 361 93 360 93 357 93 352 93 346 93 339 93 322 93 311 93 286 93 275 93 264 93 246 93 236 93 230 93 216 93 209 93 193 93 185 93 177 93 159 93 151 93 141 93 122 93 112 93 103 93 90 93 84 93 79 93 78 93 77 93 76 93 
88 0 0 0 0 1 375 208 -1 -1 1 5194 375 359 375 362 375 364 375 370 375 379 375 391 375 405 375 435 375 448 375 470 375 478 375 486 375 496 375 499 375 500 375 499 375 497 375 491 375 484 375 474 375 462 375 436 375 423 375 395 375 384 375 372 375 353 375 345 375 338 375 325 375 320 375 310 375 306 375 303 375 293 375 285 375 275 375 256 375 248 375 235 375 228 375 222 375 215 375 213 375 212 375 211 375 210 375 208 
88 0 0 0 0 1 597 154 -1 -1 1 9203 597 80 597 490 597 486 597 477 597 468 597 459 597 448 597 427 597 417 597 398 597 390 597 383 597 374 597 372 597 371 597 372 597 374 597 377 597 381 597 385 597 391 597 395 597 401 597 404 597 406 597 413 597 416 597 417 597 415 597 411 597 402 597 393 597 380 597 366 597 329 597 311 597 276 597 260 597 244 597 216 597 204 597 194 597 177 597 169 597 157 597 153 597 151 597 150 597 149 597 150 597 151 597 152 597 152 597 154 
88 0 0 0 0 1 0 87 -1 -1 0 7730 262 143 262 587 262 586 262 584 262 580 262 573 262 565 262 554 262 531 262 518 262 494 262 484 262 476 262 462 262 457 262 455 262 452 262 451 262 449 262 447 262 441 262 434 262 426 262 417 262 397 262 386 262 365 262 353 262 341 262 316 262 304 262 293 262 274 262 266 262 262 262 255 262 251 262 245 262 242 262 238 262 227 262 219 262 208 262 188 262 176 262 155 262 146 262 138 262 124 262 119 262 114 262 107 262 103 262 98 262 96 262 93 262 89 262 87 263 87 265 87 269 87 275 87 281 87 288 87 305 87 315 87 334 87 343 87 353 87 372 87 380 87 387 87 398 87 405 87 414 87 417 87 420 87 426 87 429 87 430 87 427 87 423 87 416 87 406 87 396 87 383 87 351 87 334 87 297 87 280 87 265 87 237 87 226 87 217 87 202 87 196 87 183 87 176 87 169 87 149 87 138 87 126 87 101 87 88 87 61 87 48 87 36 87 12 87 2 87 0 87 0 87 0 87 0 87 0 87 
88 0 0 0 0 1 71 599 -1 -1 0 6738 71 38 71 93 71 88 71 83 71 75 71 66 71 57 71 37 71 27 71 11 71 4 71 0 71 0 71 0 71 0 71 0 71 0 71 0 71 0 71 0 71 0 71 0 71 0 71 0 71 0 71 0 71 0 71 0 71 0 71 0 71 0 71 0 71 0 71 0 71 0 71 0 71 0 71 0 71 0 71 0 71 1 71 3 71 5 71 11 71 19 71 28 71 50 71 61 71 85 71 98 71 110 71 133 71 143 71 151 71 170 71 180 71 198 71 209 71 219 71 238 71 247 71 256 71 277 71 289 71 311 71 322 71 333 71 355 71 365 71 376 71 397 71 407 71 417 71 438 71 450 71 473 71 484 71 496 71 518 71 529 71 542 71 564 71 576 71 599 71 599 71 599 71 599 71 599 71 599 71 599 71 599 71 599 71 599 71 599 71 599 71 599 71 599 71 599 71 599 71 599 71 599 71 599 71 599 71 599 
88 0 0 0 0 1 563 599 -1 -1 1 7272 22 375 22 524 22 523 22 521 22 516 22 505 22 493 22 457 22 437 22 400 22 383 22 368 22 345 22 339 22 335 22 333 22 332 22 331 22 330 22 328 22 325 22 321 22 310 22 306 22 304 22 305 22 310 22 316 22 323 22 331 22 340 22 366 22 382 22 413 22 430 22 447 22 482 22 499 22 515 22 545 22 557 22 583 22 599 22 599 22 599 22 599 22 599 22 599 22 599 22 599 22 599 22 599 21 599 20 599 18 599 16 599 11 599 4 599 0 599 0 599 0 599 0 599 0 599 0 599 0 599 0 599 0 599 0 599 0 599 0 599 0 599 0 599 2 599 10 599 20 599 35 599 53 599 74 599 126 599 155 599 211 599 240 599 269 599 317 599 337 599 354 599 384 599 398 599 426 599 437 599 448 599 464 599 469 599 474 599 481 599 485 599 492 599 496 599 499 599 509 599 514 599 521 599 539 599 547 599 553 599 561 599 563 599 
88 0 0 0 0 1 599 12 -1 -1 1 5562 503 12 495 12 492 12 490 12 487 12 482 12 475 12 452 12 441 12 422 12 398 12 397 12 396 12 394 12 391 12 387 12 332 12 324 12 318 12 311 12 306 12 302 12 299 12 301 12 307 12 317 12 331 12 349 12 367 12 407 12 428 12 467 12 486 12 504 12 540 12 562 12 584 12 599 12 599 12 599 12 599 12 599 12 599 12 599 12 599 12 599 12 599 12 599 12 599 12 599 12 599 12 599 12 599 12 
88 0 0 0 0 1 37 179 -1 -1 0 7538 72 179 191 179 189 179 187 179 186 179 185 179 184 179 183 179 182 179 183 179 185 179 186 179 188 179 190 179 191 179 194 179 196 179 198 179 199 179 200 179 201 179 202 179 203 179 204 179 206 179 210 179 212 179 214 179 217 179 218 179 221 179 223 179 226 179 229 179 228 179 225 179 219 179 211 179 203 179 192 179 170 179 157 179 132 179 121 179 108 179 87 179 76 179 68 179 56 179 51 179 45 179 44 179 43 179 42 179 41 179 40 179 39 179 38 179 37 179 
88 0 0 0 0 1 599 426 -1 -1 1 6353 229 426 228 426 229 426 231 426 234 426 240 426 245 426 253 426 273 426 284 426 303 426 313 426 322 426 342 426 350 426 358 426 373 426 380 426 397 426 403 426 410 426 425 426 433 426 442 426 457 426 465 426 474 426 494 426 504 426 522 426 533 426 543 426 566 426 578 426 589 426 599 426 599 426 599 426 599 426 599 426 599 426 599 426 599 426 599 426 599 426 599 426 599 426 599 426 599 426 599 426 599 426 599 426 599 426 599 426 
88 0 0 0 0 1 81 26 -1 -1 0 7111 81 73 81 58 81 57 81 55 81 53 81 48 81 39 81 14 81 3 81 0 81 0 81 0 81 0 81 0 81 0 81 0 81 0 81 0 81 0 81 0 81 0 81 0 81 0 81 0 81 0 81 0 81 0 81 0 81 0 81 1 81 2 81 5 81 7 81 10 81 14 81 24 81 28 81 29 81 31 81 32 81 33 81 32 81 31 81 30 81 29 81 28 81 27 81 26 
88 0 0 0 0 1 584 24 -1 -1 1 12707 411 505 411 500 411 502 411 506 411 511 411 516 411 523 411 534 411 539 411 548 411 553 411 557 411 564 411 567 411 568 411 570 411 571 411 577 411 583 411 590 411 599 411 599 411 599 411 599 411 599 411 599 411 599 411 599 411 599 411 599 411 599 411 599 411 599 411 599 411 599 411 599 411 599 411 599 411 599 411 599 411 599 411 599 411 599 411 599 411 599 411 599 411 596 411 590 411 581 411 569 411 556 411 520 411 496 411 472 411 423 411 400 411 374 411 327 411 306 411 270 411 253 411 236 411 203 411 188 411 174 411 149 411 136 411 123 411 102 411 91 411 70 411 60 411 50 411 32 411 24 411 16 411 4 411 0 411 0 411 0 411 0 411 2 411 3 411 4 411 5 411 6 411 8 411 10 411 11 411 12 411 13 411 14 411 15 411 16 411 17 411 17 411 18 411 19 411 20 411 21 411 22 411 22 411 23 411 24 411 25 411 26 411 25 411 24 411 24 411 23 411 24 412 24 413 24 414 24 415 24 417 24 421 24 427 24 441 24 448 24 454 24 468 24 474 24 480 24 489 24 493 24 498 24 499 24 501 24 504 24 505 24 506 24 509 24 510 24 512 24 516 24 518 24 525 24 531 24 539 24 558 24 567 24 574 24 582 24 584 24 
88 0 0 0 0 1 190 156 -1 -1 0 5651 167 412 167 410 167 408 167 401 167 391 167 379 167 363 167 330 167 313 167 283 167 269 167 256 167 232 167 222 167 214 167 197 167 190 167 176 167 171 167 166 167 160 167 158 167 156 168 156 170 156 172 156 178 156 182 156 186 156 188 156 190 156 
88 0 0 0 0 1 260 146 -1 -1 0 5554 312 224 312 227 312 228 312 229 312 231 312 233 312 235 312 243 312 248 312 258 312 263 312 267 312 276 312 280 312 283 312 289 312 292 312 299 312 304 312 307 312 311 312 313 312 315 312 319 312 320 312 323 312 322 312 320 312 316 312 312 312 305 312 296 312 272 312 259 312 231 312 219 312 208 312 187 312 178 312 170 312 155 312 150 312 148 312 146 311 146 309 146 307 146 302 146 295 146 288 146 277 146 274 146 271 146 270 146 269 146 268 146 267 146 265 146 264 146 263 146 262 146 261 146 260 146 
88 0 0 0 0 2 50 349 0 11034 5 
88 0 0 0 0 2 249 482 0 8932 2 
88 0 0 0 0 2 349 549 1 7819 5 
88 0 0 0 0 2 349 183 1 4340 5 
88 0 0 0 0 2 249 449 1 6134 3 
88 0 0 0 0 2 50 216 0 3773 5 
88 0 0 0 0 2 50 383 0 3476 5 
88 0 0 0 0 2 316 482 1 2902 5 
88 0 0 0 0 2 83 50 0 4032 5 
88 0 0 0 0 2 283 549 1 5555 5 
88 0 0 0 0 2 349 249 1 1978 5 
88 0 0 0 0 2 482 416 1 1483 5 
88 0 0 0 0 2 383 283 1 3662 5 
88 0 0 0 0 2 50 183 0 2767 5 
88 0 0 0 0 2 482 549 1 4731 5 
88 0 0 0 0 2 216 283 1 7859 3 
88 0 0 0 0 2 349 316 1 2138 5 
88 0 0 0 0 2 549 482 1 2662 5 
88 0 0 0 0 2 116 449 0 10528 3 
88 0 0 0 0 2 449 416 1 2514 5 
88 0 0 0 0 2 516 116 1 3330 5 
88 0 0 0 0 2 116 549 0 4314 3 
88 0 0 0 0 2 482 283 1 2212 5 
88 0 0 0 0 2 116 50 0 5504 4 
88 0 0 0 0 2 83 283 0 3041 5 
88 0 0 0 0 2 50 116 0 2941 5 
88 0 0 0 0 2 183 482 0 8134 3 
88 0 0 0 0 2 149 216 0 2236 3 
88 0 0 0 0 2 549 149 1 1871 5 
88 0 0 0 0 2 549 349 1 2733 5 
88 0 0 0 0 2 349 283 1 3121 5 
88 0 0 0 0 2 316 183 1 3303 5 
88 0 0 0 0 1 99 599 -1 -1 0 6988 99 561 99 585 99 585 99 586 99 587 99 588 99 590 99 594 99 599 99 599 99 599 99 599 99 599 99 599 99 599 99 599 99 599 99 599 99 599 99 599 99 599 99 599 99 599 99 599 99 599 99 599 99 599 99 599 99 599 99 599 99 599 99 599 99 599 99 599 99 599 99 599 99 599 99 599 99 599 99 599 99 599 99 599 99 599 99 599 
88 0 0 0 0 1 445 540 -1 -1 1 5914 445 231 445 38 445 42 445 49 445 60 445 73 445 87 445 115 445 129 445 155 445 167 445 179 445 192 445 195 445 197 445 198 445 199 445 200 445 203 445 208 445 213 445 219 445 236 445 246 445 255 445 275 445 285 445 294 445 314 445 324 445 343 445 353 445 363 445 381 445 389 445 399 445 419 445 428 445 451 445 462 445 473 445 490 445 498 445 506 445 520 445 525 445 530 445 536 445 539 445 540 
88 0 0 0 0 1 276 550 -1 -1 0 4482 276 108 276 222 276 226 276 230 276 235 276 241 276 249 276 270 276 283 276 311 276 322 276 332 276 338 276 338 276 337 276 333 276 328 276 320 276 313 276 298 276 291 276 275 276 266 276 257 276 239 276 231 276 224 276 211 276 207 276 199 276 197 276 194 276 193 276 194 276 198 276 208 276 220 276 235 276 252 276 289 276 307 276 343 276 362 276 380 276 412 276 425 276 437 276 457 276 465 276 482 276 489 276 497 276 507 276 514 276 522 276 536 276 543 276 548 276 550 
88 0 0 0 0 1 452 182 -1 -1 1 5003 452 52 452 47 452 48 452 50 452 56 452 62 452 69 452 77 452 96 452 107 452 129 452 139 452 150 452 168 452 177 452 186 452 207 452 220 452 246 452 259 452 270 452 285 452 292 452 298 452 308 452 310 452 309 452 306 452 301 452 294 452 284 452 271 452 243 452 227 452 202 452 193 452 187 452 182 
88 0 0 0 0 1 14 273 -1 -1 0 4843 14 371 14 371 14 372 14 373 14 375 14 377 14 379 14 384 14 387 14 392 14 394 14 396 14 401 14 406 14 409 14 413 14 414 14 415 14 414 14 412 14 405 14 397 14 388 14 378 14 356 14 346 14 329 14 324 14 321 14 318 14 316 14 315 14 311 14 310 14 309 14 307 14 306 14 305 14 304 14 303 14 299 14 297 14 296 14 295 14 294 14 293 14 292 14 291 14 290 14 289 14 287 14 284 14 282 14 280 14 279 14 278 14 275 14 274 14 273 
88 0 0 0 0 1 17 26 -1 -1 0 8098 113 11 113 0 113 1 113 2 113 3 113 4 113 6 113 9 113 13 113 27 113 32 113 41 113 47 113 53 113 61 113 65 113 68 113 78 113 84 113 97 113 105 113 114 113 128 113 134 113 142 113 154 113 160 113 169 113 173 113 177 113 182 113 186 113 190 113 199 113 202 113 205 113 206 113 207 113 208 113 209 113 210 113 211 113 210 113 208 113 201 113 192 113 180 113 168 113 142 113 130 113 111 113 104 113 98 113 95 113 94 113 93 113 92 113 91 113 89 113 87 113 85 113 82 113 76 113 74 113 70 113 67 113 64 113 60 113 57 113 54 113 49 113 47 113 42 113 39 113 38 113 34 113 33 113 32 113 31 113 30 113 29 113 28 113 27 113 26 112 26 111 26 105 26 98 26 91 26 81 26 65 26 59 26 51 26 47 26 43 26 34 26 30 26 27 26 21 26 19 26 17 26 
88 0 0 0 0 1 587 32 -1 -1 1 7705 101 356 101 436 101 437 101 439 101 442 101 446 101 450 101 456 101 473 101 482 101 498 101 505 101 511 101 523 101 529 101 534 101 547 101 554 101 568 101 576 101 583 101 598 101 599 101 599 101 599 101 599 101 599 101 599 101 599 101 599 101 599 101 599 101 599 101 599 101 599 101 599 101 599 101 599 101 599 101 599 101 599 101 599 101 599 101 599 101 599 101 599 101 599 101 599 101 599 101 598 101 597 101 591 101 583 101 569 101 553 101 514 101 494 101 455 101 435 101 417 101 383 101 368 101 353 101 326 101 312 101 285 101 272 101 259 101 231 101 216 101 201 101 168 101 153 101 124 101 111 101 100 101 83 101 77 101 71 101 61 101 56 101 54 101 52 101 51 101 50 101 49 101 48 101 47 101 46 101 45 101 44 101 43 101 42 101 41 101 40 101 39 101 38 101 37 101 36 101 35 101 34 101 33 101 32 105 32 117 32 133 32 152 32 174 32 197 32 239 32 258 32 294 32 309 32 324 32 349 32 359 32 369 32 390 32 400 32 423 32 433 32 443 32 465 32 477 32 491 32 515 32 528 32 553 32 565 32 575 32 587 32 
88 0 0 0 0 1 270 550 -1 -1 0 6051 549 245 549 244 549 252 549 258 549 265 549 275 549 287 549 312 549 324 549 342 549 350 549 358 549 370 549 375 549 377 549 384 549 388 549 394 549 396 549 398 549 404 549 406 549 407 549 409 549 410 549 411 549 412 549 413 549 416 549 419 549 423 549 436 549 444 549 459 549 468 549 477 549 496 549 507 549 518 549 538 549 544 549 548 549 550 548 550 546 550 544 550 542 550 540 550 537 550 527 550 521 550 502 550 491 550 480 550 457 550 446 550 432 550 406 550 393 550 367 550 355 550 344 550 326 550 318 550 312 550 303 550 299 550 295 550 293 550 291 550 288 550 286 550 285 550 280 550 278 550 275 550 271 550 270 550 
88 0 0 0 0 1 207 204 -1 -1 0 7641 414 66 414 65 414 64 414 62 414 60 414 56 414 49 414 26 414 9 414 0 414 0 414 0 414 0 414 0 414 0 414 0 414 0 414 0 414 0 414 0 414 0 414 0 414 0 414 0 414 0 414 0 414 0 414 0 414 0 414 0 414 2 414 6 414 15 414 26 414 41 414 79 414 103 414 132 414 198 414 232 414 297 414 328 414 358 414 408 414 429 414 448 414 478 414 489 414 500 414 518 414 525 414 543 414 551 414 560 414 575 414 582 414 588 414 594 414 596 414 599 414 599 414 599 414 599 414 599 414 599 414 599 414 599 414 599 414 599 414 599 414 599 414 599 414 599 414 599 414 599 414 599 414 599 414 599 414 599 414 599 414 598 414 594 414 590 414 582 414 570 414 553 414 507 414 478 414 423 414 393 414 369 414 334 414 321 414 309 414 292 414 286 414 278 414 274 414 269 414 260 414 255 414 250 414 237 414 229 414 219 414 215 414 213 414 208 414 206 414 205 414 204 415 204 417 204 421 204 425 204 429 204 434 204 443 204 447 204 453 204 456 204 458 204 464 204 466 204 469 204 478 204 483 204 492 204 494 204 496 204 495 204 488 204 479 204 464 204 448 204 430 204 383 204 354 204 307 204 288 204 271 204 245 204 236 204 231 204 224 204 220 204 213 204 211 204 209 204 208 204 207 204 
88 0 0 0 0 1 535 379 -1 -1 1 5305 535 90 535 143 535 144 535 146 535 148 535 150 535 156 535 178 535 191 535 218 535 232 535 245 535 265 535 274 535 284 535 297 535 302 535 310 535 312 535 314 535 321 535 325 535 330 535 342 535 351 535 375 535 387 535 400 535 425 535 438 535 450 535 472 535 482 535 490 535 501 535 503 535 502 535 499 535 495 535 489 535 484 535 476 535 457 535 446 535 425 535 415 535 407 535 393 535 389 535 386 535 384 535 383 535 382 535 380 535 379 
88 0 0 0 0 1 264 379 -1 -1 0 6228 238 404 238 403 238 404 238 406 238 407 238 408 238 410 238 415 238 417 238 420 238 419 238 416 238 412 238 407 238 402 238 395 238 384 238 379 238 371 238 369 238 368 238 367 238 368 238 369 238 370 238 371 238 372 238 373 238 373 238 374 238 375 238 376 238 377 238 377 238 378 238 379 239 379 240 379 241 379 242 379 243 379 244 379 245 379 246 379 247 379 248 379 249 379 251 379 253 379 254 379 256 379 257 379 258 379 259 379 260 379 261 379 262 379 263 379 264 379 
88 0 0 0 0 1 343 377 -1 -1 1 6874 219 276 219 275 219 274 219 273 219 272 219 271 219 270 219 269 219 267 219 263 219 259 219 257 219 249 219 244 219 239 219 232 219 231 219 232 219 234 219 239 219 244 219 252 219 261 219 282 219 293 219 313 219 323 219 329 219 334 219 335 219 336 219 337 219 338 219 339 219 340 219 341 219 343 219 345 219 346 219 347 219 349 219 353 219 354 219 356 219 359 219 360 219 361 219 363 219 365 219 368 219 369 219 370 219 371 219 372 219 373 219 374 219 375 219 376 219 377 220 377 222 377 224 377 228 377 231 377 236 377 247 377 254 377 265 377 271 377 277 377 288 377 293 377 298 377 310 377 316 377 327 377 335 377 341 377 353 377 357 377 362 377 374 377 380 377 388 377 389 377 390 377 389 377 386 377 381 377 375 377 368 377 361 377 352 377 349 377 347 377 344 377 343 377 
88 0 0 0 0 1 176 463 -1 -1 0 6571 439 394 439 391 439 390 439 389 439 385 439 382 439 379 439 371 439 366 439 360 439 358 439 356 439 355 439 356 439 357 439 357 439 358 439 359 439 360 439 361 439 362 439 365 439 368 439 370 439 374 439 382 439 385 439 391 439 395 439 400 439 407 439 411 439 413 439 418 439 421 439 431 439 436 439 442 439 450 439 453 439 456 439 458 439 459 439 462 439 463 438 463 437 463 433 463 427 463 417 463 404 463 375 463 357 463 316 463 294 463 273 463 230 463 209 463 190 463 154 463 139 463 114 463 107 463 102 463 99 463 97 463 97 463 98 463 99 463 100 463 104 463 107 463 119 463 128 463 149 463 157 463 162 463 166 463 167 463 171 463 176 463 
88 0 0 0 0 1 291 0 -1 -1 0 9423 489 240 489 236 489 224 489 210 489 192 489 174 489 154 489 113 489 93 489 57 489 42 489 28 489 1 489 0 489 0 489 0 489 0 489 0 489 0 489 0 489 0 489 0 489 0 489 0 489 0 489 0 489 0 489 0 489 0 493 0 502 0 511 0 521 0 529 0 550 0 563 0 595 0 599 0 599 0 599 0 599 0 599 0 599 0 599 0 599 0 599 0 599 0 599 0 599 0 599 0 599 0 185 0 180 0 174 0 163 0 144 0 121 0 60 0 29 0 0 0 0 0 0 0 0 0 0 0 0 0 0 0 1 0 3 0 6 0 11 0 20 0 31 0 64 0 82 0 118 0 135 0 149 0 166 0 169 0 171 0 173 0 174 0 175 0 176 0 177 0 178 0 179 0 180 0 181 0 182 0 184 0 188 0 197 0 208 0 221 0 246 0 256 0 268 0 269 0 270 0 271 0 274 0 278 0 283 0 289 0 295 0 307 0 315 0 332 0 341 0 348 0 360 0 366 0 371 0 379 0 381 0 382 0 381 0 380 0 378 0 374 0 367 0 359 0 351 0 337 0 330 0 311 0 304 0 298 0 292 0 291 0 
88 0 0 0 0 1 370 213 -1 -1 1 5971 384 213 379 213 377 213 371 213 362 213 347 213 328 213 285 213 261 213 223 213 206 213 193 213 172 213 162 213 152 213 133 213 125 213 111 213 107 213 102 213 103 213 109 213 116 213 126 213 138 213 152 213 187 213 206 213 237 213 249 213 260 213 277 213 283 213 288 213 296 213 301 213 315 213 320 213 326 213 347 213 358 213 369 213 387 213 395 213 406 213 408 213 410 213 412 213 413 213 415 213 420 213 422 213 427 213 429 213 433 213 439 213 443 213 446 213 458 213 465 213 480 213 485 213 489 213 494 213 493 213 491 213 488 213 484 213 479 213 473 213 461 213 456 213 445 213 440 213 434 213 420 213 410 213 401 213 383 213 377 213 370 213 
88 0 0 0 0 1 182 208 -1 -1 0 13482 553 282 553 279 553 277 553 275 553 266 553 254 553 237 553 194 553 168 553 113 553 85 553 62 553 23 553 6 553 0 553 0 553 0 553 0 553 0 553 0 553 0 553 0 553 0 553 0 553 0 553 0 553 0 553 0 553 0 553 0 553 0 553 0 553 1 553 2 553 2 553 4 553 5 553 9 553 12 553 17 553 25 553 28 553 31 553 32 553 36 553 41 553 42 553 44 553 47 553 49 553 52 553 55 553 56 553 61 553 64 553 65 553 70 553 71 553 74 553 75 553 76 553 77 553 76 553 75 553 74 553 73 553 71 553 68 553 65 553 61 553 53 553 26 553 10 553 0 553 0 553 0 553 0 553 0 553 0 553 0 553 0 553 0 553 0 553 0 553 0 553 0 553 0 553 0 553 0 553 0 553 1 553 3 553 8 553 18 553 31 553 48 553 88 553 110 553 159 553 185 553 207 553 243 553 260 553 275 553 302 553 314 553 335 553 343 553 351 553 368 553 376 553 385 553 402 553 413 553 424 553 446 553 456 553 478 553 488 553 499 553 516 553 525 553 531 553 542 553 549 553 561 553 566 553 572 553 581 553 584 553 586 553 591 553 594 553 599 553 599 553 599 553 599 553 599 553 599 553 599 553 599 553 599 553 599 553 598 553 596 553 593 553 587 553 580 553 571 553 548 553 536 553 505 553 488 553 473 553 443 553 428 553 414 553 387 553 375 553 350 553 336 553 326 553 307 553 297 553 288 553 268 553 258 553 239 553 230 553 222 553 211 553 209 553 208 553 208 554 208 555 208 557 208 561 208 564 208 574 208 581 208 592 208 598 208 599 208 599 208 599 208 599 208 599 208 599 208 599 208 599 208 599 208 599 208 597 208 295 208 297 208 300 208 303 208 307 208 321 208 322 208 323 208 325 208 329 208 334 208 340 208 352 208 358 208 364 208 366 208 367 208 366 208 363 208 356 208 347 208 335 208 322 208 296 208 284 208 262 208 253 208 246 208 234 208 228 208 221 208 208 208 204 208 195 208 191 208 188 208 185 208 184 208 183 208 182 208 
88 0 0 0 0 2 449 249 1 8454 5 
88 0 0 0 0 2 383 249 1 3600 5 
88 0 0 0 0 2 549 549 1 1979 5 
88 0 0 0 0 2 249 383 0 3972 4 
88 0 0 0 0 2 216 216 0 5011 5 
88 0 0 0 0 2 83 383 0 2004 5 
88 0 0 0 0 2 149 416 0 2147 5 
88 0 0 0 0 2 216 249 0 3352 4 
88 0 0 0 0 2 116 349 0 2677 5 
88 0 0 0 0 2 416 383 1 3858 5 
88 0 0 0 0 2 516 416 1 1922 5 
88 0 0 0 0 2 283 283 1 5734 3 
88 0 0 0 0 2 283 316 1 2396 3 
88 0 0 0 0 2 83 249 0 2093 5 
88 0 0 0 0 2 216 116 0 2014 4 
88 0 0 0 0 2 116 183 0 4071 5 
88 0 0 0 0 2 316 83 1 5437 4 
88 0 0 0 0 2 149 449 0 3088 4 
88 0 0 0 0 2 183 149 0 3518 4 
88 0 0 0 0 2 549 249 1 2214 5 
88 0 0 0 0 2 449 283 1 1524 5 
88 0 0 0 0 2 383 482 1 7022 5 
88 0 0 0 0 2 516 316 1 2168 5 
88 0 0 0 0 2 516 516 1 1516 5 
88 0 0 0 0 2 516 83 1 2627 5 
88 0 0 0 0 2 216 516 0 5725 4 
88 0 0 0 0 2 449 482 1 1691 5 
88 0 0 0 0 2 83 216 0 2397 5 
88 0 0 0 0 2 416 549 1 2245 5 
88 0 0 0 0 2 349 50 1 2520 4 
88 0 0 0 0 2 283 516 1 11885 3 
88 0 0 0 0 2 416 283 1 1850 5 
88 0 0 0 0 1 114 242 -1 -1 0 9429 554 71 554 58 554 56 554 49 554 40 554 29 554 17 554 0 554 0 554 0 554 0 554 0 554 0 554 0 554 0 554 0 554 0 554 0 554 0 554 0 554 0 554 0 554 0 554 0 554 0 554 0 554 0 554 1 554 4 554 10 554 16 554 24 554 34 554 56 554 67 554 91 554 103 554 115 554 136 554 147 554 156 554 174 554 181 554 196 554 203 554 208 554 219 554 224 554 230 554 239 554 241 554 242 553 242 551 242 549 242 546 242 541 242 536 242 520 242 512 242 497 242 488 242 481 242 466 242 460 242 454 242 441 242 434 242 420 242 412 242 402 242 379 242 367 242 354 242 320 242 299 242 259 242 239 242 221 242 189 242 174 242 163 242 147 242 141 242 137 242 133 242 130 242 125 242 122 242 119 242 116 242 114 242 
88 0 0 0 0 1 494 226 -1 -1 1 5438 494 548 494 599 494 595 494 584 494 567 494 549 494 528 494 486 494 466 494 428 494 412 494 399 494 381 494 375 494 371 494 368 494 367 494 366 494 364 494 362 494 352 494 347 494 340 494 327 494 320 494 305 494 297 494 289 494 273 494 266 494 257 494 245 494 239 494 234 494 230 494 228 494 226 
88 0 0 0 0 1 155 542 -1 -1 0 4964 400 295 400 599 400 598 400 597 400 592 400 584 400 572 400 555 400 533 400 488 400 469 400 435 400 421 400 408 400 388 400 384 400 383 400 383 400 384 400 388 400 391 400 397 400 406 400 417 400 442 400 456 400 481 400 490 400 499 400 515 400 523 400 528 400 536 400 538 400 539 400 541 400 542 399 542 397 542 395 542 393 542 387 542 377 542 342 542 321 542 276 542 254 542 232 542 200 542 189 542 180 542 167 542 162 542 157 542 156 542 155 542 
88 0 0 0 0 1 403 530 -1 -1 1 4762 109 530 111 530 130 530 149 530 170 530 193 530 215 530 255 530 272 530 304 530 321 530 334 530 356 530 366 530 373 530 386 530 391 530 397 530 400 530 402 530 403 530 
88 0 0 0 0 1 200 31 -1 -1 0 5250 224 81 224 78 224 76 224 72 224 66 224 57 224 48 224 28 224 16 224 0 224 0 224 0 224 0 224 0 224 0 224 0 224 0 224 0 224 0 224 0 224 1 224 2 224 5 224 8 224 10 224 16 224 19 224 23 224 25 224 27 224 28 224 30 224 31 223 31 222 31 221 31 219 31 218 31 217 31 216 31 215 31 213 31 212 31 210 31 207 31 206 31 205 31 202 31 201 31 200 31 
88 0 0 0 0 1 40 400 -1 -1 0 6610 75 459 75 460 75 461 73 461 68 461 64 461 61 461 58 461 55 461 50 461 46 461 43 461 41 461 40 461 40 462 40 464 40 465 40 467 40 468 40 469 40 470 40 471 40 472 40 473 40 474 40 475 40 476 40 475 40 471 40 467 40 463 40 459 40 454 40 447 40 444 40 441 40 440 40 438 40 434 40 432 40 430 40 426 40 424 40 423 40 422 40 421 40 418 40 417 40 416 40 415 40 414 40 413 40 412 40 411 40 410 40 409 40 408 40 407 40 406 40 405 40 404 40 403 40 402 40 401 40 401 40 400 
88 0 0 0 0 1 298 387 -1 -1 0 4954 96 484 96 483 96 477 96 471 96 466 96 460 96 452 96 436 96 429 96 418 96 414 96 410 96 403 96 402 96 399 96 396 96 395 96 393 96 391 96 390 96 388 96 387 97 387 99 387 103 387 109 387 115 387 121 387 135 387 141 387 152 387 158 387 163 387 177 387 184 387 194 387 216 387 227 387 246 387 252 387 259 387 271 387 277 387 282 387 290 387 292 387 294 387 295 387 296 387 297 387 298 387 
88 0 0 0 0 1 383 385 -1 -1 1 5818 144 10 144 8 144 6 144 0 144 0 144 0 144 0 144 0 144 0 144 0 144 0 144 0 144 0 144 0 144 0 144 0 144 0 144 0 144 0 144 0 144 0 144 0 144 1 144 9 144 20 144 35 144 55 144 82 144 146 144 182 144 252 144 282 144 307 144 344 144 354 144 360 144 364 144 365 144 368 144 371 144 373 144 376 144 377 144 378 144 379 144 381 144 382 144 383 144 384 144 385 143 385 139 385 130 385 117 385 99 385 76 385 24 385 2 385 0 385 0 385 0 385 0 385 0 385 0 385 0 385 0 385 0 385 2 385 8 385 19 385 34 385 53 385 72 385 119 385 146 385 198 385 219 385 237 385 264 385 272 385 277 385 286 385 290 385 302 385 310 385 319 385 339 385 347 385 352 385 358 385 362 385 365 385 366 385 367 385 368 385 370 385 372 385 378 385 380 385 382 385 383 385 
88 0 0 0 0 1 548 375 -1 -1 1 4601 548 238 548 236 548 232 548 225 548 216 548 205 548 189 548 153 548 136 548 101 548 83 548 65 548 35 548 24 548 13 548 0 548 0 548 0 548 0 548 0 548 0 548 3 548 9 548 20 548 38 548 60 548 89 548 158 548 196 548 263 548 291 548 312 548 344 548 353 548 360 548 363 548 364 548 369 548 371 548 373 548 374 548 375 
88 0 0 0 0 1 336 141 -1 -1 1 7313 176 340 176 328 176 327 176 326 176 325 176 322 176 318 176 316 176 312 176 311 176 309 176 308 176 309 176 311 176 316 176 321 176 327 176 335 176 356 176 368 176 391 176 402 176 412 176 431 176 435 176 438 176 442 176 445 176 446 176 446 176 447 176 448 176 449 176 453 176 458 176 472 176 481 176 499 176 503 176 504 176 502 176 496 176 484 176 468 176 449 176 405 176 381 176 355 176 306 176 283 176 250 176 237 176 226 176 209 176 203 176 196 176 184 176 178 176 167 176 161 176 156 176 148 176 145 176 144 176 141 175 141 174 141 172 141 170 141 168 141 170 141 174 141 180 141 189 141 202 141 216 141 246 141 261 141 290 141 301 141 311 141 322 141 324 141 325 141 329 141 330 141 333 141 334 141 335 141 336 141 
88 0 0 0 0 1 296 565 -1 -1 0 5399 344 178 344 178 344 180 344 182 344 185 344 190 344 198 344 218 344 227 344 247 344 258 344 268 344 291 344 302 344 313 344 332 344 342 344 362 344 372 344 381 344 397 344 407 344 418 344 440 344 454 344 482 344 496 344 511 344 538 344 549 344 558 344 572 344 579 344 588 344 592 344 598 344 599 344 599 344 599 344 599 344 598 344 596 344 595 344 593 344 591 344 589 344 582 344 580 344 577 344 575 344 572 344 570 344 569 344 568 344 567 344 566 344 565 342 565 341 565 337 565 334 565 329 565 324 565 313 565 308 565 302 565 301 565 299 565 297 565 296 565 
88 0 0 0 0 1 321 130 -1 -1 1 4251 138 130 144 130 158 130 176 130 193 130 210 130 226 130 256 130 269 130 283 130 284 130 285 130 286 130 288 130 290 130 292 130 294 130 300 130 302 130 304 130 305 130 306 130 307 130 308 130 309 130 311 130 314 130 315 130 316 130 317 130 319 130 320 130 321 130 
88 0 0 0 0 1 288 296 -1 -1 0 9803 449 296 447 296 443 296 436 296 428 296 417 296 403 296 375 296 360 296 329 296 311 296 295 296 270 296 259 296 251 296 242 296 241 296 238 296 237 296 236 296 235 296 236 296 238 296 240 296 243 296 247 296 251 296 259 296 264 296 273 296 277 296 280 296 285 296 287 296 288 296 292 296 293 296 296 296 298 296 300 296 303 296 305 296 307 296 312 296 315 296 320 296 321 296 322 296 323 296 324 296 326 296 327 296 329 296 333 296 335 296 337 296 341 296 342 296 343 296 346 296 347 296 348 296 349 296 350 296 351 296 352 296 353 296 354 296 353 296 352 296 351 296 350 296 349 296 348 296 345 296 343 296 342 296 340 296 338 296 334 296 332 296 330 296 327 296 326 296 323 296 322 296 320 296 317 296 315 296 313 296 310 296 308 296 303 296 300 296 298 296 297 296 296 296 294 296 292 296 290 296 288 296 284 296 282 296 280 296 279 296 278 296 277 296 278 296 279 296 280 296 281 296 285 296 286 296 287 296 289 296 290 296 291 296 292 296 294 296 295 296 296 296 299 296 300 296 301 296 302 296 303 296 304 296 305 296 306 296 307 296 306 296 305 296 304 296 303 296 302 296 301 296 300 296 299 296 298 296 297 296 296 296 295 296 294 296 291 296 290 296 289 296 288 296 
88 0 0 0 0 1 368 193 -1 -1 1 12761 409 572 405 572 404 572 403 572 402 572 401 572 400 572 399 572 397 572 393 572 388 572 381 572 364 572 354 572 329 572 316 572 302 572 276 572 266 572 257 572 243 572 238 572 233 572 232 572 231 572 229 572 230 572 232 572 236 572 242 572 249 572 259 572 280 572 291 572 312 572 320 572 328 572 339 572 344 572 347 572 350 572 352 572 357 572 360 572 364 572 371 572 375 572 379 572 387 572 393 572 409 572 409 599 409 593 409 582 409 564 409 543 409 517 409 460 409 428 409 363 409 333 409 305 409 263 409 247 409 232 409 213 409 207 409 205 409 203 409 202 409 201 409 200 409 199 409 198 409 196 409 195 409 193 409 193 410 193 414 193 421 193 432 193 443 193 454 193 470 193 474 193 476 193 477 193 478 193 479 193 481 193 489 193 495 193 501 193 511 193 514 193 516 193 515 193 508 193 497 193 486 193 473 193 459 193 431 193 417 193 391 193 383 193 377 193 371 193 369 193 368 193 
88 0 0 0 0 1 530 41 -1 -1 1 8043 493 105 493 103 493 99 493 93 493 85 493 75 493 65 493 41 493 29 493 9 493 0 493 0 493 0 493 0 493 0 493 0 493 0 493 0 493 0 493 0 493 0 493 0 493 2 493 6 493 14 493 24 493 36 493 48 493 77 493 91 493 111 493 115 493 114 493 112 493 109 493 104 493 100 493 96 493 81 493 74 493 64 493 61 493 58 493 54 493 52 493 51 493 49 493 48 493 45 493 44 493 43 493 42 493 41 494 41 494 41 498 41 503 41 511 41 519 41 532 41 536 41 544 41 548 41 553 41 565 41 571 41 577 41 589 41 595 41 599 41 599 41 599 41 599 41 598 41 597 41 593 41 585 41 572 41 555 41 520 41 503 41 472 41 461 41 455 41 449 41 448 41 447 41 449 41 446 41 440 41 434 41 429 41 425 41 422 41 420 41 419 41 418 41 419 41 420 41 424 41 428 41 435 41 446 41 465 41 473 41 486 41 494 41 501 41 514 41 519 41 522 41 529 41 530 41 
88 0 0 0 0 1 273 5 -1 -1 0 4919 310 5 309 5 307 5 304 5 302 5 300 5 299 5 298 5 297 5 296 5 293 5 290 5 289 5 287 5 281 5 280 5 278 5 277 5 276 5 275 5 273 5 270 5 266 5 261 5 256 5 247 5 242 5 229 5 225 5 221 5 215 5 214 5 213 5 212 5 211 5 210 5 209 5 210 5 211 5 212 5 216 5 222 5 229 5 244 5 250 5 257 5 260 5 264 5 267 5 268 5 269 5 271 5 272 5 273 5 
88 0 0 0 0 2 416 216 1 4594 5 
88 0 0 0 0 2 50 249 0 1614 5 
88 0 0 0 0 2 149 316 0 1600 5 
88 0 0 0 0 2 216 416 0 1371 5 
88 0 0 0 0 2 416 183 1 1767 5 
88 0 0 0 0 2 416 516 1 1409 5 
88 0 0 0 0 2 249 149 0 1948 5 
88 0 0 0 0 2 349 116 1 2290 5 
88 0 0 0 0 2 216 482 0 1967 5 
88 0 0 0 0 2 482 249 1 1461 5 
88 0 0 0 0 2 216 50 0 2434 4 
88 0 0 0 0 2 516 482 1 1803 5 
88 0 0 0 0 2 416 449 1 1984 5 
88 0 0 0 0 2 149 516 0 1454 5 
88 0 0 0 0 2 316 216 1 5667 3 
88 0 0 0 0 2 482 516 1 3262 5 
88 0 0 0 0 2 183 50 0 3460 5 
88 0 0 0 0 2 249 516 0 4504 4 
88 0 0 0 0 2 383 183 1 3555 5 
88 0 0 0 0 2 383 216 1 2965 5 
88 0 0 0 0 2 516 549 1 1579 5 
88 0 0 0 0 2 50 316 0 3434 5 
88 0 0 0 0 2 316 349 1 6442 4 
88 0 0 0 0 2 283 249 0 6364 4 
88 0 0 0 0 2 183 116 0 4723 5 
88 0 0 0 0 2 283 116 0 7237 3 
88 0 0 0 0 2 516 183 1 2576 5 
88 0 0 0 0 2 149 50 0 2040 5 
88 0 0 0 0 2 249 349 0 6123 4 
88 0 0 0 0 2 449 549 1 2579 5 
88 0 0 0 0 2 316 316 1 4388 4 
88 0 0 0 0 2 50 482 0 1815 5 
88 0 0 0 0 1 195 259 -1 -1 0 6131 195 0 195 0 195 8 195 24 195 39 195 54 195 70 195 105 195 122 195 159 195 177 195 197 195 234 195 250 195 264 195 289 195 302 195 310 195 317 195 316 195 314 195 313 195 312 195 311 195 310 195 308 195 307 195 306 195 305 195 304 195 303 195 302 195 300 195 299 195 298 195 295 195 293 195 290 195 282 195 277 195 269 195 266 195 262 195 259 
88 0 0 0 0 1 328 378 -1 -1 1 5754 367 423 367 441 367 439 367 437 367 432 367 429 367 424 367 417 367 412 367 405 367 401 367 399 367 392 367 390 367 389 367 387 367 385 367 382 367 381 367 380 367 379 367 378 367 378 365 378 364 378 363 378 361 378 360 378 354 378 353 378 352 378 351 378 350 378 346 378 344 378 341 378 337 378 336 378 333 378 332 378 331 378 330 378 329 378 328 378 
88 0 0 0 0 1 301 226 -1 -1 1 5730 308 45 308 127 308 125 308 120 308 113 308 106 308 98 308 80 308 69 308 49 308 41 308 34 308 25 308 23 308 24 308 29 308 34 308 40 308 51 308 66 308 102 308 120 308 134 308 156 308 166 308 174 308 185 308 189 308 195 308 197 308 200 308 203 308 206 308 209 308 217 308 220 308 223 308 224 308 225 308 226 306 226 302 226 298 226 294 226 291 226 289 226 283 226 280 226 273 226 269 226 267 226 262 226 261 226 260 226 259 226 260 226 262 226 266 226 273 226 279 226 284 226 292 226 295 226 297 226 298 226 300 226 301 226 
88 0 0 0 0 1 243 515 -1 -1 0 5152 208 378 208 377 208 378 208 383 208 389 208 395 208 403 208 410 208 422 208 425 208 428 208 429 208 429 208 430 208 431 208 433 208 439 208 443 208 454 208 458 208 461 208 468 208 472 208 477 208 487 208 493 208 503 208 508 208 511 208 515 207 515 206 515 204 515 200 515 196 515 190 515 184 515 166 515 158 515 145 515 141 515 138 515 129 515 125 515 120 515 111 515 107 515 103 515 104 515 106 515 111 515 118 515 125 515 133 515 151 515 158 515 171 515 178 515 185 515 200 515 206 515 214 515 229 515 235 515 240 515 241 515 242 515 243 515 
88 0 0 0 0 1 298 163 -1 -1 0 6378 180 105 180 104 180 103 180 102 180 101 180 98 180 95 180 85 180 81 180 71 180 66 180 62 180 57 180 58 180 59 180 61 180 64 180 69 180 76 180 83 180 101 180 108 180 121 180 127 180 132 180 142 180 146 180 150 180 156 180 158 180 161 180 162 180 163 179 163 176 163 170 163 164 163 157 163 150 163 139 163 131 163 118 163 112 163 109 163 107 163 106 163 107 163 112 163 122 163 133 163 146 163 160 163 182 163 189 163 198 163 200 163 202 163 204 163 205 163 206 163 210 163 214 163 223 163 228 163 235 163 248 163 256 163 263 163 278 163 283 163 293 163 295 163 296 163 297 163 298 163 
88 0 0 0 0 1 393 564 -1 -1 1 5282 520 466 520 467 520 468 520 470 520 474 520 479 520 483 520 496 520 502 520 514 520 520 520 527 520 538 520 544 520 550 520 557 520 560 520 562 520 564 519 564 515 564 507 564 496 564 483 564 468 564 430 564 409 564 371 564 356 564 344 564 330 564 325 564 320 564 312 564 306 564 293 564 286 564 279 564 273 564 272 564 273 564 274 564 275 564 278 564 282 564 286 564 298 564 307 564 335 564 351 564 365 564 385 564 390 564 393 564 
88 0 0 0 0 1 339 285 -1 -1 1 3665 339 224 339 224 339 226 339 229 339 235 339 242 339 251 339 267 339 274 339 281 339 285 
88 0 0 0 0 1 269 366 -1 -1 0 4921 365 322 365 323 365 324 365 326 365 330 365 336 365 343 365 355 365 357 365 360 365 362 365 363 365 366 364 366 359 366 349 366 341 366 334 366 328 366 320 366 316 366 307 366 301 366 297 366 287 366 282 366 279 366 274 366 273 366 270 366 269 366 
88 0 0 0 0 1 426 170 -1 -1 1 5236 316 126 316 127 316 129 316 135 316 143 316 153 316 164 316 185 316 195 316 211 316 216 316 221 316 230 316 233 316 236 316 241 316 245 316 251 316 255 316 257 316 264 316 266 316 268 316 271 316 272 316 271 316 267 316 262 316 255 316 248 316 241 316 228 316 221 316 211 316 205 316 199 316 189 316 184 316 179 316 172 316 170 316 170 318 170 320 170 323 170 327 170 333 170 349 170 359 170 376 170 384 170 392 170 401 170 403 170 406 170 411 170 412 170 417 170 418 170 419 170 421 170 424 170 426 170 
88 0 0 0 0 1 140 279 -1 -1 0 4552 435 279 432 279 430 279 428 279 423 279 418 279 413 279 407 279 389 279 380 279 359 279 350 279 338 279 312 279 299 279 285 279 256 279 242 279 215 279 203 279 191 279 168 279 160 279 154 279 144 279 141 279 140 279 
88 0 0 0 0 1 277 263 -1 -1 0 8305 278 253 278 253 277 253 277 253 277 254 277 255 277 256 277 257 277 258 277 259 277 260 277 261 277 262 277 263 
88 0 0 0 0 1 289 128 -1 -1 0 3922 249 128 250 128 251 128 254 128 258 128 262 128 266 128 273 128 277 128 282 128 284 128 285 128 286 128 287 128 288 128 289 128 
88 0 0 0 0 1 375 79 -1 -1 1 5826 557 116 557 116 557 115 557 114 557 113 557 111 557 110 557 107 557 98 557 93 557 86 557 83 557 82 557 81 557 80 557 79 558 79 559 79 560 79 562 79 565 79 569 79 574 79 589 79 597 79 599 79 599 79 599 79 599 79 599 79 599 79 599 79 598 79 593 79 584 79 569 79 551 79 528 79 478 79 454 79 409 79 390 79 374 79 356 79 353 79 351 79 348 79 346 79 341 79 338 79 335 79 329 79 327 79 326 79 324 79 323 79 322 79 322 79 323 79 326 79 331 79 339 79 345 79 350 79 358 79 362 79 369 79 371 79 373 79 375 79 
88 0 0 0 0 1 228 220 -1 -1 0 12947 6 315 4 315 0 315 0 315 0 315 0 315 0 315 0 315 0 315 0 315 0 315 0 315 0 315 0 315 0 315 0 315 0 315 1 315 2 315 6 315 13 315 23 315 38 315 67 315 78 315 86 315 87 315 88 315 89 315 89 314 89 312 89 310 89 305 89 300 89 294 89 276 89 265 89 241 89 232 89 225 89 221 89 220 91 220 97 220 109 220 123 220 140 220 157 220 190 220 203 220 220 220 225 220 227 220 229 220 230 220 231 220 233 220 236 220 239 220 242 220 245 220 246 220 248 220 249 220 250 220 252 220 253 220 254 220 255 220 256 220 257 220 258 220 259 220 260 220 261 220 262 220 263 220 264 220 265 220 266 220 268 220 270 220 274 220 276 220 281 220 284 220 286 220 291 220 295 220 300 220 302 220 305 220 310 220 311 220 313 220 315 220 316 220 319 220 320 220 321 220 322 220 323 220 324 220 324 220 325 220 326 220 327 220 328 220 329 220 330 220 331 220 332 220 333 220 334 220 335 220 334 220 333 220 331 220 329 220 327 220 326 220 325 220 324 220 323 220 321 220 318 220 316 220 313 220 307 220 303 220 293 220 290 220 285 220 277 220 273 220 269 220 261 220 258 220 250 220 246 220 240 220 230 220 227 220 224 220 223 220 222 220 221 220 222 220 223 220 224 220 226 220 227 220 228 220 
88 0 0 0 0 1 352 200 -1 -1 1 6793 538 249 536 249 534 249 530 249 524 249 515 249 505 249 479 249 466 249 445 249 437 249 432 249 429 249 427 249 427 248 427 246 427 240 427 233 427 225 427 218 427 203 427 196 427 184 427 180 427 176 427 169 427 166 427 164 427 161 427 160 427 160 427 161 427 163 427 166 427 171 427 176 427 181 427 189 427 193 427 198 427 199 427 200 429 200 429 200 431 200 432 200 433 200 434 200 436 200 437 200 440 200 443 200 446 200 450 200 451 200 453 200 454 200 453 200 449 200 442 200 431 200 419 200 407 200 377 200 364 200 337 200 325 200 314 200 298 200 292 200 288 200 279 200 276 200 274 200 273 200 274 200 275 200 279 200 285 200 293 200 303 200 327 200 339 200 352 200 
88 0 0 0 0 1 471 0 -1 -1 1 5387 85 3 85 7 85 8 85 9 85 11 85 14 85 19 85 25 85 46 85 58 85 82 85 93 85 104 85 124 85 132 85 141 85 157 85 163 85 170 85 171 85 172 85 172 85 171 85 169 85 165 85 161 85 155 85 146 85 117 85 99 85 58 85 36 85 13 85 0 85 0 85 0 85 0 85 0 85 0 85 0 85 0 85 0 85 0 86 0 88 0 92 0 99 0 110 0 125 0 162 0 181 0 220 0 238 0 256 0 290 0 306 0 321 0 351 0 365 0 398 0 413 0 426 0 443 0 450 0 456 0 465 0 468 0 470 0 471 0 
88 0 0 0 0 2 183 83 0 3053 5 
88 0 0 0 0 2 482 349 1 3494 5 
88 0 0 0 0 2 349 482 1 2485 5 
88 0 0 0 0 2 549 183 1 1516 5 
88 0 0 0 0 2 383 416 1 1632 5 
88 0 0 0 0 2 50 50 0 1419 5 
88 0 0 0 0 2 549 83 1 1221 5 
88 0 0 0 0 2 449 216 1 1525 5 
88 0 0 0 0 2 149 482 0 1827 5 
88 0 0 0 0 2 516 149 1 1271 5 
88 0 0 0 0 2 83 183 0 6664 5 
88 0 0 0 0 2 50 416 0 1627 5 
88 0 0 0 0 2 283 482 1 7356 3 
88 0 0 0 0 2 283 416 0 5281 3 
88 0 0 0 0 2 349 216 1 2695 5 
88 0 0 0 0 2 316 449 1 6210 3 
88 0 0 0 0 2 383 50 1 3650 5 
88 0 0 0 0 2 116 383 0 2948 5 
88 0 0 0 0 2 149 149 0 1273 5 
88 0 0 0 0 2 283 83 0 9087 3 
88 0 0 0 0 2 383 516 1 2315 5 
88 0 0 0 0 2 149 283 0 2184 5 
88 0 0 0 0 2 449 50 1 1055 5 
88 0 0 0 0 2 383 149 1 1375 5 
88 0 0 0 0 2 549 416 1 1145 5 
88 0 0 0 0 2 449 316 1 1382 5 
88 0 0 0 0 2 216 83 0 3566 5 
88 0 0 0 0 2 183 449 0 1093 5 
88 0 0 0 0 2 283 149 1 3785 3 
88 0 0 0 0 2 50 516 0 2119 5 
88 0 0 0 0 2 383 449 1 2085 5 
88 0 0 0 0 2 249 549 0 5346 4 
88 0 0 0 0 1 178 184 -1 -1 0 5482 178 107 178 184 
88 0 0 0 0 1 447 599 -1 -1 1 7688 194 483 410 483 412 483 416 483 420 483 426 483 433 483 453 483 462 483 478 483 482 483 485 483 486 483 487 483 488 483 493 483 498 483 521 483 537 483 555 483 593 483 599 483 599 483 599 483 599 483 599 483 599 483 598 483 594 483 585 483 572 483 556 483 541 483 516 483 507 483 494 483 489 483 486 483 484 483 483 483 482 483 481 483 480 483 479 483 478 483 476 483 472 483 470 483 465 483 463 483 456 483 453 483 450 483 448 483 447 483 447 483 447 481 447 479 447 477 447 472 447 469 447 468 447 462 447 460 447 455 447 453 447 452 447 450 447 448 447 446 447 444 447 445 447 450 447 459 447 470 447 485 447 501 447 535 447 550 447 572 447 581 447 591 447 599 447 599 447 599 447 599 447 599 
88 0 0 0 0 1 264 307 -1 -1 0 6211 495 307 468 307 473 307 482 307 494 307 506 307 518 307 540 307 549 307 568 307 576 307 584 307 594 307 595 307 593 307 589 307 584 307 576 307 569 307 559 307 538 307 526 307 503 307 490 307 475 307 445 307 431 307 416 307 383 307 367 307 343 307 331 307 321 307 306 307 302 307 298 307 297 307 295 307 294 307 291 307 286 307 278 307 270 307 258 307 229 307 216 307 196 307 187 307 182 307 175 307 173 307 172 307 171 307 170 307 171 307 174 307 180 307 190 307 205 307 218 307 239 307 247 307 257 307 258 307 260 307 261 307 262 307 263 307 264 307 
88 0 0 0 0 1 353 23 -1 -1 1 4250 395 23 395 23 393 23 387 23 377 23 369 23 364 23 357 23 352 23 343 23 337 23 332 23 319 23 312 23 306 23 293 23 289 23 282 23 281 23 280 23 279 23 279 23 283 23 287 23 294 23 304 23 311 23 322 23 325 23 333 23 337 23 341 23 345 23 346 23 347 23 351 23 352 23 353 23 
88 0 0 0 0 1 351 33 -1 -1 1 13944 556 33 554 33 550 33 544 33 538 33 531 33 525 33 510 33 503 33 488 33 481 33 476 33 469 33 465 33 461 33 453 33 449 33 435 33 426 33 416 33 398 33 390 33 384 33 372 33 369 33 365 33 363 33 362 33 361 33 360 33 359 33 358 33 357 33 356 33 352 33 351 33 
88 0 0 0 0 1 261 16 -1 -1 0 9080 4 16 13 16 14 16 19 16 27 16 38 16 50 16 75 16 89 16 117 16 131 16 144 16 166 16 174 16 182 16 196 16 200 16 204 16 205 16 206 16 207 16 208 16 209 16 210 16 211 16 212 16 213 16 214 16 215 16 216 16 217 16 218 16 219 16 220 16 221 16 223 16 224 16 225 16 227 16 229 16 233 16 235 16 239 16 245 16 248 16 251 16 255 16 256 16 257 16 258 16 259 16 260 16 261 16 
88 0 0 0 0 1 357 298 -1 -1 1 7384 169 298 169 298 170 298 171 298 172 298 173 298 175 298 181 298 184 298 193 298 198 298 205 298 217 298 224 298 232 298 253 298 264 298 284 298 294 298 303 298 316 298 320 298 323 298 332 298 337 298 350 298 356 298 360 298 371 298 374 298 376 298 375 298 373 298 370 298 367 298 364 298 363 298 362 298 361 298 360 298 359 298 358 298 357 298 
88 0 0 0 0 1 315 537 -1 -1 1 7400 492 537 486 537 484 537 479 537 470 537 461 537 450 537 430 537 421 537 408 537 402 537 396 537 387 537 381 537 375 537 358 537 347 537 325 537 317 537 309 537 295 537 291 537 289 537 287 537 286 537 286 537 287 537 288 537 290 537 293 537 296 537 299 537 303 537 305 537 308 537 309 537 310 537 311 537 312 537 313 537 314 537 315 537 315 537 
88 0 0 0 0 1 280 585 -1 -1 0 7952 50 585 51 585 52 585 53 585 55 585 56 585 59 585 64 585 68 585 78 585 84 585 91 585 106 585 115 585 124 585 146 585 157 585 179 585 188 585 196 585 205 585 206 585 207 585 208 585 209 585 213 585 218 585 223 585 229 585 236 585 250 585 257 585 272 585 279 585 286 585 297 585 301 585 304 585 308 585 310 585 311 585 310 585 309 585 307 585 304 585 300 585 295 585 284 585 280 585 279 585 280 585 
88 0 0 0 0 1 305 326 -1 -1 1 10443 462 326 456 326 455 326 453 326 448 326 440 326 428 326 402 326 388 326 360 326 348 326 337 326 317 326 307 326 295 326 276 326 267 326 253 326 249 326 248 326 248 326 249 326 250 326 252 326 256 326 263 326 269 326 282 326 289 326 299 326 304 326 309 326 315 326 318 326 320 326 323 326 324 326 323 326 322 326 321 326 321 326 320 326 319 326 318 326 317 326 316 326 315 326 313 326 311 326 306 326 304 326 299 326 297 326 296 326 295 326 294 326 293 326 292 326 291 326 292 326 293 326 293 326 294 326 295 326 296 326 297 326 298 326 299 326 300 326 301 326 302 326 303 326 304 326 305 326 
88 0 0 0 0 1 275 48 -1 -1 0 5921 204 48 202 48 201 48 197 48 191 48 185 48 179 48 165 48 160 48 154 48 153 48 153 48 154 48 155 48 159 48 177 48 188 48 210 48 221 48 230 48 244 48 249 48 253 48 261 48 264 48 270 48 274 48 275 48 
88 0 0 0 0 1 341 74 -1 -1 1 5865 399 93 397 93 398 93 400 93 401 93 402 93 404 93 406 93 407 93 408 93 408 93 408 93 409 93 409 93 410 93 410 93 410 93 409 93 408 93 406 93 402 93 397 93 391 93 379 93 373 93 363 93 357 93 352 93 345 93 343 93 342 93 341 93 341 92 341 91 341 89 341 87 341 85 341 82 341 75 341 74 341 73 341 74 341 75 341 74 
88 0 0 0 0 1 313 145 -1 -1 1 9026 458 145 457 145 456 145 452 145 447 145 440 145 432 145 424 145 401 145 389 145 362 145 347 145 333 145 309 145 301 145 294 145 285 145 287 145 290 145 294 145 297 145 300 145 302 145 305 145 306 145 307 145 308 145 309 145 310 145 311 145 312 145 313 145 
88 0 0 0 0 1 286 414 -1 -1 0 7532 6 414 8 414 10 414 11 414 13 414 14 414 18 414 22 414 36 414 43 414 56 414 63 414 68 414 79 414 86 414 94 414 112 414 121 414 139 414 147 414 153 414 157 414 158 414 159 414 162 414 165 414 175 414 185 414 194 414 207 414 210 414 214 414 223 414 226 414 230 414 232 414 233 414 234 414 235 414 236 414 238 414 240 414 242 414 250 414 256 414 266 414 272 414 278 414 289 414 292 414 295 414 297 414 298 414 299 414 299 414 298 414 297 414 296 414 294 414 293 414 292 414 291 414 290 414 289 414 288 414 287 414 286 414 
88 0 0 0 0 1 338 515 -1 -1 1 8097 530 524 499 524 498 524 497 524 494 524 488 524 481 524 470 524 447 524 434 524 409 524 399 524 391 524 385 524 383 524 382 524 375 524 370 524 356 524 349 524 343 524 340 524 338 524 338 525 338 526 338 527 338 531 338 534 338 538 338 545 338 559 338 565 338 581 338 591 338 599 338 599 338 599 338 599 338 599 338 599 338 599 338 599 338 599 338 599 338 599 338 599 338 599 338 599 338 599 338 598 338 597 338 595 338 591 338 585 338 577 338 554 338 541 338 525 338 521 338 518 338 517 338 516 338 515 
88 0 0 0 0 1 336 233 -1 -1 1 5186 353 98 351 98 350 98 349 98 348 98 346 98 345 98 343 98 342 98 340 98 338 98 337 98 336 98 336 99 336 100 336 102 336 106 336 111 336 118 336 136 336 144 336 161 336 169 336 175 336 187 336 192 336 197 336 208 336 215 336 227 336 231 336 233 
88 0 0 0 0 2 183 383 0 4743 5 
88 0 0 0 0 2 116 316 0 1314 5 
88 0 0 0 0 2 349 383 1 4645 5 
88 0 0 0 0 2 349 516 1 3560 5 
88 0 0 0 0 2 516 383 1 1368 5 
88 0 0 0 0 2 149 83 0 1753 5 
88 0 0 0 0 2 549 316 1 1642 5 
88 0 0 0 0 2 449 116 1 2340 5 
88 0 0 0 0 2 449 449 1 1339 5 
88 0 0 0 0 2 149 249 0 1594 5 
88 0 0 0 0 2 183 349 0 1442 5 
88 0 0 0 0 2 83 83 0 2268 5 
88 0 0 0 0 2 416 249 1 1800 5 
88 0 0 0 0 2 549 383 1 1171 5 
88 0 0 0 0 2 449 83 1 1208 5 
88 0 0 0 0 2 83 449 0 1385 5 
88 0 0 0 0 2 83 349 0 2238 5 
88 0 0 0 0 2 416 349 1 1558 5 
88 0 0 0 0 2 216 349 0 2011 5 
88 0 0 0 0 2 249 183 0 1241 5 
88 0 0 0 0 2 83 149 0 1141 5 
88 0 0 0 0 2 149 116 0 1158 5 
88 0 0 0 0 2 482 149 1 1211 5 
88 0 0 0 0 2 216 449 0 1840 5 
88 0 0 0 0 2 416 482 1 1769 5 
88 0 0 0 0 2 283 383 0 5712 5 
88 0 0 0 0 2 316 283 1 11472 3 
88 0 0 0 0 2 383 83 1 2190 5 
88 0 0 0 0 2 50 149 0 1255 5 
88 0 0 0 0 2 283 216 0 2796 4 
88 0 0 0 0 2 349 83 1 3656 4 
88 0 0 0 0 2 482 50 1 1745 5 
88 0 0 0 0 1 341 182 -1 -1 1 13595 550 394 550 386 550 390 550 391 550 392 550 393 550 392 550 390 550 389 550 387 550 384 550 383 550 375 550 370 550 353 550 344 550 333 550 306 550 292 550 278 550 250 550 235 550 203 550 188 550 173 550 155 550 150 550 149 550 148 550 149 550 153 550 157 550 163 550 169 550 174 550 180 550 182 552 182 554 182 559 182 567 182 579 182 593 182 599 182 599 182 599 182 599 182 599 182 599 182 599 182 599 182 599 182 599 182 599 182 599 182 599 182 599 182 599 182 599 182 599 182 599 182 598 182 595 182 591 182 583 182 573 182 562 182 537 182 524 182 501 182 491 182 480 182 457 182 447 182 436 182 411 182 396 182 365 182 353 182 342 182 328 182 324 182 322 182 321 182 322 182 325 182 328 182 332 182 336 182 340 182 343 182 343 182 345 182 346 182 347 182 346 182 345 182 343 182 342 182 341 182 340 182 341 182 
88 0 0 0 0 1 286 515 -1 -1 0 7657 401 515 409 515 408 515 404 515 399 515 393 515 386 515 378 515 359 515 350 515 332 515 325 515 318 515 307 515 301 515 297 515 291 515 288 515 287 515 286 515 
88 0 0 0 0 1 295 488 -1 -1 0 12194 526 488 526 488 520 488 511 488 502 488 492 488 480 488 452 488 437 488 410 488 397 488 387 488 370 488 366 488 364 488 363 488 362 488 360 488 359 488 357 488 345 488 338 488 332 488 319 488 312 488 301 488 299 488 298 488 299 488 303 488 311 488 318 488 324 488 332 488 349 488 355 488 361 488 360 488 359 488 358 488 357 488 356 488 355 488 354 488 353 488 352 488 351 488 350 488 349 488 348 488 347 488 346 488 345 488 344 488 343 488 342 488 341 488 340 488 339 488 338 488 336 488 334 488 330 488 328 488 324 488 316 488 312 488 307 488 306 488 304 488 302 488 300 488 299 488 297 488 296 488 295 488 
88 0 0 0 0 1 354 46 -1 -1 1 6218 537 46 599 46 597 46 592 46 582 46 571 46 561 46 547 46 540 46 519 46 510 46 502 46 486 46 479 46 474 46 461 46 455 46 439 46 431 46 422 46 405 46 395 46 386 46 367 46 358 46 345 46 340 46 337 46 333 46 332 46 331 46 330 46 329 46 326 46 321 46 319 46 314 46 311 46 309 46 306 46 304 46 302 46 297 46 296 46 294 46 295 46 298 46 303 46 309 46 320 46 329 46 344 46 348 46 353 46 354 46 
88 0 0 0 0 1 314 266 -1 -1 1 8563 22 266 30 266 31 266 32 266 34 266 37 266 41 266 46 266 52 266 63 266 68 266 81 266 89 266 99 266 118 266 126 266 136 266 154 266 162 266 174 266 178 266 180 266 181 266 182 266 183 266 185 266 187 266 189 266 194 266 199 266 211 266 216 266 227 266 233 266 238 266 247 266 251 266 254 266 261 266 265 266 273 266 277 266 279 266 282 266 282 266 284 266 286 266 287 266 288 266 290 266 291 266 296 266 298 266 300 266 303 266 304 266 305 266 306 266 307 266 308 266 309 266 310 266 313 266 314 266 
88 0 0 0 0 1 312 4 -1 -1 1 7363 358 4 352 4 350 4 349 4 347 4 346 4 345 4 344 4 343 4 342 4 341 4 340 4 336 4 334 4 330 4 326 4 325 4 324 4 323 4 322 4 321 4 320 4 319 4 316 4 314 4 312 4 311 4 311 4 312 4 
88 0 0 0 0 1 278 48 -1 -1 0 6195 143 48 145 48 150 48 156 48 160 48 162 48 165 48 174 48 181 48 194 48 200 48 205 48 214 48 221 48 226 48 234 48 235 48 238 48 240 48 241 48 242 48 243 48 244 48 246 48 248 48 250 48 251 48 253 48 261 48 265 48 271 48 273 48 274 48 275 48 276 48 277 48 278 48 
88 0 0 0 0 1 289 391 -1 -1 0 9233 57 391 48 391 52 391 57 391 63 391 71 391 78 391 97 391 106 391 123 391 132 391 140 391 154 391 159 391 163 391 167 391 170 391 171 391 172 391 173 391 174 391 175 391 176 391 177 391 178 391 179 391 180 391 182 391 184 391 185 391 187 391 188 391 191 391 192 391 193 391 195 391 196 391 200 391 202 391 204 391 209 391 213 391 217 391 229 391 235 391 247 391 253 391 260 391 268 391 270 391 272 391 273 391 274 391 273 391 274 391 276 391 279 391 282 391 284 391 286 391 295 391 301 391 316 391 324 391 331 391 345 391 349 391 352 391 353 391 353 391 352 391 350 391 349 391 348 391 346 391 344 391 343 391 342 391 335 391 329 391 323 391 312 391 309 391 308 391 307 391 306 391 305 391 304 391 303 391 302 391 301 391 299 391 298 391 296 391 295 391 289 391 287 391 283 391 282 391 281 391 280 391 279 391 280 391 281 391 282 391 283 391 284 391 285 391 286 391 287 391 288 391 289 391 
88 0 0 0 0 1 320 145 -1 -1 1 12146 575 145 572 145 571 145 569 145 566 145 558 145 545 145 509 145 487 145 441 145 418 145 401 145 378 145 372 145 368 145 365 145 364 145 363 145 437 145 438 145 438 145 437 145 433 145 425 145 413 145 400 145 389 145 373 145 364 145 352 145 345 145 337 145 322 145 313 145 303 145 285 145 276 145 258 145 247 145 238 145 218 145 208 145 199 145 188 145 186 145 187 145 191 145 196 145 202 145 212 145 222 145 245 145 256 145 270 145 275 145 279 145 288 145 294 145 299 145 306 145 309 145 310 145 311 145 312 145 313 145 314 145 315 145 316 145 318 145 319 145 320 145 
88 0 0 0 0 1 310 349 -1 -1 1 9010 70 349 253 349 259 349 269 349 284 349 299 349 316 349 350 349 367 349 399 349 413 349 424 349 439 349 443 349 442 349 438 349 431 349 421 349 410 349 399 349 376 349 361 349 336 349 328 349 322 349 314 349 312 349 311 349 310 349 
88 0 0 0 0 1 300 462 -1 -1 0 10507 510 462 494 462 482 462 462 462 437 462 412 462 390 462 359 462 352 462 350 462 349 462 347 462 343 462 336 462 327 462 316 462 297 462 290 462 284 462 285 462 287 462 289 462 292 462 296 462 298 462 303 462 305 462 311 462 315 462 318 462 322 462 323 462 324 462 325 462 327 462 331 462 335 462 338 462 342 462 343 462 345 462 344 462 340 462 336 462 334 462 331 462 330 462 325 462 318 462 311 462 305 462 301 462 299 462 299 462 300 462 
88 0 0 0 0 1 322 19 -1 -1 1 11219 529 19 529 19 528 19 525 19 521 19 518 19 515 19 511 19 505 19 484 19 473 19 461 19 438 19 424 19 414 19 401 19 399 19 398 19 397 19 396 19 395 19 391 19 383 19 372 19 361 19 344 19 337 19 332 19 327 19 325 19 324 19 322 19 319 19 313 19 310 19 307 19 301 19 300 19 299 19 299 19 300 19 302 19 306 19 311 19 314 19 317 19 318 19 319 19 320 19 321 19 322 19 
88 0 0 0 0 1 309 348 -1 -1 1 10336 346 348 334 348 326 348 316 348 305 348 295 348 282 348 254 348 239 348 215 348 202 348 190 348 174 348 169 348 166 348 166 348 167 348 169 348 174 348 182 348 194 348 207 348 237 348 250 348 271 348 277 348 282 348 287 348 288 348 289 348 292 348 293 348 296 348 298 348 299 348 301 348 302 348 304 348 305 348 306 348 307 348 308 348 309 348 
88 0 0 0 0 1 295 90 -1 -1 0 9609 368 90 367 90 366 90 365 90 361 90 350 90 333 90 315 90 298 90 271 90 258 90 238 90 234 90 233 90 235 90 237 90 241 90 247 90 255 90 264 90 282 90 290 90 302 90 307 90 311 90 315 90 317 90 317 90 316 90 315 90 314 90 312 90 311 90 310 90 308 90 306 90 305 90 304 90 303 90 302 90 300 90 299 90 297 90 295 90 288 90 286 90 285 90 284 90 284 90 285 90 286 90 287 90 288 90 290 90 291 90 292 90 293 90 294 90 295 90 
88 0 0 0 0 1 338 517 -1 -1 1 5922 540 517 541 517 535 517 525 517 515 517 504 517 493 517 474 517 468 517 456 517 453 517 450 517 441 517 435 517 429 517 417 517 411 517 402 517 400 517 399 517 398 517 397 517 396 517 395 517 393 517 389 517 383 517 367 517 356 517 336 517 328 517 320 517 315 517 316 517 318 517 321 517 324 517 328 517 331 517 336 517 337 517 338 517 
88 0 0 0 0 1 281 517 -1 -1 0 7564 100 517 113 517 109 517 102 517 93 517 82 517 68 517 34 517 22 517 19 517 20 517 26 517 38 517 54 517 74 517 133 517 164 517 216 517 235 517 251 517 266 517 267 517 268 517 270 517 274 517 278 517 280 517 282 517 284 517 286 517 287 517 288 517 292 517 296 517 301 517 309 517 325 517 329 517 336 517 338 517 337 517 333 517 328 517 324 517 320 517 317 517 308 517 303 517 295 517 290 517 286 517 282 517 281 517 
88 0 0 0 0 2 249 283 0 4009 5 
88 0 0 0 0 2 283 50 0 5707 5 
88 0 0 0 0 2 416 416 1 2772 5 
88 0 0 0 0 2 83 416 0 1398 5 
88 0 0 0 0 2 83 549 0 1332 5 
88 0 0 0 0 2 416 116 1 1124 5 
88 0 0 0 0 2 549 216 1 923 5 
88 0 0 0 0 2 482 316 1 916 5 
88 0 0 0 0 2 83 316 0 1563 5 
88 0 0 0 0 2 283 183 0 3269 5 
88 0 0 0 0 2 116 83 0 1159 5 
88 0 0 0 0 2 383 549 1 1656 5 
88 0 0 0 0 2 516 283 1 1098 5 
88 0 0 0 0 2 449 349 1 991 5 
88 0 0 0 0 2 183 283 0 1523 5 
88 0 0 0 0 2 83 482 0 997 5 
88 0 0 0 0 2 416 149 1 1430 5 
88 0 0 0 0 2 516 50 1 1256 5 
88 0 0 0 0 2 183 216 0 1514 5 
88 0 0 0 0 2 249 116 0 1253 5 
88 0 0 0 0 2 216 383 0 998 5 
88 0 0 0 0 2 216 549 0 1137 5 
88 0 0 0 0 2 116 149 0 1789 5 
88 0 0 0 0 2 482 183 1 2267 5 
88 0 0 0 0 2 349 416 1 3671 5 
88 0 0 0 0 2 83 516 0 1994 5 
88 0 0 0 0 2 482 449 1 1051 5 
88 0 0 0 0 2 316 549 1 4601 5 
88 0 0 0 0 2 316 516 1 3944 4 
88 0 0 0 0 2 316 249 1 9161 3 
88 0 0 0 0 2 50 449 0 1928 5 
88 0 0 0 0 2 482 116 1 1220 5 
88 0 0 0 0 1 338 132 -1 -1 1 8660 474 285 474 294 474 295 474 295 474 292 474 286 474 277 474 262 474 247 474 215 474 199 474 170 474 156 474 144 474 135 474 134 474 134 474 132 475 132 479 132 488 132 505 132 526 132 546 132 583 132 599 132 599 132 599 132 599 132 599 132 599 132 599 132 598 132 596 132 591 132 583 132 573 132 561 132 535 132 520 132 489 132 473 132 457 132 430 132 420 132 414 132 406 132 404 132 402 132 401 132 399 132 395 132 392 132 388 132 377 132 369 132 363 132 354 132 350 132 344 132 342 132 341 132 339 132 338 132 
88 0 0 0 0 1 289 568 -1 -1 0 10986 82 73 82 73 82 84 82 97 82 114 82 134 82 157 82 203 82 225 82 272 82 294 82 315 82 351 82 366 82 379 82 404 82 415 82 439 82 450 82 462 82 483 82 492 82 502 82 520 82 527 82 533 82 544 82 549 82 557 82 559 82 561 82 564 82 566 82 567 82 568 81 568 80 568 79 568 77 568 75 568 71 568 59 568 51 568 26 568 9 568 0 568 0 568 0 568 0 568 0 568 0 568 0 568 0 568 1 568 7 568 17 568 32 568 51 568 69 568 110 568 131 568 165 568 177 568 185 568 193 568 194 568 195 568 196 568 198 568 204 568 209 568 215 568 230 568 236 568 240 568 248 568 252 568 258 568 259 568 261 568 262 568 263 568 264 568 265 568 266 568 267 568 268 568 269 568 270 568 271 568 272 568 273 568 274 568 275 568 276 568 277 568 278 568 280 568 281 568 282 568 283 568 284 568 285 568 286 568 287 568 288 568 289 568 
88 0 0 0 0 1 292 245 -1 -1 0 11104 95 367 94 367 96 367 100 367 105 367 111 367 118 367 134 367 141 367 153 367 157 367 161 367 166 367 167 367 169 367 171 367 173 367 173 367 173 371 173 376 173 382 173 387 173 391 173 401 173 406 173 414 173 416 173 417 173 419 173 421 173 422 173 425 173 427 173 429 173 428 173 422 173 415 173 402 173 384 173 365 173 321 173 301 173 269 173 259 173 253 173 248 173 247 173 246 173 245 174 245 175 245 177 245 179 245 183 245 188 245 198 245 204 245 217 245 222 245 228 245 235 245 238 245 239 245 243 245 245 245 248 245 249 245 251 245 254 245 255 245 256 245 258 245 260 245 262 245 264 245 265 245 270 245 272 245 274 245 276 245 278 245 279 245 280 245 281 245 282 245 284 245 285 245 286 245 287 245 288 245 289 245 290 245 291 245 292 245 
88 0 0 0 0 1 316 539 -1 -1 1 6914 211 539 207 539 209 539 212 539 215 539 218 539 220 539 226 539 227 539 230 539 231 539 232 539 234 539 235 539 236 539 237 539 239 539 243 539 245 539 248 539 251 539 253 539 254 539 257 539 259 539 273 539 280 539 286 539 291 539 292 539 293 539 294 539 295 539 296 539 298 539 299 539 300 539 301 539 302 539 303 539 304 539 306 539 307 539 308 539 309 539 310 539 311 539 312 539 313 539 314 539 315 539 316 539 
88 0 0 0 0 1 309 321 -1 -1 1 14401 133 321 54 321 55 321 55 321 58 321 61 321 67 321 80 321 88 321 106 321 113 321 120 321 132 321 138 321 143 321 154 321 157 321 162 321 165 321 168 321 171 321 173 321 176 321 180 321 182 321 191 321 194 321 202 321 224 321 230 321 234 321 235 321 238 321 241 321 246 321 251 321 255 321 260 321 262 321 266 321 269 321 270 321 274 321 277 321 281 321 288 321 289 321 290 321 290 321 289 321 290 321 291 321 292 321 294 321 297 321 302 321 305 321 313 321 317 321 320 321 325 321 326 321 328 321 331 321 332 321 336 321 338 321 339 321 338 321 337 321 336 321 335 321 333 321 330 321 323 321 316 321 304 321 298 321 285 321 281 321 279 321 275 321 274 321 273 321 267 321 266 321 267 321 268 321 270 321 271 321 272 321 273 321 274 321 275 321 276 321 277 321 278 321 281 321 283 321 285 321 286 321 288 321 289 321 290 321 292 321 293 321 295 321 296 321 297 321 299 321 301 321 302 321 303 321 304 321 305 321 306 321 307 321 308 321 309 321 
88 0 0 0 0 1 315 527 -1 -1 1 6986 441 218 441 137 441 143 441 149 441 160 441 175 441 191 441 228 441 244 441 276 441 291 441 302 441 311 441 312 441 313 441 318 441 325 441 334 441 345 441 357 441 382 441 395 441 422 441 435 441 447 441 471 441 482 441 492 441 512 441 520 441 526 441 527 440 527 438 527 436 527 434 527 430 527 425 527 422 527 420 527 418 527 417 527 414 527 402 527 396 527 388 527 370 527 361 527 346 527 339 527 334 527 323 527 318 527 316 527 315 527 
88 0 0 0 0 1 304 226 -1 -1 1 6317 564 226 548 226 546 226 541 226 533 226 524 226 513 226 483 226 467 226 434 226 419 226 405 226 380 226 369 226 361 226 349 226 343 226 332 226 327 226 324 226 321 226 320 226 319 226 318 226 316 226 314 226 313 226 310 226 306 226 304 226 
88 0 0 0 0 1 323 19 -1 -1 1 5977 425 19 424 19 420 19 417 19 411 19 401 19 389 19 363 19 350 19 324 19 312 19 302 19 283 19 276 19 269 19 261 19 259 19 258 19 256 19 255 19 255 19 256 19 260 19 268 19 275 19 282 19 291 19 308 19 314 19 322 19 323 19 
88 0 0 0 0 1 334 63 -1 -1 1 5993 528 63 528 63 524 63 516 63 503 63 487 63 471 63 430 63 402 63 352 63 331 63 310 63 276 63 264 63 257 63 250 63 249 63 250 63 252 63 256 63 266 63 280 63 297 63 327 63 339 63 346 63 345 63 342 63 338 63 335 63 334 63 
88 0 0 0 0 1 288 470 -1 -1 0 8114 336 470 336 470 330 470 321 470 312 470 300 470 288 470 256 470 238 470 209 470 199 470 191 470 181 470 179 470 180 470 182 470 186 470 192 470 201 470 212 470 233 470 243 470 249 470 250 470 251 470 252 470 253 470 254 470 255 470 256 470 257 470 258 470 259 470 259 470 260 470 261 470 262 470 263 470 265 470 266 470 269 470 270 470 271 470 272 470 274 470 275 470 277 470 278 470 279 470 280 470 282 470 286 470 287 470 288 470 
88 0 0 0 0 1 138 522 -1 -1 0 4401 110 522 111 522 112 522 113 522 117 522 120 522 125 522 133 522 135 522 138 522 
88 0 0 0 0 1 390 536 -1 -1 1 5674 247 536 248 536 250 536 256 536 266 536 283 536 304 536 349 536 373 536 422 536 447 536 469 536 509 536 522 536 530 536 533 536 532 536 530 536 528 536 526 536 524 536 520 536 502 536 492 536 470 536 457 536 443 536 420 536 413 536 407 536 398 536 393 536 390 536 
88 0 0 0 0 1 308 295 -1 -1 1 5058 308 348 308 346 308 345 308 344 308 343 308 341 308 339 308 333 308 332 308 330 308 329 308 328 308 327 308 326 308 325 308 324 308 323 308 321 308 319 308 314 308 311 308 308 308 302 308 299 308 295 
88 0 0 0 0 1 294 362 -1 -1 0 5579 34 362 33 362 27 362 18 362 7 362 0 362 0 362 0 362 0 362 0 362 0 362 2 362 6 362 12 362 21 362 31 362 46 362 81 362 100 362 133 362 147 362 159 362 173 362 174 362 175 362 176 362 179 362 185 362 192 362 199 362 212 362 219 362 235 362 241 362 244 362 246 362 247 362 248 362 250 362 254 362 261 362 267 362 272 362 277 362 278 362 279 362 280 362 281 362 282 362 283 362 284 362 287 362 291 362 294 362 
88 0 0 0 0 1 326 302 -1 -1 1 5353 33 302 33 302 44 302 60 302 78 302 99 302 122 302 165 302 185 302 221 302 235 302 245 302 262 302 266 302 268 302 272 302 273 302 274 302 275 302 276 302 277 302 278 302 279 302 281 302 286 302 292 302 307 302 312 302 320 302 322 302 324 302 325 302 326 302 
88 0 0 0 0 1 282 142 -1 -1 0 13385 227 142 220 142 226 142 237 142 251 142 264 142 272 142 286 142 295 142 312 142 321 142 327 142 338 142 342 142 345 142 350 142 354 142 360 142 364 142 366 142 369 142 370 142 371 142 372 142 373 142 374 142 375 142 374 142 373 142 371 142 370 142 369 142 368 142 366 142 365 142 364 142 363 142 362 142 361 142 359 142 358 142 357 142 355 142 352 142 350 142 349 142 346 142 344 142 342 142 340 142 339 142 338 142 337 142 336 142 335 142 334 142 333 142 332 142 332 142 332 142 332 142 330 142 328 142 325 142 320 142 315 142 311 142 301 142 295 142 287 142 285 142 284 142 283 142 282 142 
88 0 0 0 0 2 183 416 0 4238 5 
88 0 0 0 0 2 249 249 0 2852 5 
88 0 0 0 0 2 482 83 1 1458 5 
88 0 0 0 0 2 416 83 1 1967 5 
88 0 0 0 0 2 50 549 0 1149 5 
88 0 0 0 0 2 183 549 0 1337 5 
88 0 0 0 0 2 116 283 0 1075 5 
88 0 0 0 0 2 416 50 1 1328 5 
88 0 0 0 0 2 83 116 0 1035 5 
88 0 0 0 0 2 316 50 1 4215 4 
88 0 0 0 0 2 449 183 1 1727 5 
88 0 0 0 0 2 383 383 1 1538 5 
88 0 0 0 0 2 449 149 1 1360 5 
88 0 0 0 0 2 249 83 0 1211 5 
88 0 0 0 0 2 183 183 0 990 5 
88 0 0 0 0 2 116 516 0 879 5 
88 0 0 0 0 2 216 316 0 1161 5 
88 0 0 0 0 2 449 383 1 1092 5 
88 0 0 0 0 2 549 283 1 1089 5 
88 0 0 0 0 2 482 482 1 988 5 
88 0 0 0 0 2 216 183 0 2666 5 
88 0 0 0 0 2 183 316 0 897 5 
88 0 0 0 0 2 416 316 1 1566 5 
88 0 0 0 0 2 549 116 1 1030 5 
88 0 0 0 0 2 349 349 1 4435 5 
88 0 0 0 0 2 449 516 1 1575 5 
88 0 0 0 0 2 283 449 0 1782 5 
88 0 0 0 0 2 116 216 0 1730 5 
88 0 0 0 0 2 116 249 0 904 5 
88 0 0 0 0 2 316 383 1 7320 4 
88 0 0 0 0 2 183 516 0 2210 5 
88 0 0 0 0 2 316 416 1 4609 5 
88 0 0 0 0 1 288 161 -1 -1 0 6132 86 161 86 161 90 161 96 161 103 161 110 161 114 161 116 161 117 161 117 161 122 161 133 161 145 161 153 161 156 161 158 161 159 161 161 161 163 161 165 161 179 161 187 161 195 161 212 161 219 161 230 161 238 161 246 161 261 161 269 161 278 161 287 161 288 161 
88 0 0 0 0 1 311 125 -1 -1 1 5323 278 125 276 125 278 125 281 125 283 125 284 125 286 125 287 125 288 125 289 125 290 125 291 125 292 125 294 125 295 125 297 125 300 125 303 125 309 125 310 125 311 125 
88 0 0 0 0 1 279 100 -1 -1 0 8490 88 100 88 100 98 100 112 100 129 100 146 100 162 100 184 100 191 100 200 100 201 100 202 100 203 100 204 100 206 100 208 100 209 100 210 100 211 100 212 100 214 100 215 100 216 100 217 100 218 100 219 100 220 100 221 100 222 100 223 100 224 100 226 100 228 100 233 100 235 100 238 100 239 100 240 100 240 100 242 100 243 100 244 100 245 100 247 100 250 100 254 100 257 100 259 100 260 100 261 100 261 100 263 100 264 100 264 100 265 100 266 100 263 100 264 100 265 100 266 100 267 100 268 100 269 100 270 100 271 100 272 100 273 100 274 100 275 100 276 100 276 100 278 100 279 100 
88 0 0 0 0 1 320 94 -1 -1 1 10489 382 94 312 94 313 94 314 94 316 94 318 94 321 94 324 94 327 94 337 94 342 94 347 94 350 94 353 94 356 94 358 94 359 94 361 94 363 94 366 94 367 94 368 94 369 94 368 94 366 94 361 94 356 94 353 94 349 94 341 94 335 94 322 94 315 94 308 94 293 94 289 94 284 94 278 94 274 94 270 94 268 94 267 94 265 94 264 94 265 94 267 94 271 94 277 94 285 94 294 94 308 94 314 94 323 94 326 94 328 94 331 94 332 94 333 94 334 94 335 94 339 94 340 94 341 94 341 94 342 94 341 94 340 94 339 94 338 94 337 94 336 94 335 94 334 94 333 94 332 94 331 94 330 94 329 94 327 94 325 94 325 94 323 94 322 94 321 94 320 94 
88 0 0 0 0 1 309 503 -1 -1 1 5011 467 503 463 503 459 503 448 503 436 503 421 503 404 503 359 503 337 503 307 503 300 503 296 503 295 503 296 503 297 503 298 503 300 503 302 503 304 503 307 503 309 503 
88 0 0 0 0 1 298 542 -1 -1 0 6075 309 542 308 542 304 542 296 542 287 542 277 542 269 542 259 542 255 542 249 542 244 542 238 542 229 542 225 542 221 542 216 542 217 542 222 542 231 542 242 542 256 542 269 542 287 542 292 542 294 542 295 542 296 542 297 542 298 542 
88 0 0 0 0 1 301 232 -1 -1 1 5778 298 232 299 232 300 232 301 232 302 232 301 232 
88 0 0 0 0 1 530 481 -1 -1 1 4460 530 360 530 361 530 369 530 381 530 393 530 404 530 416 530 439 530 450 530 465 530 470 530 473 530 477 530 478 530 479 530 480 530 481 
88 0 0 0 0 1 315 574 -1 -1 1 12899 258 574 238 574 237 574 230 574 220 574 207 574 193 574 169 574 158 574 140 574 133 574 128 574 123 574 119 574 114 574 105 574 102 574 94 574 92 574 91 574 90 574 91 574 91 574 96 574 102 574 111 574 121 574 149 574 166 574 198 574 213 574 225 574 239 574 241 574 242 574 243 574 244 574 246 574 249 574 253 574 258 574 266 574 270 574 275 574 281 574 283 574 284 574 285 574 286 574 288 574 290 574 292 574 294 574 300 574 301 574 303 574 304 574 305 574 306 574 306 574 307 574 309 574 310 574 311 574 312 574 313 574 315 574 314 574 313 574 312 574 311 574 310 574 309 574 308 574 306 574 305 574 301 574 300 574 299 574 298 574 297 574 296 574 295 574 293 574 292 574 290 574 288 574 287 574 286 574 285 574 285 574 286 574 288 574 289 574 290 574 291 574 292 574 293 574 295 574 296 574 297 574 298 574 300 574 301 574 303 574 304 574 306 574 307 574 308 574 309 574 310 574 311 574 312 574 313 574 314 574 315 574 
88 0 0 0 0 1 309 310 -1 -1 1 10516 78 310 71 310 73 310 76 310 82 310 89 310 98 310 118 310 130 310 150 310 158 310 166 310 179 310 184 310 188 310 192 310 194 310 197 310 198 310 199 310 202 310 203 310 204 310 207 310 209 310 212 310 213 310 214 310 216 310 217 310 218 310 220 310 221 310 222 310 223 310 224 310 225 310 226 310 228 310 229 310 230 310 231 310 232 310 233 310 234 310 236 310 237 310 239 310 242 310 243 310 244 310 244 310 245 310 246 310 246 310 249 310 253 310 259 310 264 310 268 310 274 310 275 310 278 310 279 310 281 310 286 310 289 310 291 310 294 310 296 310 301 310 302 310 304 310 308 310 309 310 
88 0 0 0 0 1 324 387 -1 -1 1 5835 576 387 565 387 560 387 548 387 532 387 510 387 485 387 432 387 410 387 375 387 362 387 353 387 350 387 349 387 348 387 346 387 344 387 341 387 339 387 338 387 337 387 336 387 335 387 334 387 331 387 329 387 327 387 326 387 325 387 324 387 
88 0 0 0 0 1 345 487 -1 -1 1 5995 357 487 351 487 350 487 348 487 344 487 338 487 331 487 313 487 299 487 280 487 276 487 274 487 273 487 274 487 278 487 282 487 287 487 294 487 304 487 317 487 319 487 320 487 321 487 324 487 327 487 330 487 336 487 344 487 358 487 364 487 366 487 365 487 363 487 362 487 360 487 359 487 357 487 355 487 351 487 350 487 348 487 347 487 346 487 345 487 
88 0 0 0 0 1 313 99 -1 -1 1 5290 428 99 426 99 425 99 424 99 420 99 417 99 411 99 407 99 392 99 382 99 363 99 354 99 345 99 337 99 330 99 324 99 313 99 309 99 305 99 303 99 301 99 300 99 301 99 302 99 304 99 305 99 306 99 307 99 308 99 309 99 310 99 311 99 312 99 313 99 
88 0 0 0 0 1 311 156 -1 -1 1 10564 522 156 521 156 518 156 514 156 509 156 500 156 487 156 463 156 452 156 430 156 417 156 405 156 384 156 372 156 359 156 333 156 325 156 312 156 304 156 296 156 285 156 280 156 274 156 261 156 256 156 253 156 252 156 253 156 254 156 256 156 262 156 272 156 283 156 295 156 318 156 326 156 341 156 345 156 346 156 345 156 341 156 335 156 327 156 320 156 314 156 301 156 296 156 288 156 286 156 285 156 284 156 284 156 285 156 286 156 287 156 289 156 291 156 294 156 304 156 310 156 323 156 331 156 340 156 353 156 357 156 359 156 361 156 361 156 360 156 358 156 356 156 354 156 352 156 351 156 349 156 347 156 345 156 344 156 343 156 340 156 339 156 337 156 335 156 333 156 331 156 330 156 329 156 328 156 327 156 326 156 324 156 323 156 321 156 320 156 319 156 317 156 316 156 315 156 314 156 313 156 312 156 311 156 311 156 
88 0 0 0 0 1 272 407 -1 -1 0 7529 242 407 243 407 251 407 262 407 279 407 296 407 314 407 354 407 372 407 389 407 393 407 394 407 395 407 394 407 393 407 391 407 386 407 382 407 379 407 377 407 376 407 375 407 374 407 373 407 369 407 366 407 362 407 347 407 336 407 320 407 315 407 312 407 311 407 310 407 308 407 306 407 303 407 299 407 292 407 288 407 281 407 279 407 277 407 274 407 272 407 
88 0 0 0 0 1 401 392 -1 -1 1 4018 263 392 265 392 267 392 273 392 281 392 293 392 308 392 345 392 365 392 397 392 410 392 418 392 428 392 429 392 428 392 424 392 419 392 411 392 400 392 376 392 363 392 333 392 315 392 299 392 278 392 273 392 270 392 269 392 269 392 270 392 277 392 290 392 307 392 326 392 346 392 384 392 400 392 415 392 414 392 413 392 412 392 411 392 409 392 407 392 404 392 401 392 
88 0 0 0 0 2 349 449 1 3751 5 
88 0 0 0 0 2 516 216 1 1061 5 
88 0 0 0 0 2 249 316 0 2176 5 
88 0 0 0 0 2 116 416 0 1234 5 
88 0 0 0 0 2 549 516 1 1046 5 
88 0 0 0 0 2 316 149 1 9447 3 
88 0 0 0 0 2 316 116 1 4798 4 
88 0 0 0 0 2 50 83 0 1666 5 
88 0 0 0 0 2 149 549 0 1141 5 
88 0 0 0 0 2 383 116 1 1765 5 
88 0 0 0 0 2 516 449 1 906 5 
88 0 0 0 0 2 216 149 0 1376 5 
88 0 0 0 0 2 249 50 0 3493 5 
88 0 0 0 0 2 482 216 1 1262 5 
88 0 0 0 0 2 116 482 0 1343 5 
88 0 0 0 0 2 383 349 1 1459 5 
88 0 0 0 0 2 249 416 0 3356 5 
88 0 0 0 0 2 549 449 1 1044 5 
88 0 0 0 0 2 149 383 0 1172 5 
88 0 0 0 0 2 50 283 0 962 5 
88 0 0 0 0 2 149 183 0 1073 5 
88 0 0 0 0 2 283 349 0 3737 5 
88 0 0 0 0 2 482 383 1 1166 5 
88 0 0 0 0 2 549 50 1 1399 5 
88 0 0 0 0 2 116 116 0 1911 5 
88 0 0 0 0 2 183 249 0 1368 5 
88 0 0 0 0 2 249 216 0 1392 5 
88 0 0 0 0 2 516 249 1 1300 5 
88 0 0 0 0 2 349 149 1 838 5 
88 0 0 0 0 2 149 349 0 1268 5 
88 0 0 0 0 2 383 316 1 1411 5 
88 0 0 0 0 2 516 349 1 979 5 
