Subject 9 in condition 1
Training Condition: 0
Task: 0
Rule: [[[300, 220], [[9000, 0], [0, 2000]]], [[300, 380], [[9000, 0], [0, 2000]]]]
Noise: 0
CATA=1
CATB=0
Sample keys: 120 122
Resp keys: 307 309
Dim direction: 1 1
Dim minimum: 68 83
Test order: [0, 6, 4, 2, 3, 7, 5, 1]
9 1 0 0 1 1 127 8 -1 -1 0 10403 127 2 127 2 127 1 127 0 127 0 127 0 127 0 127 0 127 2 127 4 127 10 127 19 127 34 127 50 127 74 127 85 127 108 127 120 127 129 127 144 127 148 127 150 127 151 127 152 127 153 127 156 127 163 127 179 127 188 127 199 127 226 127 241 127 269 127 283 127 299 127 330 127 345 127 358 127 377 127 384 127 392 127 396 127 401 127 413 127 422 127 431 127 446 127 452 127 455 127 460 127 463 127 468 127 471 127 473 127 478 127 478 127 480 127 480 127 482 127 482 127 485 127 490 127 496 127 503 127 523 127 536 127 563 127 577 127 589 127 599 127 599 127 599 127 599 127 599 127 599 127 599 127 599 127 599 127 599 127 599 127 599 127 599 127 599 127 599 127 599 127 598 127 598 127 596 127 595 127 591 127 578 127 568 127 543 127 527 127 512 127 478 127 461 127 441 127 401 127 380 127 360 127 323 127 303 127 269 127 252 127 235 127 200 127 181 127 162 127 126 127 107 127 73 127 58 127 46 127 24 127 16 127 11 127 8 
9 1 0 0 1 1 26 420 -1 -1 1 8025 26 417 26 421 26 422 26 426 26 429 26 434 26 440 26 459 26 469 26 487 26 493 26 497 26 499 26 498 26 496 26 493 26 489 26 483 26 478 26 467 26 462 26 451 26 447 26 445 26 444 26 443 26 442 26 441 26 440 26 439 26 437 26 433 26 424 26 422 26 421 26 420 
9 1 0 0 1 1 599 406 -1 -1 1 9954 224 406 228 406 228 406 228 406 228 406 228 406 228 406 228 406 227 406 227 406 226 406 226 406 225 406 223 406 223 406 222 406 222 406 222 406 217 406 216 406 215 406 213 406 212 406 216 406 219 406 222 406 224 406 227 406 230 406 232 406 236 406 237 406 238 406 241 406 244 406 245 406 249 406 251 406 252 406 255 406 256 406 261 406 264 406 267 406 273 406 277 406 281 406 290 406 295 406 302 406 304 406 305 406 309 406 311 406 313 406 316 406 316 406 317 406 322 406 326 406 329 406 330 406 334 406 344 406 355 406 368 406 394 406 409 406 422 406 459 406 479 406 520 406 541 406 561 406 599 406 599 406 599 406 599 406 599 406 599 406 599 406 599 406 599 406 599 406 599 406 599 406 599 406 599 406 599 406 599 406 599 406 
9 1 0 0 1 1 0 328 -1 -1 1 8226 374 328 374 328 373 328 372 328 368 328 366 328 363 328 352 328 346 328 334 328 329 328 324 328 312 328 306 328 300 328 290 328 287 328 284 328 279 328 276 328 270 328 266 328 263 328 256 328 254 328 251 328 244 328 239 328 236 328 226 328 220 328 210 328 203 328 194 328 172 328 160 328 148 328 123 328 113 328 92 328 82 328 74 328 62 328 56 328 51 328 38 328 33 328 25 328 22 328 18 328 14 328 11 328 10 328 7 328 6 328 6 328 5 328 5 328 4 328 4 328 4 328 3 328 3 328 2 328 1 328 0 328 0 328 0 328 0 328 0 328 0 328 0 328 0 328 0 328 0 328 0 328 0 328 0 328 0 328 0 328 0 328 0 328 0 328 0 328 0 328 0 328 0 328 0 328 0 328 0 328 0 328 0 328 0 328 0 328 0 328 0 328 0 328 0 328 
9 1 0 0 1 1 599 35 -1 -1 0 9610 521 323 521 323 521 323 521 322 521 322 521 321 521 320 521 320 521 319 521 318 521 317 521 316 521 315 521 314 521 312 521 310 521 304 521 300 521 290 521 284 521 278 521 266 521 261 521 255 521 242 521 232 521 204 521 192 521 181 521 159 521 148 521 136 521 117 521 109 521 100 521 80 521 69 521 50 521 43 521 40 521 37 521 36 521 35 521 35 521 35 521 35 521 35 521 35 521 35 521 35 521 35 522 35 523 35 523 35 524 35 525 35 526 35 528 35 529 35 529 35 530 35 530 35 529 35 529 35 528 35 522 35 519 35 516 35 510 35 508 35 501 35 498 35 494 35 486 35 483 35 479 35 473 35 471 35 470 35 470 35 469 35 469 35 468 35 468 35 468 35 467 35 466 35 465 35 465 35 464 35 464 35 462 35 462 35 462 35 462 35 462 35 463 35 464 35 467 35 468 35 471 35 472 35 473 35 475 35 477 35 477 35 479 35 480 35 482 35 483 35 484 35 486 35 487 35 488 35 489 35 490 35 493 35 503 35 508 35 521 35 531 35 544 35 571 35 585 35 599 35 599 35 599 35 599 35 599 35 599 35 599 35 599 35 599 35 599 35 599 35 599 35 599 35 599 35 599 35 599 35 599 35 599 35 599 35 599 35 599 35 
9 1 0 0 1 1 0 0 -1 -1 0 9331 46 169 46 172 46 171 46 170 46 169 46 168 46 167 46 165 46 163 46 160 46 157 46 155 46 149 46 148 46 146 46 140 46 136 46 126 46 121 46 117 46 104 46 96 46 89 46 78 46 75 46 73 46 70 46 69 46 63 46 57 46 51 46 41 46 37 46 35 46 34 46 32 46 31 46 29 46 28 46 27 46 26 46 25 46 24 46 23 46 22 46 21 46 20 46 19 46 18 46 16 46 13 46 6 46 0 46 0 46 0 45 0 45 0 45 0 45 0 46 0 47 0 48 0 51 0 54 0 57 0 60 0 60 0 60 0 63 0 65 0 65 0 68 0 69 0 71 0 72 0 72 0 72 0 70 0 64 0 49 0 29 0 7 0 0 0 0 0 0 0 0 0 0 0 0 0 0 0 0 0 0 0 0 0 0 0 0 0 0 0 0 0 0 0 0 0 0 0 
9 1 0 0 1 1 377 206 -1 -1 0 6202 377 354 377 353 377 354 377 355 377 356 377 362 377 366 377 375 377 377 377 382 377 385 377 390 377 401 377 407 377 413 377 426 377 432 377 438 377 449 377 452 377 456 377 455 377 452 377 447 377 440 377 433 377 426 377 417 377 412 377 403 377 398 377 395 377 389 377 388 377 386 377 379 377 375 377 373 377 369 377 367 377 366 377 365 377 364 377 359 377 356 377 352 377 344 377 340 377 334 377 332 377 328 377 318 377 313 377 309 377 302 377 297 377 290 377 272 377 264 377 254 377 249 377 244 377 234 377 229 377 224 377 214 377 210 377 206 377 204 377 205 377 206 
9 1 0 0 1 1 560 303 -1 -1 1 9481 154 303 570 303 569 303 567 303 564 303 559 303 554 303 542 303 533 303 514 303 501 303 486 303 455 303 440 303 427 303 407 303 401 303 397 303 395 303 396 303 400 303 403 303 407 303 412 303 419 303 440 303 451 303 473 303 483 303 492 303 506 303 511 303 518 303 533 303 540 303 548 303 558 303 560 303 
9 1 0 0 1 1 0 116 -1 -1 0 10803 543 194 543 184 543 184 543 184 543 184 543 184 543 186 543 186 543 189 543 191 543 195 543 197 543 199 543 200 543 198 543 194 543 182 543 172 543 161 543 140 543 130 543 106 543 93 543 81 543 55 543 42 543 27 543 0 543 0 543 0 543 0 543 0 543 0 543 0 543 0 543 0 543 0 543 0 543 0 543 0 543 0 543 1 543 1 543 2 543 4 543 7 543 11 543 16 543 23 543 26 543 30 543 32 543 34 543 37 543 38 543 40 543 43 543 45 543 49 543 59 543 65 543 75 543 82 543 87 543 97 543 100 543 101 543 103 543 104 543 105 543 106 543 108 543 110 543 112 543 114 543 116 545 116 545 116 545 116 545 116 545 116 545 116 547 116 549 116 551 116 554 116 558 116 560 116 561 116 562 116 562 116 563 116 564 116 564 116 564 116 564 116 564 116 564 116 563 116 561 116 560 116 560 116 559 116 559 116 559 116 559 116 559 116 559 116 559 116 559 116 559 116 560 116 562 116 567 116 572 116 579 116 593 116 599 116 599 116 599 116 599 116 599 116 599 116 599 116 599 116 599 116 599 116 599 116 599 116 599 116 599 116 599 116 599 116 599 116 599 116 599 116 599 116 599 116 599 116 599 116 599 116 598 116 592 116 569 116 550 116 526 116 467 116 433 116 398 116 310 116 264 116 215 116 117 116 71 116 0 116 0 116 0 116 0 116 0 116 0 116 0 116 0 116 0 116 
9 1 0 0 1 1 465 552 -1 -1 1 8675 465 474 465 474 465 476 465 477 465 478 465 479 465 480 465 481 465 481 465 482 465 483 465 485 465 488 465 489 465 491 465 492 465 493 465 494 465 496 465 497 465 498 465 499 465 500 465 502 465 503 465 504 465 505 465 509 465 511 465 514 465 517 465 519 465 521 465 522 465 523 465 526 465 530 465 533 465 538 465 539 465 540 465 540 465 542 465 543 465 544 465 545 465 547 465 552 465 557 465 560 465 559 465 558 465 557 465 556 465 555 465 554 465 553 465 552 
9 1 0 0 1 1 300 599 -1 -1 1 6135 300 144 300 143 300 142 300 141 300 140 300 138 300 134 300 127 300 103 300 89 300 59 300 45 300 31 300 3 300 0 300 0 300 0 300 0 300 0 300 0 300 0 300 0 300 0 300 0 300 0 300 0 300 0 300 0 300 0 300 0 300 0 300 0 300 0 300 0 300 0 300 0 300 0 300 0 300 0 300 0 300 0 300 0 300 0 300 0 300 0 300 0 300 0 300 0 300 0 300 0 300 0 300 0 300 0 300 0 300 0 300 0 300 0 300 0 300 0 300 0 300 0 300 0 300 0 300 0 300 2 300 6 300 13 300 24 300 58 300 81 300 107 300 168 300 199 300 229 300 289 300 319 300 347 300 398 300 421 300 465 300 486 300 507 300 548 300 568 300 586 300 599 300 599 300 599 300 599 300 599 300 599 300 599 300 599 300 599 300 599 300 599 300 599 300 599 
9 1 0 0 1 1 269 69 -1 -1 0 5849 279 69 277 69 276 69 275 69 274 69 273 69 272 69 271 69 270 69 269 69 
9 1 0 0 1 1 308 311 -1 -1 1 6058 308 561 308 569 308 567 308 564 308 562 308 564 308 570 308 577 308 584 308 591 308 596 308 599 308 599 308 599 308 599 308 599 308 599 308 599 308 599 308 599 308 598 308 590 308 573 308 548 308 519 308 491 308 433 308 407 308 369 308 355 308 341 308 318 308 312 308 311 
9 1 0 0 1 1 118 521 -1 -1 1 7683 248 407 248 422 248 423 248 423 248 423 248 423 248 423 248 427 248 430 248 439 248 445 248 453 248 477 248 490 248 504 248 524 248 530 248 531 248 530 248 529 248 528 248 527 248 526 248 525 248 524 248 523 248 522 248 521 247 521 247 521 247 521 245 521 244 521 242 521 239 521 238 521 234 521 231 521 229 521 224 521 222 521 221 521 218 521 217 521 216 521 215 521 213 521 210 521 208 521 207 521 204 521 204 521 203 521 199 521 195 521 187 521 182 521 176 521 166 521 160 521 155 521 146 521 141 521 139 521 135 521 133 521 131 521 130 521 129 521 128 521 128 521 127 521 123 521 121 521 119 521 118 521 
9 1 0 0 1 1 508 0 -1 -1 0 7187 508 229 508 228 508 227 508 226 508 225 508 223 508 217 508 211 508 203 508 196 508 187 508 183 508 177 508 175 508 173 508 172 508 170 508 169 508 168 508 167 508 164 508 162 508 160 508 159 508 158 508 157 508 156 508 155 508 154 508 154 508 153 508 152 508 151 508 150 508 149 508 147 508 142 508 139 508 135 508 133 508 130 508 126 508 122 508 117 508 105 508 101 508 99 508 97 508 96 508 95 508 94 508 92 508 84 508 74 508 62 508 34 508 19 508 0 508 0 508 0 508 0 508 0 508 0 508 0 508 0 508 0 508 0 508 0 508 0 508 0 508 0 508 0 508 0 508 0 508 0 508 0 508 0 508 0 508 0 
9 1 0 0 1 1 563 572 -1 -1 1 8859 563 584 563 599 563 597 563 596 563 594 563 593 563 593 563 591 563 592 563 593 563 594 563 594 563 596 563 597 563 598 563 599 563 599 563 599 563 599 563 598 563 596 563 591 563 586 563 581 563 579 563 578 563 578 563 577 563 576 563 575 563 574 563 573 563 572 
9 1 0 0 1 2 183 216 1 7418 4 
9 1 0 0 1 2 116 83 0 2719 4 
9 1 0 0 1 2 416 416 1 2797 3 
9 1 0 0 1 2 116 149 0 3696 3 
9 1 0 0 1 2 216 383 1 3540 4 
9 1 0 0 1 2 316 516 1 3060 4 
9 1 0 0 1 2 416 149 0 2297 4 
9 1 0 0 1 2 482 316 1 3309 4 
9 1 0 0 1 2 549 216 0 8348 3 
9 1 0 0 1 2 516 283 1 2306 4 
9 1 0 0 1 2 216 549 1 2170 4 
9 1 0 0 1 2 50 449 1 1415 4 
9 1 0 0 1 2 383 549 1 1654 4 
9 1 0 0 1 2 83 482 1 1518 4 
9 1 0 0 1 2 83 316 1 1311 4 
9 1 0 0 1 2 283 50 0 1626 4 
9 1 0 0 1 2 449 349 1 1323 4 
9 1 0 0 1 2 416 116 0 1832 4 
9 1 0 0 1 2 482 449 1 1205 4 
9 1 0 0 1 2 83 549 1 1423 3 
9 1 0 0 1 2 249 283 1 1318 3 
9 1 0 0 1 2 183 283 1 1615 3 
9 1 0 0 1 2 316 249 1 1590 4 
9 1 0 0 1 2 283 183 0 1822 4 
9 1 0 0 1 2 482 183 1 3004 4 
9 1 0 0 1 2 83 416 1 2919 4 
9 1 0 0 1 2 349 416 1 1381 4 
9 1 0 0 1 2 316 549 1 1399 4 
9 1 0 0 1 2 83 516 1 1184 4 
9 1 0 0 1 2 249 116 0 1465 4 
9 1 0 0 1 2 516 50 0 1403 4 
9 1 0 0 1 2 482 116 0 1636 4 
9 1 0 0 1 1 219 481 -1 -1 1 7556 219 199 219 203 219 204 219 206 219 207 219 211 219 213 219 214 219 217 219 218 219 225 219 227 219 229 219 231 219 232 219 233 219 234 219 236 219 242 219 249 219 258 219 269 219 294 219 304 219 332 219 346 219 361 219 393 219 406 219 420 219 447 219 457 219 466 219 478 219 480 219 481 
9 1 0 0 1 1 261 0 -1 -1 0 5633 261 548 261 547 261 546 261 545 261 543 261 536 261 527 261 503 261 489 261 459 261 442 261 423 261 383 261 360 261 340 261 301 261 281 261 263 261 223 261 201 261 154 261 128 261 104 261 60 261 43 261 29 261 11 261 3 261 0 261 0 261 0 261 0 261 0 261 0 261 0 261 0 261 0 261 0 261 0 261 0 261 0 261 0 261 0 261 0 261 0 261 0 261 0 261 0 261 0 261 0 261 0 261 0 261 0 261 0 261 0 261 0 261 0 261 0 261 0 261 0 261 0 261 0 261 0 261 0 261 0 261 0 261 0 261 0 261 0 
9 1 0 0 1 1 37 423 -1 -1 1 7337 37 440 37 433 37 429 37 424 37 423 
9 1 0 0 1 1 0 75 -1 -1 0 7786 470 29 471 29 475 29 484 29 497 29 514 29 531 29 563 29 576 29 599 29 599 29 599 29 599 29 599 29 599 29 599 29 598 29 592 29 579 29 560 29 537 29 516 29 460 29 426 29 367 29 344 29 325 29 292 29 276 29 263 29 242 29 232 29 222 29 200 29 190 29 166 29 156 29 145 29 122 29 112 29 101 29 78 29 62 29 24 29 3 29 0 29 0 29 0 29 0 29 0 29 0 29 0 29 0 29 0 29 0 30 0 32 0 35 0 38 0 42 0 45 0 47 0 49 0 50 0 51 0 52 0 53 0 54 0 55 0 56 0 57 0 59 0 61 0 63 0 64 0 65 0 66 0 67 0 68 0 69 0 71 0 72 0 73 0 74 0 75 
9 1 0 0 1 1 489 212 -1 -1 0 9842 489 338 489 382 489 382 489 382 489 382 489 382 489 382 489 382 489 382 489 381 489 380 489 378 489 376 489 374 489 372 489 371 489 370 489 365 489 361 489 357 489 342 489 331 489 307 489 294 489 278 489 247 489 233 489 221 489 200 489 190 489 172 489 167 489 165 489 165 489 166 489 167 489 168 489 170 489 174 489 179 489 191 489 197 489 206 489 210 489 214 489 220 489 225 489 230 489 241 489 245 489 248 489 249 489 250 489 251 489 252 489 253 489 254 489 255 489 256 489 260 489 263 489 269 489 271 489 273 489 274 489 274 489 272 489 271 489 269 489 268 489 267 489 266 489 265 489 264 489 263 489 262 489 261 489 260 489 259 489 258 489 257 489 256 489 254 489 253 489 252 489 251 489 250 489 249 489 248 489 247 489 246 489 245 489 244 489 243 489 243 489 242 489 241 489 241 489 240 489 239 489 239 489 238 489 237 489 236 489 236 489 235 489 234 489 233 489 232 489 231 489 230 489 229 489 228 489 228 489 227 489 226 489 225 489 224 489 223 489 222 489 221 489 220 489 220 489 219 489 218 489 217 489 216 489 215 489 214 489 213 489 212 
9 1 0 0 1 1 599 264 -1 -1 0 8496 52 253 52 262 52 262 52 263 52 264 53 264 53 264 53 264 52 264 50 264 48 264 44 264 37 264 33 264 26 264 22 264 17 264 1 264 0 264 0 264 0 264 0 264 0 264 0 264 0 264 0 264 0 264 0 264 0 264 0 264 0 264 0 264 0 264 0 264 2 264 6 264 8 264 13 264 14 264 16 264 23 264 28 264 35 264 53 264 62 264 71 264 92 264 105 264 133 264 148 264 163 264 198 264 218 264 237 264 273 264 291 264 333 264 354 264 374 264 416 264 437 264 457 264 498 264 519 264 541 264 584 264 599 264 599 264 599 264 599 264 599 264 599 264 599 264 599 264 599 264 599 264 599 264 599 264 599 264 599 264 599 264 599 264 599 264 599 264 599 264 
9 1 0 0 1 1 592 3 -1 -1 0 6545 592 251 592 260 592 258 592 250 592 236 592 220 592 204 592 182 592 179 592 178 592 177 592 175 592 171 592 164 592 155 592 138 592 126 592 102 592 90 592 79 592 52 592 40 592 29 592 10 592 6 592 3 
9 1 0 0 1 1 16 384 -1 -1 1 6370 16 352 16 353 16 356 16 357 16 358 16 358 16 360 16 363 16 371 16 387 16 390 16 392 16 392 16 391 16 390 16 389 16 388 16 387 16 386 16 385 16 384 
9 1 0 0 1 1 0 63 -1 -1 0 6850 357 409 360 409 366 409 377 409 389 409 403 409 416 409 443 409 456 409 475 409 482 409 488 409 511 409 528 409 545 409 573 409 584 409 595 409 599 409 599 409 599 409 598 409 592 409 581 409 564 409 543 409 514 409 444 409 408 409 338 409 306 409 276 409 211 409 178 409 144 409 72 409 36 409 0 409 0 409 0 409 0 409 0 409 0 409 0 409 0 409 0 409 0 409 0 410 0 411 0 412 0 413 0 414 0 416 0 419 0 422 0 427 0 435 0 439 0 442 0 445 0 443 0 437 0 425 0 410 0 391 0 376 0 349 0 337 0 309 0 297 0 284 0 260 0 250 0 242 0 229 0 223 0 217 0 204 0 198 0 183 0 175 0 168 0 151 0 142 0 132 0 115 0 106 0 90 0 83 0 77 0 70 0 69 0 69 0 68 0 67 0 66 0 65 0 65 0 64 0 63 
9 1 0 0 1 1 50 75 -1 -1 0 4514 50 149 50 157 50 157 50 157 50 156 50 154 50 153 50 152 50 149 50 149 50 147 50 145 50 145 50 143 50 142 50 138 50 119 50 109 50 99 50 85 50 82 50 81 50 80 50 79 50 78 50 77 50 77 50 75 
9 1 0 0 1 1 522 320 -1 -1 1 4138 522 350 522 351 522 354 522 358 522 365 522 374 522 384 522 400 522 403 522 404 522 404 522 403 522 402 522 400 522 399 522 398 522 398 522 398 522 398 522 396 522 393 522 391 522 390 522 388 522 388 522 387 522 387 522 387 522 387 522 386 522 385 522 381 522 380 522 378 522 370 522 364 522 353 522 347 522 342 522 333 522 328 522 324 522 316 522 320 
9 1 0 0 1 1 599 404 -1 -1 1 11725 92 65 82 65 82 65 82 65 82 65 82 65 82 65 82 65 82 65 82 65 82 65 82 65 81 65 80 65 80 65 80 65 80 65 81 65 81 65 81 65 80 65 80 65 79 65 78 65 78 65 78 65 79 65 79 65 79 65 79 65 79 65 78 65 78 65 79 65 80 65 84 65 86 65 88 65 95 65 98 65 101 65 106 65 108 65 110 65 113 65 113 65 108 65 102 65 93 65 64 65 47 65 29 65 0 65 0 65 0 65 0 65 0 65 0 65 0 65 0 65 0 65 0 65 0 65 0 65 0 65 0 65 1 65 11 65 29 65 56 65 90 65 187 65 253 65 326 65 481 65 563 65 599 65 599 65 599 65 599 65 599 65 599 65 599 65 599 65 599 65 599 65 599 65 599 65 599 65 599 65 599 65 599 64 599 63 599 62 599 61 599 60 599 59 599 58 599 58 599 56 599 55 599 52 599 51 599 49 599 47 599 46 599 45 599 47 599 53 599 60 599 69 599 80 599 91 599 109 599 118 599 138 599 150 599 164 599 193 599 206 599 218 599 244 599 256 599 269 599 291 599 302 599 317 599 323 599 328 599 342 599 349 599 355 599 371 599 380 599 395 599 400 599 403 599 404 
9 1 0 0 1 1 573 49 -1 -1 0 6346 573 398 573 397 573 395 573 394 573 393 573 391 573 386 573 381 573 375 573 364 573 360 573 357 573 355 573 352 573 341 573 336 573 329 573 312 573 301 573 291 573 266 573 256 573 244 573 238 573 231 573 215 573 206 573 196 573 175 573 166 573 151 573 146 573 145 573 144 573 142 573 139 573 133 573 129 573 125 573 113 573 107 573 99 573 97 573 93 573 83 573 77 573 74 573 70 573 67 573 58 573 54 573 53 573 52 573 52 573 51 573 50 573 49 
9 1 0 0 1 1 0 416 -1 -1 1 9009 493 595 509 595 508 595 508 595 508 595 508 595 508 595 502 595 497 595 483 595 474 595 462 595 434 595 418 595 404 595 384 595 377 595 371 595 356 595 348 595 330 595 317 595 300 595 257 595 232 595 207 595 149 595 119 595 87 595 31 595 3 595 0 595 0 595 0 595 0 595 0 595 0 595 0 595 0 595 0 595 0 595 0 595 0 595 0 595 0 596 0 597 0 598 0 599 0 599 0 599 0 599 0 599 0 599 0 599 0 599 0 599 0 599 0 599 0 599 0 599 0 599 0 599 0 599 0 599 0 599 0 599 0 599 0 599 0 599 0 599 0 599 0 599 0 599 0 599 0 599 0 599 0 598 0 593 0 585 0 572 0 554 0 535 0 497 0 479 0 444 0 430 0 420 0 407 0 402 0 398 0 395 0 393 0 392 0 389 0 387 0 382 0 378 0 374 0 370 0 368 0 366 0 363 0 364 0 366 0 370 0 375 0 381 0 386 0 396 0 399 0 404 0 407 0 410 0 414 0 415 0 416 
9 1 0 0 1 1 0 15 -1 -1 0 5377 208 15 209 15 210 15 223 15 240 15 257 15 273 15 288 15 310 15 319 15 335 15 337 15 336 15 332 15 324 15 312 15 293 15 271 15 213 15 181 15 121 15 100 15 82 15 58 15 51 15 46 15 35 15 25 15 14 15 0 15 0 15 0 15 0 15 0 15 0 15 0 15 0 15 0 15 0 15 0 15 0 15 0 15 0 15 0 15 0 15 
9 1 0 0 1 1 307 208 -1 -1 0 8797 307 37 307 37 307 37 307 38 307 42 307 48 307 56 307 66 307 88 307 101 307 127 307 138 307 149 307 166 307 173 307 180 307 197 307 211 307 229 307 268 307 289 307 325 307 337 307 344 307 347 307 346 307 344 307 341 307 340 307 339 307 338 307 338 307 336 307 331 307 328 307 323 307 310 307 304 307 299 307 287 307 281 307 277 307 270 307 266 307 261 307 259 307 255 307 248 307 246 307 245 307 244 307 243 307 241 307 240 307 238 307 233 307 231 307 229 307 225 307 224 307 223 307 221 307 220 307 217 307 215 307 214 307 213 307 212 307 211 307 211 307 210 307 209 307 208 307 208 307 207 307 207 307 208 307 208 
9 1 0 0 1 2 249 482 1 5187 3 
9 1 0 0 1 2 116 449 1 1496 3 
9 1 0 0 1 2 383 283 1 1187 3 
9 1 0 0 1 2 116 50 0 1223 3 
9 1 0 0 1 2 283 549 1 1557 3 
9 1 0 0 1 2 116 549 1 1222 3 
9 1 0 0 1 2 50 383 1 1665 3 
9 1 0 0 1 2 482 283 1 1328 3 
9 1 0 0 1 2 349 183 0 1647 3 
9 1 0 0 1 2 249 449 1 1102 3 
9 1 0 0 1 2 50 216 0 3193 3 
9 1 0 0 1 2 50 349 1 1968 3 
9 1 0 0 1 2 549 482 1 1029 3 
9 1 0 0 1 2 549 149 0 1147 3 
9 1 0 0 1 2 83 50 0 2752 3 
9 1 0 0 1 2 449 416 1 1749 3 
9 1 0 0 1 2 50 116 0 1039 3 
9 1 0 0 1 2 216 283 1 1296 3 
9 1 0 0 1 2 349 549 1 1023 3 
9 1 0 0 1 2 149 216 0 1707 3 
9 1 0 0 1 2 482 416 1 1002 3 
9 1 0 0 1 2 349 283 1 756 3 
9 1 0 0 1 2 183 482 1 882 3 
9 1 0 0 1 2 349 316 1 812 3 
9 1 0 0 1 2 482 549 1 959 3 
9 1 0 0 1 2 516 116 0 1277 3 
9 1 0 0 1 2 349 249 1 1156 3 
9 1 0 0 1 2 316 183 0 1253 3 
9 1 0 0 1 2 316 482 1 1056 3 
9 1 0 0 1 2 549 349 1 1062 3 
9 1 0 0 1 2 83 283 1 969 3 
9 1 0 0 1 2 50 183 0 948 3 
9 1 0 0 1 1 98 0 -1 -1 0 7317 98 99 98 98 98 92 98 84 98 74 98 60 98 47 98 30 98 26 98 24 98 23 98 21 98 9 98 0 98 0 98 0 98 0 98 0 98 0 98 0 98 0 98 0 98 0 98 0 98 0 98 0 98 0 98 0 98 0 98 0 98 0 98 0 
9 1 0 0 1 1 0 445 -1 -1 1 5561 587 445 588 445 590 445 594 445 599 445 599 445 599 445 599 445 599 445 599 445 599 445 599 445 599 445 599 445 599 445 599 445 599 445 599 445 598 445 594 445 588 445 579 445 568 445 556 445 526 445 506 445 449 445 416 445 384 445 336 445 321 445 307 445 274 445 260 445 254 445 246 445 241 445 231 445 228 445 225 445 217 445 212 445 208 445 201 445 196 445 186 445 181 445 178 445 175 445 173 445 171 445 168 445 164 445 163 445 166 445 163 445 161 445 160 445 159 445 155 445 150 445 143 445 128 445 116 445 101 445 65 445 46 445 30 445 0 445 0 445 0 445 0 445 0 445 0 445 0 445 0 445 0 445 0 445 0 445 0 445 0 445 
9 1 0 0 1 1 516 571 -1 -1 1 11892 516 513 516 514 516 515 516 516 516 519 516 521 516 524 516 529 516 544 516 550 516 560 516 564 516 567 516 574 516 577 516 580 516 584 516 585 516 586 516 587 516 586 516 585 516 584 516 583 516 582 516 581 516 580 516 579 516 578 516 577 516 576 516 575 516 574 516 573 516 572 516 571 516 570 516 571 516 572 516 571 
9 1 0 0 1 1 599 419 -1 -1 1 6658 56 599 56 599 56 597 56 597 56 597 56 597 56 597 56 597 56 598 56 599 56 599 56 599 56 599 56 599 56 599 56 599 56 599 56 599 56 599 56 599 56 599 56 599 56 599 54 599 49 599 40 599 27 599 8 599 0 599 0 599 0 599 0 599 0 599 0 599 0 599 0 599 0 599 0 599 0 599 0 599 0 599 3 599 47 599 89 599 150 599 309 599 389 599 476 599 599 599 599 599 599 599 599 599 599 599 599 599 599 599 599 599 599 599 599 599 599 599 599 599 599 599 599 599 599 599 599 599 599 599 599 543 599 542 599 541 599 539 599 537 599 535 599 532 599 528 599 515 599 509 599 498 599 494 599 492 599 490 599 489 599 488 599 485 599 483 599 480 599 477 599 468 599 458 599 445 599 440 599 436 599 428 599 424 599 421 599 420 599 419 
9 1 0 0 1 1 599 0 -1 -1 0 6698 367 267 367 268 367 269 367 271 367 275 367 281 367 288 367 307 367 320 367 349 367 363 367 377 367 404 367 419 367 433 367 453 367 457 367 458 366 458 365 458 364 458 363 458 360 458 358 458 356 458 349 458 345 458 332 458 322 458 312 458 297 458 292 458 286 458 275 458 268 458 259 458 229 458 207 458 151 458 119 458 88 458 42 458 27 458 18 458 11 458 10 458 8 458 8 458 19 458 44 458 78 458 125 458 185 458 315 458 379 458 495 458 540 458 576 458 599 458 599 458 599 458 599 458 599 458 599 458 599 458 599 458 599 458 599 457 599 456 599 454 599 448 599 439 599 424 599 381 599 352 599 298 599 277 599 261 599 245 599 243 599 242 599 241 599 237 599 230 599 203 599 187 599 159 599 149 599 143 599 133 599 127 599 118 599 96 599 86 599 69 599 64 599 60 599 59 599 58 599 58 599 56 599 54 599 47 599 24 599 11 599 0 599 0 599 0 599 0 599 0 599 0 599 0 599 0 599 0 599 0 599 0 599 0 
9 1 0 0 1 1 599 214 -1 -1 0 7570 20 37 20 37 20 38 20 39 20 40 20 41 21 41 22 41 23 41 24 41 28 41 32 41 37 41 50 41 58 41 76 41 90 41 105 41 142 41 165 41 191 41 242 41 264 41 286 41 340 41 371 41 443 41 484 41 522 41 586 41 599 41 599 41 599 41 599 41 599 41 599 41 599 41 599 41 599 41 599 41 599 41 599 41 599 41 599 41 599 41 599 41 599 41 599 41 599 23 599 19 599 16 599 12 599 8 599 3 599 0 599 0 599 0 599 0 599 0 599 0 599 0 599 0 599 0 599 0 599 0 599 0 599 0 599 0 599 0 599 0 599 0 599 0 599 0 599 0 599 0 599 0 599 2 599 9 599 20 599 36 599 53 599 72 599 108 599 125 599 154 599 168 599 181 599 201 599 205 599 207 599 209 599 209 599 210 599 210 599 211 599 212 599 212 599 213 599 213 599 214 
9 1 0 0 1 1 599 571 -1 -1 1 11323 424 425 424 426 423 426 422 426 421 426 419 426 417 426 414 426 399 426 388 426 359 426 342 426 325 426 297 426 284 426 270 426 243 426 233 426 225 426 219 426 219 426 221 426 226 426 234 426 247 426 264 426 302 426 326 426 378 426 404 426 424 426 460 426 478 426 495 426 536 426 556 426 575 426 599 426 599 426 599 426 599 426 599 426 599 426 599 426 599 426 599 426 599 426 599 426 599 426 599 425 599 425 599 424 599 423 599 421 599 419 599 415 599 405 599 398 599 389 599 362 599 347 599 332 599 305 599 292 599 265 599 253 599 238 599 205 599 187 599 167 599 127 599 109 599 96 599 73 599 56 599 15 599 0 599 0 599 0 599 0 599 0 599 0 599 0 599 0 599 0 599 0 599 0 599 0 599 0 599 0 599 0 599 0 599 0 599 0 599 0 599 0 599 0 599 0 599 0 599 0 599 0 599 0 599 0 599 0 599 0 599 0 599 0 599 0 599 0 599 1 599 7 599 16 599 32 599 53 599 82 599 163 599 201 599 270 599 299 599 323 599 355 599 363 599 367 599 372 599 373 599 374 599 376 599 377 599 376 599 371 599 366 599 359 599 357 599 357 599 363 599 374 599 384 599 391 599 398 599 405 599 409 599 418 599 423 599 428 599 440 599 445 599 449 599 450 599 450 599 450 599 446 599 444 599 442 599 440 599 440 599 433 599 426 599 416 599 388 599 370 599 356 599 338 599 333 599 332 599 331 599 331 599 330 599 329 599 325 599 318 599 307 599 290 599 240 599 213 599 174 599 158 599 144 599 112 599 98 599 84 599 70 599 77 599 97 599 116 599 131 599 146 599 158 599 184 599 199 599 233 599 256 599 285 599 346 599 372 599 394 599 430 599 445 599 459 599 481 599 491 599 511 599 522 599 533 599 549 599 554 599 558 599 560 599 561 599 561 599 562 599 562 599 564 599 567 599 574 599 576 599 579 599 579 599 580 599 580 599 582 599 583 599 582 599 581 599 580 599 579 599 578 599 578 599 576 599 575 599 574 599 573 599 572 599 571 
9 1 0 0 1 1 0 464 -1 -1 1 5841 212 464 207 464 207 464 207 464 208 464 209 464 209 464 211 464 220 464 226 464 236 464 239 464 237 464 229 464 214 464 195 464 171 464 94 464 38 464 0 464 0 464 0 464 0 464 0 464 0 464 0 464 0 464 0 464 0 464 0 464 0 464 0 464 0 464 6 464 32 464 53 464 78 464 118 464 130 464 141 464 139 464 133 464 122 464 108 464 91 464 72 464 21 464 0 464 0 464 0 464 0 464 0 464 0 464 0 464 0 464 0 464 0 464 0 464 0 464 
9 1 0 0 1 1 0 0 -1 -1 0 6449 163 408 163 406 163 398 163 389 163 375 163 376 163 382 163 392 163 415 163 455 163 527 163 599 163 599 163 599 163 599 163 599 163 599 163 599 163 599 163 599 163 599 163 599 163 599 163 599 163 599 163 599 163 599 163 599 163 599 163 599 163 599 163 599 163 597 163 591 163 588 163 584 163 580 163 574 163 551 163 533 163 474 163 438 163 400 163 331 163 299 163 268 163 216 163 194 163 171 163 114 163 89 163 45 163 26 163 9 163 0 163 0 163 0 163 0 163 0 163 0 163 0 163 0 164 0 166 0 171 0 176 0 181 0 186 0 193 0 198 0 207 0 214 0 221 0 235 0 244 0 253 0 279 0 294 0 308 0 323 0 324 0 319 0 308 0 290 0 267 0 239 0 179 0 146 0 78 0 49 0 26 0 0 0 0 0 0 0 0 0 0 0 0 0 0 0 0 0 0 0 0 0 0 0 0 0 0 0 0 0 0 0 0 0 
9 1 0 0 1 1 514 270 -1 -1 0 8352 321 459 321 464 321 465 321 466 321 467 321 469 321 474 321 481 321 500 321 509 321 519 321 538 321 547 321 556 321 567 321 568 321 571 321 569 321 565 321 559 321 553 321 545 321 534 321 508 321 493 321 470 321 460 321 452 321 446 321 445 321 445 321 451 321 463 323 463 323 463 324 463 324 463 324 463 325 463 325 463 324 463 323 463 317 463 313 463 306 463 287 463 277 463 267 463 244 463 232 463 219 463 192 463 176 463 146 463 130 463 119 463 110 463 113 463 122 463 138 463 156 463 181 463 246 463 278 463 335 463 358 463 378 463 413 463 429 463 443 463 473 463 489 463 524 463 541 463 553 463 564 463 568 463 573 463 582 463 589 463 594 463 599 463 598 463 597 463 592 463 587 463 580 463 573 463 558 463 552 463 545 463 542 463 537 463 529 463 526 463 524 463 520 463 518 463 516 463 514 463 514 462 514 460 514 458 514 455 514 453 514 451 514 445 514 441 514 435 514 432 514 427 514 419 514 417 514 415 514 410 514 407 514 403 514 393 514 389 514 379 514 373 514 368 514 360 514 356 514 353 514 347 514 342 514 334 514 330 514 327 514 323 514 321 514 319 514 318 514 317 514 315 514 314 514 313 514 312 514 309 514 308 514 307 514 306 514 305 514 304 514 302 514 301 514 300 514 299 514 298 514 296 514 296 514 295 514 292 514 291 514 289 514 286 514 283 514 277 514 275 514 273 514 272 514 271 514 271 514 270 
9 1 0 0 1 1 489 294 -1 -1 0 7050 371 19 371 20 371 22 371 25 371 31 371 41 371 55 371 88 371 110 371 170 371 206 371 246 371 320 371 352 371 382 371 437 371 465 371 488 371 513 371 516 371 515 371 513 371 511 371 507 371 500 371 491 371 469 371 455 371 424 371 408 371 390 371 358 371 346 371 336 371 317 371 310 371 303 371 296 371 295 371 294 370 294 367 294 360 294 349 294 338 294 327 294 304 294 294 294 273 294 262 294 251 294 229 294 218 294 210 294 207 294 205 294 208 294 216 294 231 294 250 294 273 294 299 294 352 294 378 294 418 294 431 294 441 294 458 294 464 294 469 294 473 294 474 294 475 294 476 294 477 294 479 294 480 294 480 294 481 294 482 294 483 294 484 294 485 294 486 294 487 294 488 294 489 294 489 294 
9 1 0 0 1 1 547 288 -1 -1 0 6830 361 461 361 461 361 460 361 459 361 456 361 451 361 445 361 431 361 425 361 410 361 400 361 389 361 372 361 364 361 357 361 346 361 342 361 338 361 333 361 332 361 330 361 328 361 322 361 317 361 314 361 312 361 311 361 309 361 307 361 303 361 301 361 295 361 292 361 290 361 288 362 288 363 288 364 288 366 288 370 288 377 288 386 288 410 288 423 288 453 288 469 288 484 288 511 288 520 288 530 288 549 288 558 288 565 288 575 288 577 288 576 288 574 288 570 288 566 288 564 288 563 288 562 288 561 288 560 288 560 288 559 288 556 288 555 288 554 288 553 288 552 288 552 288 551 288 550 288 549 288 549 288 547 288 
9 1 0 0 1 1 515 138 -1 -1 0 5649 142 138 143 138 144 138 145 138 146 138 148 138 150 138 153 138 162 138 168 138 184 138 193 138 201 138 219 138 227 138 234 138 251 138 262 138 287 138 302 138 317 138 347 138 363 138 379 138 415 138 432 138 449 138 469 138 472 138 473 138 474 138 476 138 478 138 483 138 491 138 500 138 514 138 520 138 525 138 527 138 527 138 525 138 524 138 523 138 522 138 520 138 519 138 519 138 517 138 516 138 515 138 
9 1 0 0 1 1 56 483 -1 -1 1 5459 56 297 56 294 56 295 56 296 56 298 56 301 56 306 56 311 56 325 56 339 56 394 56 433 56 473 56 534 56 555 56 574 56 599 56 599 56 599 56 599 56 599 56 599 56 599 56 599 56 599 56 598 56 597 56 593 56 588 56 579 56 568 56 544 56 532 56 499 56 483 56 471 56 459 56 458 56 455 56 454 56 453 56 454 56 456 56 458 56 459 56 461 56 463 56 467 56 468 56 469 56 470 56 471 56 472 56 473 56 474 56 475 56 476 56 477 56 477 56 478 56 479 56 480 56 482 56 483 
9 1 0 0 1 1 281 599 -1 -1 1 9018 458 270 456 270 454 270 449 270 443 270 435 270 426 270 410 270 402 270 383 270 370 270 356 270 327 270 312 270 301 270 283 270 281 270 281 269 281 269 281 267 281 263 281 257 281 248 281 226 281 211 281 178 281 159 281 139 281 94 281 72 281 52 281 17 281 2 281 0 281 0 281 0 281 0 281 0 281 0 281 0 281 0 281 0 281 0 281 0 281 0 281 0 281 0 281 0 281 0 281 0 281 4 281 2 281 0 281 0 281 0 281 0 281 0 281 0 281 0 281 0 281 0 281 0 281 0 281 0 281 0 281 0 281 0 281 0 281 0 281 0 281 1 281 12 281 31 281 58 281 95 281 143 281 250 281 309 281 419 281 456 281 479 281 505 281 506 281 500 281 473 281 458 281 440 281 399 281 380 281 352 281 345 281 343 281 341 281 340 281 338 281 335 281 330 281 312 281 297 281 277 281 236 281 216 281 197 281 153 281 133 281 111 281 72 281 55 281 15 281 0 281 0 281 0 281 0 281 0 281 1 281 5 281 20 281 26 281 30 281 44 281 66 281 98 281 139 281 233 281 286 281 394 281 447 281 494 281 569 281 599 281 599 281 599 281 599 281 599 281 599 281 599 281 599 281 599 281 599 281 599 281 599 281 599 281 599 281 599 281 599 281 599 281 599 281 599 281 599 281 599 281 599 281 599 281 599 281 599 281 599 281 599 281 599 281 599 281 599 281 599 281 599 281 599 281 599 281 599 281 599 281 599 281 599 281 599 281 599 281 599 281 599 281 599 281 599 281 599 281 599 281 599 281 599 281 599 
9 1 0 0 1 1 214 260 -1 -1 0 8424 214 65 214 68 214 66 214 62 214 54 214 41 214 19 214 0 214 0 214 0 214 0 214 0 214 0 214 0 214 0 214 0 214 0 214 0 214 0 214 0 214 0 214 0 214 0 214 0 214 0 214 0 214 0 214 0 214 0 214 0 214 0 214 0 214 0 214 0 214 0 214 0 214 0 214 0 214 0 214 0 214 0 214 0 214 0 214 0 214 0 214 8 214 26 214 50 214 83 214 160 214 199 214 244 214 337 214 382 214 420 214 487 214 516 214 554 214 566 214 578 214 599 214 599 214 599 214 595 214 590 214 583 214 573 214 557 214 515 214 494 214 450 214 430 214 411 214 380 214 372 214 367 214 355 214 346 214 337 214 326 214 324 214 326 214 330 214 336 214 345 214 354 214 364 214 388 214 402 214 426 214 435 214 440 214 442 214 444 214 448 214 453 214 459 214 465 214 473 214 476 214 476 214 474 214 470 214 463 214 455 214 445 214 423 214 413 214 396 214 388 214 380 214 367 214 362 214 358 214 348 214 342 214 336 214 330 214 329 214 328 214 327 214 326 214 325 214 324 214 323 214 322 214 320 214 318 214 315 214 309 214 307 214 304 214 303 214 302 214 299 214 297 214 295 214 288 214 283 214 279 214 271 214 268 214 267 214 266 214 265 214 264 214 264 214 263 214 262 214 261 214 260 214 260 
9 1 0 0 1 2 349 50 1 6719 2 
9 1 0 0 1 2 249 383 1 1908 2 
9 1 0 0 1 2 516 83 0 1535 2 
9 1 0 0 1 2 449 482 1 1920 1 
9 1 0 0 1 2 116 349 1 2107 1 
9 1 0 0 1 2 283 283 0 1865 1 
9 1 0 0 1 2 416 383 1 2500 2 
9 1 0 0 1 2 383 482 1 1432 1 
9 1 0 0 1 2 383 249 0 1599 1 
9 1 0 0 1 2 216 516 1 1071 1 
9 1 0 0 1 2 283 316 0 2251 1 
9 1 0 0 1 2 549 249 0 1061 1 
9 1 0 0 1 2 516 516 1 961 1 
9 1 0 0 1 2 316 83 1 1950 1 
9 1 0 0 1 2 516 416 1 5346 1 
9 1 0 0 1 2 416 549 1 3098 1 
9 1 0 0 1 2 283 516 1 1246 1 
9 1 0 0 1 2 416 283 0 1257 1 
9 1 0 0 1 2 549 549 1 954 1 
9 1 0 0 1 2 216 116 0 1072 1 
9 1 0 0 1 2 83 216 0 1096 1 
9 1 0 0 1 2 116 183 0 984 1 
9 1 0 0 1 2 449 283 1 3247 1 
9 1 0 0 1 2 516 316 1 2352 1 
9 1 0 0 1 2 449 249 0 1190 1 
9 1 0 0 1 2 216 249 0 1009 1 
9 1 0 0 1 2 149 449 1 911 1 
9 1 0 0 1 2 83 249 0 1166 1 
9 1 0 0 1 2 183 149 0 1136 1 
9 1 0 0 1 2 149 416 1 1048 1 
9 1 0 0 1 2 216 216 0 1227 1 
9 1 0 0 1 2 83 383 1 999 1 
9 1 0 0 1 1 0 354 -1 -1 1 10627 196 340 196 102 196 100 196 96 196 87 196 75 196 60 196 44 196 7 196 0 196 0 196 0 196 1 196 4 196 9 196 19 196 29 196 39 196 58 196 65 196 76 196 79 196 80 196 84 196 89 196 99 196 132 196 155 196 179 196 221 196 238 196 256 196 261 196 267 196 286 196 296 196 304 196 312 196 314 196 315 196 316 196 317 196 318 196 319 196 319 196 320 196 321 196 323 196 326 196 330 196 335 196 343 196 347 196 351 196 353 196 354 197 354 198 354 202 354 208 354 218 354 229 354 250 354 261 354 282 354 292 354 303 354 322 354 332 354 343 354 363 354 371 354 374 354 373 354 365 354 351 354 333 354 310 354 282 354 214 354 175 354 89 354 49 354 13 354 0 354 0 354 0 354 0 354 0 354 0 354 0 354 0 354 0 354 
9 1 0 0 1 1 12 524 -1 -1 1 6577 154 460 154 460 151 460 146 460 140 460 133 460 124 460 97 460 80 460 41 460 20 460 0 460 0 460 0 460 0 460 0 460 0 460 0 460 0 460 0 460 0 460 0 460 0 460 0 460 5 460 8 460 11 460 12 460 12 461 12 462 12 464 12 468 12 475 12 485 12 497 12 522 12 536 12 567 12 583 12 595 12 599 12 599 12 599 12 599 12 599 12 599 12 599 12 598 12 595 12 590 12 585 12 581 12 575 12 563 12 555 12 540 12 534 12 529 12 525 12 524 
9 1 0 0 1 1 0 0 -1 -1 0 6265 262 337 263 337 265 337 268 337 271 337 275 337 280 337 305 337 323 337 363 337 386 337 410 337 452 337 467 337 475 337 477 337 476 337 470 337 456 337 436 337 405 337 368 337 254 337 179 337 70 337 40 337 24 337 14 337 13 337 12 337 10 337 8 337 6 337 1 337 0 337 0 337 0 336 0 333 0 326 0 314 0 298 0 277 0 227 0 223 0 217 0 204 0 191 0 178 0 161 0 120 0 98 0 42 0 9 0 0 0 0 0 0 0 0 0 0 0 0 0 0 0 0 0 0 0 0 0 0 0 0 0 0 0 0 0 0 0 0 0 0 0 0 0 0 0 0 0 0 0 0 0 0 0 0 0 0 0 0 0 0 
9 1 0 0 1 1 1 110 -1 -1 0 15632 380 474 450 474 442 474 436 474 427 474 412 474 397 474 362 474 342 474 301 474 278 474 254 474 209 474 190 474 172 474 142 474 128 474 112 474 71 474 50 474 7 474 0 474 0 474 0 474 0 474 0 474 0 474 0 474 0 474 0 474 0 474 0 474 1 474 1 474 1 472 1 471 1 473 1 477 1 484 1 495 1 508 1 523 1 563 1 591 1 599 1 599 1 599 1 599 1 599 1 599 1 599 1 599 1 599 1 599 1 599 1 599 1 599 1 599 1 599 1 599 1 599 1 599 1 599 1 599 1 599 1 598 1 594 1 592 1 588 1 581 1 569 1 530 1 491 1 396 1 349 1 297 1 195 1 158 1 128 1 81 1 66 1 46 1 40 1 34 1 23 1 18 1 14 1 10 1 8 1 7 1 6 1 5 1 5 1 2 1 0 1 0 1 0 1 0 1 0 1 0 1 0 1 0 1 0 1 0 1 0 1 0 1 0 1 0 1 0 1 0 1 0 1 0 1 0 1 0 1 0 1 0 1 0 1 0 1 0 1 0 1 1 1 9 1 5 1 0 1 0 1 0 1 0 1 0 1 0 1 0 1 0 1 0 1 0 1 0 1 0 1 0 1 0 1 0 1 0 1 0 1 0 1 0 1 0 1 0 1 0 1 0 1 0 1 0 1 1 1 9 1 23 1 45 1 78 1 126 1 251 1 310 1 415 1 458 1 494 1 538 1 551 1 561 1 573 1 577 1 579 1 578 1 571 1 545 1 528 1 514 1 483 1 466 1 449 1 413 1 394 1 354 1 333 1 314 1 291 1 289 1 289 1 289 1 291 1 294 1 298 1 299 1 303 1 308 1 312 1 321 1 328 1 336 1 342 1 341 1 345 1 361 1 385 1 409 1 435 1 466 1 534 1 567 1 599 1 599 1 599 1 599 1 599 1 599 1 599 1 599 1 599 1 599 1 599 1 599 1 599 1 599 1 599 1 599 1 599 1 599 1 599 1 599 1 599 1 599 1 599 1 599 1 599 1 599 1 599 1 599 1 599 1 599 1 599 1 599 1 599 1 599 1 599 1 599 1 599 1 599 1 599 1 599 1 597 1 590 1 577 1 559 1 537 1 508 1 476 1 437 1 394 1 288 1 226 1 157 1 93 1 28 1 0 1 0 1 0 1 0 1 0 1 0 1 0 1 0 1 0 1 0 1 0 1 0 1 0 1 0 1 0 1 0 1 0 1 0 1 0 1 0 1 0 1 0 1 0 1 0 1 0 1 0 1 1 1 5 1 9 1 17 1 26 1 37 1 63 1 80 1 114 1 135 1 157 1 207 1 232 1 261 1 321 1 352 1 414 1 446 1 478 1 546 1 581 1 599 1 599 1 599 1 599 1 599 1 599 1 599 1 599 1 599 1 599 1 599 1 599 1 599 1 599 1 599 1 599 1 599 1 599 1 599 1 599 1 599 1 599 1 599 1 599 1 599 1 599 1 599 1 599 1 599 1 598 1 598 1 597 1 595 1 591 1 586 1 567 1 556 1 534 1 521 1 508 1 478 1 463 1 446 1 407 1 384 1 340 1 316 1 293 1 246 1 220 1 196 1 146 1 120 1 91 1 30 1 0 1 0 1 0 1 0 1 0 1 0 1 0 1 0 1 0 1 0 1 0 1 0 1 0 1 0 1 0 1 0 1 0 1 1 1 3 1 6 1 11 1 18 1 27 1 45 1 56 1 77 1 88 1 99 1 121 1 131 1 141 1 165 1 178 1 190 1 207 1 211 1 213 1 212 1 211 1 210 1 209 1 208 1 208 1 206 1 202 1 196 1 188 1 166 1 157 1 140 1 132 1 124 1 113 1 112 1 111 1 110 
9 1 0 0 1 1 552 426 -1 -1 1 4537 552 126 552 121 552 121 552 123 552 125 552 128 552 133 552 149 552 161 552 182 552 194 552 205 552 234 552 252 552 271 552 308 552 326 552 344 552 374 552 385 552 400 552 403 552 404 552 407 552 411 552 413 552 417 552 418 552 419 552 421 552 422 552 425 552 426 
9 1 0 0 1 1 552 0 -1 -1 0 5416 496 430 552 430 551 430 550 430 549 430 547 430 542 430 536 430 516 430 505 430 481 430 468 430 457 430 443 430 440 430 438 430 432 430 428 430 424 430 408 430 393 430 355 430 339 430 326 430 316 430 317 430 322 430 334 430 348 430 367 430 386 430 420 430 436 430 472 430 488 430 503 430 529 430 538 430 544 430 549 430 551 430 552 430 552 430 552 428 552 425 552 420 552 413 552 403 552 379 552 364 552 332 552 318 552 304 552 274 552 255 552 236 552 197 552 177 552 156 552 118 552 102 552 78 552 67 552 55 552 22 552 0 552 0 552 0 552 0 552 0 552 0 552 0 552 0 552 0 552 0 
9 1 0 0 1 1 599 32 -1 -1 0 10700 483 535 483 533 483 534 483 535 483 535 483 537 483 540 483 546 483 552 483 566 483 575 483 596 483 599 483 599 483 599 483 599 483 598 483 596 483 592 483 587 483 581 483 572 483 540 483 523 483 495 483 486 483 479 483 472 483 470 483 469 483 469 483 471 483 478 483 481 485 481 181 481 182 481 182 481 185 481 187 481 190 481 193 481 199 481 206 481 224 481 233 481 251 481 261 481 270 481 291 481 303 481 316 481 342 481 358 481 375 481 393 481 412 481 430 481 470 481 490 481 512 481 533 481 557 481 599 481 599 481 599 481 599 481 599 481 599 481 599 481 599 481 599 481 599 481 599 481 599 481 599 481 599 481 599 481 599 481 599 481 599 481 599 481 599 481 599 481 599 481 599 481 599 481 599 480 599 479 599 476 599 472 599 466 599 450 599 440 599 421 599 411 599 402 599 384 599 375 599 365 599 348 599 340 599 332 599 317 599 310 599 297 599 291 599 285 599 271 599 266 599 262 599 257 599 254 599 252 599 248 599 244 599 236 599 233 599 231 599 227 599 223 599 225 599 228 599 229 599 228 599 226 599 222 599 217 599 212 599 207 599 199 599 192 599 176 599 168 599 159 599 143 599 136 599 129 599 111 599 103 599 96 599 82 599 74 599 66 599 64 599 64 599 63 599 61 599 59 599 56 599 54 599 50 599 48 599 47 599 42 599 41 599 39 599 38 599 37 599 35 599 32 599 32 
9 1 0 0 1 1 599 543 -1 -1 1 10192 430 547 463 547 458 547 455 547 452 547 451 547 448 547 439 547 429 547 403 547 389 547 375 547 350 547 338 547 326 547 303 547 292 547 280 547 258 547 244 547 201 547 173 547 141 547 70 547 36 547 6 547 0 547 0 547 0 547 1 547 9 547 19 547 34 547 53 547 107 547 139 547 171 547 233 547 264 547 326 547 357 547 385 547 438 547 461 547 483 547 526 547 546 547 565 547 599 547 599 547 599 547 599 547 599 547 599 547 599 547 599 547 599 547 599 547 599 547 599 547 599 547 599 547 599 547 599 546 599 541 599 535 599 529 599 519 599 508 599 485 599 474 599 454 599 444 599 434 599 416 599 408 599 400 599 381 599 371 599 361 599 344 599 336 599 318 599 308 599 297 599 272 599 262 599 252 599 236 599 227 599 212 599 204 599 196 599 176 599 166 599 154 599 125 599 109 599 90 599 52 599 37 599 29 599 27 599 22 599 13 599 4 599 0 599 0 599 0 599 0 599 0 599 0 599 0 599 0 599 0 599 0 599 0 599 0 599 0 599 0 599 0 599 0 599 0 599 0 599 0 599 0 599 0 599 0 599 0 599 0 599 0 599 0 599 0 599 0 599 0 599 0 599 1 599 5 599 11 599 19 599 31 599 44 599 76 599 94 599 130 599 148 599 165 599 199 599 216 599 231 599 253 599 261 599 267 599 275 599 275 599 275 599 275 599 275 599 275 599 275 599 274 599 273 599 272 599 271 599 268 599 266 599 264 599 263 599 262 599 260 599 258 599 253 599 236 599 224 599 198 599 185 599 172 599 158 599 154 599 148 599 142 599 151 599 178 599 205 599 239 599 271 599 304 599 373 599 411 599 487 599 529 599 575 599 599 599 599 599 599 599 599 599 599 599 599 599 599 599 599 599 599 599 599 599 599 599 599 599 599 599 599 599 599 599 599 599 599 599 598 599 595 599 590 599 584 599 578 599 571 599 558 599 555 599 549 599 548 599 546 599 545 599 544 599 543 
9 1 0 0 1 1 480 225 -1 -1 0 8562 480 384 480 399 480 400 480 401 480 402 480 403 480 403 480 405 480 406 480 411 480 417 480 423 480 440 480 451 480 471 480 479 480 485 480 501 480 515 480 532 480 569 480 585 480 599 480 599 480 598 480 593 480 585 480 575 480 563 480 550 480 523 480 506 480 468 480 451 480 433 480 405 480 394 480 383 480 369 480 363 480 351 480 345 480 338 480 318 480 305 480 287 480 256 480 241 480 227 480 206 480 198 480 190 480 189 480 189 480 188 480 189 480 190 480 191 480 192 480 193 480 194 480 195 480 196 480 197 480 198 480 199 480 200 480 201 480 202 480 203 480 204 480 205 480 208 480 209 480 210 480 211 480 212 480 213 480 215 480 217 480 219 480 221 480 222 480 223 480 224 480 225 480 227 480 229 480 231 480 232 480 233 480 232 480 231 480 230 480 229 480 228 480 227 480 226 480 225 
9 1 0 0 1 1 284 189 -1 -1 0 3737 284 153 284 155 284 156 284 157 284 158 284 159 284 160 284 162 284 166 284 169 284 171 284 173 284 173 284 175 284 176 284 177 284 179 284 180 284 182 284 183 284 184 284 186 284 187 284 188 284 189 
9 1 0 0 1 1 200 279 -1 -1 0 3915 200 469 200 468 200 466 200 460 200 452 200 441 200 431 200 410 200 399 200 377 200 366 200 355 200 333 200 322 200 314 200 298 200 288 200 281 200 278 200 279 200 279 
9 1 0 0 1 1 4 293 -1 -1 0 4395 4 135 4 167 4 168 4 168 4 170 4 172 4 177 4 183 4 198 4 206 4 221 4 230 4 240 4 269 4 283 4 294 4 312 4 322 4 332 4 354 4 364 4 379 4 384 4 387 4 388 4 386 4 385 4 382 4 379 4 375 4 364 4 357 4 345 4 336 4 328 4 314 4 308 4 304 4 298 4 297 4 295 4 294 4 293 
9 1 0 0 1 1 208 544 -1 -1 1 3313 208 598 208 597 208 593 208 588 208 580 208 571 208 562 208 548 208 546 208 544 208 544 
9 1 0 0 1 1 376 599 -1 -1 1 4800 376 448 376 447 376 445 376 442 376 436 376 429 376 421 376 406 376 398 376 378 376 370 376 361 376 337 376 321 376 305 376 272 376 259 376 250 376 246 376 247 376 251 376 259 376 269 376 278 376 288 376 316 376 334 376 371 376 391 376 411 376 456 376 479 376 500 376 537 376 552 376 565 376 595 376 599 376 599 376 599 376 599 376 599 376 599 376 599 376 599 376 599 376 599 376 599 376 599 376 599 376 599 376 599 376 599 376 599 
9 1 0 0 1 1 599 599 -1 -1 1 9097 438 70 438 54 438 54 438 48 438 44 438 35 438 24 438 8 438 0 438 0 438 0 438 0 438 0 438 0 438 0 438 0 438 0 438 0 438 0 438 0 438 0 438 0 438 0 438 0 438 0 438 0 438 0 438 0 438 0 438 0 438 0 438 0 438 0 438 0 438 0 438 0 438 0 438 0 438 0 438 0 438 0 438 0 438 0 438 0 438 0 438 0 438 0 438 0 438 0 438 0 438 0 438 0 438 3 438 17 438 26 438 34 438 42 438 49 438 68 438 80 438 105 438 119 438 136 438 173 438 193 438 211 438 235 438 238 438 237 438 233 438 226 438 217 438 206 438 195 438 168 438 152 438 122 438 106 438 89 438 51 438 32 438 13 438 0 438 0 438 0 438 0 438 0 438 0 438 0 438 0 438 0 438 0 438 0 438 0 438 0 438 0 438 0 438 0 438 0 438 0 438 1 438 3 438 7 438 15 438 25 438 37 438 71 438 92 438 150 438 184 438 221 438 294 438 327 438 360 438 422 438 451 438 502 438 526 438 548 438 591 438 599 438 599 438 599 438 599 438 599 438 599 438 599 438 599 438 598 438 597 438 597 438 595 438 594 438 595 438 597 438 599 438 599 438 599 438 599 438 599 438 599 438 599 438 599 438 599 438 599 438 599 438 599 438 599 438 599 438 599 438 599 439 599 440 599 441 599 443 599 445 599 449 599 456 599 482 599 500 599 520 599 561 599 583 599 599 599 599 599 599 599 599 599 599 599 599 599 599 599 599 599 599 599 599 599 599 599 599 599 599 599 599 599 
9 1 0 0 1 1 0 230 -1 -1 0 6937 490 293 490 293 490 291 490 286 490 279 490 271 490 260 490 238 490 224 490 191 490 174 490 161 490 139 490 127 490 116 490 96 490 91 490 87 490 88 490 91 490 97 490 104 490 112 490 120 490 137 490 146 490 159 490 162 490 163 490 167 490 169 490 171 490 177 490 181 490 185 490 192 490 193 490 195 490 197 490 201 490 207 490 210 490 215 490 222 490 224 490 227 490 228 490 229 490 230 491 230 492 230 493 230 494 230 496 230 498 230 501 230 512 230 520 230 529 230 553 230 571 230 596 230 599 230 599 230 599 230 599 230 599 230 599 230 599 230 599 230 599 230 599 230 599 230 598 230 597 230 595 230 594 230 592 230 591 230 589 230 583 230 570 230 559 230 543 230 493 230 459 230 416 230 297 230 225 230 147 230 0 230 0 230 0 230 0 230 0 230 0 230 0 230 0 230 0 230 0 230 0 230 0 230 0 230 0 230 
9 1 0 0 1 2 549 316 0 2895 2 
9 1 0 0 1 2 183 349 1 2263 2 
9 1 0 0 1 2 83 149 0 1092 2 
9 1 0 0 1 2 349 516 1 1144 2 
9 1 0 0 1 2 416 482 1 1498 2 
9 1 0 0 1 2 216 449 1 1025 2 
9 1 0 0 1 2 516 383 1 1336 2 
9 1 0 0 1 2 116 316 1 1018 2 
9 1 0 0 1 2 482 50 1 1008 2 
9 1 0 0 1 2 349 83 1 969 2 
9 1 0 0 1 2 249 183 0 1102 2 
9 1 0 0 1 2 283 216 0 1021 2 
9 1 0 0 1 2 83 449 1 966 2 
9 1 0 0 1 2 149 116 1 1186 2 
9 1 0 0 1 2 149 83 1 1315 2 
9 1 0 0 1 2 83 83 1 892 2 
9 1 0 0 1 2 482 149 1 1144 2 
9 1 0 0 1 2 149 249 0 1193 2 
9 1 0 0 1 2 449 83 1 1635 2 
9 1 0 0 1 2 183 383 1 1115 2 
9 1 0 0 1 2 449 449 1 1066 2 
9 1 0 0 1 2 216 349 1 1021 2 
9 1 0 0 1 2 349 383 1 963 2 
9 1 0 0 1 2 83 349 1 1015 2 
9 1 0 0 1 2 449 116 0 1536 2 
9 1 0 0 1 2 283 383 1 810 2 
9 1 0 0 1 2 316 283 0 1196 2 
9 1 0 0 1 2 383 83 1 2023 2 
9 1 0 0 1 2 416 349 1 1191 2 
9 1 0 0 1 2 549 383 1 988 2 
9 1 0 0 1 2 416 249 1 2826 1 
9 1 0 0 1 2 50 149 0 1521 2 
9 1 0 0 1 1 435 506 -1 -1 1 10939 435 120 435 188 435 184 435 176 435 166 435 152 435 120 435 103 435 86 435 60 435 52 435 46 435 39 435 37 435 36 435 35 435 34 435 33 435 32 435 31 435 30 435 30 435 31 435 31 435 32 435 32 435 34 435 34 435 34 435 34 435 35 435 36 435 37 435 39 435 42 435 47 435 56 435 86 435 106 435 165 435 201 435 235 435 299 435 330 435 356 435 396 435 416 435 434 435 454 435 459 435 467 435 469 435 471 435 472 435 473 435 473 435 473 435 474 435 474 435 474 435 475 435 475 435 475 435 476 435 476 435 476 435 476 435 476 435 477 435 481 435 485 435 492 435 509 435 518 435 525 435 540 435 550 435 561 435 585 435 598 435 599 435 599 435 599 435 599 435 599 435 599 435 599 435 598 435 595 435 590 435 582 435 571 435 558 435 529 435 518 435 508 435 507 435 506 
9 1 0 0 1 1 395 599 -1 -1 1 6282 395 218 395 216 395 216 395 212 395 205 395 195 395 183 395 152 395 132 395 78 395 47 395 19 395 0 395 0 395 0 395 0 395 0 395 0 395 0 395 0 395 0 395 0 395 0 395 0 395 0 395 0 395 0 395 0 395 0 395 0 395 0 395 0 395 0 395 0 395 0 395 2 395 5 395 15 395 34 395 57 395 84 395 113 395 172 395 199 395 241 395 259 395 278 395 309 395 322 395 339 395 375 395 393 395 412 395 442 395 452 395 463 395 465 395 467 395 468 395 468 395 468 395 466 395 463 395 458 395 443 395 433 395 408 395 395 395 380 395 359 395 352 395 344 395 322 395 313 395 301 395 297 395 293 395 291 395 292 395 299 395 311 395 329 395 347 395 365 395 399 395 417 395 460 395 490 395 529 395 572 395 577 395 594 395 599 395 599 395 599 395 599 395 599 395 599 395 599 395 599 395 599 395 599 395 599 395 599 395 599 395 599 395 599 395 599 395 599 395 599 
9 1 0 0 1 1 499 260 -1 -1 0 6611 499 585 499 599 499 599 499 599 499 599 499 599 499 599 499 599 499 598 499 596 499 594 499 589 499 585 499 577 499 574 499 560 499 553 499 543 499 527 499 519 499 512 499 501 499 497 499 493 499 482 499 474 499 452 499 441 499 430 499 411 499 405 499 401 499 396 499 393 499 387 499 383 499 378 499 366 499 363 499 361 499 361 499 360 499 359 499 357 499 353 499 349 499 346 499 340 499 337 499 334 499 332 499 330 499 325 499 323 499 321 499 319 499 318 499 318 499 317 499 315 499 310 499 307 499 302 499 290 499 284 499 277 499 267 499 265 499 261 499 260 499 260 499 260 499 260 499 260 499 260 
9 1 0 0 1 1 362 143 -1 -1 0 8114 78 209 78 359 78 360 78 361 78 362 78 362 78 364 78 368 78 373 78 380 78 392 78 397 78 401 78 406 78 407 78 406 78 404 78 402 78 400 78 396 78 393 78 385 78 381 78 372 78 367 78 362 78 355 78 350 78 346 78 333 78 324 78 314 78 297 78 290 78 283 78 280 78 279 78 271 78 264 78 258 78 246 78 242 78 240 78 239 78 238 78 237 78 236 78 235 78 234 78 233 79 233 80 233 82 233 84 233 88 233 94 233 115 233 130 233 170 233 192 233 214 233 255 233 274 233 290 233 321 233 338 233 355 233 386 233 399 233 413 233 412 233 411 233 409 233 405 233 399 233 392 233 381 233 377 233 371 233 369 233 367 233 364 233 363 233 362 233 362 232 362 231 362 229 362 227 362 225 362 223 362 221 362 220 362 218 362 216 362 212 362 207 362 202 362 196 362 190 362 187 362 180 362 175 362 169 362 160 362 155 362 152 362 151 362 149 362 145 362 144 362 143 
9 1 0 0 1 1 453 102 -1 -1 0 3602 453 149 453 147 453 145 453 144 453 141 453 138 453 135 453 131 453 130 453 121 453 115 453 112 453 109 453 108 453 107 453 106 453 105 453 104 453 103 453 102 
9 1 0 0 1 1 379 311 -1 -1 1 6002 379 318 379 319 379 320 379 321 379 320 379 319 379 317 379 313 379 311 
9 1 0 0 1 1 162 321 -1 -1 1 6315 162 462 162 462 162 460 162 456 162 449 162 439 162 428 162 405 162 391 162 350 162 329 162 311 162 301 162 300 162 299 162 299 162 302 162 310 162 329 162 327 162 323 162 318 162 312 162 303 162 295 162 279 162 273 162 260 162 251 162 242 162 228 162 226 162 225 162 224 162 224 162 225 162 227 162 228 162 230 162 232 162 233 162 237 162 241 162 251 162 255 162 258 162 260 162 261 162 262 162 263 162 264 162 265 162 267 162 268 162 269 162 271 162 273 162 275 162 276 162 277 162 278 162 279 162 281 162 282 162 283 162 284 162 286 162 287 162 289 162 290 162 291 162 296 162 300 162 303 162 307 162 308 162 314 162 315 162 317 162 318 162 319 162 320 162 321 
9 1 0 0 1 1 562 200 -1 -1 0 6658 562 549 562 548 562 547 562 546 562 544 562 543 562 542 562 539 562 537 562 528 562 522 562 518 562 512 562 508 562 502 562 482 562 469 562 454 562 430 562 420 562 399 562 387 562 374 562 350 562 339 562 330 562 307 562 298 562 294 562 296 562 302 562 319 562 322 562 321 562 320 562 317 562 313 562 309 562 307 562 296 562 289 562 277 562 272 562 268 562 261 562 260 562 259 562 258 562 257 562 256 562 255 562 253 562 251 562 244 562 238 562 231 562 225 562 213 562 209 562 204 562 203 562 202 562 201 562 201 562 200 
9 1 0 0 1 1 134 89 -1 -1 0 5465 134 130 134 133 134 137 134 144 134 153 134 165 134 179 134 209 134 223 134 244 134 252 134 260 134 270 134 273 134 276 134 281 134 282 134 284 134 283 134 281 134 276 134 270 134 260 134 245 134 214 134 200 134 181 134 175 134 170 134 156 134 147 134 138 134 121 134 116 134 111 134 105 134 103 134 99 134 96 134 92 134 86 134 85 134 86 134 87 134 87 134 89 
9 1 0 0 1 1 210 266 -1 -1 0 5307 210 140 210 143 210 144 210 146 210 153 210 164 210 174 210 198 210 208 210 223 210 227 210 231 210 239 210 245 210 251 210 266 210 274 210 283 210 300 210 307 210 318 210 325 210 337 210 363 210 375 210 387 210 404 210 410 210 419 210 421 210 421 210 420 210 418 210 416 210 412 210 407 210 400 210 383 210 374 210 362 210 355 210 349 210 342 210 340 210 340 210 339 210 338 210 338 210 336 210 334 210 332 210 328 210 324 210 318 210 311 210 305 210 303 210 296 210 290 210 285 210 275 210 270 210 267 210 265 210 266 
9 1 0 0 1 1 5 275 -1 -1 0 4418 5 426 5 427 5 427 5 424 5 418 5 413 5 405 5 381 5 369 5 348 5 337 5 326 5 303 5 288 5 277 5 273 5 274 5 273 5 273 5 273 5 274 5 274 5 275 5 275 
9 1 0 0 1 1 599 23 -1 -1 0 4530 311 23 324 23 330 23 340 23 353 23 369 23 387 23 443 23 477 23 543 23 575 23 599 23 599 23 599 23 599 23 599 23 599 23 599 23 599 23 599 23 599 23 599 23 599 23 599 23 
9 1 0 0 1 1 599 356 -1 -1 1 4458 307 356 308 356 311 356 317 356 324 356 334 356 344 356 371 356 387 356 433 356 466 356 504 356 597 356 599 356 599 356 599 356 599 356 599 356 599 356 599 356 599 356 599 356 
9 1 0 0 1 1 0 496 -1 -1 1 4602 67 496 65 496 63 496 57 496 50 496 38 496 22 496 0 496 0 496 0 496 0 496 0 496 0 496 0 496 0 496 0 496 0 496 0 496 1 496 3 496 5 496 10 496 23 496 42 496 86 496 108 496 148 496 166 496 183 496 215 496 234 496 254 496 294 496 311 496 326 496 349 496 356 496 366 496 368 496 371 496 374 496 372 496 366 496 354 496 335 496 309 496 276 496 171 496 103 496 0 496 0 496 0 496 0 496 0 496 0 496 0 496 0 496 0 496 0 496 
9 1 0 0 1 1 123 599 -1 -1 1 4545 123 530 123 599 123 599 123 599 123 599 123 599 123 598 123 597 123 596 123 595 123 593 123 590 123 577 123 565 123 532 123 515 123 501 123 486 123 481 123 477 123 468 123 463 123 456 123 444 123 438 123 429 123 426 123 424 123 422 123 424 123 434 123 451 123 474 123 503 123 533 123 590 123 599 123 599 123 599 123 599 123 599 123 599 123 599 123 599 123 599 123 599 123 599 123 599 123 599 123 599 123 599 
9 1 0 0 1 1 204 216 -1 -1 0 5449 204 221 204 216 204 215 204 214 204 212 204 211 204 209 204 208 204 207 204 206 204 205 204 206 204 207 204 208 204 209 204 210 204 210 204 212 204 213 204 214 204 216 204 216 
9 1 0 0 1 2 149 482 1 5822 2 
9 1 0 0 1 2 349 216 0 2585 2 
9 1 0 0 1 2 83 183 0 1559 2 
9 1 0 0 1 2 383 449 1 1887 2 
9 1 0 0 1 2 50 516 1 1138 2 
9 1 0 0 1 2 383 516 1 1155 2 
9 1 0 0 1 2 50 416 1 868 2 
9 1 0 0 1 2 149 149 0 1024 2 
9 1 0 0 1 2 149 283 1 2001 1 
9 1 0 0 1 2 383 149 0 2393 2 
9 1 0 0 1 2 249 549 1 1487 2 
9 1 0 0 1 2 516 149 0 1541 2 
9 1 0 0 1 2 549 83 0 1565 2 
9 1 0 0 1 2 349 482 1 1454 2 
9 1 0 0 1 2 216 83 0 2319 2 
9 1 0 0 1 2 183 83 0 1899 2 
9 1 0 0 1 2 183 449 1 1299 2 
9 1 0 0 1 2 383 416 1 1503 2 
9 1 0 0 1 2 383 50 0 1435 2 
9 1 0 0 1 2 449 50 0 1093 2 
9 1 0 0 1 2 316 449 1 1017 2 
9 1 0 0 1 2 283 416 1 1235 2 
9 1 0 0 1 2 549 416 1 1025 2 
9 1 0 0 1 2 283 482 1 1004 2 
9 1 0 0 1 2 116 383 1 902 2 
9 1 0 0 1 2 449 216 0 2546 2 
9 1 0 0 1 2 549 183 0 956 2 
9 1 0 0 1 2 449 316 1 930 2 
9 1 0 0 1 2 50 50 1 1501 2 
9 1 0 0 1 2 482 349 0 1063 2 
9 1 0 0 1 2 283 83 1 930 2 
9 1 0 0 1 2 283 149 0 1721 2 
9 1 0 0 1 1 440 0 -1 -1 0 5867 440 259 440 257 440 247 440 230 440 204 440 168 440 117 440 0 440 0 440 0 440 0 440 0 440 0 440 0 440 0 440 0 440 0 440 0 440 0 440 0 440 0 440 0 440 0 440 0 440 0 440 0 440 0 
9 1 0 0 1 1 228 419 -1 -1 1 5739 257 501 259 501 260 501 261 501 261 501 262 501 261 501 256 501 247 501 235 501 217 501 197 501 153 501 135 501 119 501 118 501 118 501 117 501 116 501 115 501 114 501 115 501 117 501 125 501 137 501 152 501 170 501 207 501 227 501 259 501 268 501 271 501 271 501 270 501 267 501 261 501 253 501 247 501 240 501 233 501 232 501 229 501 228 501 228 499 228 494 228 484 228 468 228 448 228 425 228 381 228 364 228 343 228 339 228 340 228 342 228 345 228 352 228 358 228 365 228 377 228 383 228 390 228 392 228 393 228 396 228 397 228 398 228 399 228 401 228 403 228 410 228 413 228 415 228 417 228 418 228 419 
9 1 0 0 1 1 585 303 -1 -1 1 5436 585 591 585 595 585 594 585 593 585 591 585 588 585 586 585 583 585 569 585 557 585 530 585 517 585 506 585 495 585 493 585 492 585 489 585 486 585 481 585 467 585 458 585 447 585 445 585 442 585 436 585 432 585 428 585 421 585 419 585 418 585 421 585 433 585 432 585 430 585 430 585 432 585 434 585 436 585 436 585 438 585 438 585 439 585 436 585 430 585 419 585 404 585 387 585 369 585 338 585 326 585 312 585 310 585 309 585 307 585 307 585 306 585 306 585 305 585 305 585 303 
9 1 0 0 1 1 560 147 -1 -1 0 4272 560 385 560 384 560 380 560 371 560 356 560 336 560 313 560 272 560 258 560 244 560 243 560 242 560 237 560 233 560 227 560 213 560 201 560 194 560 188 560 188 560 186 560 184 560 182 560 175 560 167 560 161 560 151 560 148 560 147 560 147 
9 1 0 0 1 1 0 598 -1 -1 1 6418 556 598 556 598 556 598 556 598 556 598 556 598 557 598 558 598 560 598 561 598 562 598 563 598 563 598 565 598 568 598 571 598 578 598 581 598 583 598 584 598 585 598 589 598 593 598 599 598 599 598 599 598 599 598 599 598 599 598 599 598 599 598 599 598 599 598 599 598 599 598 599 598 599 598 599 598 599 598 599 598 599 598 599 598 599 598 599 598 598 598 592 598 582 598 566 598 546 598 517 598 435 598 379 598 254 598 198 598 140 598 52 598 15 598 0 598 0 598 0 598 0 598 0 598 0 598 0 598 0 598 0 598 0 598 0 598 0 598 0 598 0 598 0 598 0 598 0 598 
9 1 0 0 1 1 0 223 -1 -1 0 9073 469 199 469 201 469 202 469 203 469 204 469 205 469 207 469 208 469 209 469 210 469 209 469 203 469 192 469 175 469 157 469 137 469 95 469 71 469 24 469 5 469 0 469 0 469 0 469 0 469 0 469 0 469 0 469 2 469 8 469 13 469 21 469 30 469 41 469 73 469 89 469 111 469 120 469 129 469 147 469 155 469 163 469 178 469 186 469 194 469 216 469 225 469 233 469 235 469 236 469 239 469 241 469 244 469 247 469 248 469 250 467 250 465 250 457 250 444 250 425 250 401 250 343 250 310 250 258 250 239 250 222 250 203 250 199 250 197 250 196 250 192 250 187 250 181 250 173 250 153 250 141 250 109 250 92 250 75 250 44 250 30 250 19 250 3 250 0 250 0 250 0 250 0 250 0 250 0 250 0 249 0 248 0 246 0 244 0 241 0 239 0 236 0 235 0 234 0 233 0 232 0 231 0 230 0 229 0 228 0 227 0 226 0 225 0 224 0 223 
9 1 0 0 1 1 531 146 -1 -1 0 6448 531 184 532 184 533 184 534 184 535 184 536 184 537 184 538 184 539 184 542 184 543 184 544 184 546 184 547 184 548 184 550 184 551 184 549 184 547 184 545 184 543 184 542 184 539 184 533 184 531 184 531 183 531 182 531 181 531 179 531 176 531 174 531 172 531 168 531 166 531 164 531 163 531 162 531 161 531 159 531 155 531 150 531 147 531 146 
9 1 0 0 1 1 466 287 -1 -1 0 4689 441 285 441 287 442 287 443 287 445 287 447 287 449 287 451 287 452 287 454 287 458 287 460 287 461 287 462 287 463 287 464 287 465 287 466 287 
9 1 0 0 1 1 417 337 -1 -1 1 6915 352 94 352 94 351 94 344 94 339 94 335 94 329 94 314 94 305 94 285 94 277 94 269 94 249 94 238 94 225 94 206 94 202 94 203 94 207 94 214 94 225 94 240 94 256 94 289 94 305 94 341 94 359 94 378 94 402 94 409 94 413 94 414 94 415 94 416 94 417 94 417 94 417 93 417 90 417 86 417 81 417 75 417 68 417 52 417 44 417 31 417 26 417 18 417 0 417 0 417 0 417 0 417 0 417 0 417 0 417 0 417 2 417 8 417 18 417 33 417 51 417 70 417 112 417 134 417 170 417 184 417 194 417 213 417 222 417 230 417 246 417 254 417 262 417 272 417 273 417 275 417 276 417 278 417 280 417 282 417 287 417 288 417 289 417 290 417 291 417 292 417 294 417 296 417 299 417 304 417 315 417 321 417 336 417 341 417 349 417 366 417 374 417 380 417 382 417 382 417 382 417 381 417 379 417 378 417 376 417 372 417 365 417 362 417 354 417 350 417 347 417 344 417 343 417 342 417 341 417 340 417 339 417 338 417 337 
9 1 0 0 1 1 0 311 -1 -1 1 6954 212 109 212 125 212 121 212 113 212 98 212 76 212 47 212 0 212 0 212 0 212 0 212 0 212 0 212 0 212 0 212 0 212 0 212 3 212 11 212 26 212 78 212 109 212 138 212 185 212 203 212 218 212 240 212 252 212 266 212 289 212 298 212 310 212 311 212 312 212 311 181 311 179 311 175 311 170 311 162 311 151 311 117 311 93 311 43 311 16 311 0 311 0 311 0 311 0 311 0 311 4 311 18 311 17 311 13 311 11 311 7 311 0 311 0 311 0 311 0 311 0 311 0 311 0 311 0 311 0 311 0 311 0 311 0 311 0 311 0 311 0 311 0 311 0 311 0 311 0 311 
9 1 0 0 1 1 0 537 -1 -1 1 3313 217 537 262 537 259 537 252 537 240 537 220 537 196 537 142 537 114 537 62 537 41 537 23 537 0 537 0 537 0 537 0 537 0 537 0 537 0 537 0 537 0 537 0 537 0 537 0 537 0 537 0 537 0 537 0 537 
9 1 0 0 1 1 0 102 -1 -1 0 5651 32 325 32 329 32 328 32 325 32 320 32 312 32 302 32 277 32 263 32 226 32 207 32 186 32 146 32 126 32 107 32 68 32 50 32 30 32 0 32 0 32 0 32 0 32 0 32 0 32 1 32 3 32 6 32 14 32 25 32 38 32 53 32 81 32 92 32 110 32 117 32 124 32 138 32 148 32 157 32 171 32 173 32 175 32 174 32 174 32 171 32 165 32 157 32 147 32 126 32 117 32 110 32 110 32 109 32 109 32 109 32 109 32 107 32 106 32 104 32 103 32 102 31 102 30 102 28 102 25 102 21 102 13 102 0 102 0 102 0 102 0 102 0 102 0 102 0 102 0 102 0 102 0 102 0 102 0 102 1 102 0 102 0 102 0 102 0 102 0 102 0 102 0 102 0 102 0 102 0 102 
9 1 0 0 1 1 0 599 -1 -1 1 7611 584 290 514 290 513 290 510 290 504 290 497 290 489 290 479 290 457 290 442 290 415 290 401 290 390 290 372 290 364 290 354 290 332 290 321 290 312 290 293 290 285 290 274 290 275 290 286 290 296 290 294 290 282 290 268 290 252 290 234 290 216 290 172 290 144 290 81 290 47 290 15 290 0 290 0 290 0 290 0 290 0 290 0 290 0 290 0 290 0 290 0 289 0 283 0 281 0 276 0 265 0 252 0 237 0 198 0 168 0 135 0 42 0 0 0 0 0 0 0 0 0 0 0 0 0 0 0 0 0 0 0 0 0 0 0 0 0 0 0 0 0 0 0 0 0 0 0 0 0 3 0 11 0 23 0 37 0 51 0 66 0 94 0 104 0 131 0 148 0 169 0 224 0 258 0 298 0 393 0 450 0 512 0 599 0 599 0 599 0 599 0 599 0 595 0 591 0 585 0 581 0 581 0 581 0 581 0 582 0 583 0 583 0 584 0 585 0 587 0 589 0 598 0 599 0 599 0 599 0 599 0 599 0 599 0 599 0 599 0 599 0 599 0 599 0 599 0 599 0 599 0 599 0 598 0 593 0 589 0 588 0 590 0 592 0 597 0 599 0 599 0 599 0 599 0 599 0 599 0 599 0 599 0 599 0 599 0 599 0 599 0 599 0 599 0 599 0 599 0 599 0 599 0 599 0 599 0 599 0 599 
9 1 0 0 1 1 0 599 -1 -1 1 9017 73 426 79 426 75 426 67 426 54 426 38 426 21 426 0 426 0 426 0 426 0 426 0 426 0 426 0 426 0 426 0 426 0 424 0 419 0 410 0 395 0 375 0 351 0 284 0 245 0 147 0 84 0 16 0 0 0 0 0 0 0 0 0 0 0 1 0 5 0 7 0 9 0 9 0 10 0 10 0 10 0 11 0 11 0 11 0 15 0 13 0 2 0 0 0 0 0 0 0 0 0 0 0 0 0 0 0 0 0 0 0 0 0 0 0 0 0 0 0 0 0 0 0 0 0 0 0 0 0 0 0 0 0 0 0 0 0 0 0 0 0 0 0 0 0 0 0 0 0 0 0 0 0 1 0 12 0 37 0 72 0 193 0 274 0 350 0 480 0 528 0 593 0 599 0 599 0 599 0 590 0 577 0 544 0 526 0 504 0 458 0 436 0 404 0 393 0 381 0 350 0 333 0 317 0 297 0 296 0 297 0 301 0 308 0 319 0 337 0 380 0 402 0 421 0 445 0 458 0 468 0 465 0 452 0 387 0 337 0 275 0 132 0 53 0 0 0 0 0 0 0 0 0 0 0 0 0 0 0 0 0 0 0 0 0 0 0 0 0 0 0 2 0 9 0 24 0 39 0 57 0 77 0 131 0 166 0 270 0 338 0 415 0 570 0 599 0 599 0 599 0 599 0 599 0 599 0 599 0 599 0 599 0 599 0 599 0 599 0 599 0 599 0 599 0 599 0 599 0 599 0 599 0 599 
9 1 0 0 1 1 567 214 -1 -1 0 7528 567 225 567 141 567 140 567 139 567 138 567 137 567 136 567 135 567 134 567 135 567 138 567 139 567 140 567 141 567 141 567 142 567 143 567 144 567 145 567 146 567 147 567 148 567 149 567 150 567 151 567 153 567 156 567 165 567 170 567 173 567 178 567 179 567 180 567 182 567 184 567 189 567 192 567 194 567 195 567 196 567 196 567 197 567 198 567 200 567 202 567 206 567 209 567 210 567 211 567 212 567 213 567 214 567 214 
9 1 0 0 1 1 174 155 -1 -1 0 5506 174 171 174 145 174 146 174 148 174 149 174 151 174 153 174 155 174 156 174 159 174 163 174 166 174 171 174 176 174 178 174 180 174 180 174 181 174 181 174 179 174 171 174 161 174 148 174 137 174 122 174 120 174 119 174 120 174 121 174 125 174 127 174 130 174 131 174 134 174 136 174 137 174 138 174 140 174 142 174 146 174 148 174 149 174 150 174 152 174 153 174 154 174 155 
9 1 0 0 1 2 383 349 1 3408 3 
9 1 0 0 1 2 383 316 1 1347 3 
9 1 0 0 1 2 516 216 0 1631 3 
9 1 0 0 1 2 349 449 1 1361 3 
9 1 0 0 1 2 50 83 0 1245 3 
9 1 0 0 1 2 316 149 0 1182 3 
9 1 0 0 1 2 216 149 0 890 3 
9 1 0 0 1 2 549 50 0 846 3 
9 1 0 0 1 2 149 183 0 1194 3 
9 1 0 0 1 2 149 383 1 849 3 
9 1 0 0 1 2 549 449 1 847 3 
9 1 0 0 1 2 316 116 0 773 3 
9 1 0 0 1 2 516 449 1 1239 3 
9 1 0 0 1 2 116 116 0 1763 3 
9 1 0 0 1 2 516 349 1 1921 3 
9 1 0 0 1 2 149 549 1 1407 3 
9 1 0 0 1 2 283 349 1 874 3 
9 1 0 0 1 2 149 349 1 833 3 
9 1 0 0 1 2 50 283 1 1093 3 
9 1 0 0 1 2 116 482 1 901 3 
9 1 0 0 1 2 249 50 1 1527 1 
9 1 0 0 1 2 482 383 1 946 3 
9 1 0 0 1 2 516 249 1 995 3 
9 1 0 0 1 2 116 416 1 818 3 
9 1 0 0 1 2 249 316 1 881 3 
9 1 0 0 1 2 249 216 0 1867 3 
9 1 0 0 1 2 349 149 0 1434 3 
9 1 0 0 1 2 482 216 0 1124 3 
9 1 0 0 1 2 383 116 1 1304 3 
9 1 0 0 1 2 249 416 1 1625 3 
9 1 0 0 1 2 549 516 1 942 3 
9 1 0 0 1 2 183 249 0 1187 3 
9 1 0 0 1 1 582 218 -1 -1 0 6508 582 420 582 428 582 427 582 424 582 421 582 418 582 415 582 411 582 409 582 408 582 407 582 406 582 405 582 404 582 402 582 395 582 382 582 337 582 312 582 292 582 271 582 271 582 270 582 266 582 259 582 251 582 242 582 231 582 211 582 205 582 194 582 189 582 183 582 168 582 159 582 153 582 146 582 146 582 147 582 151 582 154 582 159 582 166 582 172 582 182 582 186 582 195 582 202 582 208 582 214 582 216 582 216 582 217 582 218 
9 1 0 0 1 1 318 0 -1 -1 0 3628 318 449 318 481 318 480 318 478 318 473 318 463 318 449 318 404 318 370 318 287 318 246 318 212 318 154 318 132 318 113 318 93 318 90 318 88 318 84 318 77 318 56 318 42 318 29 318 14 318 9 318 2 318 0 318 0 318 0 
9 1 0 0 1 1 455 337 -1 -1 1 3689 455 115 455 115 455 115 455 115 455 114 455 114 455 114 455 114 455 114 455 114 455 116 455 119 455 123 455 141 455 154 455 170 455 206 455 225 455 243 455 276 455 285 455 291 455 293 455 294 455 296 455 302 455 307 455 324 455 331 455 335 455 337 
9 1 0 0 1 1 586 577 -1 -1 1 5449 586 579 586 578 586 577 586 576 586 575 586 574 586 575 586 576 586 577 
9 1 0 0 1 1 598 327 -1 -1 1 5763 141 364 141 404 141 405 141 407 141 411 141 419 141 429 141 443 141 483 141 507 141 555 141 580 141 599 141 599 141 599 141 599 141 599 141 599 141 599 141 599 141 598 141 596 141 593 141 589 141 584 141 575 141 546 141 523 141 464 141 429 141 396 141 352 141 339 141 333 141 329 141 327 143 327 145 327 153 327 162 327 176 327 191 327 224 327 244 327 284 327 303 327 320 327 351 327 368 327 386 327 424 327 443 327 462 327 489 327 497 327 512 327 518 327 525 327 537 327 539 327 541 327 542 327 543 327 544 327 545 327 546 327 547 327 548 327 549 327 550 327 556 327 560 327 567 327 587 327 596 327 599 327 599 327 599 327 599 327 599 327 599 327 599 327 599 327 599 327 599 327 599 327 599 327 599 327 599 327 598 327 598 327 
9 1 0 0 1 1 599 198 -1 -1 0 4930 177 198 161 198 162 198 165 198 170 198 179 198 191 198 225 198 243 198 274 198 291 198 311 198 361 198 390 198 414 198 440 198 445 198 449 198 462 198 470 198 496 198 515 198 537 198 573 198 585 198 595 198 599 198 599 198 599 198 599 198 599 198 599 198 599 198 599 198 599 198 599 198 599 198 599 198 599 198 599 198 599 198 599 198 
9 1 0 0 1 1 0 169 -1 -1 0 5209 361 90 361 85 361 83 361 76 361 65 361 48 361 31 361 0 361 0 361 0 361 0 361 0 361 0 361 0 361 0 361 0 361 0 361 1 361 2 361 3 361 5 361 9 361 17 361 27 361 41 361 74 361 86 361 100 361 104 361 108 361 119 361 126 361 134 361 152 361 158 361 162 361 166 361 167 361 169 359 169 355 169 348 169 337 169 318 169 287 169 201 169 152 169 78 169 54 169 36 169 5 169 0 169 0 169 0 169 0 169 0 169 0 169 0 169 0 169 0 169 0 169 0 169 0 169 0 169 0 169 0 169 0 169 0 169 0 169 
9 1 0 0 1 1 0 556 -1 -1 1 4577 324 556 331 556 339 556 354 556 378 556 414 556 470 556 599 556 599 556 599 556 599 556 599 556 599 556 599 556 599 556 599 556 599 556 599 556 598 556 591 556 578 556 558 556 529 556 488 556 351 556 277 556 147 556 101 556 63 556 13 556 3 556 0 556 0 556 0 556 0 556 0 556 
9 1 0 0 1 1 378 116 -1 -1 0 3011 162 116 163 116 164 116 169 116 178 116 193 116 212 116 234 116 282 116 310 116 353 116 367 116 375 116 378 116 
9 1 0 0 1 1 167 222 -1 -1 0 3121 305 222 307 222 303 222 298 222 294 222 287 222 276 222 248 222 234 222 209 222 199 222 191 222 179 222 175 222 171 222 168 222 167 222 
9 1 0 0 1 1 188 457 -1 -1 1 3683 49 457 51 457 52 457 55 457 60 457 67 457 78 457 109 457 125 457 155 457 167 457 176 457 186 457 188 457 
9 1 0 0 1 1 367 486 -1 -1 1 2932 521 486 521 486 519 486 517 486 513 486 507 486 496 486 467 486 452 486 428 486 414 486 400 486 376 486 369 486 367 486 
9 1 0 0 1 1 433 279 -1 -1 0 3354 86 279 87 279 89 279 93 279 101 279 114 279 131 279 181 279 213 279 274 279 303 279 329 279 363 279 375 279 387 279 405 279 412 279 420 279 431 279 433 279 
9 1 0 0 1 1 246 306 -1 -1 1 6835 465 507 465 292 465 291 465 288 465 284 465 280 465 273 465 264 465 242 465 230 465 214 465 212 465 211 465 212 465 213 465 216 465 219 465 225 465 231 465 244 465 249 465 259 465 265 465 271 465 285 465 291 465 295 465 300 465 302 465 303 465 305 465 306 466 306 467 306 468 306 470 306 475 306 483 306 514 306 537 306 596 306 599 306 599 306 599 306 599 306 599 306 599 306 599 306 598 306 597 306 595 306 589 306 580 306 563 306 484 306 419 306 307 306 274 306 255 306 247 306 246 306 
9 1 0 0 1 1 599 148 -1 -1 0 4970 477 100 477 108 477 110 477 114 477 122 477 134 477 149 477 184 477 202 477 234 477 247 477 256 477 266 477 269 477 271 477 272 477 268 477 262 477 254 477 242 477 230 477 208 477 198 477 184 477 180 477 178 477 177 477 176 477 175 477 173 477 171 477 169 477 168 477 168 477 167 477 166 477 165 477 164 477 161 477 158 477 157 477 155 477 150 477 149 477 148 478 148 480 148 484 148 492 148 506 148 522 148 571 148 599 148 599 148 599 148 599 148 599 148 599 148 599 148 599 148 
9 1 0 0 1 1 24 357 -1 -1 1 3179 141 357 117 357 116 357 114 357 108 357 99 357 87 357 57 357 45 357 30 357 26 357 24 357 
9 1 0 0 1 2 549 116 0 3892 3 
9 1 0 0 1 2 183 549 1 1119 3 
9 1 0 0 1 2 449 149 0 1222 3 
9 1 0 0 1 2 416 316 1 1843 3 
9 1 0 0 1 2 216 183 0 1026 3 
9 1 0 0 1 2 83 116 0 1362 3 
9 1 0 0 1 2 449 383 1 893 3 
9 1 0 0 1 2 416 50 1 1073 3 
9 1 0 0 1 2 316 50 1 800 3 
9 1 0 0 1 2 183 316 1 2118 3 
9 1 0 0 1 2 116 216 0 1096 3 
9 1 0 0 1 2 249 83 0 3278 3 
9 1 0 0 1 2 183 516 1 920 3 
9 1 0 0 1 2 283 449 0 1179 3 
9 1 0 0 1 2 349 349 1 1132 3 
9 1 0 0 1 2 183 416 1 826 3 
9 1 0 0 1 2 416 83 0 944 3 
9 1 0 0 1 2 183 183 0 1008 3 
9 1 0 0 1 2 50 549 1 970 3 
9 1 0 0 1 2 316 383 1 1398 3 
9 1 0 0 1 2 116 516 1 848 3 
9 1 0 0 1 2 216 316 0 2236 1 
9 1 0 0 1 2 116 249 1 1108 3 
9 1 0 0 1 2 449 516 1 874 3 
9 1 0 0 1 2 482 83 0 1039 3 
9 1 0 0 1 2 249 249 1 946 3 
9 1 0 0 1 2 316 416 1 801 3 
9 1 0 0 1 2 482 482 1 3232 3 
9 1 0 0 1 2 383 383 1 881 3 
9 1 0 0 1 2 549 283 1 1139 3 
9 1 0 0 1 2 449 183 0 1701 3 
9 1 0 0 1 2 116 283 1 1293 3 
9 1 0 0 1 1 503 370 -1 -1 1 5644 503 262 503 191 503 190 503 186 503 180 503 171 503 161 503 140 503 130 503 112 503 106 503 103 503 102 503 104 503 106 503 109 503 112 503 114 503 117 503 118 503 119 503 120 503 122 503 125 503 131 503 139 503 148 503 174 503 188 503 216 503 228 503 238 503 254 503 259 503 266 503 287 503 301 503 315 503 342 503 353 503 365 503 367 503 368 503 369 503 370 
9 1 0 0 1 1 588 121 -1 -1 0 4010 588 522 588 521 588 521 588 519 588 518 588 515 588 511 588 496 588 485 588 458 588 444 588 433 588 418 588 413 588 410 588 408 588 407 588 405 588 400 588 394 588 373 588 359 588 345 588 314 588 300 588 288 588 272 588 265 588 248 588 241 588 236 588 235 588 235 588 235 588 235 588 234 588 234 588 234 588 234 588 232 588 224 588 215 588 205 588 202 588 200 588 199 588 196 588 195 588 194 588 193 588 186 588 173 588 162 588 153 588 147 588 146 588 142 588 139 588 136 588 131 588 128 588 125 588 123 588 121 588 121 
9 1 0 0 1 1 29 340 -1 -1 1 3018 29 330 29 340 29 340 
9 1 0 0 1 1 234 249 -1 -1 0 2827 234 267 234 266 234 264 234 262 234 256 234 253 234 251 234 250 234 249 
9 1 0 0 1 1 349 267 -1 -1 0 5058 574 412 574 411 574 408 574 403 574 396 574 389 574 381 574 371 574 368 574 364 574 360 574 356 574 344 574 342 574 339 574 337 574 336 574 335 574 334 574 333 574 330 574 326 574 321 574 319 574 318 574 316 574 315 574 312 574 310 574 309 574 305 574 302 574 301 574 297 574 294 574 289 574 280 574 277 574 271 574 270 574 268 574 267 575 267 576 267 577 267 578 267 580 267 582 267 584 267 588 267 597 267 599 267 599 267 599 267 599 267 599 267 599 267 599 267 599 267 598 267 594 267 584 267 567 267 547 267 526 267 491 267 478 267 457 267 449 267 439 267 415 267 403 267 393 267 374 267 366 267 359 267 350 267 349 267 
9 1 0 0 1 1 110 569 -1 -1 1 3690 385 569 385 569 381 569 373 569 363 569 351 569 339 569 323 569 321 569 322 569 322 569 317 569 311 569 305 569 296 569 285 569 252 569 226 569 170 569 146 569 128 569 110 569 
9 1 0 0 1 1 110 212 -1 -1 0 5025 110 297 110 297 110 302 110 312 110 325 110 338 110 355 110 383 110 393 110 392 110 387 110 377 110 364 110 345 110 324 110 281 110 261 110 225 110 208 110 193 110 166 110 157 110 149 110 140 110 136 110 134 110 130 110 130 110 131 110 132 110 133 110 134 110 136 110 138 110 140 110 144 110 158 110 169 110 181 110 204 110 213 110 226 110 231 110 234 110 241 110 243 110 247 110 250 110 251 110 251 110 250 110 248 110 245 110 243 110 242 110 240 110 238 110 236 110 234 110 233 110 232 110 230 110 229 110 228 110 227 110 227 110 225 110 224 110 221 110 220 110 219 110 218 110 218 110 216 110 215 110 214 110 214 110 212 
9 1 0 0 1 1 103 244 -1 -1 0 3282 103 294 103 296 103 295 103 293 103 292 103 290 103 289 103 288 103 287 103 286 103 285 103 284 103 283 103 280 103 275 103 269 103 262 103 253 103 250 103 245 103 244 
9 1 0 0 1 1 432 65 -1 -1 0 3267 439 65 436 65 437 65 437 65 439 65 445 65 452 65 462 65 485 65 499 65 528 65 542 65 552 65 563 65 564 65 563 65 561 65 554 65 544 65 531 65 515 65 480 65 465 65 443 65 435 65 433 65 432 65 
9 1 0 0 1 1 374 0 -1 -1 0 5963 354 110 355 110 356 110 358 110 359 110 360 110 362 110 364 110 365 110 366 110 367 110 368 110 372 110 374 110 374 66 374 71 374 79 374 89 374 103 374 119 374 157 374 172 374 192 374 199 374 205 374 216 374 225 374 231 374 236 374 239 374 241 374 243 374 245 374 247 374 249 374 251 374 257 374 260 374 263 374 265 374 266 374 267 374 267 374 266 374 264 374 259 374 253 374 244 374 233 374 208 374 193 374 165 374 151 374 135 374 104 374 87 374 70 374 36 374 18 374 0 374 0 374 0 374 0 374 0 374 0 374 0 374 0 374 0 374 0 374 0 374 0 374 0 374 0 
9 1 0 0 1 1 18 472 -1 -1 1 6186 18 587 18 587 18 588 18 589 18 595 18 599 18 599 18 599 18 599 18 599 18 599 18 599 18 599 18 599 18 599 18 599 18 599 18 599 18 599 18 599 18 599 18 599 18 598 18 599 18 599 18 599 18 599 18 599 18 599 18 599 18 599 18 599 18 599 18 599 18 599 18 599 18 599 18 597 18 591 18 577 18 524 18 480 18 344 18 267 18 192 18 60 18 4 18 0 18 0 18 0 18 0 18 0 18 5 18 11 18 20 18 35 18 53 18 75 18 117 18 141 18 197 18 224 18 250 18 285 18 295 18 299 18 302 18 303 18 303 18 305 18 306 18 306 18 309 18 318 18 329 18 343 18 380 18 398 18 433 18 443 18 453 18 467 18 470 18 471 18 472 18 472 18 473 18 474 18 474 18 473 18 472 
9 1 0 0 1 1 161 258 -1 -1 0 5169 221 461 225 461 224 461 224 461 222 461 220 461 217 461 212 461 195 461 184 461 159 461 144 461 129 461 102 461 93 461 85 461 74 461 67 461 62 461 54 461 53 461 52 461 52 461 53 461 54 461 58 461 64 461 72 461 93 461 104 461 124 461 135 461 144 461 158 461 160 461 161 461 161 461 161 460 161 459 161 457 161 451 161 442 161 414 161 397 161 365 161 350 161 337 161 320 161 316 161 312 161 311 161 309 161 308 161 307 161 305 161 302 161 299 161 292 161 277 161 271 161 264 161 263 161 261 161 260 161 259 161 258 
9 1 0 0 1 1 476 418 -1 -1 1 4914 476 431 476 433 476 429 476 423 476 413 476 399 476 382 476 341 476 318 476 274 476 256 476 240 476 211 476 203 476 197 476 188 476 187 476 186 476 185 476 185 476 186 476 187 476 187 476 188 476 189 476 191 476 195 476 201 476 226 476 241 476 258 476 282 476 287 476 290 476 291 476 292 476 293 476 294 476 295 476 296 476 298 476 302 476 307 476 314 476 331 476 341 476 353 476 356 476 357 476 358 476 360 476 362 476 369 476 373 476 380 476 395 476 402 476 412 476 415 476 416 476 418 
9 1 0 0 1 1 424 357 -1 -1 1 4546 424 400 424 401 424 401 424 399 424 398 424 397 424 396 424 395 424 393 424 390 424 388 424 387 424 385 424 383 424 382 424 380 424 379 424 377 424 374 424 371 424 368 424 366 424 365 424 364 424 363 424 362 424 361 424 360 424 359 424 358 424 357 
9 1 0 0 1 1 141 292 -1 -1 0 4434 141 307 141 314 141 312 141 306 141 297 141 284 141 271 141 253 141 245 141 225 141 214 141 203 141 186 141 178 141 174 141 169 141 168 141 168 141 169 141 171 141 172 141 175 141 180 141 188 141 209 141 221 141 248 141 261 141 271 141 286 141 295 141 301 141 309 141 310 141 311 141 313 141 314 141 313 141 309 141 307 141 305 141 304 141 302 141 301 141 299 141 297 141 296 141 295 141 294 141 293 141 292 
9 1 0 0 1 1 187 545 -1 -1 1 5924 187 547 187 547 187 546 187 545 187 544 187 543 187 542 187 541 187 542 187 543 187 544 187 545 
9 1 0 0 1 2 50 482 1 2891 3 
9 1 0 0 1 2 516 183 0 1232 2 
9 1 0 0 1 2 50 316 0 1420 2 
9 1 0 0 1 2 349 116 0 1515 2 
9 1 0 0 1 2 316 216 0 1155 2 
9 1 0 0 1 2 383 216 0 790 2 
9 1 0 0 1 2 416 216 0 798 2 
9 1 0 0 1 2 216 416 1 1407 2 
9 1 0 0 1 2 149 316 1 2940 2 
9 1 0 0 1 2 283 249 0 2507 2 
9 1 0 0 1 2 516 549 1 1231 2 
9 1 0 0 1 2 482 249 0 1360 2 
9 1 0 0 1 2 216 482 1 1954 2 
9 1 0 0 1 2 149 516 1 1671 2 
9 1 0 0 1 2 449 549 1 1049 2 
9 1 0 0 1 2 183 116 0 1081 2 
9 1 0 0 1 2 249 516 1 773 2 
9 1 0 0 1 2 249 149 0 852 2 
9 1 0 0 1 2 50 249 0 1680 2 
9 1 0 0 1 2 216 50 0 1428 2 
9 1 0 0 1 2 149 50 0 809 2 
9 1 0 0 1 2 249 349 1 1267 2 
9 1 0 0 1 2 516 482 1 1657 2 
9 1 0 0 1 2 482 516 1 1784 2 
9 1 0 0 1 2 416 183 0 1105 2 
9 1 0 0 1 2 316 316 0 1852 2 
9 1 0 0 1 2 283 116 1 1126 2 
9 1 0 0 1 2 183 50 0 2358 2 
9 1 0 0 1 2 316 349 1 1204 2 
9 1 0 0 1 2 416 449 1 1088 2 
9 1 0 0 1 2 383 183 0 1172 2 
9 1 0 0 1 2 416 516 1 2525 2 
