Subject 97 in condition 1
Training Condition: 0
Task: 0
Rule: [[[300, 220], [[9000, 0], [0, 2000]]], [[300, 380], [[9000, 0], [0, 2000]]]]
Noise: 0
CATA=1
CATB=0
Sample keys: 122 120
Resp keys: 309 307
Dim direction: 1 0
Dim minimum: 63 62
Test order: [2, 1, 0, 4, 5, 7, 3, 6]
97 1 0 0 1 1 599 338 -1 -1 1 21157 549 338 409 338 406 338 405 338 403 338 402 338 401 338 402 338 403 338 404 338 405 338 406 338 407 338 408 338 409 338 410 338 411 338 412 338 413 338 414 338 415 338 416 338 417 338 418 338 419 338 420 338 421 338 422 338 423 338 425 338 426 338 428 338 429 338 430 338 431 338 432 338 434 338 435 338 436 338 437 338 444 338 446 338 447 338 449 338 450 338 451 338 452 338 453 338 454 338 456 338 458 338 461 338 462 338 463 338 464 338 465 338 467 338 469 338 470 338 471 338 472 338 473 338 474 338 476 338 477 338 479 338 481 338 483 338 486 338 487 338 489 338 490 338 491 338 494 338 495 338 496 338 497 338 498 338 499 338 500 338 501 338 502 338 506 338 510 338 514 338 518 338 526 338 528 338 531 338 533 338 534 338 539 338 543 338 547 338 556 338 561 338 569 338 574 338 578 338 586 338 589 338 591 338 594 338 595 338 597 338 599 338 599 338 599 338 599 338 599 338 599 338 599 338 599 338 599 338 599 338 599 338 599 338 599 338 599 338 599 338 599 338 599 338 599 338 
97 1 0 0 1 1 289 248 -1 -1 0 40578 357 248 289 248 
97 1 0 0 1 1 85 597 -1 -1 1 16846 85 485 85 440 85 440 85 440 85 440 85 440 85 440 85 440 85 441 85 441 85 441 85 442 85 442 85 443 85 444 85 446 85 447 85 447 85 448 85 449 85 449 85 449 85 449 85 450 85 450 85 450 85 450 85 450 85 450 85 450 85 449 85 447 85 445 85 443 85 442 85 438 85 436 85 435 85 432 85 431 85 430 85 428 85 427 85 426 85 426 85 426 85 426 85 427 85 428 85 429 85 429 85 430 85 431 85 431 85 433 85 433 85 433 85 434 85 434 85 435 85 435 85 435 85 435 85 434 85 433 85 430 85 426 85 424 85 422 85 418 85 416 85 415 85 412 85 411 85 410 85 409 85 409 85 409 85 409 85 410 85 411 85 413 85 417 85 423 85 438 85 449 85 460 85 480 85 485 85 488 85 488 85 488 85 488 85 487 85 486 85 488 85 492 85 499 85 507 85 515 85 523 85 536 85 542 85 551 85 556 85 560 85 568 85 571 85 574 85 582 85 586 85 589 85 593 85 596 85 599 85 599 85 599 85 599 85 599 85 599 85 599 85 599 85 599 85 599 85 599 85 599 85 599 85 599 85 599 85 599 85 599 85 599 85 599 85 599 85 599 85 599 85 599 85 599 85 599 85 599 85 599 85 599 85 599 85 599 85 599 85 599 85 599 85 599 85 599 85 599 85 599 85 599 85 599 85 599 85 599 85 599 85 599 85 599 85 599 85 599 85 599 85 599 85 599 85 599 85 599 85 599 85 599 85 599 85 597 85 595 85 596 85 597 
97 1 0 0 1 1 183 219 -1 -1 0 15982 183 481 183 577 183 577 183 578 183 578 183 578 183 579 183 580 183 581 183 582 183 582 183 583 183 583 183 583 183 583 183 583 183 583 183 582 183 581 183 580 183 578 183 577 183 572 183 572 183 571 183 571 183 571 183 569 183 569 183 568 183 567 183 567 183 566 183 565 183 565 183 565 183 565 183 565 183 566 183 568 183 571 183 578 183 580 183 584 183 586 183 588 183 593 183 595 183 597 183 599 183 599 183 599 183 599 183 599 183 599 183 599 183 599 183 599 183 599 183 599 183 599 183 599 183 599 183 599 183 599 183 599 183 599 183 599 183 599 183 599 183 599 183 599 183 599 183 599 183 599 183 599 183 595 183 590 183 582 183 559 183 545 183 528 183 487 183 466 183 428 183 409 183 393 183 362 183 346 183 334 183 315 183 309 183 302 183 300 183 296 183 291 183 289 183 289 183 288 183 287 183 285 183 282 183 278 183 275 183 271 183 270 183 269 183 268 183 268 183 267 183 265 183 263 183 262 183 260 183 258 183 257 183 257 183 256 183 256 183 254 183 253 183 252 183 251 183 249 183 249 183 248 183 247 183 246 183 245 183 244 183 243 183 241 183 238 183 233 183 230 183 226 183 225 183 224 183 223 183 223 183 222 183 221 183 220 183 220 183 219 183 219 
97 1 0 0 1 1 206 214 -1 -1 0 17482 498 214 507 214 507 214 507 214 508 214 508 214 509 214 509 214 510 214 510 214 510 214 510 214 510 214 510 214 510 214 511 214 511 214 512 214 513 214 514 214 516 214 517 214 519 214 521 214 522 214 526 214 527 214 529 214 530 214 530 214 531 214 531 214 531 214 533 214 533 214 535 214 536 214 538 214 542 214 543 214 547 214 549 214 551 214 555 214 557 214 560 214 567 214 570 214 573 214 579 214 582 214 588 214 591 214 594 214 599 214 599 214 599 214 599 214 599 214 599 214 599 214 599 214 599 214 599 214 599 214 599 214 599 214 599 214 599 214 599 214 599 214 599 214 599 214 599 214 599 214 599 214 599 214 599 214 598 214 595 214 593 214 592 214 590 214 590 214 588 214 587 214 586 214 583 214 582 214 581 214 577 214 575 214 571 214 569 214 567 214 564 214 562 214 561 214 556 214 554 214 552 214 548 214 546 214 542 214 540 214 538 214 534 214 532 214 529 214 524 214 521 214 515 214 512 214 508 214 503 214 501 214 499 214 496 214 494 214 494 214 491 214 490 214 488 214 488 214 486 214 484 214 482 214 480 214 476 214 473 214 468 214 465 214 463 214 460 214 458 214 457 214 452 214 449 214 447 214 443 214 440 214 435 214 433 214 432 214 428 214 426 214 424 214 419 214 417 214 412 214 409 214 406 214 401 214 397 214 395 214 389 214 387 214 384 214 379 214 377 214 371 214 368 214 366 214 360 214 358 214 356 214 351 214 348 214 345 214 341 214 339 214 334 214 333 214 330 214 328 214 327 214 326 214 324 214 324 214 323 214 323 214 322 214 321 214 321 214 320 214 318 214 317 214 316 214 313 214 312 214 310 214 309 214 308 214 307 214 306 214 306 214 305 214 304 214 302 214 301 214 300 214 298 214 297 214 296 214 295 214 294 214 293 214 291 214 291 214 289 214 289 214 288 214 287 214 287 214 287 214 285 214 284 214 283 214 281 214 280 214 277 214 276 214 275 214 274 214 273 214 271 214 270 214 269 214 265 214 263 214 261 214 259 214 258 214 256 214 254 214 252 214 251 214 248 214 246 214 244 214 242 214 241 214 238 214 236 214 234 214 231 214 230 214 227 214 225 214 223 214 221 214 220 214 220 214 218 214 218 214 217 214 215 214 215 214 213 214 212 214 211 214 210 214 210 214 209 214 209 214 209 214 209 214 209 214 209 214 209 214 209 214 209 214 209 214 209 214 209 214 209 214 209 214 209 214 209 214 208 214 208 214 208 214 208 214 207 214 206 214 
97 1 0 0 1 1 520 34 -1 -1 0 8768 520 135 520 136 520 134 520 132 520 131 520 129 520 127 520 125 520 124 520 123 520 122 520 121 520 120 520 118 520 117 520 115 520 114 520 112 520 107 520 102 520 97 520 93 520 90 520 82 520 79 520 76 520 71 520 67 520 64 520 62 520 60 520 59 520 57 520 57 520 55 520 54 520 53 520 48 520 46 520 43 520 43 520 42 520 40 520 39 520 39 520 37 520 36 520 36 520 34 
97 1 0 0 1 1 574 64 -1 -1 0 8941 574 172 574 212 574 210 574 206 574 200 574 194 574 188 574 176 574 172 574 161 574 155 574 150 574 136 574 131 574 127 574 123 574 120 574 118 574 116 574 114 574 109 574 105 574 101 574 88 574 82 574 76 574 64 574 57 574 45 574 40 574 37 574 26 574 22 574 19 574 15 574 12 574 9 574 2 574 0 574 0 574 0 574 0 574 0 574 0 574 0 574 0 574 0 574 0 574 0 574 0 574 0 574 0 574 0 574 0 574 0 574 0 574 0 574 0 574 0 574 0 574 0 574 0 574 0 574 0 574 0 574 0 574 0 574 0 574 0 574 0 574 0 574 0 574 0 574 0 574 0 574 2 574 8 574 11 574 18 574 19 574 19 574 16 574 10 574 0 574 0 574 0 574 0 574 0 574 0 574 0 574 0 574 0 574 0 574 0 574 0 574 0 574 0 574 0 574 0 574 0 574 0 574 0 574 0 574 0 574 0 574 0 574 0 574 0 574 0 574 0 574 0 574 0 574 4 574 16 574 29 574 15 574 0 574 0 574 0 574 0 574 0 574 1 574 17 574 16 574 14 574 9 574 5 574 6 574 9 574 14 574 23 574 36 574 54 574 64 
97 1 0 0 1 1 599 379 -1 -1 1 9757 161 379 0 379 4 379 9 379 16 379 21 379 27 379 37 379 38 379 42 379 44 379 48 379 56 379 60 379 63 379 67 379 69 379 72 379 78 379 83 379 94 379 100 379 107 379 112 379 113 379 114 379 117 379 121 379 130 379 140 379 153 379 179 379 191 379 214 379 226 379 238 379 266 379 281 379 295 379 325 379 339 379 352 379 377 379 390 379 413 379 424 379 435 379 454 379 463 379 472 379 494 379 506 379 527 379 538 379 550 379 574 379 585 379 596 379 599 379 599 379 599 379 599 379 599 379 599 379 599 379 599 379 599 379 599 379 599 379 599 379 599 379 599 379 599 379 599 379 599 379 599 379 599 379 599 379 
97 1 0 0 1 1 599 514 -1 -1 1 7241 489 514 516 514 518 514 519 514 520 514 522 514 523 514 525 514 526 514 527 514 528 514 529 514 532 514 534 514 538 514 542 514 545 514 548 514 556 514 559 514 566 514 572 514 578 514 588 514 593 514 599 514 599 514 599 514 599 514 599 514 599 514 599 514 599 514 599 514 599 514 599 514 599 514 599 514 599 514 599 514 599 514 599 514 599 514 599 514 599 514 
97 1 0 0 1 1 436 0 -1 -1 0 7522 436 380 436 233 436 232 436 230 436 226 436 223 436 220 436 216 436 203 436 194 436 175 436 166 436 158 436 140 436 130 436 122 436 102 436 91 436 71 436 61 436 50 436 25 436 13 436 0 436 0 436 0 436 0 436 0 436 0 436 0 436 0 436 0 436 0 436 0 436 0 436 0 436 0 436 0 436 0 436 0 436 0 436 0 436 0 436 0 436 0 436 0 436 0 
97 1 0 0 1 1 404 225 -1 -1 0 8138 404 440 404 531 404 529 404 527 404 523 404 519 404 517 404 511 404 510 404 507 404 506 404 504 404 504 404 504 404 505 404 506 404 508 404 512 404 517 404 533 404 543 404 559 404 563 404 568 404 577 404 582 404 586 404 594 404 597 404 599 404 599 404 598 404 596 404 592 404 584 404 576 404 566 404 545 404 540 404 541 404 545 404 552 404 560 404 571 404 595 404 599 404 599 404 599 404 599 404 599 404 599 404 599 404 599 404 599 404 599 404 598 404 594 404 589 404 582 404 573 404 551 404 539 404 524 404 495 404 479 404 449 404 435 404 421 404 396 404 385 404 375 404 355 404 346 404 338 404 325 404 320 404 318 404 317 404 316 404 315 404 313 404 311 404 308 404 306 404 302 404 300 404 299 404 298 404 296 404 293 404 291 404 288 404 281 404 276 404 273 404 264 404 261 404 257 404 256 404 254 404 252 404 250 404 248 404 242 404 238 404 231 404 229 404 227 404 225 
97 1 0 0 1 1 3 109 -1 -1 0 7576 262 109 464 109 463 109 462 109 458 109 455 109 452 109 446 109 443 109 438 109 436 109 434 109 431 109 430 109 429 109 427 109 426 109 426 109 424 109 421 109 417 109 411 109 394 109 385 109 367 109 355 109 344 109 319 109 304 109 289 109 259 109 244 109 230 109 196 109 181 109 152 109 139 109 125 109 98 109 86 109 75 109 61 109 57 109 50 109 48 109 45 109 39 109 36 109 32 109 23 109 18 109 15 109 12 109 11 109 10 109 9 109 8 109 7 109 6 109 5 109 4 109 3 109 
97 1 0 0 1 1 3 282 -1 -1 0 10140 3 550 3 599 3 599 3 599 3 599 3 599 3 599 3 599 3 599 3 599 3 599 3 599 3 599 3 599 3 599 3 599 3 599 3 599 3 599 3 599 3 599 3 599 3 599 3 599 3 599 3 599 3 599 3 599 3 599 3 599 3 599 3 599 3 599 3 599 3 599 3 599 3 599 3 599 3 599 3 599 3 599 3 599 3 599 3 599 3 599 3 599 3 599 3 599 3 599 3 599 3 599 3 599 3 599 3 599 3 599 3 599 3 599 3 599 3 599 3 599 3 599 3 599 3 599 3 599 3 599 3 599 3 599 3 599 3 599 3 599 3 599 3 598 3 594 3 585 3 571 3 553 3 530 3 468 3 433 3 352 3 315 3 272 3 189 3 149 3 110 3 38 3 4 3 0 3 0 3 0 3 0 3 0 3 0 3 0 3 0 3 0 3 0 3 4 3 12 3 21 3 35 3 53 3 98 3 126 3 182 3 210 3 237 3 291 3 314 3 333 3 366 3 381 3 394 3 413 3 418 3 421 3 421 3 420 3 418 3 415 3 410 3 403 3 385 3 375 3 359 3 351 3 343 3 328 3 320 3 313 3 308 3 307 3 306 3 305 3 303 3 301 3 297 3 294 3 291 3 290 3 287 3 286 3 285 3 284 3 283 3 282 3 282 
97 1 0 0 1 1 275 48 -1 -1 0 7667 294 48 292 48 291 48 290 48 289 48 288 48 288 48 287 48 284 48 283 48 279 48 277 48 276 48 275 48 
97 1 0 0 1 1 599 463 -1 -1 1 7138 425 463 427 463 431 463 440 463 451 463 464 463 478 463 509 463 527 463 563 463 582 463 599 463 599 463 599 463 599 463 599 463 599 463 599 463 599 463 599 463 599 463 599 463 599 463 599 463 599 463 599 463 599 463 599 463 599 463 
97 1 0 0 1 1 375 110 -1 -1 0 12171 375 213 375 0 375 1 375 2 375 4 375 7 375 12 375 17 375 29 375 36 375 47 375 48 375 48 375 46 375 46 375 45 375 44 375 43 375 43 375 42 375 40 375 37 375 34 375 32 375 28 375 27 375 27 375 22 375 20 375 16 375 8 375 3 375 0 375 0 375 0 375 0 375 0 375 0 375 0 375 0 375 0 375 0 375 2 375 5 375 10 375 15 375 22 375 29 375 45 375 51 375 66 375 73 375 80 375 94 375 101 375 108 375 124 375 131 375 135 375 142 375 143 375 144 375 143 375 142 375 142 375 141 375 140 375 139 375 138 375 137 375 136 375 135 375 134 375 133 375 132 375 131 375 130 375 129 375 128 375 128 375 126 375 125 375 122 375 120 375 119 375 116 375 115 375 113 375 111 375 110 375 109 375 108 375 107 375 106 375 104 375 105 375 106 375 107 375 108 375 109 375 110 
97 1 0 0 1 2 416 482 0 4990 2 
97 1 0 0 1 2 416 249 0 2846 4 
97 1 0 0 1 2 149 116 0 4251 5 
97 1 0 0 1 2 549 316 1 3689 1 
97 1 0 0 1 2 283 216 0 3299 2 
97 1 0 0 1 2 383 83 0 5485 1 
97 1 0 0 1 2 349 516 0 3169 1 
97 1 0 0 1 2 83 83 0 2251 3 
97 1 0 0 1 2 249 183 0 2105 3 
97 1 0 0 1 2 183 383 0 7792 2 
97 1 0 0 1 2 349 83 0 5710 1 
97 1 0 0 1 2 482 149 1 1998 2 
97 1 0 0 1 2 116 316 0 2663 3 
97 1 0 0 1 2 149 83 0 1555 3 
97 1 0 0 1 2 50 149 0 1411 3 
97 1 0 0 1 2 149 249 0 1428 3 
97 1 0 0 1 2 449 449 1 1731 2 
97 1 0 0 1 2 449 83 1 1678 2 
97 1 0 0 1 2 516 383 1 1265 2 
97 1 0 0 1 2 349 383 0 1365 2 
97 1 0 0 1 2 283 383 0 965 2 
97 1 0 0 1 2 316 283 0 819 2 
97 1 0 0 1 2 83 349 0 1076 2 
97 1 0 0 1 2 216 449 0 1129 2 
97 1 0 0 1 2 183 349 0 965 2 
97 1 0 0 1 2 482 50 1 1191 2 
97 1 0 0 1 2 216 349 0 935 2 
97 1 0 0 1 2 449 116 0 1598 2 
97 1 0 0 1 2 416 349 0 1354 2 
97 1 0 0 1 2 83 449 0 1206 2 
97 1 0 0 1 2 549 383 1 1204 2 
97 1 0 0 1 2 83 149 0 1303 2 
97 1 0 0 1 1 55 111 -1 -1 0 12403 55 217 55 213 55 212 55 211 55 210 55 208 55 207 55 203 55 201 55 198 55 196 55 195 55 194 55 193 55 192 55 190 55 189 55 188 55 187 55 186 55 185 55 184 55 183 55 182 55 181 55 180 55 180 55 179 55 178 55 177 55 176 55 175 55 174 55 171 55 168 55 164 55 160 55 158 55 156 55 155 55 153 55 151 55 148 55 138 55 130 55 121 55 106 55 99 55 91 55 87 55 85 55 82 55 80 55 78 55 77 55 78 55 80 55 83 55 85 55 87 55 88 55 91 55 92 55 93 55 94 55 95 55 97 55 99 55 100 55 101 55 102 55 104 55 106 55 109 55 111 
97 1 0 0 1 1 459 296 -1 -1 0 8676 357 296 369 296 368 296 367 296 366 296 364 296 363 296 361 296 357 296 350 296 347 296 341 296 339 296 338 296 337 296 336 296 335 296 333 296 331 296 332 296 336 296 339 296 344 296 350 296 360 296 377 296 386 296 405 296 416 296 427 296 446 296 454 296 460 296 471 296 474 296 478 296 484 296 486 296 492 296 495 296 498 296 504 296 508 296 510 296 517 296 519 296 523 296 524 296 526 296 529 296 531 296 533 296 542 296 548 296 554 296 567 296 574 296 586 296 591 296 592 296 595 296 596 296 597 296 598 296 599 296 599 296 599 296 599 296 599 296 599 296 599 296 599 296 599 296 599 296 599 296 599 296 599 296 599 296 599 296 599 296 599 296 599 296 598 296 594 296 586 296 577 296 568 296 557 296 536 296 523 296 500 296 489 296 481 296 474 296 472 296 471 296 470 296 470 296 468 296 467 296 464 296 462 296 460 296 459 296 
97 1 0 0 1 1 0 235 -1 -1 0 7546 537 235 550 235 549 235 548 235 547 235 546 235 545 235 544 235 543 235 541 235 537 235 536 235 535 235 534 235 533 235 532 235 531 235 530 235 529 235 528 235 527 235 526 235 526 235 524 235 523 235 521 235 519 235 515 235 512 235 504 235 499 235 491 235 488 235 484 235 477 235 474 235 471 235 467 235 463 235 459 235 448 235 441 235 428 235 420 235 413 235 396 235 388 235 379 235 361 235 350 235 330 235 320 235 310 235 287 235 274 235 260 235 231 235 215 235 199 235 167 235 151 235 117 235 102 235 85 235 56 235 42 235 29 235 4 235 0 235 0 235 0 235 0 235 0 235 0 235 0 235 0 235 0 235 0 235 0 235 
97 1 0 0 1 1 599 462 -1 -1 1 7891 60 462 303 462 301 462 298 462 295 462 291 462 285 462 272 462 265 462 249 462 241 462 233 462 220 462 213 462 206 462 193 462 187 462 182 462 172 462 166 462 153 462 147 462 141 462 132 462 130 462 133 462 137 462 145 462 156 462 171 462 189 462 230 462 253 462 300 462 322 462 345 462 392 462 416 462 437 462 478 462 496 462 511 462 539 462 551 462 571 462 582 462 593 462 599 462 599 462 599 462 599 462 599 462 599 462 599 462 599 462 599 462 599 462 599 462 599 462 599 462 599 462 599 462 
97 1 0 0 1 1 447 470 -1 -1 1 10284 447 363 447 169 447 168 447 168 447 168 447 167 447 167 447 167 447 165 447 165 447 165 447 164 447 164 447 162 447 163 447 166 447 169 447 175 447 180 447 187 447 196 447 199 447 201 447 201 447 201 447 201 447 201 447 201 447 200 447 200 447 200 447 202 447 204 447 209 447 214 447 219 447 231 447 240 447 248 447 263 447 274 447 296 447 307 447 316 447 331 447 337 447 342 447 351 447 356 447 361 447 371 447 376 447 385 447 388 447 391 447 395 447 397 447 397 447 399 447 400 447 400 447 402 447 404 447 407 447 415 447 420 447 430 447 434 447 439 447 446 447 449 447 451 447 457 447 460 447 468 447 471 447 474 447 482 447 484 447 486 447 487 447 486 447 485 447 484 447 483 447 482 447 481 447 480 447 479 447 478 447 477 447 476 447 475 447 474 447 473 447 472 447 472 447 471 447 470 447 470 
97 1 0 0 1 1 276 471 -1 -1 1 10617 276 515 276 97 276 95 276 93 276 92 276 91 276 90 276 90 276 89 276 88 276 88 276 88 276 87 276 88 276 90 276 96 276 105 276 115 276 125 276 140 276 145 276 150 276 152 276 154 276 155 276 157 276 158 276 158 276 157 276 153 276 146 276 137 276 126 276 97 276 81 276 52 276 40 276 29 276 9 276 1 276 0 276 0 276 0 276 0 276 0 276 0 276 0 276 0 276 0 276 0 276 0 276 0 276 0 276 0 276 0 276 0 276 0 276 0 276 0 276 0 276 0 276 1 276 5 276 13 276 23 276 38 276 58 276 112 276 144 276 207 276 238 276 268 276 323 276 347 276 370 276 410 276 426 276 444 276 471 276 479 276 487 276 486 276 485 276 484 276 483 276 482 276 481 276 480 276 479 276 478 276 477 276 476 276 474 276 473 276 473 276 472 276 471 276 470 276 470 276 469 276 470 276 471 
97 1 0 0 1 1 599 34 -1 -1 0 6729 492 34 488 34 489 34 490 34 491 34 493 34 495 34 497 34 499 34 501 34 503 34 508 34 511 34 515 34 522 34 525 34 527 34 532 34 535 34 536 34 540 34 543 34 546 34 548 34 551 34 560 34 566 34 572 34 584 34 589 34 598 34 599 34 599 34 599 34 599 34 599 34 599 34 599 34 599 34 599 34 599 34 599 34 599 34 
97 1 0 0 1 1 125 0 -1 -1 0 9130 125 405 125 354 125 356 125 358 125 362 125 368 125 376 125 397 125 408 125 431 125 442 125 453 125 473 125 481 125 488 125 494 125 495 125 494 125 493 125 492 125 490 125 489 125 486 125 484 125 477 125 473 125 465 125 463 125 461 125 458 125 457 125 455 125 450 125 448 125 445 125 438 125 434 125 431 125 429 125 428 125 427 125 426 125 425 125 424 125 423 125 422 125 421 125 420 125 419 125 417 125 415 125 414 125 408 125 405 125 402 125 394 125 389 125 385 125 377 125 373 125 365 125 361 125 356 125 344 125 340 125 335 125 325 125 320 125 310 125 305 125 301 125 294 125 290 125 286 125 278 125 275 125 272 125 268 125 266 125 264 125 263 125 262 125 261 125 260 125 259 125 258 125 257 125 256 125 254 125 252 125 249 125 239 125 234 125 225 125 221 125 217 125 214 125 211 125 210 125 206 125 203 125 200 125 187 125 174 125 142 125 123 125 105 125 66 125 47 125 30 125 1 125 0 125 0 125 0 125 0 125 0 125 0 125 0 125 0 125 0 125 0 125 0 125 0 125 0 125 0 125 0 125 0 125 0 125 0 125 0 125 0 
97 1 0 0 1 1 93 467 -1 -1 1 10810 114 467 210 467 209 467 208 467 207 467 206 467 205 467 204 467 201 467 200 467 196 467 193 467 191 467 184 467 179 467 169 467 164 467 159 467 149 467 143 467 138 467 129 467 125 467 122 467 117 467 116 467 114 467 112 467 111 467 108 467 107 467 106 467 104 467 103 467 102 467 101 467 100 467 99 467 97 467 95 467 94 467 93 467 
97 1 0 0 1 1 269 569 -1 -1 1 10339 269 211 269 249 269 246 269 242 269 237 269 233 269 229 269 223 269 218 269 211 269 207 269 205 269 204 269 203 269 202 269 201 269 200 269 199 269 198 269 197 269 196 269 195 269 192 269 191 269 189 269 188 269 186 269 185 269 182 269 181 269 178 269 177 269 175 269 173 269 171 269 170 269 167 269 165 269 162 269 161 269 159 269 156 269 153 269 151 269 148 269 147 269 148 269 149 269 151 269 156 269 162 269 170 269 193 269 209 269 244 269 261 269 276 269 307 269 320 269 332 269 350 269 356 269 359 269 362 269 363 269 366 269 367 269 368 269 370 269 372 269 373 269 377 269 380 269 384 269 393 269 399 269 411 269 419 269 427 269 443 269 449 269 457 269 472 269 478 269 490 269 497 269 503 269 514 269 519 269 525 269 534 269 538 269 543 269 550 269 555 269 562 269 565 269 568 269 573 269 575 269 576 269 578 269 578 269 578 269 578 269 578 269 578 269 578 269 578 269 577 269 577 269 577 269 576 269 576 269 574 269 573 269 572 269 570 269 569 269 569 269 568 269 568 269 568 269 568 269 568 269 569 
97 1 0 0 1 1 286 356 -1 -1 1 7762 182 356 189 356 188 356 187 356 185 356 183 356 181 356 178 356 170 356 166 356 163 356 158 356 157 356 155 356 154 356 153 356 154 356 156 356 158 356 160 356 163 356 167 356 172 356 175 356 181 356 185 356 190 356 206 356 215 356 225 356 245 356 254 356 261 356 274 356 278 356 283 356 284 356 285 356 286 356 
97 1 0 0 1 1 9 351 -1 -1 1 6059 395 351 246 351 245 351 243 351 239 351 234 351 227 351 215 351 207 351 192 351 182 351 171 351 151 351 142 351 133 351 116 351 108 351 100 351 87 351 80 351 68 351 62 351 57 351 49 351 44 351 39 351 31 351 27 351 20 351 17 351 15 351 12 351 11 351 10 351 9 351 
97 1 0 0 1 1 351 344 -1 -1 1 8538 288 344 351 344 
97 1 0 0 1 1 453 598 -1 -1 1 8732 453 497 453 498 453 496 453 494 453 490 453 486 453 483 453 474 453 470 453 458 453 455 453 452 453 446 453 443 453 440 453 434 453 432 453 430 453 430 453 431 453 432 453 434 453 436 453 438 453 442 453 450 453 456 453 465 453 468 453 471 453 478 453 480 453 482 453 485 453 486 453 487 453 490 453 491 453 495 453 496 453 499 453 503 453 506 453 509 453 514 453 516 453 521 453 523 453 525 453 528 453 529 453 531 453 535 453 537 453 539 453 541 453 542 453 544 453 545 453 545 453 547 453 547 453 548 453 549 453 550 453 551 453 552 453 552 453 553 453 555 453 557 453 559 453 561 453 565 453 568 453 575 453 577 453 579 453 585 453 586 453 589 453 595 453 598 453 599 453 599 453 599 453 599 453 599 453 599 453 599 453 599 453 599 453 599 453 599 453 599 453 599 453 599 453 599 453 599 453 599 453 598 453 598 453 598 
97 1 0 0 1 1 349 193 -1 -1 0 9130 349 557 349 556 349 556 349 556 349 555 349 553 349 551 349 542 349 536 349 524 349 518 349 511 349 496 349 488 349 480 349 466 349 460 349 455 349 448 349 445 349 442 349 442 349 441 349 441 349 441 349 439 349 434 349 432 349 427 349 416 349 409 349 394 349 387 349 381 349 372 349 368 349 362 349 349 349 342 349 330 349 324 349 318 349 308 349 305 349 302 349 296 349 293 349 288 349 276 349 267 349 252 349 246 349 241 349 233 349 232 349 231 349 230 349 229 349 228 349 227 349 227 349 227 349 227 349 227 349 227 349 228 349 229 349 230 349 230 349 231 349 232 349 233 349 236 349 237 349 240 349 241 349 242 349 243 349 244 349 244 349 244 349 244 349 244 349 244 349 244 349 243 349 243 349 242 349 240 349 238 349 235 349 231 349 227 349 222 349 221 349 219 349 216 349 215 349 213 349 212 349 211 349 209 349 208 349 207 349 206 349 205 349 204 349 203 349 201 349 199 349 198 349 197 349 196 349 195 349 194 349 193 349 193 
97 1 0 0 1 1 599 492 -1 -1 1 6713 358 492 136 492 139 492 147 492 157 492 165 492 178 492 204 492 217 492 242 492 254 492 265 492 289 492 298 492 305 492 315 492 319 492 323 492 334 492 341 492 355 492 363 492 375 492 403 492 417 492 432 492 461 492 476 492 491 492 521 492 534 492 559 492 570 492 582 492 599 492 599 492 599 492 599 492 599 492 599 492 599 492 599 492 599 492 599 492 599 492 599 492 599 492 599 492 599 492 
97 1 0 0 1 2 183 116 0 4621 2 
97 1 0 0 1 2 283 116 0 2322 2 
97 1 0 0 1 2 349 116 0 2090 2 
97 1 0 0 1 2 516 549 1 2397 2 
97 1 0 0 1 2 50 482 1 2259 2 
97 1 0 0 1 2 249 149 0 2130 2 
97 1 0 0 1 2 149 50 1 1542 2 
97 1 0 0 1 2 449 549 1 1774 2 
97 1 0 0 1 2 316 316 0 1511 2 
97 1 0 0 1 2 316 216 0 954 2 
97 1 0 0 1 2 216 482 1 1875 2 
97 1 0 0 1 2 249 516 1 977 2 
97 1 0 0 1 2 416 516 1 849 2 
97 1 0 0 1 2 516 482 1 846 2 
97 1 0 0 1 2 516 183 0 1170 2 
97 1 0 0 1 2 383 216 0 950 2 
97 1 0 0 1 2 50 249 0 930 2 
97 1 0 0 1 2 316 349 0 1272 2 
97 1 0 0 1 2 416 216 0 1092 2 
97 1 0 0 1 2 383 183 0 1103 2 
97 1 0 0 1 2 482 516 1 961 2 
97 1 0 0 1 2 416 183 0 979 2 
97 1 0 0 1 2 216 416 1 2178 1 
97 1 0 0 1 2 149 516 1 1832 2 
97 1 0 0 1 2 216 50 1 2289 1 
97 1 0 0 1 2 416 449 1 1985 2 
97 1 0 0 1 2 249 349 0 1164 2 
97 1 0 0 1 2 283 249 0 937 2 
97 1 0 0 1 2 50 316 0 1079 2 
97 1 0 0 1 2 149 316 0 1028 2 
97 1 0 0 1 2 482 249 0 1255 2 
97 1 0 0 1 2 183 50 1 1925 2 
97 1 0 0 1 1 565 253 -1 -1 0 7188 468 253 456 253 460 253 464 253 470 253 475 253 478 253 482 253 484 253 486 253 488 253 490 253 498 253 503 253 506 253 511 253 513 253 515 253 516 253 518 253 519 253 520 253 521 253 522 253 526 253 530 253 539 253 542 253 548 253 550 253 551 253 553 253 554 253 555 253 556 253 558 253 559 253 561 253 563 253 564 253 565 253 
97 1 0 0 1 1 368 13 -1 -1 0 13144 368 139 368 148 368 147 368 145 368 144 368 142 368 140 368 137 368 136 368 135 368 134 368 133 368 132 368 131 368 129 368 128 368 127 368 126 368 125 368 124 368 121 368 119 368 117 368 114 368 113 368 112 368 109 368 108 368 106 368 102 368 99 368 90 368 85 368 79 368 66 368 59 368 54 368 43 368 39 368 31 368 28 368 27 368 24 368 23 368 22 368 21 368 20 368 19 368 18 368 17 368 16 368 15 368 15 368 14 368 13 
97 1 0 0 1 1 599 396 -1 -1 1 9387 159 396 207 396 206 396 204 396 200 396 195 396 189 396 178 396 171 396 157 396 149 396 142 396 126 396 120 396 115 396 106 396 103 396 100 396 97 396 95 396 91 396 90 396 89 396 88 396 90 396 94 396 100 396 110 396 121 396 135 396 167 396 184 396 216 396 232 396 246 396 274 396 287 396 299 396 322 396 334 396 344 396 367 396 377 396 400 396 411 396 422 396 442 396 452 396 461 396 479 396 486 396 496 396 500 396 504 396 508 396 510 396 511 396 514 396 516 396 518 396 526 396 532 396 543 396 549 396 554 396 565 396 571 396 575 396 583 396 584 396 587 396 590 396 593 396 599 396 599 396 599 396 599 396 599 396 599 396 599 396 599 396 599 396 599 396 599 396 599 396 
97 1 0 0 1 1 0 206 -1 -1 0 10768 71 206 0 206 1 206 3 206 7 206 11 206 17 206 33 206 42 206 60 206 69 206 77 206 90 206 96 206 100 206 107 206 110 206 111 206 112 206 113 206 114 206 116 206 118 206 119 206 121 206 122 206 123 206 124 206 125 206 127 206 129 206 133 206 138 206 150 206 158 206 174 206 181 206 187 206 197 206 201 206 203 206 206 206 208 206 209 206 210 206 211 206 212 206 213 206 212 206 209 206 203 206 196 206 188 206 179 206 160 206 151 206 132 206 123 206 113 206 93 206 83 206 72 206 51 206 43 206 36 206 19 206 10 206 0 206 0 206 0 206 0 206 0 206 0 206 0 206 0 206 0 206 0 206 0 206 0 206 0 206 0 206 0 206 0 206 0 206 0 206 
97 1 0 0 1 1 142 539 -1 -1 1 13707 142 342 142 474 142 475 142 477 142 479 142 481 142 484 142 493 142 497 142 508 142 515 142 521 142 533 142 539 142 545 142 554 142 557 142 560 142 564 142 566 142 567 142 568 142 569 142 572 142 575 142 577 142 583 142 586 142 595 142 599 142 599 142 599 142 599 142 599 142 599 142 599 142 598 142 595 142 591 142 587 142 577 142 571 142 556 142 550 142 543 142 530 142 524 142 519 142 509 142 505 142 502 142 498 142 497 142 496 142 495 142 493 142 489 142 487 142 485 142 480 142 479 142 476 142 475 142 473 142 470 142 469 142 468 142 466 142 464 142 463 142 462 142 463 142 464 142 465 142 466 142 467 142 467 142 468 142 468 142 468 142 469 142 469 142 470 142 470 142 470 142 470 142 471 142 471 142 471 142 471 142 471 142 471 142 471 142 471 142 471 142 470 142 470 142 470 142 469 142 469 142 469 142 469 142 469 142 469 142 469 142 469 142 469 142 469 142 469 142 469 142 469 142 469 142 469 142 469 142 467 142 467 142 467 142 467 142 467 142 467 142 467 142 467 142 465 142 465 142 465 142 465 142 463 142 463 142 462 142 462 142 462 142 462 142 463 142 463 142 463 142 463 142 463 142 463 142 463 142 464 142 465 142 466 142 466 142 466 142 468 142 468 142 468 142 468 142 469 142 469 142 470 142 470 142 472 142 473 142 474 142 476 142 477 142 478 142 481 142 483 142 485 142 486 142 487 142 488 142 488 142 490 142 490 142 491 142 492 142 492 142 492 142 493 142 493 142 494 142 494 142 495 142 495 142 496 142 496 142 497 142 497 142 498 142 498 142 499 142 499 142 500 142 500 142 501 142 501 142 502 142 503 142 503 142 504 142 504 142 505 142 506 142 507 142 508 142 510 142 512 142 516 142 518 142 520 142 523 142 525 142 527 142 528 142 530 142 532 142 533 142 534 142 537 142 537 142 538 142 539 
97 1 0 0 1 1 360 7 -1 -1 0 7417 78 7 15 7 14 7 10 7 6 7 1 7 0 7 0 7 0 7 0 7 0 7 0 7 0 7 0 7 0 7 0 7 0 7 3 7 9 7 16 7 26 7 36 7 60 7 72 7 95 7 103 7 109 7 119 7 121 7 124 7 129 7 131 7 134 7 139 7 143 7 152 7 156 7 162 7 175 7 184 7 193 7 210 7 217 7 224 7 234 7 238 7 244 7 248 7 251 7 257 7 262 7 267 7 277 7 279 7 282 7 283 7 284 7 285 7 286 7 288 7 291 7 295 7 308 7 315 7 328 7 334 7 342 7 349 7 351 7 352 7 353 7 354 7 356 7 357 7 358 7 359 7 360 7 
97 1 0 0 1 1 285 234 -1 -1 0 6514 304 234 307 234 306 234 305 234 303 234 302 234 300 234 298 234 295 234 293 234 291 234 290 234 289 234 288 234 287 234 286 234 285 234 
97 1 0 0 1 1 236 0 -1 -1 0 10836 236 301 236 320 236 322 236 323 236 325 236 329 236 333 236 344 236 351 236 366 236 374 236 382 236 399 236 408 236 417 236 436 236 445 236 454 236 469 236 476 236 492 236 500 236 508 236 517 236 519 236 520 236 521 236 522 236 523 236 526 236 531 236 537 236 551 236 557 236 569 236 574 236 579 236 589 236 592 236 596 236 599 236 599 236 599 236 599 236 599 236 599 236 599 236 599 236 599 236 599 236 599 236 599 236 599 236 599 236 599 236 599 236 599 236 599 236 599 236 599 236 599 236 599 236 599 236 599 236 599 236 599 236 599 236 599 236 599 236 599 236 599 236 599 236 599 236 597 236 591 236 580 236 566 236 548 236 528 236 486 236 462 236 413 236 386 236 360 236 306 236 282 236 261 236 227 236 212 236 199 236 176 236 166 236 151 236 145 236 140 236 132 236 129 236 125 236 121 236 120 236 122 236 124 236 128 236 138 236 144 236 151 236 165 236 174 236 184 236 207 236 220 236 248 236 261 236 274 236 296 236 301 236 304 236 304 236 304 236 304 236 304 236 304 236 303 236 301 236 298 236 289 236 283 236 275 236 251 236 234 236 218 236 186 236 169 236 152 236 117 236 99 236 66 236 50 236 35 236 3 236 0 236 0 236 0 236 0 236 0 236 0 236 0 236 0 236 0 236 0 236 0 236 0 
97 1 0 0 1 1 434 48 -1 -1 0 3958 434 55 434 48 
97 1 0 0 1 1 150 541 -1 -1 1 7960 73 541 111 541 112 541 116 541 122 541 129 541 135 541 140 541 148 541 150 541 
97 1 0 0 1 1 474 403 -1 -1 1 9163 483 403 476 403 476 403 475 403 475 403 475 403 475 403 474 403 474 403 474 403 474 403 
97 1 0 0 1 1 291 76 -1 -1 0 10787 322 76 291 76 
97 1 0 0 1 1 32 579 -1 -1 1 8851 520 579 523 579 524 579 525 579 528 579 535 579 542 579 552 579 572 579 584 579 599 579 599 579 599 579 599 579 599 579 599 579 599 579 599 579 597 579 592 579 583 579 568 579 552 579 513 579 490 579 444 579 421 579 399 579 360 579 344 579 328 579 302 579 292 579 281 579 261 579 251 579 231 579 221 579 211 579 192 579 181 579 173 579 155 579 145 579 127 579 119 579 111 579 99 579 93 579 88 579 81 579 77 579 74 579 70 579 67 579 61 579 58 579 55 579 48 579 43 579 41 579 38 579 36 579 35 579 34 579 33 579 32 579 
97 1 0 0 1 1 36 176 -1 -1 0 5978 36 63 36 176 
97 1 0 0 1 1 4 0 -1 -1 0 10980 4 539 4 529 4 529 4 530 4 530 4 531 4 531 4 532 4 534 4 536 4 537 4 540 4 542 4 543 4 546 4 547 4 548 4 549 4 549 4 550 4 550 4 551 4 552 4 556 4 560 4 571 4 578 4 585 4 599 4 599 4 599 4 599 4 599 4 599 4 599 4 599 4 599 4 599 4 599 4 599 4 599 4 599 4 599 4 599 4 599 4 599 4 599 4 599 4 599 4 598 4 596 4 591 4 582 4 572 4 559 4 534 4 519 4 488 4 473 4 460 4 429 4 413 4 398 4 367 4 352 4 340 4 316 4 303 4 279 4 269 4 260 4 245 4 241 4 238 4 236 4 235 4 239 4 244 4 250 4 265 4 274 4 284 4 307 4 319 4 332 4 361 4 375 4 404 4 419 4 434 4 449 4 462 4 473 4 488 4 490 4 490 4 489 4 485 4 483 4 480 4 476 4 473 4 470 4 467 4 463 4 458 4 444 4 435 4 424 4 413 4 399 4 384 4 348 4 329 4 311 4 290 4 271 4 232 4 214 4 196 4 178 4 159 4 140 4 102 4 83 4 64 4 45 4 27 4 11 4 0 4 0 4 0 4 0 4 0 4 0 4 0 4 0 4 0 4 1 4 3 4 4 4 6 4 8 4 10 4 11 4 12 4 14 4 15 4 16 4 16 4 15 4 14 4 12 4 9 4 5 4 0 4 0 4 0 4 0 4 0 4 0 4 0 4 0 4 0 4 0 4 0 4 0 4 0 4 0 4 0 4 0 4 0 4 0 
97 1 0 0 1 1 599 70 -1 -1 0 8576 149 70 157 70 157 70 159 70 161 70 165 70 171 70 182 70 188 70 201 70 207 70 213 70 228 70 237 70 247 70 267 70 278 70 291 70 323 70 344 70 391 70 415 70 439 70 490 70 516 70 542 70 589 70 599 70 599 70 599 70 599 70 599 70 599 70 599 70 599 70 599 70 599 70 599 70 599 70 599 70 599 70 599 70 599 70 
97 1 0 0 1 2 316 249 0 3398 2 
97 1 0 0 1 2 482 449 1 1663 2 
97 1 0 0 1 2 283 50 0 1685 2 
97 1 0 0 1 2 183 283 0 2307 2 
97 1 0 0 1 2 183 216 0 994 2 
97 1 0 0 1 2 283 183 0 1411 2 
97 1 0 0 1 2 383 549 1 1141 2 
97 1 0 0 1 2 449 349 1 1472 2 
97 1 0 0 1 2 249 116 0 1142 2 
97 1 0 0 1 2 216 549 1 1518 2 
97 1 0 0 1 2 482 183 0 1157 2 
97 1 0 0 1 2 349 416 1 1362 2 
97 1 0 0 1 2 116 83 0 1698 2 
97 1 0 0 1 2 516 283 0 2915 2 
97 1 0 0 1 2 83 549 1 1032 2 
97 1 0 0 1 2 83 316 0 1980 2 
97 1 0 0 1 2 249 283 0 974 2 
97 1 0 0 1 2 416 416 1 1113 2 
97 1 0 0 1 2 549 216 0 1053 2 
97 1 0 0 1 2 416 116 0 1020 2 
97 1 0 0 1 2 83 482 1 1119 2 
97 1 0 0 1 2 516 50 0 2718 2 
97 1 0 0 1 2 83 516 1 1196 2 
97 1 0 0 1 2 416 149 0 2780 2 
97 1 0 0 1 2 50 449 1 1198 2 
97 1 0 0 1 2 316 516 1 2813 2 
97 1 0 0 1 2 316 549 1 1399 2 
97 1 0 0 1 2 482 316 1 6074 2 
97 1 0 0 1 2 216 383 1 1073 2 
97 1 0 0 1 2 482 116 0 1289 2 
97 1 0 0 1 2 83 416 1 1033 2 
97 1 0 0 1 2 116 149 0 1131 2 
97 1 0 0 1 1 443 293 -1 -1 0 12445 443 125 443 109 443 108 443 107 443 106 443 104 443 101 443 94 443 91 443 85 443 83 443 81 443 79 443 77 443 76 443 72 443 70 443 67 443 62 443 60 443 55 443 52 443 50 443 50 443 52 443 58 443 65 443 75 443 86 443 98 443 119 443 131 443 160 443 174 443 188 443 214 443 227 443 237 443 250 443 252 443 254 443 257 443 259 443 262 443 264 443 265 443 266 443 267 443 268 443 270 443 272 443 274 443 275 443 276 443 276 443 278 443 279 443 283 443 287 443 292 443 300 443 301 443 304 443 306 443 306 443 307 443 307 443 309 443 310 443 310 443 310 443 310 443 309 443 308 443 308 443 307 443 306 443 305 443 304 443 303 443 302 443 302 443 301 443 300 443 299 443 298 443 297 443 296 443 295 443 294 443 293 443 292 443 291 443 292 443 293 
97 1 0 0 1 1 111 301 -1 -1 1 8851 111 223 111 75 111 76 111 77 111 78 111 82 111 84 111 86 111 88 111 90 111 91 111 91 111 92 111 93 111 94 111 95 111 97 111 100 111 104 111 108 111 115 111 118 111 121 111 123 111 124 111 128 111 131 111 136 111 149 111 156 111 164 111 178 111 185 111 196 111 202 111 207 111 215 111 218 111 222 111 231 111 235 111 239 111 241 111 243 111 244 111 245 111 246 111 247 111 248 111 250 111 252 111 255 111 256 111 259 111 260 111 262 111 263 111 264 111 265 111 265 111 266 111 267 111 270 111 271 111 272 111 272 111 272 111 274 111 274 111 276 111 277 111 277 111 278 111 278 111 280 111 281 111 282 111 283 111 284 111 286 111 286 111 287 111 287 111 288 111 289 111 290 111 290 111 291 111 291 111 292 111 292 111 293 111 293 111 294 111 294 111 295 111 295 111 296 111 296 111 296 111 297 111 298 111 298 111 299 111 299 111 300 111 300 111 301 
97 1 0 0 1 1 135 599 -1 -1 1 8803 135 291 135 293 135 290 135 286 135 278 135 271 135 262 135 246 135 239 135 224 135 215 135 208 135 196 135 191 135 184 135 165 135 156 135 148 135 132 135 124 135 107 135 101 135 93 135 74 135 63 135 51 135 28 135 17 135 1 135 0 135 0 135 0 135 0 135 0 135 0 135 0 135 0 135 0 135 0 135 0 135 0 135 0 135 0 135 0 135 0 135 0 135 0 135 0 135 0 135 0 135 0 135 0 135 0 135 0 135 0 135 0 135 0 135 0 135 0 135 1 135 6 135 12 135 22 135 37 135 57 135 105 135 135 135 195 135 226 135 255 135 313 135 340 135 364 135 402 135 417 135 432 135 455 135 463 135 479 135 487 135 494 135 505 135 510 135 515 135 528 135 536 135 542 135 549 135 567 135 575 135 583 135 590 135 596 135 599 135 599 135 599 135 599 135 599 135 599 135 599 135 599 135 599 135 599 135 599 135 599 135 599 135 599 135 599 135 599 135 599 135 599 135 599 135 599 135 599 135 599 135 599 135 599 135 599 135 599 135 599 135 599 135 599 
97 1 0 0 1 1 550 279 -1 -1 0 15542 550 588 550 557 550 557 550 556 550 556 550 555 550 553 550 552 550 551 550 550 550 548 550 546 550 545 550 543 550 540 550 539 550 537 550 536 550 534 550 534 550 533 550 533 550 533 550 532 550 532 550 532 550 532 550 532 550 532 550 532 550 532 550 532 550 532 550 532 550 536 550 538 550 540 550 544 550 549 550 553 550 562 550 565 550 570 550 573 550 578 550 581 550 588 550 592 550 594 550 596 550 598 550 599 550 599 550 599 550 599 550 599 550 599 550 599 550 599 550 595 550 592 550 584 550 579 550 573 550 560 550 555 550 549 550 538 550 532 550 526 550 515 550 511 550 503 550 501 550 500 550 499 550 497 550 497 550 497 550 497 550 500 550 502 550 503 550 507 550 509 550 511 550 517 550 519 550 521 550 524 550 526 550 529 550 530 550 532 550 536 550 540 550 544 550 558 550 567 550 590 550 599 550 599 550 599 550 599 550 599 550 599 550 599 550 599 550 599 550 599 550 599 550 599 550 599 550 595 550 591 550 585 550 575 550 562 550 528 550 508 550 472 550 455 550 438 550 408 550 395 550 384 550 361 550 353 550 346 550 338 550 336 550 330 550 327 550 325 550 320 550 318 550 315 550 309 550 308 550 307 550 306 550 305 550 304 550 304 550 303 550 298 550 294 550 290 550 280 550 275 550 266 550 263 550 262 550 260 550 259 550 258 550 258 550 256 550 255 550 254 550 254 550 253 550 252 550 252 550 251 550 252 550 253 550 254 550 255 550 256 550 257 550 258 550 259 550 260 550 261 550 262 550 263 550 264 550 265 550 266 550 266 550 267 550 268 550 269 550 270 550 271 550 272 550 273 550 273 550 274 550 275 550 275 550 276 550 277 550 277 550 278 550 279 550 279 
97 1 0 0 1 1 499 352 -1 -1 1 11308 499 304 499 315 499 314 499 313 499 313 499 312 499 311 499 310 499 310 499 310 499 310 499 310 499 309 499 309 499 308 499 308 499 308 499 307 499 307 499 307 499 307 499 305 499 305 499 304 499 302 499 302 499 302 499 300 499 300 499 300 499 300 499 300 499 300 499 300 499 299 499 300 499 303 499 306 499 309 499 313 499 317 499 325 499 328 499 333 499 334 499 335 499 336 499 337 499 338 499 339 499 341 499 341 499 342 499 342 499 342 499 342 499 343 499 343 499 343 499 343 499 344 499 344 499 344 499 344 499 345 499 345 499 346 499 346 499 347 499 347 499 347 499 348 499 348 499 349 499 349 499 350 499 350 499 350 499 350 499 350 499 350 499 350 499 351 499 351 499 352 499 352 
97 1 0 0 1 1 38 549 -1 -1 1 16430 38 78 38 58 38 56 38 54 38 52 38 50 38 48 38 42 38 37 38 27 38 23 38 18 38 6 38 0 38 0 38 0 38 0 38 0 38 0 38 0 38 0 38 0 38 0 38 0 38 0 38 0 38 0 38 0 38 0 38 0 38 0 38 0 38 0 38 0 38 0 38 0 38 0 38 0 38 0 38 0 38 0 38 0 38 0 38 0 38 0 38 3 38 9 38 20 38 36 38 52 38 92 38 114 38 168 38 197 38 224 38 275 38 297 38 316 38 344 38 355 38 363 38 378 38 385 38 397 38 404 38 411 38 429 38 438 38 449 38 470 38 479 38 488 38 508 38 517 38 536 38 544 38 552 38 562 38 567 38 572 38 578 38 581 38 584 38 586 38 588 38 591 38 593 38 593 38 596 38 596 38 597 38 597 38 597 38 597 38 597 38 597 38 595 38 592 38 589 38 584 38 582 38 576 38 573 38 570 38 566 38 566 38 565 38 565 38 565 38 562 38 560 38 556 38 545 38 536 38 509 38 492 38 475 38 444 38 429 38 415 38 397 38 393 38 391 38 391 38 391 38 392 38 394 38 397 38 400 38 408 38 412 38 427 38 434 38 441 38 449 38 452 38 456 38 466 38 472 38 479 38 494 38 507 38 542 38 563 38 584 38 599 38 599 38 599 38 599 38 599 38 599 38 599 38 599 38 599 38 599 38 599 38 599 38 599 38 599 38 599 38 599 38 599 38 599 38 599 38 599 38 599 38 599 38 598 38 597 38 596 38 595 38 594 38 593 38 593 38 594 38 596 38 598 38 599 38 599 38 599 38 599 38 599 38 599 38 599 38 599 38 599 38 599 38 599 38 599 38 599 38 599 38 599 38 599 38 599 38 599 38 599 38 599 38 598 38 597 38 594 38 589 38 586 38 581 38 577 38 573 38 564 38 558 38 552 38 539 38 532 38 528 38 527 38 526 38 525 38 524 38 523 38 522 38 521 38 520 38 519 38 517 38 515 38 513 38 511 38 507 38 505 38 504 38 503 38 502 38 503 38 504 38 506 38 508 38 510 38 513 38 517 38 519 38 521 38 521 38 523 38 523 38 525 38 525 38 526 38 526 38 527 38 529 38 529 38 531 38 531 38 531 38 532 38 532 38 532 38 532 38 533 38 534 38 534 38 534 38 534 38 534 38 535 38 535 38 536 38 537 38 540 38 541 38 544 38 545 38 545 38 546 38 546 38 546 38 547 38 547 38 547 38 547 38 548 38 548 38 549 38 549 38 549 
97 1 0 0 1 1 269 178 -1 -1 0 5842 575 178 481 178 482 178 483 178 485 178 493 178 506 178 541 178 559 178 599 178 599 178 599 178 599 178 599 178 599 178 599 178 599 178 597 178 592 178 582 178 566 178 545 178 522 178 467 178 436 178 374 178 347 178 324 178 294 178 283 178 276 178 271 178 270 178 269 178 
97 1 0 0 1 1 377 332 -1 -1 1 9948 377 72 377 85 377 81 377 78 377 75 377 73 377 70 377 63 377 59 377 51 377 47 377 42 377 35 377 31 377 29 377 26 377 25 377 25 377 22 377 21 377 19 377 18 377 17 377 16 377 14 377 13 377 11 377 10 377 9 377 8 377 7 377 6 377 6 377 5 377 0 377 0 377 0 377 0 377 0 377 0 377 0 377 0 377 0 377 0 377 0 377 2 377 8 377 16 377 30 377 50 377 75 377 135 377 169 377 249 377 289 377 325 377 389 377 417 377 441 377 478 377 492 377 504 377 516 377 519 377 519 377 518 377 516 377 512 377 507 377 502 377 485 377 475 377 453 377 441 377 428 377 404 377 395 377 386 377 374 377 371 377 369 377 367 377 366 377 365 377 363 377 362 377 359 377 354 377 346 377 336 377 332 377 328 377 323 377 321 377 318 377 317 377 317 377 315 377 314 377 314 377 314 377 314 377 314 377 314 377 314 377 314 377 315 377 315 377 317 377 318 377 319 377 319 377 321 377 322 377 324 377 326 377 327 377 329 377 330 377 330 377 331 377 332 377 332 
97 1 0 0 1 1 178 307 -1 -1 1 5042 51 307 50 307 46 307 41 307 29 307 12 307 0 307 0 307 0 307 0 307 0 307 2 307 10 307 24 307 42 307 62 307 84 307 128 307 144 307 169 307 174 307 178 307 
97 1 0 0 1 1 139 263 -1 -1 0 14980 139 6 139 8 139 10 139 15 139 22 139 29 139 40 139 67 139 84 139 121 139 138 139 153 139 182 139 193 139 201 139 214 139 221 139 227 139 239 139 247 139 265 139 274 139 280 139 287 139 288 139 289 139 289 139 290 139 290 139 291 139 293 139 295 139 297 139 298 139 300 139 300 139 301 139 302 139 302 139 303 139 304 139 304 139 305 139 306 139 307 139 307 139 308 139 308 139 309 139 310 139 311 139 312 139 313 139 314 139 315 139 315 139 316 139 317 139 317 139 318 139 319 139 320 139 323 139 324 139 325 139 331 139 334 139 337 139 344 139 349 139 356 139 359 139 362 139 367 139 369 139 370 139 371 139 371 139 371 139 370 139 366 139 363 139 360 139 352 139 346 139 329 139 320 139 312 139 299 139 292 139 289 139 285 139 284 139 283 139 282 139 281 139 281 139 280 139 278 139 277 139 276 139 275 139 274 139 274 139 273 139 272 139 271 139 270 139 269 139 268 139 267 139 266 139 265 139 264 139 263 139 262 139 261 139 260 139 259 139 258 139 259 139 259 139 260 139 261 139 262 139 263 
97 1 0 0 1 1 338 297 -1 -1 0 14130 338 183 338 193 338 192 338 190 338 186 338 180 338 172 338 147 338 133 338 104 338 90 338 77 338 50 338 40 338 32 338 21 338 16 338 12 338 8 338 5 338 0 338 0 338 0 338 0 338 0 338 0 338 0 338 0 338 0 338 0 338 0 338 0 338 0 338 0 338 0 338 0 338 0 338 0 338 0 338 0 338 0 338 0 338 0 338 0 338 0 338 4 338 8 338 12 338 15 338 16 338 17 338 18 338 20 338 25 338 31 338 41 338 50 338 77 338 93 338 127 338 143 338 158 338 185 338 199 338 212 338 233 338 244 338 256 338 279 338 291 338 313 338 323 338 334 338 354 338 365 338 376 338 395 338 404 338 421 338 430 338 438 338 448 338 453 338 456 338 462 338 464 338 464 338 465 338 465 338 461 338 457 338 452 338 442 338 435 338 429 338 412 338 404 338 396 338 380 338 375 338 368 338 366 338 364 338 361 338 361 338 363 338 370 338 380 338 393 338 410 338 469 338 516 338 572 338 599 338 599 338 599 338 599 338 599 338 599 338 599 338 599 338 599 338 599 338 599 338 599 338 599 338 599 338 599 338 598 338 596 338 591 338 583 338 572 338 557 338 519 338 492 338 431 338 402 338 374 338 312 338 280 338 250 338 197 338 172 338 147 338 102 338 83 338 47 338 32 338 18 338 0 338 0 338 0 338 0 338 0 338 0 338 0 338 0 338 0 338 0 338 0 338 0 338 0 338 0 338 1 338 9 338 22 338 39 338 61 338 87 338 153 338 193 338 271 338 315 338 354 338 412 338 431 338 446 338 468 338 477 338 485 338 494 338 501 338 523 338 535 338 547 338 572 338 587 338 599 338 599 338 599 338 599 338 599 338 599 338 599 338 599 338 599 338 599 338 599 338 599 338 599 338 599 338 599 338 597 338 594 338 589 338 580 338 571 338 546 338 528 338 487 338 464 338 442 338 399 338 382 338 367 338 355 338 353 338 352 338 351 338 350 338 349 338 348 338 347 338 346 338 343 338 338 338 330 338 311 338 303 338 292 338 291 338 292 338 293 338 294 338 295 338 296 338 297 
97 1 0 0 1 1 267 309 -1 -1 1 6153 387 309 205 309 206 309 209 309 213 309 219 309 227 309 236 309 252 309 259 309 267 309 
97 1 0 0 1 1 370 272 -1 -1 0 5627 172 272 175 272 174 272 170 272 166 272 162 272 157 272 144 272 137 272 128 272 124 272 121 272 115 272 113 272 111 272 110 272 110 272 111 272 115 272 121 272 130 272 139 272 166 272 182 272 213 272 228 272 242 272 267 272 278 272 286 272 295 272 299 272 301 272 304 272 305 272 311 272 315 272 322 272 339 272 347 272 355 272 366 272 369 272 370 272 
97 1 0 0 1 1 317 129 -1 -1 0 2863 317 144 317 130 317 129 
97 1 0 0 1 1 372 441 -1 -1 1 4070 372 448 372 442 372 441 
97 1 0 0 1 1 427 313 -1 -1 1 13154 427 410 427 410 427 406 427 399 427 389 427 379 427 368 427 348 427 339 427 324 427 318 427 314 427 309 427 306 427 305 427 301 427 299 427 297 427 295 427 293 427 292 427 291 427 290 427 289 427 288 427 289 427 290 427 291 427 292 427 293 427 294 427 295 427 296 427 299 427 301 427 303 427 305 427 306 427 306 427 308 427 308 427 310 427 311 427 311 427 312 427 312 427 312 427 313 427 315 427 316 427 316 427 317 427 318 427 319 427 319 427 321 427 322 427 323 427 323 427 324 427 324 427 325 427 326 427 327 427 327 427 328 427 329 427 331 427 333 427 334 427 335 427 336 427 336 427 336 427 336 427 336 427 336 427 337 427 338 427 339 427 339 427 340 427 340 427 340 427 339 427 338 427 337 427 336 427 336 427 335 427 335 427 334 427 333 427 332 427 332 427 331 427 330 427 329 427 328 427 328 427 327 427 326 427 325 427 323 427 322 427 321 427 319 427 318 427 318 427 317 427 316 427 316 427 315 427 314 427 314 427 313 
97 1 0 0 1 2 83 383 1 3660 2 
97 1 0 0 1 2 149 416 1 1274 3 
97 1 0 0 1 2 83 216 0 1518 3 
97 1 0 0 1 2 516 516 1 1665 3 
97 1 0 0 1 2 383 482 1 1134 3 
97 1 0 0 1 2 549 549 1 1685 3 
97 1 0 0 1 2 283 316 0 3348 3 
97 1 0 0 1 2 516 416 1 1762 3 
97 1 0 0 1 2 383 249 0 1326 3 
97 1 0 0 1 2 449 283 0 2207 3 
97 1 0 0 1 2 516 316 0 1731 3 
97 1 0 0 1 2 216 116 0 2623 5 
97 1 0 0 1 2 249 383 1 2901 2 
97 1 0 0 1 2 416 549 1 3208 4 
97 1 0 0 1 2 216 249 0 2303 4 
97 1 0 0 1 2 216 216 0 1061 4 
97 1 0 0 1 2 449 482 1 2215 4 
97 1 0 0 1 2 149 449 1 2497 4 
97 1 0 0 1 2 449 249 0 1515 4 
97 1 0 0 1 2 116 183 0 1039 4 
97 1 0 0 1 2 216 516 1 2516 4 
97 1 0 0 1 2 349 50 0 1844 4 
97 1 0 0 1 2 83 249 0 1054 4 
97 1 0 0 1 2 516 83 0 1922 4 
97 1 0 0 1 2 549 249 0 1045 4 
97 1 0 0 1 2 416 283 0 1660 4 
97 1 0 0 1 2 416 383 1 2098 4 
97 1 0 0 1 2 116 349 1 4866 4 
97 1 0 0 1 2 283 516 1 2268 4 
97 1 0 0 1 2 283 283 0 1981 4 
97 1 0 0 1 2 316 83 0 1052 4 
97 1 0 0 1 2 183 149 0 1095 4 
97 1 0 0 1 1 121 30 -1 -1 0 3947 121 200 121 30 
97 1 0 0 1 1 351 327 -1 -1 1 12464 351 561 351 535 351 534 351 533 351 532 351 528 351 524 351 520 351 512 351 507 351 502 351 498 351 495 351 489 351 487 351 486 351 485 351 490 351 498 351 509 351 524 351 541 351 582 351 599 351 599 351 599 351 599 351 599 351 599 351 599 351 599 351 598 351 596 351 590 351 580 351 568 351 552 351 516 351 497 351 460 351 443 351 426 351 393 351 377 351 363 351 344 351 337 351 333 351 332 351 331 351 330 351 329 351 328 351 327 351 326 351 325 351 324 351 323 351 322 351 320 351 319 351 318 351 317 351 316 351 314 351 313 351 310 351 307 351 303 351 302 351 301 351 300 351 299 351 298 351 297 351 296 351 295 351 296 351 294 351 292 351 288 351 284 351 280 351 275 351 268 351 267 351 266 351 265 351 265 351 264 351 263 351 262 351 263 351 265 351 268 351 272 351 276 351 277 351 278 351 279 351 280 351 282 351 285 351 290 351 294 351 302 351 303 351 304 351 305 351 306 351 308 351 311 351 313 351 315 351 318 351 319 351 320 351 322 351 323 351 324 351 324 351 325 351 326 351 327 351 328 351 329 351 330 351 331 351 332 351 333 351 333 351 334 351 335 351 336 351 338 351 339 351 340 351 340 351 341 351 341 351 343 351 344 351 344 351 345 351 346 351 346 351 348 351 349 351 350 351 351 351 351 351 352 351 353 351 353 351 354 351 354 351 355 351 357 351 357 351 358 351 359 351 359 351 360 351 361 351 361 351 362 351 362 351 363 351 364 351 365 351 365 351 366 351 366 351 368 351 369 351 369 351 371 351 372 351 373 351 373 351 373 351 373 351 373 351 373 351 371 351 371 351 370 351 368 351 368 351 366 351 365 351 364 351 364 351 362 351 361 351 361 351 359 351 358 351 356 351 354 351 350 351 349 351 346 351 344 351 341 351 341 351 339 351 338 351 338 351 337 351 336 351 335 351 335 351 334 351 333 351 332 351 331 351 330 351 329 351 328 351 328 351 327 
97 1 0 0 1 1 162 310 -1 -1 1 8514 162 159 162 165 162 166 162 169 162 174 162 181 162 189 162 205 162 213 162 229 162 237 162 245 162 259 162 264 162 268 162 274 162 276 162 277 162 278 162 279 162 280 162 281 162 282 162 283 162 284 162 286 162 287 162 289 162 291 162 294 162 295 162 298 162 300 162 301 162 302 162 302 162 303 162 304 162 305 162 306 162 307 162 307 162 308 162 308 162 310 162 310 
97 1 0 0 1 1 402 251 -1 -1 0 6034 402 175 402 163 402 160 402 155 402 149 402 142 402 136 402 123 402 117 402 108 402 104 402 102 402 99 402 98 402 100 402 106 402 114 402 124 402 135 402 147 402 172 402 182 402 200 402 206 402 211 402 216 402 217 402 217 402 219 402 222 402 226 402 232 402 243 402 247 402 249 402 251 
97 1 0 0 1 1 32 370 -1 -1 1 4402 117 370 33 370 32 370 
97 1 0 0 1 1 530 279 -1 -1 0 7106 530 351 530 343 530 344 530 345 530 349 530 351 530 354 530 357 530 362 530 364 530 372 530 375 530 379 530 385 530 388 530 389 530 390 530 389 530 386 530 382 530 375 530 366 530 357 530 336 530 326 530 308 530 300 530 294 530 283 530 280 530 277 530 274 530 275 530 276 530 277 530 278 530 279 
97 1 0 0 1 1 256 266 -1 -1 0 6713 256 259 256 258 256 257 256 256 256 255 256 254 256 254 256 253 256 254 256 255 256 256 256 257 256 257 256 259 256 260 256 262 256 262 256 264 256 264 256 265 256 265 256 266 
97 1 0 0 1 1 4 296 -1 -1 0 6557 4 150 4 150 4 148 4 145 4 141 4 137 4 134 4 128 4 125 4 120 4 118 4 115 4 110 4 107 4 104 4 99 4 97 4 93 4 91 4 89 4 89 4 90 4 94 4 99 4 107 4 119 4 134 4 171 4 191 4 227 4 244 4 259 4 282 4 294 4 304 4 321 4 327 4 331 4 333 4 332 4 330 4 328 4 325 4 322 4 320 4 315 4 314 4 312 4 310 4 309 4 306 4 305 4 304 4 303 4 300 4 298 4 296 
97 1 0 0 1 1 277 21 -1 -1 0 3707 277 17 277 21 
97 1 0 0 1 1 423 0 -1 -1 0 7848 423 125 423 103 423 102 423 101 423 100 423 100 423 98 423 97 423 96 423 95 423 94 423 93 423 92 423 91 423 90 423 88 423 87 423 85 423 80 423 76 423 68 423 65 423 62 423 52 423 46 423 42 423 32 423 29 423 21 423 20 423 18 423 14 423 13 423 12 423 10 423 9 423 8 423 5 423 4 423 2 423 0 423 0 423 0 423 0 423 0 423 0 423 0 423 0 423 0 423 0 423 0 423 0 423 0 423 0 423 0 423 0 423 0 423 0 423 0 423 0 423 0 423 0 423 0 
97 1 0 0 1 1 342 319 -1 -1 1 7963 243 319 311 319 313 319 314 319 318 319 322 319 327 319 338 319 342 319 
97 1 0 0 1 1 231 303 -1 -1 1 12003 231 184 231 191 231 190 231 189 231 188 231 184 231 179 231 173 231 158 231 151 231 139 231 132 231 124 231 113 231 109 231 106 231 101 231 99 231 97 231 93 231 92 231 91 231 92 231 96 231 101 231 110 231 123 231 140 231 178 231 198 231 231 231 243 231 251 231 262 231 264 231 265 231 266 231 266 231 267 231 268 231 270 231 273 231 277 231 285 231 290 231 294 231 297 231 298 231 299 231 300 231 301 231 301 231 302 231 303 231 303 
97 1 0 0 1 1 56 262 -1 -1 0 7554 56 6 56 7 56 7 56 5 56 3 56 0 56 0 56 0 56 0 56 0 56 0 56 0 56 0 56 0 56 0 56 0 56 0 56 0 56 0 56 0 56 0 56 2 56 4 56 11 56 19 56 30 56 43 56 77 56 97 56 135 56 153 56 168 56 196 56 207 56 215 56 227 56 230 56 234 56 236 56 236 56 238 56 238 56 240 56 241 56 242 56 243 56 243 56 244 56 244 56 246 56 247 56 247 56 248 56 249 56 250 56 251 56 252 56 253 56 254 56 255 56 256 56 256 56 257 56 258 56 258 56 259 56 260 56 260 56 261 56 262 
97 1 0 0 1 1 150 294 -1 -1 0 9435 150 464 150 397 150 398 150 398 150 399 150 401 150 405 150 421 150 431 150 450 150 460 150 471 150 498 150 509 150 517 150 526 150 527 150 526 150 524 150 521 150 517 150 513 150 506 150 489 150 479 150 456 150 443 150 430 150 406 150 394 150 384 150 364 150 357 150 353 150 341 150 336 150 328 150 325 150 322 150 319 150 318 150 316 150 314 150 311 150 308 150 304 150 299 150 286 150 279 150 267 150 261 150 257 150 251 150 250 150 251 150 251 150 253 150 254 150 255 150 256 150 257 150 258 150 258 150 259 150 260 150 261 150 263 150 264 150 265 150 265 150 267 150 268 150 269 150 270 150 273 150 274 150 276 150 277 150 278 150 278 150 279 150 280 150 281 150 281 150 282 150 283 150 283 150 284 150 285 150 286 150 287 150 288 150 288 150 290 150 291 150 291 150 292 150 293 150 294 
97 1 0 0 1 1 271 322 -1 -1 1 11354 271 592 271 591 271 590 271 587 271 584 271 578 271 571 271 563 271 542 271 529 271 507 271 497 271 487 271 466 271 457 271 448 271 430 271 420 271 409 271 391 271 384 271 374 271 371 271 370 271 369 271 368 271 367 271 366 271 365 271 364 271 363 271 362 271 360 271 358 271 357 271 355 271 354 271 352 271 350 271 349 271 348 271 347 271 346 271 345 271 344 271 343 271 342 271 341 271 340 271 339 271 339 271 339 271 338 271 338 271 338 271 337 271 336 271 335 271 334 271 333 271 332 271 330 271 329 271 327 271 326 271 325 271 324 271 324 271 323 271 322 271 322 
97 1 0 0 1 1 241 294 -1 -1 0 9370 241 56 241 64 241 63 241 62 241 60 241 57 241 53 241 42 241 36 241 23 241 15 241 8 241 0 241 0 241 0 241 0 241 0 241 0 241 0 241 0 241 0 241 0 241 0 241 0 241 0 241 0 241 0 241 0 241 0 241 1 241 8 241 19 241 35 241 53 241 75 241 131 241 162 241 216 241 235 241 250 241 263 241 264 241 264 241 265 241 266 241 266 241 267 241 268 241 270 241 272 241 272 241 273 241 274 241 275 241 277 241 279 241 283 241 287 241 297 241 300 241 303 241 303 241 304 241 304 241 305 241 306 241 306 241 308 241 309 241 309 241 311 241 312 241 313 241 315 241 316 241 318 241 319 241 320 241 320 241 321 241 322 241 323 241 323 241 324 241 324 241 323 241 321 241 317 241 312 241 305 241 289 241 282 241 264 241 256 241 248 241 237 241 234 241 233 241 234 241 235 241 237 241 241 241 246 241 251 241 258 241 260 241 261 241 262 241 263 241 263 241 264 241 264 241 265 241 265 241 267 241 268 241 268 241 270 241 271 241 273 241 274 241 275 241 277 241 279 241 279 241 281 241 282 241 283 241 284 241 284 241 286 241 286 241 287 241 288 241 288 241 289 241 290 241 290 241 292 241 292 241 294 
97 1 0 0 1 2 449 516 1 4351 3 
97 1 0 0 1 2 316 416 1 1849 3 
97 1 0 0 1 2 116 216 0 2621 3 
97 1 0 0 1 2 549 116 0 1117 3 
97 1 0 0 1 2 116 283 0 2340 3 
97 1 0 0 1 2 83 116 0 1155 3 
97 1 0 0 1 2 383 383 1 3078 3 
97 1 0 0 1 2 183 516 1 1412 3 
97 1 0 0 1 2 416 83 0 1965 3 
97 1 0 0 1 2 116 249 0 2655 3 
97 1 0 0 1 2 183 183 0 1159 3 
97 1 0 0 1 2 449 149 0 989 3 
97 1 0 0 1 2 116 516 1 1367 3 
97 1 0 0 1 2 183 549 1 1716 3 
97 1 0 0 1 2 183 316 0 5201 3 
97 1 0 0 1 2 449 183 0 1302 3 
97 1 0 0 1 2 249 249 0 2544 3 
97 1 0 0 1 2 50 549 1 1393 3 
97 1 0 0 1 2 216 316 1 3202 3 
97 1 0 0 1 2 316 383 1 1338 3 
97 1 0 0 1 2 249 83 0 2456 3 
97 1 0 0 1 2 482 482 1 1253 3 
97 1 0 0 1 2 316 50 0 1578 3 
97 1 0 0 1 2 416 316 0 3200 3 
97 1 0 0 1 2 449 383 1 1196 3 
97 1 0 0 1 2 283 449 1 1168 3 
97 1 0 0 1 2 482 83 1 1200 3 
97 1 0 0 1 2 183 416 1 3597 3 
97 1 0 0 1 2 216 183 0 1143 3 
97 1 0 0 1 2 416 50 0 1018 3 
97 1 0 0 1 2 349 349 1 4447 3 
97 1 0 0 1 2 549 283 0 1291 3 
97 1 0 0 1 1 52 294 -1 -1 0 4677 51 294 52 294 
97 1 0 0 1 1 242 322 -1 -1 1 10307 242 470 242 449 242 451 242 451 242 450 242 449 242 448 242 447 242 445 242 443 242 439 242 430 242 426 242 420 242 408 242 402 242 396 242 388 242 384 242 381 242 378 242 374 242 371 242 369 242 368 242 367 242 366 242 365 242 364 242 363 242 362 242 361 242 360 242 359 242 358 242 357 242 356 242 355 242 354 242 353 242 352 242 351 242 350 242 349 242 348 242 347 242 346 242 345 242 344 242 343 242 342 242 342 242 340 242 339 242 338 242 337 242 336 242 335 242 334 242 333 242 332 242 331 242 330 242 330 242 328 242 327 242 326 242 325 242 324 242 324 242 323 242 322 242 321 242 320 242 318 242 317 242 316 242 315 242 314 242 315 242 316 242 317 242 318 242 319 242 320 242 322 242 323 242 324 242 324 242 323 242 322 
97 1 0 0 1 1 213 290 -1 -1 0 9593 213 181 213 95 213 96 213 97 213 99 213 101 213 102 213 103 213 105 213 107 213 108 213 109 213 112 213 113 213 115 213 120 213 122 213 126 213 130 213 133 213 141 213 145 213 150 213 159 213 164 213 169 213 180 213 185 213 197 213 202 213 208 213 220 213 223 213 226 213 229 213 231 213 232 213 234 213 235 213 237 213 238 213 240 213 243 213 244 213 245 213 248 213 249 213 250 213 251 213 252 213 253 213 254 213 256 213 257 213 259 213 261 213 263 213 267 213 269 213 273 213 273 213 275 213 276 213 277 213 276 213 275 213 274 213 273 213 274 213 275 213 276 213 277 213 278 213 279 213 279 213 280 213 281 213 281 213 282 213 283 213 284 213 284 213 285 213 286 213 288 213 288 213 290 
97 1 0 0 1 1 599 298 -1 -1 0 10345 269 298 251 298 253 298 254 298 258 298 262 298 266 298 278 298 284 298 296 298 304 298 309 298 321 298 326 298 329 298 333 298 335 298 336 298 337 298 338 298 341 298 344 298 350 298 366 298 377 298 390 298 420 298 436 298 473 298 491 298 510 298 551 298 573 298 593 298 599 298 599 298 599 298 599 298 599 298 599 298 599 298 599 298 599 298 599 298 599 298 599 298 599 298 599 298 599 298 599 298 599 298 599 298 
97 1 0 0 1 1 235 358 -1 -1 1 12122 553 378 553 377 553 375 553 371 553 367 553 363 553 358 553 346 553 339 553 323 553 313 553 302 553 281 553 269 553 259 553 236 553 226 553 217 553 204 553 201 553 202 553 203 553 205 553 207 553 209 553 212 553 217 553 221 553 228 553 232 553 236 553 245 553 249 553 253 553 261 553 266 553 270 553 279 553 282 553 290 553 294 553 298 553 305 553 308 553 311 553 318 553 322 553 330 553 333 553 338 553 346 553 349 553 351 553 354 553 355 553 356 553 357 553 358 553 359 553 360 553 361 553 362 553 363 553 362 553 362 553 360 553 360 553 358 552 358 551 358 550 358 549 358 547 358 545 358 539 358 536 358 529 358 526 358 523 358 517 358 514 358 513 358 508 358 505 358 502 358 492 358 488 358 477 358 471 358 465 358 458 358 452 358 440 358 435 358 430 358 425 358 421 358 415 358 411 358 406 358 401 358 396 358 390 358 376 358 371 358 365 358 360 358 354 358 342 358 335 358 327 358 320 358 312 358 307 358 295 358 291 358 287 358 283 358 282 358 279 358 278 358 277 358 276 358 275 358 274 358 273 358 271 358 270 358 268 358 266 358 265 358 263 358 258 358 257 358 255 358 254 358 252 358 251 358 249 358 248 358 246 358 245 358 243 358 242 358 241 358 241 358 240 358 239 358 238 358 237 358 236 358 235 358 
97 1 0 0 1 1 599 265 -1 -1 0 10114 249 546 249 518 249 517 249 516 249 515 249 513 249 511 249 509 249 505 249 496 249 490 249 477 249 469 249 462 249 450 249 443 249 435 249 428 249 420 249 412 249 396 249 389 249 381 249 374 249 367 249 360 249 346 249 340 249 334 249 329 249 323 249 313 249 308 249 303 249 298 249 295 249 292 249 287 249 286 249 285 249 284 249 283 249 282 249 281 249 279 249 276 249 274 249 273 249 273 249 272 249 271 249 271 249 272 249 273 249 275 249 276 249 278 249 280 249 283 249 285 249 287 249 288 249 289 249 290 249 291 249 292 249 291 249 290 249 289 249 286 249 284 249 280 249 275 249 273 249 270 249 268 249 267 249 265 250 265 251 265 253 265 255 265 258 265 262 265 271 265 274 265 281 265 284 265 287 265 294 265 298 265 303 265 317 265 326 265 337 265 360 265 373 265 406 265 425 265 446 265 488 265 510 265 531 265 574 265 593 265 599 265 599 265 599 265 599 265 599 265 599 265 599 265 
97 1 0 0 1 1 66 335 -1 -1 1 7500 66 491 66 200 66 200 66 200 66 200 66 203 66 209 66 221 66 229 66 255 66 272 66 290 66 325 66 339 66 350 66 359 66 358 66 354 66 350 66 346 66 342 66 339 66 335 66 335 
97 1 0 0 1 1 543 306 -1 -1 1 7353 543 561 543 560 543 559 543 557 543 556 543 555 543 555 543 554 543 553 543 552 543 551 543 551 543 550 543 549 543 548 543 547 543 546 543 545 543 541 543 540 543 537 543 533 543 531 543 530 543 529 543 529 543 528 543 527 543 526 543 523 543 521 543 519 543 514 543 512 543 510 543 510 543 510 543 512 543 513 543 514 543 516 543 516 543 516 543 516 543 516 543 515 543 510 543 508 543 502 543 499 543 498 543 497 543 498 543 503 543 512 543 526 543 544 543 581 543 599 543 599 543 599 543 599 543 599 543 599 543 599 543 599 543 599 543 597 543 589 543 576 543 559 543 541 543 519 543 474 543 449 543 398 543 375 543 353 543 313 543 296 543 281 543 258 543 252 543 250 543 249 543 250 543 251 543 252 543 254 543 255 543 256 543 259 543 260 543 263 543 265 543 267 543 270 543 270 543 271 543 272 543 273 543 274 543 275 543 276 543 277 543 278 543 279 543 280 543 281 543 282 543 283 543 285 543 290 543 294 543 296 543 300 543 301 543 302 543 303 543 304 543 305 543 306 
97 1 0 0 1 1 460 296 -1 -1 0 6346 460 199 460 185 460 184 460 182 460 180 460 177 460 175 460 171 460 169 460 166 460 164 460 162 460 159 460 157 460 156 460 153 460 152 460 151 460 149 460 149 460 150 460 154 460 158 460 164 460 172 460 184 460 211 460 226 460 254 460 269 460 280 460 297 460 302 460 304 460 304 460 303 460 302 460 301 460 300 460 299 460 298 460 297 460 296 
97 1 0 0 1 1 599 319 -1 -1 1 7194 232 585 232 584 232 582 232 580 232 576 232 572 232 567 232 547 232 535 232 512 232 502 232 492 232 478 232 470 232 463 232 453 232 449 232 444 232 435 232 429 232 417 232 411 232 405 232 392 232 386 232 380 232 368 232 364 232 355 232 352 232 349 232 343 232 341 232 340 232 339 232 338 232 337 232 336 232 335 232 334 232 333 232 332 232 331 232 330 232 329 232 328 232 326 232 326 232 325 232 324 232 322 232 321 232 320 232 319 233 319 234 319 235 319 236 319 238 319 240 319 244 319 248 319 256 319 260 319 264 319 277 319 286 319 296 319 321 319 335 319 350 319 384 319 404 319 442 319 461 319 480 319 515 319 531 319 548 319 575 319 587 319 599 319 599 319 599 319 599 319 599 319 599 319 599 319 599 319 599 319 599 319 599 319 599 319 599 319 599 319 599 319 599 319 599 319 599 319 
97 1 0 0 1 1 510 291 -1 -1 0 7969 510 161 510 114 510 113 510 111 510 107 510 101 510 94 510 85 510 66 510 55 510 34 510 26 510 17 510 4 510 1 510 0 510 1 510 6 510 14 510 26 510 40 510 56 510 92 510 113 510 154 510 172 510 189 510 217 510 227 510 234 510 240 510 241 510 242 510 243 510 243 510 244 510 248 510 250 510 258 510 264 510 270 510 285 510 294 510 314 510 323 510 332 510 345 510 350 510 355 510 357 510 358 510 357 510 356 510 355 510 353 510 353 510 351 510 350 510 349 510 348 510 347 510 346 510 345 510 343 510 342 510 341 510 340 510 338 510 335 510 330 510 324 510 312 510 307 510 298 510 297 510 296 510 295 510 294 510 293 510 292 510 291 510 291 
97 1 0 0 1 1 37 295 -1 -1 0 9521 37 549 37 531 37 529 37 527 37 525 37 523 37 520 37 513 37 510 37 502 37 498 37 494 37 488 37 486 37 485 37 482 37 481 37 479 37 476 37 473 37 461 37 451 37 441 37 413 37 397 37 380 37 343 37 324 37 282 37 261 37 243 37 211 37 201 37 195 37 193 37 194 37 195 37 196 37 198 37 201 37 207 37 219 37 225 37 238 37 245 37 252 37 265 37 270 37 274 37 282 37 286 37 289 37 295 37 297 37 300 37 301 37 302 37 303 37 304 37 305 37 306 37 308 37 310 37 311 37 313 37 315 37 314 37 314 37 313 37 312 37 310 37 308 37 308 37 306 37 305 37 305 37 303 37 302 37 301 37 297 37 295 37 291 37 287 37 278 37 274 37 270 37 269 37 268 37 268 37 266 37 267 37 267 37 268 37 268 37 269 37 269 37 271 37 272 37 273 37 274 37 274 37 275 37 275 37 276 37 277 37 277 37 278 37 278 37 280 37 281 37 281 37 282 37 283 37 284 37 284 37 285 37 286 37 287 37 287 37 288 37 289 37 289 37 290 37 290 37 292 37 292 37 293 37 294 37 294 37 295 37 295 
97 1 0 0 1 1 161 306 -1 -1 1 9954 161 574 161 547 161 547 161 546 161 545 161 543 161 541 161 538 161 527 161 520 161 513 161 496 161 487 161 476 161 457 161 446 161 425 161 415 161 405 161 386 161 377 161 370 161 359 161 355 161 352 161 347 161 346 161 345 161 344 161 343 161 341 161 338 161 335 161 333 161 330 161 329 161 328 161 327 161 328 161 329 161 330 161 331 161 332 161 332 161 334 161 334 161 335 161 335 161 336 161 337 161 338 161 339 161 339 161 341 161 340 161 339 161 337 161 335 161 332 161 327 161 316 161 309 161 298 161 293 161 290 161 285 161 283 161 281 161 281 161 280 161 279 161 280 161 281 161 282 161 283 161 283 161 284 161 284 161 286 161 286 161 287 161 288 161 289 161 290 161 290 161 292 161 293 161 294 161 295 161 295 161 296 161 297 161 298 161 298 161 299 161 300 161 300 161 301 161 301 161 302 161 303 161 303 161 304 161 305 161 305 161 306 
97 1 0 0 1 1 79 368 -1 -1 1 7691 62 368 66 368 64 368 62 368 61 368 59 368 58 368 57 368 58 368 59 368 60 368 62 368 64 368 65 368 68 368 70 368 72 368 73 368 74 368 74 368 75 368 76 368 77 368 78 368 79 368 
97 1 0 0 1 1 8 326 -1 -1 1 10721 8 351 8 353 8 353 8 353 8 353 8 353 8 353 8 353 8 354 8 355 8 356 8 357 8 359 8 360 8 360 8 362 8 361 8 360 8 359 8 358 8 357 8 356 8 353 8 351 8 348 8 346 8 345 8 342 8 340 8 339 8 335 8 334 8 333 8 331 8 330 8 330 8 328 8 327 8 326 8 326 
97 1 0 0 1 1 355 329 -1 -1 1 7978 355 549 355 546 355 545 355 544 355 542 355 540 355 538 355 536 355 532 355 528 355 520 355 514 355 509 355 500 355 495 355 492 355 485 355 482 355 479 355 474 355 471 355 466 355 465 355 463 355 459 355 456 355 453 355 447 355 445 355 442 355 441 355 441 355 441 355 441 355 441 355 441 355 441 355 441 355 441 355 442 355 442 355 442 355 442 355 442 355 442 355 442 355 442 355 442 355 445 355 459 355 469 355 490 355 499 355 508 355 525 355 534 355 544 355 568 355 585 355 599 355 599 355 599 355 599 355 599 355 599 355 599 355 599 355 599 355 599 355 599 355 599 355 599 355 599 355 599 355 599 355 599 355 599 355 599 355 585 355 570 355 549 355 493 355 459 355 417 355 316 355 257 355 199 355 87 355 36 355 0 355 0 355 0 355 0 355 0 355 0 355 0 355 1 355 4 355 7 355 10 355 15 355 24 355 47 355 58 355 80 355 91 355 100 355 114 355 117 355 119 355 121 355 127 355 135 355 154 355 166 355 186 355 193 355 198 355 203 355 206 355 209 355 226 355 239 355 275 355 295 355 313 355 344 355 352 355 356 355 355 355 354 355 350 355 348 355 344 355 340 355 334 355 333 355 332 355 331 355 330 355 329 
97 1 0 0 1 2 283 349 1 4579 2 
97 1 0 0 1 2 149 549 1 2648 3 
97 1 0 0 1 2 249 216 0 1708 3 
97 1 0 0 1 2 249 416 1 1286 3 
97 1 0 0 1 2 183 249 1 7282 1 
97 1 0 0 1 2 349 449 1 2064 3 
97 1 0 0 1 2 316 149 0 1276 3 
97 1 0 0 1 2 249 50 0 936 3 
97 1 0 0 1 2 516 349 1 2110 3 
97 1 0 0 1 2 149 383 1 1665 3 
97 1 0 0 1 2 50 83 0 1438 3 
97 1 0 0 1 2 383 316 1 7568 1 
97 1 0 0 1 2 516 449 1 1512 3 
97 1 0 0 1 2 50 283 0 3855 3 
97 1 0 0 1 2 149 349 1 2587 3 
97 1 0 0 1 2 516 249 0 1605 3 
97 1 0 0 1 2 149 183 0 989 3 
97 1 0 0 1 2 316 116 0 2942 3 
97 1 0 0 1 2 549 449 1 1248 3 
97 1 0 0 1 2 116 416 1 1332 3 
97 1 0 0 1 2 482 383 1 1474 3 
97 1 0 0 1 2 216 149 0 1816 3 
97 1 0 0 1 2 383 116 0 1393 3 
97 1 0 0 1 2 349 149 0 1109 3 
97 1 0 0 1 2 249 316 1 4619 3 
97 1 0 0 1 2 549 50 0 1989 3 
97 1 0 0 1 2 383 349 1 4526 3 
97 1 0 0 1 2 516 216 0 1621 3 
97 1 0 0 1 2 116 482 1 1632 3 
97 1 0 0 1 2 549 516 1 985 3 
97 1 0 0 1 2 482 216 0 1013 3 
97 1 0 0 1 2 116 116 0 1561 3 
97 1 0 0 1 1 599 358 -1 -1 1 22398 65 551 65 553 65 551 65 546 65 543 65 540 65 538 65 532 65 531 65 528 65 526 65 525 65 522 65 521 65 519 65 515 65 513 65 510 65 502 65 495 65 484 65 478 65 471 65 457 65 451 65 443 65 426 65 416 65 395 65 383 65 372 65 352 65 343 65 335 65 322 65 317 65 313 65 305 65 303 65 302 65 303 65 304 65 306 65 307 65 308 65 309 65 314 65 318 65 325 65 329 65 334 65 340 65 341 65 342 65 343 65 344 65 345 65 346 65 347 65 348 65 350 65 352 65 353 65 354 65 356 65 357 65 358 64 358 63 358 61 358 59 358 57 358 53 358 43 358 38 358 27 358 19 358 12 358 0 358 0 358 0 358 0 358 0 358 0 358 0 358 0 358 0 358 0 358 0 358 0 358 0 358 1 358 5 358 13 358 24 358 39 358 58 358 100 358 122 358 168 358 193 358 217 358 259 358 279 358 297 358 337 358 357 358 379 358 422 358 442 358 476 358 489 358 501 358 522 358 533 358 544 358 563 358 571 358 580 358 581 358 582 358 583 358 584 358 585 358 586 358 587 358 588 358 589 358 590 358 591 358 592 358 593 358 595 358 597 358 598 358 599 358 599 358 599 358 599 358 599 358 599 358 599 358 599 358 599 358 599 358 599 358 599 358 599 358 599 358 599 358 599 358 599 358 
97 1 0 0 1 1 465 326 -1 -1 1 6510 465 562 465 546 465 544 465 540 465 536 465 529 465 523 465 503 465 491 465 464 465 451 465 436 465 409 465 396 465 385 465 367 465 361 465 354 465 345 465 343 465 342 465 341 465 340 465 340 465 338 465 337 465 336 465 335 465 334 465 333 465 332 465 331 465 330 465 329 465 328 465 327 465 326 
97 1 0 0 1 1 0 326 -1 -1 1 9876 394 460 399 460 400 460 401 460 403 460 405 460 408 460 413 460 421 460 436 460 442 460 445 460 444 460 439 460 432 460 423 460 411 460 395 460 358 460 338 460 294 460 274 460 254 460 217 460 202 460 188 460 162 460 150 460 142 460 131 460 126 460 117 460 114 460 112 460 110 460 109 460 108 460 105 460 104 460 98 460 94 460 88 460 80 460 78 460 77 460 76 460 75 460 73 460 71 460 68 460 64 460 60 460 45 460 36 460 16 460 6 460 0 460 0 460 0 460 0 460 0 460 0 460 0 460 0 460 0 460 0 460 0 460 0 460 0 460 0 460 0 460 0 460 0 460 0 460 0 542 0 558 0 575 0 592 0 599 0 599 0 599 0 599 0 599 0 599 0 599 0 599 0 599 0 599 0 599 0 599 0 599 0 599 0 597 0 588 0 575 0 560 0 544 0 525 0 483 0 462 0 427 0 413 0 401 0 382 0 374 0 366 0 355 0 352 0 350 0 351 0 352 0 351 0 350 0 349 0 349 0 348 0 347 0 346 0 345 0 345 0 344 0 343 0 343 0 342 0 341 0 340 0 339 0 339 0 338 0 338 0 337 0 336 0 335 0 334 0 333 0 333 0 332 0 332 0 331 0 330 0 330 0 329 0 328 0 328 0 327 0 327 0 326 
97 1 0 0 1 1 599 298 -1 -1 0 11970 300 302 439 302 442 302 448 302 456 302 466 302 477 302 510 302 529 302 565 302 583 302 599 302 599 302 599 302 599 302 599 302 599 302 599 302 599 302 599 302 599 302 599 302 599 302 599 302 599 271 599 270 599 269 599 267 599 266 599 263 599 260 599 250 599 246 599 239 599 235 599 233 599 229 599 230 599 231 599 234 599 238 599 242 599 246 599 251 599 254 599 257 599 258 599 259 599 261 599 261 599 263 599 265 599 269 599 275 599 285 599 288 599 291 599 292 599 293 599 293 599 294 599 295 599 295 599 296 599 297 599 298 
97 1 0 0 1 1 595 292 -1 -1 0 17042 293 240 293 235 293 235 293 233 293 232 293 231 293 230 293 229 293 228 293 227 293 226 293 224 293 221 293 220 293 218 293 215 293 212 293 209 293 199 293 194 293 184 293 178 293 173 293 171 293 173 293 181 293 191 293 205 293 220 293 237 293 271 293 288 293 320 293 333 293 343 293 361 293 369 293 374 293 380 293 381 293 382 293 381 293 380 293 379 293 378 293 377 293 376 293 375 293 374 293 373 293 371 293 369 293 367 293 366 293 365 293 364 293 362 293 359 293 357 293 353 293 347 293 342 293 337 293 334 286 334 282 334 279 334 275 334 272 334 268 334 267 334 269 334 275 334 286 334 303 334 346 334 370 334 394 334 434 334 450 334 460 334 464 334 462 334 451 334 435 334 413 334 361 334 338 334 319 334 292 334 284 334 279 334 282 334 288 334 298 334 311 334 329 334 347 334 388 334 409 334 450 334 471 334 490 334 516 334 524 334 532 334 545 334 551 334 564 334 570 334 577 334 591 334 599 334 599 334 599 334 599 334 599 334 599 334 599 334 599 334 599 334 599 334 598 334 597 334 595 334 595 121 595 121 595 121 595 121 595 122 595 124 595 125 595 126 595 129 595 130 595 133 595 132 595 130 595 129 595 127 595 125 595 122 595 116 595 112 595 104 595 99 595 93 595 81 595 75 595 69 595 65 595 64 595 65 595 66 595 67 595 67 595 69 595 69 595 71 595 77 595 94 595 106 595 121 595 148 595 155 595 161 595 172 595 177 595 181 595 197 595 207 595 225 595 230 595 235 595 236 595 237 595 239 595 241 595 245 595 250 595 257 595 267 595 271 595 274 595 275 595 275 595 276 595 277 595 278 595 279 595 280 595 281 595 283 595 284 595 285 595 286 595 287 595 288 595 288 595 289 595 290 595 291 595 292 595 293 595 293 595 295 595 296 595 296 595 297 595 298 595 297 595 296 595 295 595 294 595 294 595 293 595 293 595 292 
97 1 0 0 1 1 599 297 -1 -1 0 16090 176 146 176 133 176 131 176 128 176 125 176 121 176 117 176 107 176 102 176 92 176 86 176 82 176 73 176 66 176 60 176 45 176 39 176 33 176 23 176 17 176 9 176 8 176 7 176 6 176 5 176 5 176 6 176 8 176 14 176 22 176 34 176 46 176 75 176 90 176 121 176 135 176 149 176 172 176 182 176 191 176 201 176 205 176 208 176 212 176 214 176 219 176 224 176 228 176 237 176 241 176 245 176 250 176 251 176 254 176 255 176 256 176 257 176 258 176 258 176 259 176 260 176 261 176 262 176 263 176 264 176 265 176 266 176 267 176 268 176 269 176 270 176 270 176 271 176 272 176 273 176 274 176 275 176 276 176 277 176 278 176 279 176 283 176 286 176 289 176 293 176 296 176 301 176 303 176 308 176 309 176 311 176 313 176 315 176 316 176 320 176 321 176 320 176 320 176 319 176 317 176 314 176 313 176 311 176 310 176 309 176 308 176 307 176 306 176 305 176 304 176 304 176 303 176 302 176 301 176 301 176 299 176 298 176 297 176 297 176 295 176 294 176 293 176 293 176 291 176 290 176 289 176 289 176 287 176 286 176 287 176 288 176 289 176 289 176 290 176 291 176 292 176 291 176 290 176 291 176 291 176 292 176 293 176 294 176 295 176 296 176 297 175 297 173 297 171 297 168 297 163 297 159 297 145 297 134 297 110 297 97 297 84 297 55 297 42 297 29 297 1 297 0 297 0 297 0 297 0 297 0 297 0 297 0 297 0 297 2 297 8 297 14 297 23 297 38 297 56 297 104 297 130 297 177 297 196 297 212 297 252 297 274 297 292 297 322 297 335 297 348 297 370 297 379 297 391 297 397 297 404 297 416 297 422 297 428 297 441 297 449 297 466 297 475 297 482 297 492 297 496 297 499 297 506 297 510 297 514 297 522 297 524 297 530 297 534 297 538 297 550 297 557 297 561 297 567 297 571 297 574 297 583 297 587 297 595 297 599 297 599 297 599 297 599 297 599 297 599 297 599 297 599 297 599 297 599 297 599 297 599 297 599 297 599 297 599 297 599 297 599 297 599 297 
97 1 0 0 1 1 599 306 -1 -1 1 14696 490 261 490 298 490 297 490 296 490 294 490 293 490 292 490 290 490 286 490 279 490 275 490 270 490 262 490 257 490 249 490 244 490 239 490 232 490 231 490 230 490 229 490 229 490 228 490 229 490 231 490 235 490 241 490 249 490 256 490 271 490 279 490 294 490 301 490 307 490 320 490 325 490 331 490 341 490 343 490 345 490 352 490 357 490 366 490 368 490 370 490 369 490 368 490 367 490 366 490 365 490 365 490 364 490 363 490 364 490 366 490 367 490 369 490 372 490 374 490 379 490 381 490 386 490 389 490 394 490 401 490 403 490 404 473 404 471 404 470 404 469 404 467 404 466 404 462 404 461 404 456 404 453 404 448 404 435 404 426 404 417 404 405 404 399 404 398 404 398 404 402 404 410 404 421 404 434 404 449 404 483 404 502 404 545 404 568 404 592 404 599 404 599 404 599 404 599 404 599 404 599 404 599 404 599 404 599 404 599 393 599 392 599 391 599 390 599 389 599 388 599 387 599 386 599 384 599 381 599 378 599 376 599 370 599 366 599 359 599 356 599 354 599 347 599 344 599 341 599 339 599 338 599 337 599 336 599 335 599 334 599 333 599 332 599 331 599 330 599 329 599 328 599 328 599 327 599 325 599 321 599 318 599 310 599 306 599 304 599 299 599 297 599 296 599 295 599 294 599 293 599 293 599 292 599 291 599 290 599 289 599 290 599 291 599 292 599 293 599 294 599 294 599 295 599 296 599 297 599 298 599 299 599 299 599 300 599 300 599 301 599 302 599 302 599 304 599 305 599 306 599 306 
97 1 0 0 1 1 0 291 -1 -1 0 11106 493 194 479 194 478 194 476 194 472 194 466 194 457 194 434 194 419 194 382 194 362 194 337 194 279 194 247 194 212 194 143 194 107 194 71 194 7 194 0 194 0 194 0 194 0 194 0 194 0 194 0 194 0 194 0 194 0 194 0 194 0 194 0 194 0 194 0 194 0 194 0 194 0 197 0 198 0 201 0 206 0 211 0 218 0 227 0 244 0 254 0 275 0 287 0 298 0 317 0 323 0 328 0 331 0 333 0 334 0 335 0 336 0 337 0 339 0 341 0 342 0 341 0 339 0 337 0 334 0 329 0 324 0 314 0 309 0 299 0 295 0 291 0 285 0 283 0 281 0 280 0 279 0 278 0 276 0 275 0 272 0 270 0 269 0 267 0 266 0 267 0 268 0 269 0 269 0 271 0 272 0 273 0 274 0 275 0 276 0 278 0 280 0 281 0 282 0 283 0 284 0 284 0 285 0 286 0 287 0 288 0 289 0 290 0 291 
97 1 0 0 1 1 351 312 -1 -1 1 14220 11 422 0 422 0 422 0 422 0 422 0 422 0 422 0 422 0 422 0 422 0 422 0 422 0 422 0 422 2 422 5 422 6 422 6 422 6 422 6 422 6 422 6 422 5 422 5 422 5 422 5 422 5 422 5 422 7 422 9 422 13 422 31 422 42 422 55 422 84 422 99 422 128 422 141 422 155 422 180 422 191 422 200 422 211 422 215 422 216 422 217 422 217 422 217 358 217 351 217 343 217 338 217 334 217 332 217 329 217 327 217 322 217 319 217 316 217 312 217 310 217 309 217 307 217 306 217 305 217 299 217 297 217 295 217 294 217 294 217 295 217 296 217 297 217 298 217 300 217 302 217 304 217 305 217 306 217 307 217 308 217 308 217 309 217 310 217 311 217 312 217 312 217 313 217 314 217 315 217 316 217 316 217 318 217 319 216 319 215 319 213 319 209 319 203 319 194 319 173 319 163 319 154 319 156 319 163 319 173 319 186 319 200 319 215 319 245 319 259 319 282 319 292 319 302 319 318 319 325 319 333 319 344 319 347 319 351 319 352 319 353 319 353 319 351 319 351 265 351 264 351 263 351 263 351 263 351 263 351 263 351 263 351 264 351 264 351 264 351 264 351 263 351 261 351 260 351 257 351 256 351 256 351 256 351 255 351 254 351 254 351 253 351 253 351 254 351 258 351 264 351 271 351 280 351 288 351 304 351 312 351 326 351 333 351 338 351 346 351 351 351 354 351 358 351 359 351 359 351 359 351 358 351 357 351 357 351 355 351 353 351 347 351 345 351 341 351 338 351 336 351 334 351 333 351 332 351 331 351 330 351 330 351 328 351 327 351 326 351 325 351 323 351 322 351 321 351 320 351 319 351 318 351 317 351 314 351 311 351 307 351 306 351 307 351 308 351 310 351 311 351 312 351 312 
97 1 0 0 1 1 481 302 -1 -1 1 26640 533 463 530 463 529 463 528 463 524 463 520 463 515 463 510 463 503 463 501 463 497 463 496 463 495 463 494 463 493 463 492 463 491 463 490 463 488 463 487 463 483 463 482 463 481 463 481 462 481 462 481 462 481 462 481 462 481 462 481 462 481 465 481 467 481 468 481 472 481 473 481 474 481 476 481 478 481 480 481 487 481 489 481 492 481 493 481 494 481 496 481 499 481 501 481 502 481 503 481 503 481 503 481 501 481 497 481 492 481 486 481 474 481 468 481 455 481 449 481 443 481 432 481 426 481 420 481 410 481 405 481 400 481 391 481 388 481 384 481 382 481 381 481 380 481 379 481 377 481 371 481 365 481 359 481 352 481 349 481 347 481 346 481 345 481 344 481 343 481 342 481 341 481 340 481 339 481 338 481 337 481 337 481 336 481 335 481 334 481 333 481 332 481 331 481 331 481 330 481 329 481 328 481 326 481 324 481 321 481 320 481 319 481 318 481 317 481 316 481 315 481 314 481 313 481 312 481 311 481 310 481 309 481 308 481 307 481 306 481 305 481 304 481 303 481 302 481 301 481 300 481 299 481 298 481 297 481 296 481 294 481 293 481 292 481 292 481 291 481 290 481 289 481 288 481 288 481 286 481 285 481 283 481 284 481 285 481 286 481 287 481 288 481 289 481 290 481 291 481 292 481 293 481 294 481 295 481 297 481 298 481 299 481 299 481 301 481 302 481 303 481 304 481 305 481 305 481 306 481 305 481 304 481 303 481 302 481 301 481 300 481 300 481 298 481 297 481 296 481 296 481 295 481 294 481 293 481 292 481 291 481 290 481 289 481 288 481 287 481 286 481 286 481 285 481 284 481 283 481 284 481 285 481 286 481 287 481 288 481 290 481 291 481 292 481 293 481 294 481 295 481 296 481 297 481 298 481 298 481 299 481 300 481 299 481 298 481 297 481 297 481 296 481 295 481 295 481 293 481 292 481 291 481 290 481 289 481 288 481 288 481 287 481 286 481 285 481 285 481 284 481 283 481 282 481 282 481 281 481 280 481 281 481 283 481 284 481 285 481 286 481 288 481 290 481 290 481 292 481 293 481 294 481 294 481 296 481 297 481 298 481 299 481 301 481 302 481 303 481 303 481 303 481 303 481 302 481 302 481 301 481 301 481 301 481 300 481 300 481 300 481 300 481 300 481 300 481 300 481 300 481 299 481 299 481 299 481 299 481 299 481 299 481 299 481 299 481 299 481 300 481 301 481 301 481 301 481 302 481 302 481 302 481 303 481 304 481 305 481 307 481 309 481 310 481 310 481 310 481 310 481 310 481 309 481 308 481 307 481 307 481 307 481 310 481 316 481 325 481 334 481 351 481 361 481 369 481 381 481 383 481 384 481 385 481 384 481 382 481 378 481 373 481 367 481 360 481 343 481 335 481 324 481 321 481 319 481 318 481 317 481 316 481 315 481 314 481 313 481 312 481 311 481 310 481 309 481 308 481 307 481 306 481 305 481 303 481 303 481 301 481 300 481 299 481 298 481 297 481 296 481 295 481 294 481 294 481 293 481 292 481 293 481 293 481 294 481 295 481 295 481 297 481 298 481 299 481 300 481 301 481 302 
97 1 0 0 1 1 97 300 -1 -1 1 9392 97 111 97 110 97 107 97 102 97 97 97 91 97 84 97 60 97 44 97 15 97 1 97 0 97 0 97 0 97 0 97 0 97 0 97 0 97 0 97 0 97 0 97 0 97 3 97 12 97 25 97 44 97 66 97 124 97 158 97 230 97 268 97 301 97 358 97 380 97 398 97 420 97 422 97 421 97 420 97 419 97 418 97 417 97 416 97 413 97 409 97 399 97 393 97 380 97 374 97 367 97 356 97 351 97 347 97 335 97 328 97 321 97 307 97 302 97 298 97 297 97 295 97 293 97 292 97 291 97 289 97 288 97 287 97 286 97 285 97 286 97 287 97 288 97 289 97 289 97 291 97 291 97 292 97 293 97 293 97 294 97 295 97 295 97 297 97 298 97 298 97 299 97 300 
97 1 0 0 1 1 234 286 -1 -1 0 6940 234 36 234 40 234 42 234 45 234 50 234 57 234 64 234 77 234 83 234 89 234 90 234 94 234 100 234 104 234 106 234 111 234 114 234 116 234 120 234 123 234 126 234 126 234 127 234 128 234 129 234 130 234 134 234 138 234 142 234 152 234 157 234 163 234 164 234 165 234 169 234 170 234 171 234 175 234 177 234 180 234 182 234 184 234 188 234 191 234 192 234 197 234 199 234 202 234 206 234 208 234 212 234 217 234 222 234 231 234 235 234 238 234 242 234 244 234 244 234 245 234 247 234 252 234 254 234 257 234 263 234 266 234 267 234 269 234 269 234 270 234 272 234 272 234 273 234 273 234 274 234 275 234 276 234 276 234 277 234 277 234 278 234 278 234 280 234 280 234 281 234 281 234 282 234 282 234 283 234 284 234 284 234 285 234 285 234 286 234 286 
97 1 0 0 1 1 312 276 -1 -1 0 10873 312 0 312 0 312 0 312 0 312 0 312 0 312 0 312 0 312 0 312 0 312 0 312 0 312 0 312 0 312 0 312 0 312 0 312 0 312 0 312 0 312 0 312 0 312 0 312 1 312 4 312 7 312 25 312 38 312 54 312 94 312 120 312 176 312 206 312 232 312 287 312 309 312 329 312 368 312 385 312 412 312 421 312 427 312 429 312 428 312 426 312 424 312 421 312 417 312 411 312 402 312 399 312 390 312 384 312 377 312 358 312 349 312 339 312 319 312 309 312 301 312 289 312 284 312 274 312 268 312 263 312 253 312 248 312 245 312 242 312 241 312 238 312 235 312 233 312 232 312 232 312 231 312 230 312 229 312 228 312 226 312 223 312 218 312 209 312 204 312 197 312 195 312 194 312 193 312 192 312 191 312 190 312 189 312 187 312 183 312 180 312 177 312 175 312 172 312 171 312 170 312 170 312 169 312 167 312 165 312 162 312 161 312 159 312 157 312 154 312 152 312 151 312 150 312 149 312 150 312 154 312 160 312 167 312 175 312 183 312 195 312 201 312 210 312 214 312 217 312 225 312 227 312 228 312 231 312 232 312 235 312 238 312 240 312 244 312 246 312 248 312 252 312 253 312 254 312 255 312 256 312 257 312 258 312 259 312 260 312 261 312 263 312 266 312 269 312 276 312 278 312 279 312 280 312 280 312 281 312 282 312 282 312 283 312 284 312 285 312 288 312 290 312 291 312 291 312 293 312 295 312 296 312 296 312 298 312 299 312 299 312 301 312 302 312 303 312 304 312 305 312 307 312 309 312 311 312 312 312 312 312 314 312 315 312 317 312 318 312 320 312 322 312 323 312 323 312 325 312 325 312 327 312 327 312 328 312 329 312 329 312 330 312 330 312 326 312 323 312 318 312 313 312 308 312 300 312 297 312 294 312 294 312 292 312 291 312 291 312 290 312 289 312 289 312 287 312 286 312 285 312 283 312 282 312 281 312 280 312 279 312 279 312 278 312 277 312 276 
97 1 0 0 1 1 143 294 -1 -1 0 12488 143 552 143 553 143 553 143 554 143 554 143 555 143 558 143 563 143 568 143 581 143 592 143 599 143 599 143 599 143 599 143 599 143 599 143 599 143 599 143 599 143 599 143 599 143 599 143 599 143 599 143 599 143 598 143 596 143 588 143 575 143 534 143 506 143 478 143 421 143 396 143 372 143 335 143 320 143 306 143 284 143 277 143 270 143 270 143 271 143 272 143 272 143 274 143 274 143 275 143 275 143 276 143 276 143 277 143 277 143 278 143 278 143 278 143 280 143 280 143 280 143 281 143 283 143 283 143 283 143 283 143 284 143 284 143 284 143 284 143 285 143 285 143 285 143 285 143 285 143 285 143 285 143 286 143 286 143 286 143 286 143 286 143 286 143 286 143 286 143 286 143 286 143 288 143 288 143 288 143 289 143 289 143 289 143 289 143 289 143 289 143 290 143 290 143 290 143 291 143 291 143 291 143 291 143 291 143 291 143 291 143 291 143 291 143 291 143 291 143 291 143 291 143 291 143 291 143 291 143 291 143 291 143 291 143 291 143 291 143 290 143 290 143 290 143 290 143 290 143 288 143 288 143 287 143 287 143 287 143 286 143 284 143 283 143 282 143 280 143 279 143 276 143 272 143 269 143 267 143 266 143 263 143 262 143 262 143 261 143 261 143 261 143 261 143 263 143 265 143 268 143 272 143 276 143 282 143 292 143 296 143 301 143 303 143 304 143 306 143 307 143 308 143 309 143 308 143 307 143 306 143 305 143 304 143 303 143 302 143 301 143 300 143 299 143 298 143 297 143 297 143 296 143 295 143 295 143 294 143 293 143 292 143 292 143 291 143 290 143 290 143 291 143 291 143 293 143 294 
97 1 0 0 1 1 123 304 -1 -1 1 10666 123 314 123 313 123 313 123 312 123 311 123 310 123 309 123 308 123 307 123 306 123 304 123 303 123 302 123 302 123 300 123 299 123 298 123 297 123 296 123 296 123 295 123 294 123 294 123 293 123 292 123 292 123 293 123 294 123 295 123 297 123 299 123 299 123 300 123 301 123 302 123 303 123 304 123 304 123 305 123 304 123 303 123 302 123 303 123 304 
97 1 0 0 1 1 516 250 -1 -1 0 7795 516 251 516 254 516 253 516 252 516 251 516 250 
97 1 0 0 1 2 283 149 0 2922 3 
97 1 0 0 1 2 83 183 0 1578 3 
97 1 0 0 1 2 383 449 1 1965 3 
97 1 0 0 1 2 116 383 1 3345 3 
97 1 0 0 1 2 216 83 0 1636 3 
97 1 0 0 1 2 183 449 1 1971 3 
97 1 0 0 1 2 383 416 1 1594 3 
97 1 0 0 1 2 149 482 1 1923 3 
97 1 0 0 1 2 383 50 0 1441 3 
97 1 0 0 1 2 349 216 0 1293 3 
97 1 0 0 1 2 283 482 1 3037 3 
97 1 0 0 1 2 549 416 1 1509 3 
97 1 0 0 1 2 183 83 0 1393 3 
97 1 0 0 1 2 449 216 0 1185 3 
97 1 0 0 1 2 249 549 1 3052 3 
97 1 0 0 1 2 283 83 0 2300 3 
97 1 0 0 1 2 516 149 0 1090 3 
97 1 0 0 1 2 316 449 1 2403 3 
97 1 0 0 1 2 50 516 1 1820 3 
97 1 0 0 1 2 383 149 0 1526 3 
97 1 0 0 1 2 283 416 1 3388 3 
97 1 0 0 1 2 549 83 0 3845 3 
97 1 0 0 1 2 549 183 0 1409 3 
97 1 0 0 1 2 449 50 0 1371 3 
97 1 0 0 1 2 149 149 0 1738 3 
97 1 0 0 1 2 50 416 1 1674 3 
97 1 0 0 1 2 482 349 1 3631 3 
97 1 0 0 1 2 349 482 1 1551 3 
97 1 0 0 1 2 449 316 0 15070 1 
97 1 0 0 1 2 383 516 1 2230 3 
97 1 0 0 1 2 149 283 0 2669 3 
97 1 0 0 1 2 50 50 0 1982 3 
97 1 0 0 1 1 516 321 -1 -1 1 13451 560 350 561 350 561 350 560 350 558 350 557 350 555 350 553 350 552 350 551 350 550 350 549 350 548 350 546 350 545 350 539 350 537 350 535 350 530 350 529 350 528 350 527 350 526 350 525 350 524 350 522 350 521 350 520 350 519 350 518 350 517 350 516 350 516 350 516 348 516 347 516 345 516 341 516 337 516 333 516 329 516 327 516 325 516 324 516 323 516 322 516 321 
97 1 0 0 1 1 545 310 -1 -1 1 14290 208 457 207 457 205 457 199 457 192 457 184 457 178 457 170 457 167 457 163 457 159 457 154 457 143 457 135 457 129 457 125 457 126 457 134 457 149 457 169 457 193 457 219 457 266 457 285 457 313 457 320 457 325 457 330 457 333 457 336 457 345 457 352 457 361 457 380 457 386 457 389 457 391 457 396 457 403 457 410 457 417 457 432 457 437 457 443 457 445 457 445 442 445 440 445 437 445 435 445 432 445 428 445 418 445 412 445 399 445 392 445 384 445 367 445 358 445 346 445 322 445 309 445 296 445 268 445 257 445 250 445 251 445 255 445 259 445 264 445 269 445 272 445 281 445 283 445 284 445 285 445 286 445 287 445 287 445 288 445 289 445 290 445 291 445 291 445 292 445 293 445 294 445 296 445 296 445 298 445 299 445 301 445 302 445 302 445 304 445 304 445 305 445 305 445 308 445 309 445 310 444 310 443 310 442 310 441 310 439 310 438 310 435 310 434 310 433 310 432 310 431 310 425 310 423 310 422 310 420 310 423 310 427 310 433 310 442 310 452 310 463 310 486 310 499 310 521 310 529 310 534 310 542 310 544 310 545 310 
97 1 0 0 1 1 551 259 -1 -1 0 5842 172 259 172 259 166 259 159 259 152 259 144 259 135 259 113 259 102 259 81 259 74 259 67 259 50 259 41 259 33 259 22 259 23 259 25 259 32 259 43 259 59 259 79 259 132 259 158 259 215 259 249 259 289 259 381 259 423 259 456 259 504 259 522 259 535 259 545 259 546 259 547 259 548 259 549 259 550 259 551 259 
97 1 0 0 1 1 556 333 -1 -1 1 6700 556 441 556 329 556 328 556 327 556 327 556 327 556 327 556 327 556 327 556 327 556 328 556 331 556 332 556 333 
97 1 0 0 1 1 128 292 -1 -1 0 11614 6 459 7 459 6 459 5 459 1 459 0 459 0 459 0 459 0 459 0 459 0 459 0 459 0 459 0 459 0 459 0 459 0 459 0 459 0 459 0 459 1 459 2 459 6 459 11 459 17 459 24 459 40 459 48 459 70 459 80 459 90 459 108 459 117 459 126 459 138 459 141 459 144 459 145 459 144 459 142 459 141 459 140 459 137 459 136 459 135 459 134 459 133 459 132 459 131 459 130 459 129 459 128 459 128 458 128 457 128 457 128 456 128 456 128 456 128 455 128 455 128 457 128 460 128 464 128 478 128 485 128 495 128 521 128 536 128 551 128 576 128 589 128 599 128 599 128 599 128 599 128 599 128 599 128 598 128 594 128 587 128 578 128 568 128 551 128 542 128 529 128 498 128 479 128 434 128 408 128 383 128 339 128 319 128 302 128 281 128 279 128 280 128 281 128 282 128 283 128 284 128 285 128 286 128 287 128 288 128 289 128 290 128 291 128 292 128 293 128 294 128 294 128 295 128 296 128 297 128 297 128 299 128 300 128 301 128 301 128 300 128 299 128 299 128 298 128 297 128 296 128 295 128 294 128 293 128 293 128 292 128 291 128 291 128 292 128 293 128 294 128 293 128 292 
97 1 0 0 1 1 75 337 -1 -1 1 6292 75 314 75 335 75 336 75 337 75 338 75 338 75 339 75 339 75 340 75 341 75 342 75 341 75 340 75 340 75 338 75 337 
97 1 0 0 1 1 56 325 -1 -1 1 6075 56 348 56 349 56 351 56 351 56 352 56 352 56 353 56 354 56 355 56 356 56 357 56 358 56 358 56 360 56 358 56 355 56 350 56 345 56 339 56 333 56 326 56 324 56 322 56 320 56 319 56 318 56 319 56 320 56 321 56 322 56 323 56 324 56 325 56 325 
97 1 0 0 1 1 446 306 -1 -1 1 6356 446 364 446 351 446 351 446 352 446 352 446 353 446 353 446 354 446 355 446 356 446 356 446 358 446 359 446 360 446 361 446 361 446 362 446 362 446 363 446 365 446 365 446 366 446 367 446 367 446 368 446 366 446 362 446 358 446 352 446 345 446 339 446 325 446 319 446 312 446 311 446 310 446 309 446 308 446 307 446 307 446 307 446 306 446 306 
97 1 0 0 1 1 334 299 -1 -1 0 12073 353 433 357 433 356 433 355 433 354 433 353 433 352 433 351 433 350 433 346 433 343 433 339 433 335 433 334 433 334 432 334 432 334 432 334 432 334 432 334 435 334 441 334 445 334 457 334 461 334 468 334 481 334 489 334 497 334 515 334 523 334 531 334 545 334 553 334 567 334 570 334 569 334 567 334 561 334 553 334 542 334 528 334 495 334 477 334 443 334 429 334 417 334 397 334 388 334 381 334 368 334 362 334 356 334 347 334 343 334 338 334 337 334 336 334 335 334 334 334 331 334 327 334 321 334 314 334 298 334 293 334 289 334 287 334 287 334 285 334 284 334 283 334 282 334 280 334 278 334 272 334 270 334 270 334 271 334 272 334 274 334 275 334 277 334 278 334 279 334 280 334 280 334 282 334 283 334 284 334 284 334 285 334 286 334 287 334 288 334 289 334 289 334 290 334 291 334 292 334 293 334 293 334 295 334 296 334 297 334 298 334 299 
97 1 0 0 1 1 480 316 -1 -1 1 5402 480 253 480 318 480 316 480 314 480 311 480 308 480 303 480 298 480 284 480 275 480 260 480 253 480 247 480 236 480 233 480 232 480 231 480 230 480 229 480 228 480 227 480 226 480 225 480 223 480 222 480 221 480 222 480 226 480 231 480 238 480 247 480 254 480 265 480 271 480 275 480 276 480 278 480 285 480 289 480 292 480 294 480 295 480 297 480 298 480 299 480 300 480 303 480 306 480 312 480 313 480 314 480 315 480 315 480 316 
97 1 0 0 1 1 12 249 -1 -1 0 10301 12 109 12 110 12 108 12 106 12 103 12 101 12 96 12 87 12 81 12 66 12 57 12 48 12 29 12 19 12 8 12 0 12 0 12 0 12 0 12 0 12 0 12 0 12 0 12 0 12 0 12 0 12 0 12 0 12 0 12 0 12 0 12 0 12 0 12 0 12 0 12 1 12 7 12 16 12 30 12 48 12 73 12 124 12 151 12 204 12 231 12 256 12 294 12 308 12 316 12 325 12 327 12 328 12 329 12 330 12 331 12 330 12 332 12 336 12 343 12 350 12 359 12 367 12 379 12 380 12 379 12 377 12 374 12 370 12 365 12 358 12 343 12 335 12 311 12 299 12 289 12 274 12 272 12 271 12 270 12 269 12 268 12 267 12 266 12 265 12 263 12 262 12 261 12 260 12 259 12 258 12 257 12 256 12 255 12 254 12 253 12 252 12 251 12 250 12 249 12 250 12 253 12 258 12 263 12 266 12 268 12 271 12 272 12 273 12 274 12 275 12 278 12 279 12 283 12 284 12 286 12 287 12 290 12 292 12 296 12 297 12 299 12 303 12 307 12 311 12 315 12 317 12 319 12 321 12 322 12 322 12 323 12 324 12 324 12 325 12 325 12 326 12 326 12 327 12 326 12 325 12 323 12 318 12 313 12 307 12 298 12 293 12 284 12 280 12 275 12 267 12 264 12 261 12 257 12 256 12 255 12 255 12 253 12 252 12 251 12 250 12 249 12 249 
97 1 0 0 1 1 485 324 -1 -1 1 5090 485 545 485 526 485 527 485 528 485 528 485 531 485 533 485 537 485 546 485 552 485 558 485 568 485 573 485 576 485 583 485 586 485 589 485 590 485 591 485 589 485 585 485 579 485 557 485 543 485 530 485 508 485 499 485 481 485 469 485 457 485 428 485 414 485 398 485 368 485 354 485 343 485 331 485 329 485 328 485 326 485 325 485 324 
97 1 0 0 1 1 64 300 -1 -1 0 8338 64 149 64 183 64 182 64 181 64 180 64 178 64 175 64 171 64 164 64 161 64 154 64 149 64 144 64 135 64 130 64 122 64 103 64 95 64 88 64 75 64 69 64 59 64 58 64 60 64 70 64 87 64 111 64 142 64 174 64 235 64 266 64 313 64 328 64 337 64 341 64 340 64 338 64 335 64 330 64 325 64 319 64 310 64 308 64 306 64 305 64 303 64 303 64 301 64 300 64 300 64 299 64 298 64 295 64 296 64 297 64 299 64 302 64 306 64 308 64 312 64 313 64 312 64 311 64 310 64 309 64 308 64 307 64 303 64 301 64 300 
97 1 0 0 1 1 204 319 -1 -1 1 5202 204 264 204 265 204 266 204 267 204 268 204 269 204 273 204 277 204 282 204 292 204 296 204 301 204 309 204 312 204 318 204 321 204 324 204 325 204 326 204 325 204 324 204 323 204 322 204 321 204 320 204 318 204 317 204 317 204 316 204 317 204 318 204 319 
97 1 0 0 1 1 107 315 -1 -1 1 5675 107 317 107 326 107 325 107 324 107 323 107 322 107 321 107 320 107 318 107 317 107 315 107 314 107 312 107 309 107 307 107 305 107 306 107 309 107 310 107 310 107 311 107 312 107 313 107 313 107 315 
97 1 0 0 1 1 571 285 -1 -1 0 5409 571 150 571 151 571 153 571 154 571 156 571 159 571 163 571 177 571 182 571 194 571 198 571 202 571 209 571 213 571 217 571 223 571 225 571 227 571 235 571 239 571 243 571 245 571 246 571 250 571 251 571 252 571 253 571 255 571 257 571 259 571 262 571 265 571 267 571 270 571 271 571 272 571 273 571 275 571 276 571 278 571 279 571 281 571 283 571 285 
97 1 0 0 1 2 216 283 0 5526 3 
97 1 0 0 1 2 149 216 0 1089 3 
97 1 0 0 1 2 50 216 0 1290 3 
97 1 0 0 1 2 83 283 0 3093 3 
97 1 0 0 1 2 349 183 0 1024 3 
97 1 0 0 1 2 116 50 0 1056 3 
97 1 0 0 1 2 549 349 1 2322 3 
97 1 0 0 1 2 516 116 0 1210 3 
97 1 0 0 1 2 116 549 1 1464 3 
97 1 0 0 1 2 482 283 0 6492 3 
97 1 0 0 1 2 349 549 1 2072 3 
97 1 0 0 1 2 50 349 1 1786 3 
97 1 0 0 1 2 183 482 1 1213 3 
97 1 0 0 1 2 50 183 0 1140 3 
97 1 0 0 1 2 349 283 0 3731 3 
97 1 0 0 1 2 349 249 0 1060 3 
97 1 0 0 1 2 50 116 0 2044 3 
97 1 0 0 1 2 249 482 1 6027 3 
97 1 0 0 1 2 249 449 1 1195 3 
97 1 0 0 1 2 549 149 0 1251 3 
97 1 0 0 1 2 482 549 1 4746 3 
97 1 0 0 1 2 50 383 1 1541 3 
97 1 0 0 1 2 482 416 1 1464 3 
97 1 0 0 1 2 83 50 0 1290 3 
97 1 0 0 1 2 316 183 0 1203 3 
97 1 0 0 1 2 283 549 1 2571 3 
97 1 0 0 1 2 349 316 1 10144 3 
97 1 0 0 1 2 116 449 1 1223 3 
97 1 0 0 1 2 449 416 1 1192 3 
97 1 0 0 1 2 383 283 0 1728 3 
97 1 0 0 1 2 316 482 1 2092 3 
97 1 0 0 1 2 549 482 1 1107 3 
