Subject 120 in condition 0
Training Condition: 2
Task: 0
Rule: [[[220, 300], [[2000, 0], [0, 9000]]], [[380, 300], [[2000, 0], [0, 9000]]]]
Noise: 0
CATA=0
CATB=1
Sample keys: 122 120
Resp keys: 309 307
Dim direction: 1 0
Dim minimum: 76 83
Test order: [4, 1, 3, 0, 5, 2, 7, 6]
120 0 2 0 0 1 388 132 1 4493 
120 0 2 0 0 1 169 196 0 2408 
120 0 2 0 0 1 412 359 1 1856 
120 0 2 0 0 1 275 426 0 2601 
120 0 2 0 0 1 194 296 0 4456 
120 0 2 0 0 1 377 234 1 2513 
120 0 2 0 0 1 461 412 1 2130 
120 0 2 0 0 1 447 178 1 2880 
120 0 2 0 0 1 200 275 0 2185 
120 0 2 0 0 1 164 237 0 1488 
120 0 2 0 0 1 193 163 0 1937 
120 0 2 0 0 1 267 198 0 1945 
120 0 2 0 0 1 201 267 0 1937 
120 0 2 0 0 1 179 278 0 1944 
120 0 2 0 0 1 416 356 1 3472 
120 0 2 0 0 1 183 382 0 3168 
120 0 2 0 0 2 83 249 0 4137 4 
120 0 2 0 0 2 549 549 1 2688 3 
120 0 2 0 0 2 83 216 0 2519 4 
120 0 2 0 0 2 283 516 1 4799 2 
120 0 2 0 0 2 216 116 0 4145 3 
120 0 2 0 0 2 416 283 1 3993 3 
120 0 2 0 0 2 516 516 1 2131 2 
120 0 2 0 0 2 83 383 0 1964 4 
120 0 2 0 0 2 216 516 0 7112 2 
120 0 2 0 0 2 183 149 0 2136 4 
120 0 2 0 0 2 516 316 1 3000 4 
120 0 2 0 0 2 549 249 1 2149 3 
120 0 2 0 0 2 216 249 0 1579 4 
120 0 2 0 0 2 149 416 0 2080 3 
120 0 2 0 0 2 116 349 0 1525 4 
120 0 2 0 0 2 516 416 1 1772 3 
120 0 2 0 0 2 149 449 0 3855 4 
120 0 2 0 0 2 449 283 1 2872 2 
120 0 2 0 0 2 449 249 1 2610 3 
120 0 2 0 0 2 116 183 0 1228 4 
120 0 2 0 0 2 349 50 0 2019 2 
120 0 2 0 0 2 249 383 0 2752 3 
120 0 2 0 0 2 416 383 0 2165 1 
120 0 2 0 0 2 416 549 1 6009 2 
120 0 2 0 0 2 283 316 0 2963 3 
120 0 2 0 0 2 383 482 0 2188 3 
120 0 2 0 0 2 449 482 0 1501 2 
120 0 2 0 0 2 516 83 1 2732 3 
120 0 2 0 0 2 316 83 0 1449 2 
120 0 2 0 0 2 283 283 0 2030 3 
120 0 2 0 0 2 216 216 0 1558 4 
120 0 2 0 0 2 383 249 0 1878 3 
120 0 2 0 0 1 319 360 1 6613 
120 0 2 0 0 1 201 153 0 7600 
120 0 2 0 0 1 204 280 0 1865 
120 0 2 0 0 1 424 478 1 3679 
120 0 2 0 0 1 370 268 1 4273 
120 0 2 0 0 1 115 428 0 1609 
120 0 2 0 0 1 222 233 0 1344 
120 0 2 0 0 1 171 292 0 952 
120 0 2 0 0 1 343 219 1 1408 
120 0 2 0 0 1 96 309 0 864 
120 0 2 0 0 1 286 264 0 4400 
120 0 2 0 0 1 201 316 0 1288 
120 0 2 0 0 1 318 252 1 2089 
120 0 2 0 0 1 329 272 1 1321 
120 0 2 0 0 1 368 500 1 1223 
120 0 2 0 0 1 350 377 1 1087 
120 0 2 0 0 2 383 216 1 1963 3 
120 0 2 0 0 2 216 416 0 2021 3 
120 0 2 0 0 2 50 249 0 1317 3 
120 0 2 0 0 2 283 249 1 2186 3 
120 0 2 0 0 2 183 50 1 2408 4 
120 0 2 0 0 2 316 216 1 2571 3 
120 0 2 0 0 2 482 249 1 2211 3 
120 0 2 0 0 2 216 50 1 1771 3 
120 0 2 0 0 2 516 482 1 1811 4 
120 0 2 0 0 2 516 183 1 1623 4 
120 0 2 0 0 2 249 149 0 1771 3 
120 0 2 0 0 2 50 316 0 979 3 
120 0 2 0 0 2 383 183 1 4136 3 
120 0 2 0 0 2 416 449 1 1562 3 
120 0 2 0 0 2 416 516 1 908 3 
120 0 2 0 0 2 149 316 1 3635 1 
120 0 2 0 0 2 349 116 1 2976 3 
120 0 2 0 0 2 183 116 0 965 3 
120 0 2 0 0 2 249 516 0 929 1 
120 0 2 0 0 2 216 482 0 1060 3 
120 0 2 0 0 2 316 316 1 2166 3 
120 0 2 0 0 2 316 349 1 1155 3 
120 0 2 0 0 2 249 349 1 853 3 
120 0 2 0 0 2 283 116 1 1133 3 
120 0 2 0 0 2 149 516 0 1097 1 
120 0 2 0 0 2 416 216 1 2023 3 
120 0 2 0 0 2 516 549 1 1689 3 
120 0 2 0 0 2 449 549 1 820 3 
120 0 2 0 0 2 50 482 0 1869 1 
120 0 2 0 0 2 416 183 1 1907 3 
120 0 2 0 0 2 149 50 0 1241 3 
120 0 2 0 0 2 482 516 1 1307 3 
120 0 2 0 0 1 353 301 1 4917 
120 0 2 0 0 1 271 232 0 4392 
120 0 2 0 0 1 185 391 0 2905 
120 0 2 0 0 1 243 263 0 1977 
120 0 2 0 0 1 236 151 0 1497 
120 0 2 0 0 1 204 65 0 985 
120 0 2 0 0 1 165 267 0 898 
120 0 2 0 0 1 304 151 1 1569 
120 0 2 0 0 1 355 345 1 816 
120 0 2 0 0 1 347 371 1 801 
120 0 2 0 0 1 306 293 1 872 
120 0 2 0 0 1 244 280 0 1585 
120 0 2 0 0 1 353 296 1 1465 
120 0 2 0 0 1 267 302 0 6041 
120 0 2 0 0 1 231 350 0 1663 
120 0 2 0 0 1 388 216 1 1056 
120 0 2 0 0 2 482 349 1 6523 2 
120 0 2 0 0 2 349 482 1 3718 3 
120 0 2 0 0 2 283 416 1 2449 3 
120 0 2 0 0 2 516 149 1 1463 3 
120 0 2 0 0 2 283 83 0 1697 3 
120 0 2 0 0 2 50 416 0 1654 4 
120 0 2 0 0 2 216 83 0 1275 3 
120 0 2 0 0 2 549 416 1 1780 3 
120 0 2 0 0 2 149 283 0 1486 4 
120 0 2 0 0 2 383 416 1 2417 3 
120 0 2 0 0 2 449 50 1 1317 3 
120 0 2 0 0 2 116 383 0 2001 3 
120 0 2 0 0 2 83 183 0 1252 4 
120 0 2 0 0 2 50 516 0 907 4 
120 0 2 0 0 2 149 482 0 1100 4 
120 0 2 0 0 2 549 83 1 1941 3 
120 0 2 0 0 2 283 482 1 3451 2 
120 0 2 0 0 2 549 183 1 3039 2 
120 0 2 0 0 2 183 449 0 1330 4 
120 0 2 0 0 2 50 50 0 1244 4 
120 0 2 0 0 2 349 216 0 3748 2 
120 0 2 0 0 2 383 50 1 1637 4 
120 0 2 0 0 2 283 149 1 1602 1 
120 0 2 0 0 2 383 516 1 2108 2 
120 0 2 0 0 2 316 449 1 752 3 
120 0 2 0 0 2 149 149 0 1515 3 
120 0 2 0 0 2 183 83 0 823 3 
120 0 2 0 0 2 383 149 1 1174 4 
120 0 2 0 0 2 449 316 1 1113 3 
120 0 2 0 0 2 383 449 1 1080 3 
120 0 2 0 0 2 449 216 0 1843 3 
120 0 2 0 0 2 249 549 0 1603 3 
120 0 2 0 0 1 330 356 1 4300 
120 0 2 0 0 1 376 314 1 2008 
120 0 2 0 0 1 198 255 0 2480 
120 0 2 0 0 1 302 214 1 9711 
120 0 2 0 0 1 405 307 1 3113 
120 0 2 0 0 1 313 374 1 1025 
120 0 2 0 0 1 398 467 1 1361 
120 0 2 0 0 1 366 302 1 2408 
120 0 2 0 0 1 370 257 1 833 
120 0 2 0 0 1 387 314 1 1097 
120 0 2 0 0 1 434 368 1 1161 
120 0 2 0 0 1 229 278 0 1481 
120 0 2 0 0 1 187 318 0 1313 
120 0 2 0 0 1 354 346 1 2354 
120 0 2 0 0 1 382 260 1 1456 
120 0 2 0 0 1 199 222 0 1594 
120 0 2 0 0 2 416 116 1 4938 3 
120 0 2 0 0 2 482 183 1 1564 3 
120 0 2 0 0 2 116 149 0 1809 4 
120 0 2 0 0 2 83 482 0 744 4 
120 0 2 0 0 2 416 149 1 1158 3 
120 0 2 0 0 2 83 416 0 1053 4 
120 0 2 0 0 2 283 183 0 1812 3 
120 0 2 0 0 2 83 516 0 1253 3 
120 0 2 0 0 2 249 283 0 3505 3 
120 0 2 0 0 2 83 549 0 1086 4 
120 0 2 0 0 2 482 449 1 1541 4 
120 0 2 0 0 2 216 383 0 1587 3 
120 0 2 0 0 2 316 516 1 2727 3 
120 0 2 0 0 2 283 50 1 1541 3 
120 0 2 0 0 2 383 549 1 808 3 
120 0 2 0 0 2 249 116 0 1097 3 
120 0 2 0 0 2 83 316 0 788 3 
120 0 2 0 0 2 183 216 0 787 3 
120 0 2 0 0 2 349 416 1 1565 3 
120 0 2 0 0 2 183 283 0 977 3 
120 0 2 0 0 2 516 50 1 984 3 
120 0 2 0 0 2 216 549 0 757 3 
120 0 2 0 0 2 416 416 0 829 3 
120 0 2 0 0 2 482 316 1 1246 3 
120 0 2 0 0 2 449 349 1 635 3 
120 0 2 0 0 2 50 449 0 770 3 
120 0 2 0 0 2 516 283 1 1062 3 
120 0 2 0 0 2 482 116 1 636 3 
120 0 2 0 0 2 316 549 1 2261 3 
120 0 2 0 0 2 116 83 0 1176 3 
120 0 2 0 0 2 316 249 1 2103 2 
120 0 2 0 0 2 549 216 1 949 3 
120 0 2 0 0 1 366 324 1 4445 
120 0 2 0 0 1 182 420 0 2706 
120 0 2 0 0 1 446 369 1 2248 
120 0 2 0 0 1 427 219 1 1857 
120 0 2 0 0 1 419 266 1 2616 
120 0 2 0 0 1 193 388 0 946 
120 0 2 0 0 1 271 276 0 1016 
120 0 2 0 0 1 232 241 0 2146 
120 0 2 0 0 1 327 201 1 1601 
120 0 2 0 0 1 468 219 1 1056 
120 0 2 0 0 1 208 298 0 856 
120 0 2 0 0 1 297 305 0 832 
120 0 2 0 0 1 316 501 1 3656 
120 0 2 0 0 1 355 328 1 2344 
120 0 2 0 0 1 206 466 0 1433 
120 0 2 0 0 1 140 220 0 1049 
120 0 2 0 0 2 116 216 0 2841 3 
120 0 2 0 0 2 449 383 1 1403 3 
120 0 2 0 0 2 416 50 1 2431 3 
120 0 2 0 0 2 283 449 0 1433 3 
120 0 2 0 0 2 449 516 1 1294 3 
120 0 2 0 0 2 216 183 0 1106 2 
120 0 2 0 0 2 449 183 0 1976 3 
120 0 2 0 0 2 216 316 0 1816 3 
120 0 2 0 0 2 549 283 1 1502 2 
120 0 2 0 0 2 249 83 0 1843 3 
120 0 2 0 0 2 183 316 0 966 3 
120 0 2 0 0 2 416 316 1 1798 3 
120 0 2 0 0 2 549 116 1 905 3 
120 0 2 0 0 2 183 549 0 939 2 
120 0 2 0 0 2 116 516 0 758 2 
120 0 2 0 0 2 50 549 0 608 2 
120 0 2 0 0 2 482 482 1 1725 3 
120 0 2 0 0 2 449 149 1 1270 3 
120 0 2 0 0 2 316 50 0 1021 3 
120 0 2 0 0 2 183 516 0 1175 3 
120 0 2 0 0 2 116 249 0 1084 3 
120 0 2 0 0 2 349 349 1 1613 3 
120 0 2 0 0 2 316 416 1 1755 3 
120 0 2 0 0 2 249 249 0 1152 3 
120 0 2 0 0 2 316 383 1 2142 3 
120 0 2 0 0 2 183 183 0 826 3 
120 0 2 0 0 2 83 116 0 551 3 
120 0 2 0 0 2 383 383 1 2374 3 
120 0 2 0 0 2 482 83 1 1674 3 
120 0 2 0 0 2 183 416 0 767 3 
120 0 2 0 0 2 416 83 0 2161 3 
120 0 2 0 0 2 116 283 0 836 3 
120 0 2 0 0 1 342 178 1 3260 
120 0 2 0 0 1 212 163 0 833 
120 0 2 0 0 1 364 370 1 784 
120 0 2 0 0 1 217 365 0 680 
120 0 2 0 0 1 239 196 0 959 
120 0 2 0 0 1 248 219 0 744 
120 0 2 0 0 1 311 164 1 1480 
120 0 2 0 0 1 445 357 1 712 
120 0 2 0 0 1 367 357 1 752 
120 0 2 0 0 1 174 202 0 649 
120 0 2 0 0 1 271 270 0 641 
120 0 2 0 0 1 419 252 1 753 
120 0 2 0 0 1 475 334 1 633 
120 0 2 0 0 1 382 252 1 737 
120 0 2 0 0 1 323 218 1 801 
120 0 2 0 0 1 264 302 0 1457 
120 0 2 0 0 2 183 349 0 3560 3 
120 0 2 0 0 2 349 83 1 2549 3 
120 0 2 0 0 2 83 83 0 1010 3 
120 0 2 0 0 2 83 149 0 598 3 
120 0 2 0 0 2 216 349 0 1517 4 
120 0 2 0 0 2 449 116 1 784 4 
120 0 2 0 0 2 416 482 1 598 4 
120 0 2 0 0 2 349 516 1 640 4 
120 0 2 0 0 2 449 449 1 1141 4 
120 0 2 0 0 2 216 449 0 637 4 
120 0 2 0 0 2 482 149 1 691 4 
120 0 2 0 0 2 149 83 0 659 4 
120 0 2 0 0 2 549 383 1 793 4 
120 0 2 0 0 2 249 183 0 1118 4 
120 0 2 0 0 2 449 83 1 1266 4 
120 0 2 0 0 2 349 383 1 1104 4 
120 0 2 0 0 2 149 249 0 661 4 
120 0 2 0 0 2 516 383 1 847 4 
120 0 2 0 0 2 383 83 1 1323 4 
120 0 2 0 0 2 283 383 1 1903 4 
120 0 2 0 0 2 482 50 1 895 4 
120 0 2 0 0 2 83 349 0 535 4 
120 0 2 0 0 2 83 449 0 637 4 
120 0 2 0 0 2 149 116 0 603 4 
120 0 2 0 0 2 416 349 1 774 4 
120 0 2 0 0 2 316 283 1 1903 4 
120 0 2 0 0 2 50 149 0 644 4 
120 0 2 0 0 2 549 316 1 1090 4 
120 0 2 0 0 2 283 216 0 1441 4 
120 0 2 0 0 2 183 383 0 953 4 
120 0 2 0 0 2 116 316 0 717 4 
120 0 2 0 0 2 416 249 1 4395 2 
120 0 2 0 0 1 430 294 1 3132 
120 0 2 0 0 1 387 370 1 752 
120 0 2 0 0 1 287 267 0 1265 
120 0 2 0 0 1 224 200 0 656 
120 0 2 0 0 1 382 269 1 849 
120 0 2 0 0 1 351 202 1 1105 
120 0 2 0 0 1 352 412 1 656 
120 0 2 0 0 1 446 378 1 625 
120 0 2 0 0 1 220 381 0 1320 
120 0 2 0 0 1 134 280 0 881 
120 0 2 0 0 1 372 234 1 609 
120 0 2 0 0 1 319 144 1 609 
120 0 2 0 0 1 294 263 0 5353 
120 0 2 0 0 1 330 126 1 6905 
120 0 2 0 0 1 361 253 1 1480 
120 0 2 0 0 1 372 381 1 3161 
120 0 2 0 0 2 249 316 0 3048 1 
120 0 2 0 0 2 149 183 0 1494 4 
120 0 2 0 0 2 549 516 1 1919 3 
120 0 2 0 0 2 316 149 1 2536 3 
120 0 2 0 0 2 116 482 0 910 2 
120 0 2 0 0 2 383 116 1 2341 3 
120 0 2 0 0 2 249 50 1 752 3 
120 0 2 0 0 2 349 449 1 959 3 
120 0 2 0 0 2 316 116 1 1013 3 
120 0 2 0 0 2 50 83 0 1029 2 
120 0 2 0 0 2 149 549 0 837 2 
120 0 2 0 0 2 283 349 0 3187 3 
120 0 2 0 0 2 549 449 1 1780 3 
120 0 2 0 0 2 116 116 0 804 3 
120 0 2 0 0 2 116 416 0 961 3 
120 0 2 0 0 2 516 249 1 934 3 
120 0 2 0 0 2 383 349 1 2912 3 
120 0 2 0 0 2 482 383 1 776 3 
120 0 2 0 0 2 149 349 0 1064 3 
120 0 2 0 0 2 50 283 0 841 3 
120 0 2 0 0 2 516 449 1 985 3 
120 0 2 0 0 2 383 316 1 5194 3 
120 0 2 0 0 2 249 216 0 1055 2 
120 0 2 0 0 2 349 149 0 1538 3 
120 0 2 0 0 2 149 383 0 1190 3 
120 0 2 0 0 2 216 149 0 998 3 
120 0 2 0 0 2 516 216 1 871 3 
120 0 2 0 0 2 549 50 1 653 3 
120 0 2 0 0 2 516 349 1 1167 3 
120 0 2 0 0 2 482 216 1 667 3 
120 0 2 0 0 2 249 416 0 1813 3 
120 0 2 0 0 2 183 249 0 951 3 
120 0 2 0 0 1 385 219 1 3741 
120 0 2 0 0 1 145 255 0 1184 
120 0 2 0 0 1 231 391 0 1033 
120 0 2 0 0 1 221 335 0 848 
120 0 2 0 0 1 257 323 0 1496 
120 0 2 0 0 1 444 413 1 2921 
120 0 2 0 0 1 235 201 0 817 
120 0 2 0 0 1 242 211 0 2136 
120 0 2 0 0 1 237 149 0 825 
120 0 2 0 0 1 224 210 0 1352 
120 0 2 0 0 1 398 297 1 1809 
120 0 2 0 0 1 241 339 0 1096 
120 0 2 0 0 1 192 185 0 1136 
120 0 2 0 0 1 375 177 1 2768 
120 0 2 0 0 1 371 185 1 1968 
120 0 2 0 0 1 326 248 1 4928 
120 0 2 0 0 2 116 50 0 2007 3 
120 0 2 0 0 2 183 482 0 809 3 
120 0 2 0 0 2 349 183 1 1428 3 
120 0 2 0 0 2 316 482 0 1978 3 
120 0 2 0 0 2 50 216 0 2150 3 
120 0 2 0 0 2 349 316 1 2066 3 
120 0 2 0 0 2 83 50 0 1275 4 
120 0 2 0 0 2 482 416 1 1895 3 
120 0 2 0 0 2 83 283 0 1452 4 
120 0 2 0 0 2 482 283 1 2457 2 
120 0 2 0 0 2 349 283 1 1129 2 
120 0 2 0 0 2 116 549 0 2301 4 
120 0 2 0 0 2 149 216 0 2343 4 
120 0 2 0 0 2 549 149 1 1521 3 
120 0 2 0 0 2 216 283 0 3231 3 
120 0 2 0 0 2 249 482 0 1000 3 
120 0 2 0 0 2 316 183 1 4009 2 
120 0 2 0 0 2 549 349 1 1401 4 
120 0 2 0 0 2 482 549 1 768 4 
120 0 2 0 0 2 383 283 1 4197 2 
120 0 2 0 0 2 349 549 1 2827 3 
120 0 2 0 0 2 50 383 0 896 2 
120 0 2 0 0 2 50 116 0 534 2 
120 0 2 0 0 2 549 482 1 1683 3 
120 0 2 0 0 2 349 249 1 1866 3 
120 0 2 0 0 2 116 449 0 866 2 
120 0 2 0 0 2 516 116 1 1412 2 
120 0 2 0 0 2 449 416 1 2624 3 
120 0 2 0 0 2 50 349 0 1031 4 
120 0 2 0 0 2 283 549 0 1015 4 
120 0 2 0 0 2 50 183 0 3226 4 
120 0 2 0 0 2 249 449 0 4441 2 
