Subject 137 in condition 1
Training Condition: 2
Task: 0
Rule: [[[300, 220], [[9000, 0], [0, 2000]]], [[300, 380], [[9000, 0], [0, 2000]]]]
Noise: 0
CATA=1
CATB=0
Sample keys: 120 122
Resp keys: 307 309
Dim direction: 0 1
Dim minimum: 93 65
Test order: [1, 3, 2, 5, 6, 4, 0, 7]
137 1 2 0 1 1 238 385 1 5868 
137 1 2 0 1 1 376 110 0 5184 
137 1 2 0 1 1 212 379 1 2898 
137 1 2 0 1 1 252 265 0 1803 
137 1 2 0 1 1 226 184 0 1655 
137 1 2 0 1 1 225 417 1 1922 
137 1 2 0 1 1 408 421 1 1370 
137 1 2 0 1 1 403 203 0 1568 
137 1 2 0 1 1 179 392 1 1369 
137 1 2 0 1 1 464 290 0 1127 
137 1 2 0 1 1 276 193 0 1072 
137 1 2 0 1 1 305 215 0 969 
137 1 2 0 1 1 307 334 1 864 
137 1 2 0 1 1 248 220 0 713 
137 1 2 0 1 1 338 327 1 816 
137 1 2 0 1 1 251 190 0 717 
137 1 2 0 1 2 149 50 0 7293 4 
137 1 2 0 1 2 249 349 1 4655 4 
137 1 2 0 1 2 183 116 0 3130 4 
137 1 2 0 1 2 149 516 0 9303 2 
137 1 2 0 1 2 416 449 1 3697 4 
137 1 2 0 1 2 149 316 1 3640 4 
137 1 2 0 1 2 50 316 1 2721 4 
137 1 2 0 1 2 316 216 0 1333 4 
137 1 2 0 1 2 316 316 1 1480 4 
137 1 2 0 1 2 482 516 0 3526 2 
137 1 2 0 1 2 216 416 1 2163 3 
137 1 2 0 1 2 50 249 0 1995 4 
137 1 2 0 1 2 416 216 0 906 4 
137 1 2 0 1 2 216 50 0 1731 5 
137 1 2 0 1 2 516 183 0 1323 5 
137 1 2 0 1 2 416 516 0 2960 2 
137 1 2 0 1 2 383 183 0 3227 5 
137 1 2 0 1 2 249 149 0 1120 5 
137 1 2 0 1 2 50 482 1 2276 5 
137 1 2 0 1 2 482 249 0 2280 5 
137 1 2 0 1 2 216 482 1 2332 5 
137 1 2 0 1 2 249 516 0 3126 2 
137 1 2 0 1 2 416 183 0 1930 5 
137 1 2 0 1 2 316 349 1 1269 5 
137 1 2 0 1 2 449 549 0 1776 5 
137 1 2 0 1 2 183 50 0 1252 5 
137 1 2 0 1 2 283 249 0 7551 5 
137 1 2 0 1 2 516 482 1 5508 5 
137 1 2 0 1 2 349 116 0 1296 5 
137 1 2 0 1 2 283 116 0 964 5 
137 1 2 0 1 2 516 549 0 1347 5 
137 1 2 0 1 2 383 216 0 1475 5 
137 1 2 0 1 1 309 211 0 4298 
137 1 2 0 1 1 174 333 1 1954 
137 1 2 0 1 1 264 257 0 2970 
137 1 2 0 1 1 210 309 1 1393 
137 1 2 0 1 1 200 414 1 1216 
137 1 2 0 1 1 378 140 0 905 
137 1 2 0 1 1 279 266 0 1377 
137 1 2 0 1 1 370 236 0 1465 
137 1 2 0 1 1 326 175 0 1479 
137 1 2 0 1 1 190 393 1 2753 
137 1 2 0 1 1 300 319 1 2432 
137 1 2 0 1 1 275 176 0 937 
137 1 2 0 1 1 410 253 0 1306 
137 1 2 0 1 1 319 298 0 1033 
137 1 2 0 1 1 448 170 0 857 
137 1 2 0 1 1 155 371 1 1081 
137 1 2 0 1 2 383 149 0 3730 5 
137 1 2 0 1 2 116 383 1 1511 5 
137 1 2 0 1 2 549 416 1 2397 5 
137 1 2 0 1 2 316 449 1 1055 5 
137 1 2 0 1 2 149 283 0 1293 5 
137 1 2 0 1 2 283 83 0 1264 5 
137 1 2 0 1 2 283 149 0 1041 5 
137 1 2 0 1 2 50 416 1 1339 5 
137 1 2 0 1 2 383 449 1 1153 5 
137 1 2 0 1 2 283 416 1 1133 5 
137 1 2 0 1 2 349 482 1 1064 5 
137 1 2 0 1 2 349 216 0 1274 5 
137 1 2 0 1 2 149 149 0 959 5 
137 1 2 0 1 2 216 83 0 1078 5 
137 1 2 0 1 2 449 50 0 959 5 
137 1 2 0 1 2 449 316 1 1006 5 
137 1 2 0 1 2 383 50 0 997 5 
137 1 2 0 1 2 383 516 1 2511 5 
137 1 2 0 1 2 249 549 1 1412 5 
137 1 2 0 1 2 183 83 0 1386 5 
137 1 2 0 1 2 549 83 0 1363 5 
137 1 2 0 1 2 383 416 1 994 5 
137 1 2 0 1 2 449 216 0 1417 5 
137 1 2 0 1 2 283 482 1 2311 5 
137 1 2 0 1 2 50 50 0 1011 5 
137 1 2 0 1 2 482 349 1 1555 5 
137 1 2 0 1 2 83 183 0 1184 5 
137 1 2 0 1 2 183 449 1 847 5 
137 1 2 0 1 2 516 149 0 903 5 
137 1 2 0 1 2 549 183 0 933 5 
137 1 2 0 1 2 50 516 1 2060 5 
137 1 2 0 1 2 149 482 1 1644 5 
137 1 2 0 1 1 394 393 1 2467 
137 1 2 0 1 1 230 245 0 1297 
137 1 2 0 1 1 292 199 0 811 
137 1 2 0 1 1 217 221 0 1554 
137 1 2 0 1 1 344 417 1 762 
137 1 2 0 1 1 247 200 0 1288 
137 1 2 0 1 1 287 364 1 904 
137 1 2 0 1 1 432 270 0 2514 
137 1 2 0 1 1 445 229 0 1266 
137 1 2 0 1 1 295 199 0 985 
137 1 2 0 1 1 353 341 1 1682 
137 1 2 0 1 1 344 251 0 2424 
137 1 2 0 1 1 286 375 1 655 
137 1 2 0 1 1 182 262 0 1064 
137 1 2 0 1 1 323 379 1 657 
137 1 2 0 1 1 239 208 0 680 
137 1 2 0 1 2 116 316 1 4676 5 
137 1 2 0 1 2 149 83 0 1217 5 
137 1 2 0 1 2 183 349 1 1019 5 
137 1 2 0 1 2 50 149 0 688 5 
137 1 2 0 1 2 482 50 0 797 5 
137 1 2 0 1 2 149 116 0 706 5 
137 1 2 0 1 2 83 83 0 693 5 
137 1 2 0 1 2 149 249 0 3025 5 
137 1 2 0 1 2 449 83 0 943 5 
137 1 2 0 1 2 349 83 0 649 5 
137 1 2 0 1 2 549 316 1 960 5 
137 1 2 0 1 2 349 516 1 1119 5 
137 1 2 0 1 2 183 383 1 1040 5 
137 1 2 0 1 2 249 183 0 1130 5 
137 1 2 0 1 2 83 449 1 827 5 
137 1 2 0 1 2 516 383 1 964 5 
137 1 2 0 1 2 216 349 1 1158 5 
137 1 2 0 1 2 416 249 0 1142 5 
137 1 2 0 1 2 283 216 0 862 5 
137 1 2 0 1 2 482 149 0 784 5 
137 1 2 0 1 2 549 383 1 881 5 
137 1 2 0 1 2 316 283 0 967 5 
137 1 2 0 1 2 83 349 0 1629 5 
137 1 2 0 1 2 216 449 1 805 5 
137 1 2 0 1 2 383 83 0 915 5 
137 1 2 0 1 2 416 482 1 761 5 
137 1 2 0 1 2 449 449 1 554 5 
137 1 2 0 1 2 83 149 0 710 5 
137 1 2 0 1 2 283 383 1 710 5 
137 1 2 0 1 2 416 349 1 648 5 
137 1 2 0 1 2 449 116 0 646 5 
137 1 2 0 1 2 349 383 1 690 5 
137 1 2 0 1 1 295 223 0 2261 
137 1 2 0 1 1 373 203 0 937 
137 1 2 0 1 1 321 281 0 1521 
137 1 2 0 1 1 308 183 0 1122 
137 1 2 0 1 1 250 242 0 1160 
137 1 2 0 1 1 218 393 1 762 
137 1 2 0 1 1 313 389 1 578 
137 1 2 0 1 1 344 234 0 1201 
137 1 2 0 1 1 331 421 1 650 
137 1 2 0 1 1 319 312 1 3042 
137 1 2 0 1 1 340 272 0 1553 
137 1 2 0 1 1 417 227 0 1080 
137 1 2 0 1 1 391 189 0 747 
137 1 2 0 1 1 308 415 1 663 
137 1 2 0 1 1 317 330 1 1081 
137 1 2 0 1 1 413 363 1 664 
137 1 2 0 1 2 83 116 0 1867 5 
137 1 2 0 1 2 249 249 0 2462 5 
137 1 2 0 1 2 383 383 1 572 5 
137 1 2 0 1 2 416 50 0 695 5 
137 1 2 0 1 2 183 416 1 644 5 
137 1 2 0 1 2 416 83 0 661 5 
137 1 2 0 1 2 183 516 1 1545 5 
137 1 2 0 1 2 549 116 0 770 5 
137 1 2 0 1 2 349 349 1 1208 5 
137 1 2 0 1 2 183 183 0 855 5 
137 1 2 0 1 2 116 516 1 828 5 
137 1 2 0 1 2 416 316 1 5238 5 
137 1 2 0 1 2 316 50 0 1532 5 
137 1 2 0 1 2 549 283 1 780 5 
137 1 2 0 1 2 50 549 1 902 5 
137 1 2 0 1 2 283 449 1 1325 5 
137 1 2 0 1 2 449 149 0 1087 5 
137 1 2 0 1 2 116 249 0 1946 5 
137 1 2 0 1 2 449 516 1 733 5 
137 1 2 0 1 2 116 283 0 1017 5 
137 1 2 0 1 2 482 83 0 1080 5 
137 1 2 0 1 2 449 183 0 938 5 
137 1 2 0 1 2 216 183 0 696 5 
137 1 2 0 1 2 249 83 0 681 5 
137 1 2 0 1 2 183 549 1 9343 5 
137 1 2 0 1 2 216 316 1 2255 5 
137 1 2 0 1 2 316 383 1 668 5 
137 1 2 0 1 2 116 216 0 785 5 
137 1 2 0 1 2 316 416 1 710 5 
137 1 2 0 1 2 449 383 1 709 5 
137 1 2 0 1 2 183 316 0 661 5 
137 1 2 0 1 2 482 482 1 811 5 
137 1 2 0 1 1 358 271 0 5626 
137 1 2 0 1 1 401 375 1 1194 
137 1 2 0 1 1 380 414 1 546 
137 1 2 0 1 1 427 318 1 1633 
137 1 2 0 1 1 268 205 0 2561 
137 1 2 0 1 1 168 252 0 946 
137 1 2 0 1 1 319 336 1 779 
137 1 2 0 1 1 338 331 1 954 
137 1 2 0 1 1 460 427 1 810 
137 1 2 0 1 1 427 343 1 1538 
137 1 2 0 1 1 169 265 0 1873 
137 1 2 0 1 1 356 251 0 737 
137 1 2 0 1 1 293 355 1 713 
137 1 2 0 1 1 366 391 1 762 
137 1 2 0 1 1 261 333 1 842 
137 1 2 0 1 1 385 406 1 769 
137 1 2 0 1 2 249 482 1 2744 4 
137 1 2 0 1 2 50 183 0 899 4 
137 1 2 0 1 2 516 116 0 836 4 
137 1 2 0 1 2 549 149 0 727 4 
137 1 2 0 1 2 316 482 1 936 4 
137 1 2 0 1 2 50 383 1 940 4 
137 1 2 0 1 2 316 183 0 703 4 
137 1 2 0 1 2 349 316 0 5850 4 
137 1 2 0 1 2 349 283 1 4575 4 
137 1 2 0 1 2 183 482 1 845 4 
137 1 2 0 1 2 149 216 0 1543 4 
137 1 2 0 1 2 249 449 1 719 4 
137 1 2 0 1 2 349 249 0 1541 4 
137 1 2 0 1 2 482 549 1 891 4 
137 1 2 0 1 2 83 283 0 1764 4 
137 1 2 0 1 2 50 216 0 1247 4 
137 1 2 0 1 2 449 416 1 756 4 
137 1 2 0 1 2 549 349 1 612 4 
137 1 2 0 1 2 383 283 0 728 4 
137 1 2 0 1 2 50 116 0 865 4 
137 1 2 0 1 2 482 283 0 4464 4 
137 1 2 0 1 2 116 449 1 669 4 
137 1 2 0 1 2 283 549 1 878 4 
137 1 2 0 1 2 116 549 1 710 4 
137 1 2 0 1 2 83 50 0 775 4 
137 1 2 0 1 2 349 183 0 1166 4 
137 1 2 0 1 2 549 482 1 2512 4 
137 1 2 0 1 2 482 416 1 795 4 
137 1 2 0 1 2 116 50 0 877 4 
137 1 2 0 1 2 349 549 1 1865 4 
137 1 2 0 1 2 216 283 0 1134 4 
137 1 2 0 1 2 50 349 1 1027 4 
137 1 2 0 1 1 314 262 0 7029 
137 1 2 0 1 1 343 393 1 1586 
137 1 2 0 1 1 387 200 0 3185 
137 1 2 0 1 1 221 438 1 1290 
137 1 2 0 1 1 409 411 1 1650 
137 1 2 0 1 1 338 381 1 969 
137 1 2 0 1 1 290 194 0 1250 
137 1 2 0 1 1 395 287 0 904 
137 1 2 0 1 1 379 389 1 760 
137 1 2 0 1 1 188 295 0 3984 
137 1 2 0 1 1 362 225 0 928 
137 1 2 0 1 1 147 388 1 1265 
137 1 2 0 1 1 312 181 0 665 
137 1 2 0 1 1 260 414 1 713 
137 1 2 0 1 1 232 265 0 778 
137 1 2 0 1 1 245 226 0 672 
137 1 2 0 1 2 416 283 0 2386 5 
137 1 2 0 1 2 83 216 0 2012 5 
137 1 2 0 1 2 149 416 1 835 5 
137 1 2 0 1 2 216 116 0 699 5 
137 1 2 0 1 2 516 516 1 652 5 
137 1 2 0 1 2 383 249 0 1957 5 
137 1 2 0 1 2 316 83 0 1189 5 
137 1 2 0 1 2 83 249 0 1219 5 
137 1 2 0 1 2 116 349 1 1031 5 
137 1 2 0 1 2 283 516 1 696 5 
137 1 2 0 1 2 449 283 0 3133 5 
137 1 2 0 1 2 449 482 1 774 5 
137 1 2 0 1 2 249 383 1 1774 5 
137 1 2 0 1 2 349 50 0 860 5 
137 1 2 0 1 2 116 183 0 1355 5 
137 1 2 0 1 2 216 516 1 650 5 
137 1 2 0 1 2 516 83 0 879 5 
137 1 2 0 1 2 216 216 0 1785 5 
137 1 2 0 1 2 283 283 0 1350 5 
137 1 2 0 1 2 149 449 1 678 5 
137 1 2 0 1 2 516 416 1 854 5 
137 1 2 0 1 2 283 316 0 1491 5 
137 1 2 0 1 2 549 549 1 2849 5 
137 1 2 0 1 2 383 482 1 1400 5 
137 1 2 0 1 2 216 249 0 1251 5 
137 1 2 0 1 2 416 383 1 1165 5 
137 1 2 0 1 2 183 149 0 1094 5 
137 1 2 0 1 2 416 549 1 2107 5 
137 1 2 0 1 2 516 316 0 4034 5 
137 1 2 0 1 2 549 249 0 2490 5 
137 1 2 0 1 2 449 249 0 909 5 
137 1 2 0 1 2 83 383 1 802 5 
137 1 2 0 1 1 154 193 0 4859 
137 1 2 0 1 1 369 399 1 914 
137 1 2 0 1 1 176 184 0 858 
137 1 2 0 1 1 105 344 1 666 
137 1 2 0 1 1 352 231 0 715 
137 1 2 0 1 1 141 477 1 815 
137 1 2 0 1 1 236 336 1 1449 
137 1 2 0 1 1 191 352 1 714 
137 1 2 0 1 1 321 341 1 1192 
137 1 2 0 1 1 305 465 1 1218 
137 1 2 0 1 1 225 231 0 759 
137 1 2 0 1 1 296 411 1 680 
137 1 2 0 1 1 276 260 0 1288 
137 1 2 0 1 1 72 286 0 738 
137 1 2 0 1 1 294 242 0 1000 
137 1 2 0 1 1 228 391 1 800 
137 1 2 0 1 2 316 549 0 8356 5 
137 1 2 0 1 2 416 116 0 1829 5 
137 1 2 0 1 2 482 183 0 1598 5 
137 1 2 0 1 2 116 149 0 973 5 
137 1 2 0 1 2 482 116 0 809 5 
137 1 2 0 1 2 516 50 0 823 5 
137 1 2 0 1 2 449 349 1 1308 5 
137 1 2 0 1 2 183 216 0 776 5 
137 1 2 0 1 2 516 283 0 942 5 
137 1 2 0 1 2 249 116 0 1550 5 
137 1 2 0 1 2 249 283 0 1213 5 
137 1 2 0 1 2 83 416 1 745 5 
137 1 2 0 1 2 83 316 0 1000 5 
137 1 2 0 1 2 349 416 1 781 5 
137 1 2 0 1 2 83 482 1 874 5 
137 1 2 0 1 2 183 283 0 1490 5 
137 1 2 0 1 2 316 249 0 772 5 
137 1 2 0 1 2 283 183 0 684 5 
137 1 2 0 1 2 482 449 1 836 5 
137 1 2 0 1 2 50 449 1 720 5 
137 1 2 0 1 2 549 216 0 878 5 
137 1 2 0 1 2 83 516 1 2586 5 
137 1 2 0 1 2 216 383 1 1146 5 
137 1 2 0 1 2 383 549 0 4418 5 
137 1 2 0 1 2 316 516 1 2196 5 
137 1 2 0 1 2 283 50 0 2646 5 
137 1 2 0 1 2 416 149 0 898 5 
137 1 2 0 1 2 83 549 0 878 5 
137 1 2 0 1 2 416 416 1 1015 5 
137 1 2 0 1 2 482 316 0 4454 5 
137 1 2 0 1 2 216 549 0 2286 5 
137 1 2 0 1 2 116 83 0 915 5 
137 1 2 0 1 1 474 295 0 3173 
137 1 2 0 1 1 269 357 1 913 
137 1 2 0 1 1 312 246 0 8450 
137 1 2 0 1 1 406 494 1 841 
137 1 2 0 1 1 334 266 0 770 
137 1 2 0 1 1 396 524 1 954 
137 1 2 0 1 1 497 134 0 2663 
137 1 2 0 1 1 299 388 1 1097 
137 1 2 0 1 1 373 354 1 1673 
137 1 2 0 1 1 342 397 1 911 
137 1 2 0 1 1 380 194 0 1263 
137 1 2 0 1 1 218 162 0 1616 
137 1 2 0 1 1 177 252 0 1200 
137 1 2 0 1 1 292 263 0 1017 
137 1 2 0 1 1 438 363 1 970 
137 1 2 0 1 1 399 339 1 849 
137 1 2 0 1 2 116 482 1 4158 1 
137 1 2 0 1 2 50 283 0 4461 2 
137 1 2 0 1 2 249 316 0 2697 2 
137 1 2 0 1 2 516 216 0 994 2 
137 1 2 0 1 2 249 416 1 658 2 
137 1 2 0 1 2 383 316 1 5419 2 
137 1 2 0 1 2 149 549 0 7822 2 
137 1 2 0 1 2 50 83 0 3012 2 
137 1 2 0 1 2 249 50 0 777 2 
137 1 2 0 1 2 383 349 1 973 2 
137 1 2 0 1 2 549 516 1 1474 2 
137 1 2 0 1 2 349 449 1 1537 2 
137 1 2 0 1 2 149 383 1 2163 2 
137 1 2 0 1 2 383 116 0 538 2 
137 1 2 0 1 2 516 449 1 826 2 
137 1 2 0 1 2 216 149 0 907 2 
137 1 2 0 1 2 183 249 0 1092 2 
137 1 2 0 1 2 116 116 0 679 2 
137 1 2 0 1 2 149 349 1 916 2 
137 1 2 0 1 2 549 449 1 748 2 
137 1 2 0 1 2 116 416 1 800 2 
137 1 2 0 1 2 482 216 0 893 2 
137 1 2 0 1 2 249 216 0 933 2 
137 1 2 0 1 2 516 349 1 1490 2 
137 1 2 0 1 2 549 50 0 816 2 
137 1 2 0 1 2 316 116 1 811 2 
137 1 2 0 1 2 516 249 0 2464 2 
137 1 2 0 1 2 283 349 1 908 2 
137 1 2 0 1 2 316 149 0 724 2 
137 1 2 0 1 2 349 149 0 703 2 
137 1 2 0 1 2 482 383 1 758 2 
137 1 2 0 1 2 149 183 0 1470 2 
