Subject 148 in condition 0
Training Condition: 2
Task: 0
Rule: [[[220, 300], [[2000, 0], [0, 9000]]], [[380, 300], [[2000, 0], [0, 9000]]]]
Noise: 0
CATA=0
CATB=1
Sample keys: 120 122
Resp keys: 309 307
Dim direction: 0 0
Dim minimum: 46 80
Test order: [6, 4, 3, 7, 2, 1, 0, 5]
148 0 2 0 0 1 330 356 1 4221 
148 0 2 0 0 1 221 335 0 3978 
148 0 2 0 0 1 192 185 0 3282 
148 0 2 0 0 1 286 264 0 3306 
148 0 2 0 0 1 461 412 1 3025 
148 0 2 0 0 1 382 269 1 2729 
148 0 2 0 0 1 361 253 1 1090 
148 0 2 0 0 1 264 302 0 1289 
148 0 2 0 0 1 351 202 1 1296 
148 0 2 0 0 1 377 234 1 1136 
148 0 2 0 0 1 370 268 1 2873 
148 0 2 0 0 1 239 196 0 1994 
148 0 2 0 0 1 367 357 1 1488 
148 0 2 0 0 1 366 302 1 1881 
148 0 2 0 0 1 201 316 0 1129 
148 0 2 0 0 1 355 345 1 1338 
148 0 2 0 0 2 149 216 0 2901 3 
148 0 2 0 0 2 50 349 0 2485 4 
148 0 2 0 0 2 83 50 1 3205 4 
148 0 2 0 0 2 50 183 0 2694 4 
148 0 2 0 0 2 83 283 1 3082 3 
148 0 2 0 0 2 316 482 1 4175 3 
148 0 2 0 0 2 283 549 0 1997 1 
148 0 2 0 0 2 482 283 0 4127 2 
148 0 2 0 0 2 549 149 0 3067 3 
148 0 2 0 0 2 183 482 1 3296 3 
148 0 2 0 0 2 549 482 0 2897 3 
148 0 2 0 0 2 383 283 1 2588 3 
148 0 2 0 0 2 482 416 1 6384 2 
148 0 2 0 0 2 249 482 0 3249 3 
148 0 2 0 0 2 549 349 0 3354 3 
148 0 2 0 0 2 249 449 1 2791 3 
148 0 2 0 0 2 116 549 0 1791 3 
148 0 2 0 0 2 116 50 1 3002 3 
148 0 2 0 0 2 482 549 0 1725 3 
148 0 2 0 0 2 216 283 0 962 3 
148 0 2 0 0 2 449 416 1 2384 2 
148 0 2 0 0 2 349 316 1 1854 2 
148 0 2 0 0 2 349 283 0 1125 3 
148 0 2 0 0 2 50 216 0 2007 2 
148 0 2 0 0 2 349 549 0 3672 2 
148 0 2 0 0 2 349 249 1 1028 2 
148 0 2 0 0 2 116 449 0 1318 2 
148 0 2 0 0 2 50 383 1 1336 2 
148 0 2 0 0 2 349 183 0 4637 2 
148 0 2 0 0 2 316 183 0 1671 2 
148 0 2 0 0 2 50 116 0 1235 2 
148 0 2 0 0 2 516 116 1 572 3 
148 0 2 0 0 1 398 467 1 5613 
148 0 2 0 0 1 204 280 0 1138 
148 0 2 0 0 1 232 241 0 1313 
148 0 2 0 0 1 275 426 0 2226 
148 0 2 0 0 1 257 323 0 1256 
148 0 2 0 0 1 368 500 1 2049 
148 0 2 0 0 1 208 298 0 1119 
148 0 2 0 0 1 198 255 0 1066 
148 0 2 0 0 1 224 210 0 858 
148 0 2 0 0 1 355 328 1 1114 
148 0 2 0 0 1 444 413 1 1594 
148 0 2 0 0 1 398 297 1 785 
148 0 2 0 0 1 427 219 1 906 
148 0 2 0 0 1 327 201 1 4087 
148 0 2 0 0 1 199 222 0 1387 
148 0 2 0 0 1 231 391 0 2281 
148 0 2 0 0 2 83 216 0 4184 4 
148 0 2 0 0 2 449 482 0 2478 3 
148 0 2 0 0 2 416 283 1 1216 3 
148 0 2 0 0 2 283 316 1 1042 3 
148 0 2 0 0 2 349 50 0 1728 2 
148 0 2 0 0 2 116 183 0 1796 3 
148 0 2 0 0 2 216 516 0 1053 3 
148 0 2 0 0 2 516 516 1 1485 3 
148 0 2 0 0 2 383 249 1 1140 3 
148 0 2 0 0 2 283 516 0 1893 3 
148 0 2 0 0 2 283 283 0 1174 2 
148 0 2 0 0 2 549 249 1 1265 2 
148 0 2 0 0 2 149 416 0 1852 2 
148 0 2 0 0 2 383 482 0 2376 2 
148 0 2 0 0 2 183 149 1 1622 3 
148 0 2 0 0 2 249 383 0 1521 2 
148 0 2 0 0 2 516 83 1 6356 2 
148 0 2 0 0 2 549 549 0 1329 2 
148 0 2 0 0 2 83 249 0 2625 2 
148 0 2 0 0 2 83 383 0 1080 2 
148 0 2 0 0 2 216 116 1 746 2 
148 0 2 0 0 2 149 449 0 631 2 
148 0 2 0 0 2 449 283 1 746 2 
148 0 2 0 0 2 449 249 0 453 2 
148 0 2 0 0 2 216 249 0 440 2 
148 0 2 0 0 2 316 83 1 391 2 
148 0 2 0 0 2 216 216 1 471 2 
148 0 2 0 0 2 516 416 1 670 2 
148 0 2 0 0 2 416 383 0 750 2 
148 0 2 0 0 2 116 349 0 711 2 
148 0 2 0 0 2 416 549 0 1528 2 
148 0 2 0 0 2 516 316 1 820 2 
148 0 2 0 0 1 235 201 0 2141 
148 0 2 0 0 1 201 153 0 986 
148 0 2 0 0 1 343 219 1 4282 
148 0 2 0 0 1 294 263 0 1362 
148 0 2 0 0 1 96 309 0 1235 
148 0 2 0 0 1 405 307 1 720 
148 0 2 0 0 1 204 65 0 1370 
148 0 2 0 0 1 388 132 1 1048 
148 0 2 0 0 1 364 370 1 2328 
148 0 2 0 0 1 183 382 0 969 
148 0 2 0 0 1 193 388 0 930 
148 0 2 0 0 1 194 296 0 1026 
148 0 2 0 0 1 382 252 1 6050 
148 0 2 0 0 1 134 280 0 3129 
148 0 2 0 0 1 185 391 0 2432 
148 0 2 0 0 1 419 252 1 3569 
148 0 2 0 0 2 149 149 0 2742 2 
148 0 2 0 0 2 183 449 1 744 2 
148 0 2 0 0 2 283 83 0 463 2 
148 0 2 0 0 2 183 83 1 834 2 
148 0 2 0 0 2 383 416 0 663 2 
148 0 2 0 0 2 349 482 0 793 2 
148 0 2 0 0 2 283 416 1 1633 2 
148 0 2 0 0 2 249 549 0 845 1 
148 0 2 0 0 2 50 416 1 874 1 
148 0 2 0 0 2 482 349 1 1113 1 
148 0 2 0 0 2 50 50 0 727 1 
148 0 2 0 0 2 383 449 1 773 1 
148 0 2 0 0 2 549 183 1 703 1 
148 0 2 0 0 2 283 149 0 1023 1 
148 0 2 0 0 2 149 482 0 830 1 
148 0 2 0 0 2 216 83 1 998 1 
148 0 2 0 0 2 149 283 0 1386 1 
148 0 2 0 0 2 549 83 1 980 1 
148 0 2 0 0 2 50 516 0 728 1 
148 0 2 0 0 2 116 383 0 767 1 
148 0 2 0 0 2 283 482 1 580 1 
148 0 2 0 0 2 383 50 0 848 1 
148 0 2 0 0 2 83 183 1 632 1 
148 0 2 0 0 2 516 149 1 993 1 
148 0 2 0 0 2 383 516 1 937 2 
148 0 2 0 0 2 449 316 0 1256 2 
148 0 2 0 0 2 549 416 1 757 2 
148 0 2 0 0 2 449 216 1 617 2 
148 0 2 0 0 2 383 149 0 479 2 
148 0 2 0 0 2 349 216 1 856 2 
148 0 2 0 0 2 316 449 0 618 2 
148 0 2 0 0 2 449 50 0 1258 2 
148 0 2 0 0 1 182 420 0 7972 
148 0 2 0 0 1 354 346 1 2114 
148 0 2 0 0 1 419 266 1 881 
148 0 2 0 0 1 416 356 1 1274 
148 0 2 0 0 1 302 214 1 746 
148 0 2 0 0 1 220 381 0 6394 
148 0 2 0 0 1 326 248 1 1001 
148 0 2 0 0 1 201 267 0 1114 
148 0 2 0 0 1 297 305 0 778 
148 0 2 0 0 1 115 428 0 1217 
148 0 2 0 0 1 468 219 1 850 
148 0 2 0 0 1 385 219 1 952 
148 0 2 0 0 1 352 412 1 1056 
148 0 2 0 0 1 267 302 0 857 
148 0 2 0 0 1 271 232 0 2610 
148 0 2 0 0 1 200 275 0 1177 
148 0 2 0 0 2 549 449 1 3343 3 
148 0 2 0 0 2 516 349 0 1944 3 
148 0 2 0 0 2 249 316 1 1887 3 
148 0 2 0 0 2 149 383 0 839 3 
148 0 2 0 0 2 116 116 0 2171 3 
148 0 2 0 0 2 516 449 1 1425 3 
148 0 2 0 0 2 149 549 1 2946 3 
148 0 2 0 0 2 249 216 0 765 3 
148 0 2 0 0 2 516 249 1 951 3 
148 0 2 0 0 2 383 116 1 4486 3 
148 0 2 0 0 2 549 516 0 2791 3 
148 0 2 0 0 2 316 116 0 1219 3 
148 0 2 0 0 2 349 449 0 2745 3 
148 0 2 0 0 2 249 416 1 571 3 
148 0 2 0 0 2 549 50 0 1561 3 
148 0 2 0 0 2 482 216 1 3058 3 
148 0 2 0 0 2 383 316 0 720 3 
148 0 2 0 0 2 482 383 0 1079 3 
148 0 2 0 0 2 516 216 0 845 3 
148 0 2 0 0 2 249 50 0 1490 3 
148 0 2 0 0 2 116 482 1 526 3 
148 0 2 0 0 2 216 149 1 888 3 
148 0 2 0 0 2 50 283 1 695 3 
148 0 2 0 0 2 116 416 1 592 3 
148 0 2 0 0 2 349 149 1 813 3 
148 0 2 0 0 2 149 183 0 546 3 
148 0 2 0 0 2 316 149 1 499 3 
148 0 2 0 0 2 283 349 0 560 3 
148 0 2 0 0 2 183 249 0 602 3 
148 0 2 0 0 2 149 349 1 738 3 
148 0 2 0 0 2 383 349 1 516 3 
148 0 2 0 0 2 50 83 0 547 2 
148 0 2 0 0 1 370 257 1 10875 
148 0 2 0 0 1 271 276 0 1424 
148 0 2 0 0 1 447 178 1 738 
148 0 2 0 0 1 231 350 0 2447 
148 0 2 0 0 1 212 163 0 1367 
148 0 2 0 0 1 316 501 1 1681 
148 0 2 0 0 1 424 478 1 1488 
148 0 2 0 0 1 169 196 0 2575 
148 0 2 0 0 1 319 360 1 2344 
148 0 2 0 0 1 236 151 0 920 
148 0 2 0 0 1 164 237 0 1026 
148 0 2 0 0 1 347 371 1 817 
148 0 2 0 0 1 375 177 1 2234 
148 0 2 0 0 1 248 219 0 1794 
148 0 2 0 0 1 193 163 0 722 
148 0 2 0 0 1 372 234 1 1058 
148 0 2 0 0 2 416 349 1 2129 2 
148 0 2 0 0 2 50 149 0 1263 2 
148 0 2 0 0 2 549 316 0 1653 3 
148 0 2 0 0 2 83 83 1 1127 3 
148 0 2 0 0 2 149 249 0 1016 3 
148 0 2 0 0 2 283 216 0 2123 3 
148 0 2 0 0 2 449 449 1 1115 3 
148 0 2 0 0 2 249 183 1 2766 4 
148 0 2 0 0 2 482 50 0 1149 3 
148 0 2 0 0 2 549 383 1 1417 3 
148 0 2 0 0 2 316 283 1 1234 2 
148 0 2 0 0 2 383 83 1 6594 2 
148 0 2 0 0 2 83 149 0 1065 3 
148 0 2 0 0 2 83 349 0 927 3 
148 0 2 0 0 2 216 349 1 894 3 
148 0 2 0 0 2 116 316 0 1210 3 
148 0 2 0 0 2 183 349 0 740 3 
148 0 2 0 0 2 449 83 1 1095 3 
148 0 2 0 0 2 183 383 1 713 3 
148 0 2 0 0 2 416 249 1 718 3 
148 0 2 0 0 2 349 83 0 1143 3 
148 0 2 0 0 2 449 116 1 747 3 
148 0 2 0 0 2 283 383 1 1316 3 
148 0 2 0 0 2 349 516 0 811 3 
148 0 2 0 0 2 482 149 1 2448 3 
148 0 2 0 0 2 149 83 0 933 3 
148 0 2 0 0 2 416 482 0 1305 3 
148 0 2 0 0 2 149 116 1 1947 3 
148 0 2 0 0 2 516 383 0 1505 3 
148 0 2 0 0 2 349 383 1 627 3 
148 0 2 0 0 2 83 449 0 597 3 
148 0 2 0 0 2 216 449 0 657 3 
148 0 2 0 0 1 174 202 0 14053 
148 0 2 0 0 1 243 263 0 8744 
148 0 2 0 0 1 376 314 1 4290 
148 0 2 0 0 1 350 377 1 1298 
148 0 2 0 0 1 165 267 0 1233 
148 0 2 0 0 1 187 318 0 2690 
148 0 2 0 0 1 445 357 1 1978 
148 0 2 0 0 1 306 293 1 1122 
148 0 2 0 0 1 342 178 1 1402 
148 0 2 0 0 1 206 466 0 1610 
148 0 2 0 0 1 353 296 1 1698 
148 0 2 0 0 1 387 370 1 1097 
148 0 2 0 0 1 372 381 1 2194 
148 0 2 0 0 1 329 272 1 2295 
148 0 2 0 0 1 430 294 1 810 
148 0 2 0 0 1 311 164 1 1712 
148 0 2 0 0 2 416 449 1 3928 2 
148 0 2 0 0 2 516 549 1 1263 2 
148 0 2 0 0 2 416 183 0 1697 2 
148 0 2 0 0 2 50 249 0 688 2 
148 0 2 0 0 2 216 50 0 676 2 
148 0 2 0 0 2 249 149 1 615 2 
148 0 2 0 0 2 149 316 1 1543 2 
148 0 2 0 0 2 50 482 1 2126 2 
148 0 2 0 0 2 316 316 0 830 2 
148 0 2 0 0 2 516 183 1 1774 2 
148 0 2 0 0 2 482 516 0 1027 2 
148 0 2 0 0 2 249 516 0 972 2 
148 0 2 0 0 2 283 249 1 1033 2 
148 0 2 0 0 2 482 249 1 772 2 
148 0 2 0 0 2 383 216 1 956 2 
148 0 2 0 0 2 149 50 0 775 2 
148 0 2 0 0 2 316 349 0 1152 2 
148 0 2 0 0 2 216 416 0 2322 2 
148 0 2 0 0 2 149 516 1 536 2 
148 0 2 0 0 2 183 116 1 752 2 
148 0 2 0 0 2 349 116 1 762 2 
148 0 2 0 0 2 449 549 1 758 2 
148 0 2 0 0 2 183 50 0 859 2 
148 0 2 0 0 2 283 116 1 928 2 
148 0 2 0 0 2 216 482 1 1676 2 
148 0 2 0 0 2 516 482 1 2093 2 
148 0 2 0 0 2 383 183 0 2483 2 
148 0 2 0 0 2 50 316 0 850 2 
148 0 2 0 0 2 249 349 0 2779 3 
148 0 2 0 0 2 316 216 1 859 3 
148 0 2 0 0 2 416 216 1 442 3 
148 0 2 0 0 2 416 516 1 5889 3 
148 0 2 0 0 1 382 260 1 6093 
148 0 2 0 0 1 330 126 1 1026 
148 0 2 0 0 1 145 255 0 2489 
148 0 2 0 0 1 237 149 0 736 
148 0 2 0 0 1 353 301 1 953 
148 0 2 0 0 1 271 270 0 857 
148 0 2 0 0 1 224 200 0 1137 
148 0 2 0 0 1 179 278 0 1394 
148 0 2 0 0 1 244 280 0 8978 
148 0 2 0 0 1 241 339 0 1145 
148 0 2 0 0 1 313 374 1 1106 
148 0 2 0 0 1 287 267 0 834 
148 0 2 0 0 1 140 220 0 666 
148 0 2 0 0 1 475 334 1 697 
148 0 2 0 0 1 217 365 0 1314 
148 0 2 0 0 1 319 144 1 785 
148 0 2 0 0 2 482 449 0 6861 3 
148 0 2 0 0 2 249 116 0 933 3 
148 0 2 0 0 2 83 482 0 957 3 
148 0 2 0 0 2 316 516 1 566 3 
148 0 2 0 0 2 283 50 1 803 3 
148 0 2 0 0 2 416 116 0 1537 3 
148 0 2 0 0 2 516 50 1 1238 3 
148 0 2 0 0 2 216 549 1 3180 3 
148 0 2 0 0 2 183 216 0 767 2 
148 0 2 0 0 2 516 283 1 1625 3 
148 0 2 0 0 2 416 416 1 1295 2 
148 0 2 0 0 2 416 149 0 500 2 
148 0 2 0 0 2 482 183 0 572 3 
148 0 2 0 0 2 482 316 0 2494 3 
148 0 2 0 0 2 549 216 0 4234 3 
148 0 2 0 0 2 316 249 1 686 3 
148 0 2 0 0 2 83 316 0 1228 3 
148 0 2 0 0 2 83 516 0 755 2 
148 0 2 0 0 2 50 449 0 453 2 
148 0 2 0 0 2 482 116 1 494 2 
148 0 2 0 0 2 449 349 1 637 2 
148 0 2 0 0 2 316 549 1 942 2 
148 0 2 0 0 2 116 83 0 492 3 
148 0 2 0 0 2 116 149 0 822 3 
148 0 2 0 0 2 383 549 1 600 2 
148 0 2 0 0 2 83 549 0 670 2 
148 0 2 0 0 2 83 416 1 504 3 
148 0 2 0 0 2 283 183 1 513 3 
148 0 2 0 0 2 183 283 0 480 2 
148 0 2 0 0 2 249 283 1 597 2 
148 0 2 0 0 2 349 416 0 468 2 
148 0 2 0 0 2 216 383 1 431 3 
148 0 2 0 0 1 222 233 0 9341 
148 0 2 0 0 1 242 211 0 1041 
148 0 2 0 0 1 412 359 1 881 
148 0 2 0 0 1 446 378 1 840 
148 0 2 0 0 1 318 252 1 1136 
148 0 2 0 0 1 304 151 1 1001 
148 0 2 0 0 1 267 198 0 1104 
148 0 2 0 0 1 229 278 0 1145 
148 0 2 0 0 1 171 292 0 4754 
148 0 2 0 0 1 387 314 1 1082 
148 0 2 0 0 1 434 368 1 1338 
148 0 2 0 0 1 371 185 1 1530 
148 0 2 0 0 1 388 216 1 1130 
148 0 2 0 0 1 446 369 1 1601 
148 0 2 0 0 1 323 218 1 793 
148 0 2 0 0 1 366 324 1 746 
148 0 2 0 0 2 449 516 1 1835 3 
148 0 2 0 0 2 83 116 1 502 3 
148 0 2 0 0 2 116 516 0 851 2 
148 0 2 0 0 2 416 50 1 885 2 
148 0 2 0 0 2 549 116 0 851 2 
148 0 2 0 0 2 183 416 1 877 2 
148 0 2 0 0 2 183 183 1 658 2 
148 0 2 0 0 2 449 183 0 547 2 
148 0 2 0 0 2 116 249 0 933 2 
148 0 2 0 0 2 183 316 0 722 2 
148 0 2 0 0 2 549 283 1 540 2 
148 0 2 0 0 2 50 549 1 1805 2 
148 0 2 0 0 2 216 316 0 696 2 
148 0 2 0 0 2 183 549 0 1157 2 
148 0 2 0 0 2 482 482 1 1311 2 
148 0 2 0 0 2 316 416 1 1168 2 
148 0 2 0 0 2 116 283 1 2012 2 
148 0 2 0 0 2 283 449 0 575 2 
148 0 2 0 0 2 316 50 0 740 2 
148 0 2 0 0 2 316 383 0 112 3 
148 0 2 0 0 2 416 316 0 730 3 
148 0 2 0 0 2 116 216 1 2405 4 
148 0 2 0 0 2 249 83 1 1162 4 
148 0 2 0 0 2 249 249 0 581 3 
148 0 2 0 0 2 416 83 1 1671 3 
148 0 2 0 0 2 449 149 0 872 3 
148 0 2 0 0 2 349 349 0 2324 3 
148 0 2 0 0 2 216 183 1 2304 3 
148 0 2 0 0 2 383 383 1 920 3 
148 0 2 0 0 2 183 516 0 834 3 
148 0 2 0 0 2 449 383 1 970 3 
148 0 2 0 0 2 482 83 0 750 3 
