Subject 152 in condition 0
Training Condition: 2
Task: 0
Rule: [[[220, 300], [[2000, 0], [0, 9000]]], [[380, 300], [[2000, 0], [0, 9000]]]]
Noise: 0
CATA=0
CATB=1
Sample keys: 122 120
Resp keys: 309 307
Dim direction: 0 1
Dim minimum: 49 82
Test order: [7, 3, 5, 4, 1, 0, 6, 2]
152 0 2 0 0 1 319 360 1 6779 
152 0 2 0 0 1 370 268 1 2186 
152 0 2 0 0 1 475 334 1 2322 
152 0 2 0 0 1 239 196 0 3074 
152 0 2 0 0 1 329 272 1 1466 
152 0 2 0 0 1 221 335 0 2506 
152 0 2 0 0 1 169 196 0 2026 
152 0 2 0 0 1 366 324 1 1066 
152 0 2 0 0 1 302 214 1 2490 
152 0 2 0 0 1 271 232 0 1336 
152 0 2 0 0 1 371 185 1 1058 
152 0 2 0 0 1 199 222 0 1506 
152 0 2 0 0 1 267 302 0 1297 
152 0 2 0 0 1 343 219 1 1585 
152 0 2 0 0 1 351 202 1 1369 
152 0 2 0 0 1 185 391 0 1467 
152 0 2 0 0 2 249 416 0 4879 4 
152 0 2 0 0 2 183 249 1 4658 4 
152 0 2 0 0 2 116 482 0 3518 4 
152 0 2 0 0 2 383 116 1 5207 4 
152 0 2 0 0 2 249 50 1 4833 4 
152 0 2 0 0 2 549 516 0 3076 5 
152 0 2 0 0 2 482 383 0 8069 3 
152 0 2 0 0 2 349 449 0 3454 3 
152 0 2 0 0 2 283 349 1 5530 3 
152 0 2 0 0 2 149 183 1 2658 4 
152 0 2 0 0 2 516 449 0 3410 4 
152 0 2 0 0 2 149 383 0 8496 3 
152 0 2 0 0 2 516 349 1 4278 4 
152 0 2 0 0 2 50 283 1 6778 4 
152 0 2 0 0 2 482 216 1 5945 4 
152 0 2 0 0 2 383 349 0 6150 4 
152 0 2 0 0 2 249 216 1 2740 4 
152 0 2 0 0 2 149 349 0 3059 4 
152 0 2 0 0 2 249 316 0 1672 3 
152 0 2 0 0 2 316 149 1 1306 4 
152 0 2 0 0 2 383 316 1 1567 4 
152 0 2 0 0 2 549 50 1 2625 4 
152 0 2 0 0 2 549 449 0 3797 4 
152 0 2 0 0 2 116 116 1 2024 4 
152 0 2 0 0 2 516 249 1 2454 4 
152 0 2 0 0 2 316 116 1 3754 4 
152 0 2 0 0 2 116 416 0 1735 3 
152 0 2 0 0 2 149 549 0 2347 4 
152 0 2 0 0 2 216 149 1 1268 4 
152 0 2 0 0 2 50 83 1 1169 4 
152 0 2 0 0 2 516 216 1 1279 4 
152 0 2 0 0 2 349 149 1 1866 4 
152 0 2 0 0 1 468 219 1 4188 
152 0 2 0 0 1 446 369 1 2337 
152 0 2 0 0 1 304 151 1 1706 
152 0 2 0 0 1 145 255 0 3113 
152 0 2 0 0 1 204 65 0 3842 
152 0 2 0 0 1 367 357 1 2432 
152 0 2 0 0 1 264 302 0 2265 
152 0 2 0 0 1 461 412 1 1703 
152 0 2 0 0 1 193 163 0 3169 
152 0 2 0 0 1 376 314 1 3209 
152 0 2 0 0 1 267 198 0 1474 
152 0 2 0 0 1 330 126 1 1194 
152 0 2 0 0 1 318 252 1 1834 
152 0 2 0 0 1 366 302 1 1186 
152 0 2 0 0 1 242 211 0 1498 
152 0 2 0 0 1 193 388 0 1449 
152 0 2 0 0 2 149 149 0 5936 3 
152 0 2 0 0 2 549 416 1 1680 4 
152 0 2 0 0 2 383 149 0 1622 4 
152 0 2 0 0 2 149 482 0 5419 4 
152 0 2 0 0 2 383 516 0 3053 4 
152 0 2 0 0 2 449 316 1 1776 5 
152 0 2 0 0 2 283 83 1 3372 4 
152 0 2 0 0 2 516 149 1 5429 4 
152 0 2 0 0 2 283 482 1 3480 4 
152 0 2 0 0 2 50 50 0 3344 4 
152 0 2 0 0 2 383 449 1 1658 4 
152 0 2 0 0 2 349 216 0 2596 4 
152 0 2 0 0 2 249 549 0 1751 4 
152 0 2 0 0 2 50 416 0 1185 4 
152 0 2 0 0 2 283 416 1 2060 4 
152 0 2 0 0 2 383 50 1 4088 3 
152 0 2 0 0 2 116 383 0 1948 3 
152 0 2 0 0 2 349 482 1 2830 4 
152 0 2 0 0 2 449 50 0 1661 3 
152 0 2 0 0 2 183 83 0 1853 3 
152 0 2 0 0 2 83 183 0 1363 3 
152 0 2 0 0 2 283 149 0 3580 3 
152 0 2 0 0 2 549 83 1 1911 3 
152 0 2 0 0 2 50 516 0 1807 3 
152 0 2 0 0 2 216 83 1 1865 4 
152 0 2 0 0 2 449 216 1 1598 4 
152 0 2 0 0 2 482 349 1 1427 4 
152 0 2 0 0 2 383 416 1 2125 4 
152 0 2 0 0 2 316 449 1 2145 4 
152 0 2 0 0 2 149 283 0 4098 4 
152 0 2 0 0 2 183 449 1 2203 4 
152 0 2 0 0 2 549 183 0 3324 3 
152 0 2 0 0 1 222 233 0 7837 
152 0 2 0 0 1 364 370 1 4259 
152 0 2 0 0 1 412 359 1 1321 
152 0 2 0 0 1 352 412 1 1233 
152 0 2 0 0 1 319 144 1 1418 
152 0 2 0 0 1 306 293 1 1105 
152 0 2 0 0 1 444 413 1 1168 
152 0 2 0 0 1 235 201 0 1354 
152 0 2 0 0 1 201 267 0 1274 
152 0 2 0 0 1 115 428 0 945 
152 0 2 0 0 1 353 301 1 961 
152 0 2 0 0 1 208 298 0 1032 
152 0 2 0 0 1 174 202 0 929 
152 0 2 0 0 1 140 220 0 888 
152 0 2 0 0 1 361 253 1 912 
152 0 2 0 0 1 372 381 1 841 
152 0 2 0 0 2 449 516 1 2826 4 
152 0 2 0 0 2 449 183 1 1263 4 
152 0 2 0 0 2 283 449 1 1913 4 
152 0 2 0 0 2 482 482 1 1578 4 
152 0 2 0 0 2 83 116 0 1465 3 
152 0 2 0 0 2 316 416 1 1419 4 
152 0 2 0 0 2 482 83 1 2033 4 
152 0 2 0 0 2 116 249 0 1715 4 
152 0 2 0 0 2 216 316 1 4237 5 
152 0 2 0 0 2 183 316 1 2594 4 
152 0 2 0 0 2 383 383 1 1382 4 
152 0 2 0 0 2 416 316 1 1152 4 
152 0 2 0 0 2 183 416 0 3123 4 
152 0 2 0 0 2 183 549 0 1757 3 
152 0 2 0 0 2 216 183 0 2294 3 
152 0 2 0 0 2 416 50 1 1357 4 
152 0 2 0 0 2 416 83 1 1184 4 
152 0 2 0 0 2 349 349 1 1386 4 
152 0 2 0 0 2 249 83 0 1184 3 
152 0 2 0 0 2 116 516 0 982 3 
152 0 2 0 0 2 316 383 1 1065 4 
152 0 2 0 0 2 50 549 0 2900 4 
152 0 2 0 0 2 183 516 1 1599 4 
152 0 2 0 0 2 183 183 0 1702 4 
152 0 2 0 0 2 316 50 1 2826 5 
152 0 2 0 0 2 116 216 0 1111 5 
152 0 2 0 0 2 249 249 1 2551 4 
152 0 2 0 0 2 116 283 0 1303 5 
152 0 2 0 0 2 449 383 1 1201 5 
152 0 2 0 0 2 449 149 1 1155 5 
152 0 2 0 0 2 549 283 1 1507 5 
152 0 2 0 0 2 549 116 1 1186 5 
152 0 2 0 0 1 237 149 0 3333 
152 0 2 0 0 1 231 350 0 1257 
152 0 2 0 0 1 387 314 1 1217 
152 0 2 0 0 1 382 252 1 1081 
152 0 2 0 0 1 171 292 0 968 
152 0 2 0 0 1 232 241 0 961 
152 0 2 0 0 1 194 296 0 1264 
152 0 2 0 0 1 297 305 0 1185 
152 0 2 0 0 1 316 501 1 1377 
152 0 2 0 0 1 224 200 0 913 
152 0 2 0 0 1 192 185 0 842 
152 0 2 0 0 1 419 266 1 947 
152 0 2 0 0 1 327 201 1 1026 
152 0 2 0 0 1 201 153 0 899 
152 0 2 0 0 1 355 328 1 2242 
152 0 2 0 0 1 182 420 0 1474 
152 0 2 0 0 2 516 516 1 2473 5 
152 0 2 0 0 2 416 383 1 1709 5 
152 0 2 0 0 2 316 83 0 1638 4 
152 0 2 0 0 2 516 316 1 1867 5 
152 0 2 0 0 2 183 149 0 1787 5 
152 0 2 0 0 2 449 482 1 1947 5 
152 0 2 0 0 2 216 216 0 2156 4 
152 0 2 0 0 2 83 216 0 759 4 
152 0 2 0 0 2 149 416 0 1057 5 
152 0 2 0 0 2 549 249 1 1256 5 
152 0 2 0 0 2 249 383 0 1221 5 
152 0 2 0 0 2 349 50 0 1993 5 
152 0 2 0 0 2 416 283 1 1076 5 
152 0 2 0 0 2 83 249 0 1396 5 
152 0 2 0 0 2 149 449 0 1684 5 
152 0 2 0 0 2 516 83 1 2770 5 
152 0 2 0 0 2 216 116 0 1939 4 
152 0 2 0 0 2 116 349 0 821 4 
152 0 2 0 0 2 383 482 1 1160 5 
152 0 2 0 0 2 83 383 0 1316 5 
152 0 2 0 0 2 283 283 0 2539 5 
152 0 2 0 0 2 283 516 0 1183 5 
152 0 2 0 0 2 116 183 0 1059 5 
152 0 2 0 0 2 216 516 0 2186 4 
152 0 2 0 0 2 283 316 0 1621 4 
152 0 2 0 0 2 416 549 1 1157 5 
152 0 2 0 0 2 449 283 1 827 5 
152 0 2 0 0 2 516 416 1 738 5 
152 0 2 0 0 2 383 249 1 1354 5 
152 0 2 0 0 2 216 249 0 1535 4 
152 0 2 0 0 2 449 249 1 1085 5 
152 0 2 0 0 2 549 549 1 1432 5 
152 0 2 0 0 1 229 278 0 3165 
152 0 2 0 0 1 201 316 0 1146 
152 0 2 0 0 1 353 296 1 1025 
152 0 2 0 0 1 248 219 0 994 
152 0 2 0 0 1 271 270 0 904 
152 0 2 0 0 1 347 371 1 1049 
152 0 2 0 0 1 445 357 1 864 
152 0 2 0 0 1 187 318 0 1081 
152 0 2 0 0 1 204 280 0 801 
152 0 2 0 0 1 398 297 1 929 
152 0 2 0 0 1 387 370 1 809 
152 0 2 0 0 1 96 309 0 1121 
152 0 2 0 0 1 243 263 0 857 
152 0 2 0 0 1 294 263 0 1074 
152 0 2 0 0 1 220 381 0 1330 
152 0 2 0 0 1 206 466 0 1026 
152 0 2 0 0 2 349 116 0 5683 3 
152 0 2 0 0 2 516 482 1 1055 5 
152 0 2 0 0 2 50 249 0 1147 5 
152 0 2 0 0 2 316 316 0 1581 5 
152 0 2 0 0 2 216 416 0 1091 5 
152 0 2 0 0 2 482 516 1 1377 5 
152 0 2 0 0 2 149 316 0 1039 5 
152 0 2 0 0 2 416 183 0 2946 4 
152 0 2 0 0 2 149 516 0 1621 5 
152 0 2 0 0 2 416 516 1 1670 5 
152 0 2 0 0 2 516 183 1 893 5 
152 0 2 0 0 2 383 216 1 2061 5 
152 0 2 0 0 2 249 516 0 2244 4 
152 0 2 0 0 2 216 482 0 828 4 
152 0 2 0 0 2 516 549 1 860 5 
152 0 2 0 0 2 50 482 0 1551 5 
152 0 2 0 0 2 183 116 0 1864 5 
152 0 2 0 0 2 183 50 0 784 5 
152 0 2 0 0 2 383 183 0 3081 4 
152 0 2 0 0 2 316 216 0 3109 3 
152 0 2 0 0 2 482 249 1 1094 5 
152 0 2 0 0 2 50 316 0 1352 5 
152 0 2 0 0 2 249 149 0 2135 5 
152 0 2 0 0 2 316 349 0 2334 5 
152 0 2 0 0 2 249 349 0 2013 4 
152 0 2 0 0 2 449 549 1 958 5 
152 0 2 0 0 2 283 249 0 1584 4 
152 0 2 0 0 2 149 50 0 2464 4 
152 0 2 0 0 2 283 116 0 1825 5 
152 0 2 0 0 2 416 449 1 1345 5 
152 0 2 0 0 2 216 50 0 1329 4 
152 0 2 0 0 2 416 216 1 1036 5 
152 0 2 0 0 1 164 237 0 3197 
152 0 2 0 0 1 244 280 0 1136 
152 0 2 0 0 1 355 345 1 896 
152 0 2 0 0 1 350 377 1 856 
152 0 2 0 0 1 375 177 1 1322 
152 0 2 0 0 1 377 234 1 856 
152 0 2 0 0 1 236 151 0 1329 
152 0 2 0 0 1 287 267 0 1904 
152 0 2 0 0 1 416 356 1 817 
152 0 2 0 0 1 419 252 1 1072 
152 0 2 0 0 1 446 378 1 1105 
152 0 2 0 0 1 388 132 1 1194 
152 0 2 0 0 1 398 467 1 1138 
152 0 2 0 0 1 370 257 1 1001 
152 0 2 0 0 1 183 382 0 1195 
152 0 2 0 0 1 212 163 0 1064 
152 0 2 0 0 2 216 383 0 2862 4 
152 0 2 0 0 2 249 283 0 1158 4 
152 0 2 0 0 2 416 416 1 1178 5 
152 0 2 0 0 2 83 482 0 1419 5 
152 0 2 0 0 2 482 183 1 959 5 
152 0 2 0 0 2 316 516 0 1597 4 
152 0 2 0 0 2 516 50 1 1159 5 
152 0 2 0 0 2 116 149 0 1117 5 
152 0 2 0 0 2 249 116 0 1554 5 
152 0 2 0 0 2 283 50 0 1041 5 
152 0 2 0 0 2 316 249 0 1038 4 
152 0 2 0 0 2 283 183 0 1549 4 
152 0 2 0 0 2 416 149 1 986 5 
152 0 2 0 0 2 349 416 0 1572 4 
152 0 2 0 0 2 516 283 1 1018 5 
152 0 2 0 0 2 216 549 0 978 4 
152 0 2 0 0 2 416 116 0 4045 4 
152 0 2 0 0 2 549 216 1 1243 5 
152 0 2 0 0 2 116 83 0 1632 3 
152 0 2 0 0 2 482 316 1 5219 4 
152 0 2 0 0 2 316 549 0 2373 4 
152 0 2 0 0 2 83 416 0 1011 5 
152 0 2 0 0 2 482 116 1 1568 5 
152 0 2 0 0 2 183 283 0 1007 5 
152 0 2 0 0 2 449 349 1 1644 4 
152 0 2 0 0 2 50 449 0 989 5 
152 0 2 0 0 2 83 516 0 711 5 
152 0 2 0 0 2 383 549 1 1126 5 
152 0 2 0 0 2 183 216 0 2391 5 
152 0 2 0 0 2 83 549 0 642 5 
152 0 2 0 0 2 83 316 0 749 5 
152 0 2 0 0 2 482 449 1 1067 5 
152 0 2 0 0 1 241 339 0 6205 
152 0 2 0 0 1 354 346 1 1074 
152 0 2 0 0 1 179 278 0 994 
152 0 2 0 0 1 427 219 1 1503 
152 0 2 0 0 1 385 219 1 792 
152 0 2 0 0 1 313 374 1 1617 
152 0 2 0 0 1 368 500 1 953 
152 0 2 0 0 1 424 478 1 992 
152 0 2 0 0 1 382 260 1 1040 
152 0 2 0 0 1 434 368 1 1153 
152 0 2 0 0 1 134 280 0 1290 
152 0 2 0 0 1 388 216 1 993 
152 0 2 0 0 1 382 269 1 802 
152 0 2 0 0 1 372 234 1 929 
152 0 2 0 0 1 342 178 1 1146 
152 0 2 0 0 1 224 210 0 2786 
152 0 2 0 0 2 50 116 0 2899 5 
152 0 2 0 0 2 482 416 1 4612 4 
152 0 2 0 0 2 149 216 0 5672 4 
152 0 2 0 0 2 83 283 0 2279 4 
152 0 2 0 0 2 516 116 1 1190 5 
152 0 2 0 0 2 50 383 0 1922 4 
152 0 2 0 0 2 83 50 0 3571 4 
152 0 2 0 0 2 349 316 1 1960 5 
152 0 2 0 0 2 283 549 1 1746 5 
152 0 2 0 0 2 249 482 1 982 5 
152 0 2 0 0 2 482 283 1 875 5 
152 0 2 0 0 2 549 349 1 847 5 
152 0 2 0 0 2 316 183 1 808 5 
152 0 2 0 0 2 183 482 1 1313 5 
152 0 2 0 0 2 116 549 1 1975 5 
152 0 2 0 0 2 50 183 0 1603 4 
152 0 2 0 0 2 449 416 1 699 5 
152 0 2 0 0 2 349 283 1 1100 5 
152 0 2 0 0 2 549 482 1 778 5 
152 0 2 0 0 2 50 216 0 1420 4 
152 0 2 0 0 2 216 283 1 1534 5 
152 0 2 0 0 2 50 349 0 1597 4 
152 0 2 0 0 2 316 482 1 768 5 
152 0 2 0 0 2 249 449 1 1200 5 
152 0 2 0 0 2 116 50 1 2705 4 
152 0 2 0 0 2 549 149 1 1069 5 
152 0 2 0 0 2 349 549 1 1666 4 
152 0 2 0 0 2 482 549 1 1115 4 
152 0 2 0 0 2 349 249 1 2245 5 
152 0 2 0 0 2 116 449 1 1217 5 
152 0 2 0 0 2 383 283 1 2014 5 
152 0 2 0 0 2 349 183 1 2276 4 
152 0 2 0 0 1 326 248 1 4706 
152 0 2 0 0 1 286 264 0 1113 
152 0 2 0 0 1 311 164 1 993 
152 0 2 0 0 1 257 323 0 1289 
152 0 2 0 0 1 447 178 1 1002 
152 0 2 0 0 1 323 218 1 954 
152 0 2 0 0 1 217 365 0 1083 
152 0 2 0 0 1 165 267 0 737 
152 0 2 0 0 1 231 391 0 816 
152 0 2 0 0 1 405 307 1 890 
152 0 2 0 0 1 200 275 0 754 
152 0 2 0 0 1 430 294 1 929 
152 0 2 0 0 1 271 276 0 842 
152 0 2 0 0 1 330 356 1 1025 
152 0 2 0 0 1 275 426 0 970 
152 0 2 0 0 1 198 255 0 786 
152 0 2 0 0 2 83 449 0 1938 5 
152 0 2 0 0 2 516 383 1 1100 5 
152 0 2 0 0 2 383 83 1 1860 4 
152 0 2 0 0 2 283 216 1 1387 4 
152 0 2 0 0 2 449 83 1 1383 4 
152 0 2 0 0 2 183 383 0 2353 5 
152 0 2 0 0 2 149 249 0 836 5 
152 0 2 0 0 2 449 449 1 1543 4 
152 0 2 0 0 2 83 349 0 1342 4 
152 0 2 0 0 2 83 83 0 1571 4 
152 0 2 0 0 2 316 283 0 1016 4 
152 0 2 0 0 2 149 116 0 1381 4 
152 0 2 0 0 2 50 149 0 1063 4 
152 0 2 0 0 2 416 349 1 1422 5 
152 0 2 0 0 2 349 383 1 930 4 
152 0 2 0 0 2 149 83 0 1328 4 
152 0 2 0 0 2 549 316 1 3289 5 
152 0 2 0 0 2 83 149 0 1384 4 
152 0 2 0 0 2 183 349 0 3657 3 
152 0 2 0 0 2 482 149 1 1411 4 
152 0 2 0 0 2 416 249 1 1418 4 
152 0 2 0 0 2 216 349 0 1223 4 
152 0 2 0 0 2 216 449 0 1495 4 
152 0 2 0 0 2 116 316 0 1722 4 
152 0 2 0 0 2 349 83 1 3441 4 
152 0 2 0 0 2 549 383 1 1078 5 
152 0 2 0 0 2 449 116 1 1437 5 
152 0 2 0 0 2 283 383 1 1441 5 
152 0 2 0 0 2 349 516 1 1157 4 
152 0 2 0 0 2 249 183 1 2720 4 
152 0 2 0 0 2 482 50 1 901 4 
152 0 2 0 0 2 416 482 1 936 4 
