Subject 157 in condition 1
Training Condition: 2
Task: 0
Rule: [[[300, 220], [[9000, 0], [0, 2000]]], [[300, 380], [[9000, 0], [0, 2000]]]]
Noise: 0
CATA=1
CATB=0
Sample keys: 122 120
Resp keys: 309 307
Dim direction: 1 0
Dim minimum: 80 45
Test order: [6, 4, 5, 1, 0, 7, 3, 2]
157 1 2 0 1 1 413 363 1 10021 
157 1 2 0 1 1 264 257 0 2465 
157 1 2 0 1 1 141 477 1 3928 
157 1 2 0 1 1 295 223 0 3737 
157 1 2 0 1 1 338 381 1 5633 
157 1 2 0 1 1 391 189 0 2114 
157 1 2 0 1 1 353 341 1 3912 
157 1 2 0 1 1 226 184 0 1480 
157 1 2 0 1 1 474 295 0 5920 
157 1 2 0 1 1 396 524 1 2411 
157 1 2 0 1 1 169 265 0 3218 
157 1 2 0 1 1 344 417 1 5658 
157 1 2 0 1 1 269 357 1 5435 
157 1 2 0 1 1 200 414 1 5651 
157 1 2 0 1 1 308 415 1 1978 
157 1 2 0 1 1 319 336 1 1914 
157 1 2 0 1 2 116 50 0 17438 3 
157 1 2 0 1 2 316 482 0 8026 4 
157 1 2 0 1 2 50 383 1 4229 3 
157 1 2 0 1 2 116 549 0 14031 4 
157 1 2 0 1 2 249 482 1 11663 3 
157 1 2 0 1 2 149 216 0 7924 5 
157 1 2 0 1 2 549 349 1 9607 4 
157 1 2 0 1 2 349 183 0 6681 5 
157 1 2 0 1 2 116 449 1 7239 4 
157 1 2 0 1 2 283 549 1 10645 2 
157 1 2 0 1 2 549 482 1 7435 3 
157 1 2 0 1 2 316 183 1 4323 4 
157 1 2 0 1 2 83 50 0 6367 1 
157 1 2 0 1 2 183 482 1 16826 2 
157 1 2 0 1 2 50 183 1 5228 2 
157 1 2 0 1 2 50 216 1 13674 2 
157 1 2 0 1 2 50 116 0 8427 1 
157 1 2 0 1 2 482 549 0 6074 2 
157 1 2 0 1 2 482 416 1 15040 3 
157 1 2 0 1 2 482 283 1 3013 3 
157 1 2 0 1 2 83 283 0 3496 3 
157 1 2 0 1 2 349 549 0 8602 2 
157 1 2 0 1 2 349 316 1 2924 3 
157 1 2 0 1 2 349 249 1 11611 2 
157 1 2 0 1 2 249 449 0 8802 1 
157 1 2 0 1 2 349 283 1 5674 3 
157 1 2 0 1 2 216 283 1 2636 3 
157 1 2 0 1 2 516 116 0 4118 2 
157 1 2 0 1 2 50 349 1 2982 2 
157 1 2 0 1 2 449 416 1 6504 2 
157 1 2 0 1 2 549 149 0 6492 2 
157 1 2 0 1 2 383 283 1 5303 3 
157 1 2 0 1 1 373 354 1 7142 
157 1 2 0 1 1 250 242 0 4137 
157 1 2 0 1 1 238 385 1 5481 
157 1 2 0 1 1 247 200 0 3010 
157 1 2 0 1 1 294 242 0 5515 
157 1 2 0 1 1 497 134 0 3515 
157 1 2 0 1 1 362 225 0 2569 
157 1 2 0 1 1 401 375 1 4794 
157 1 2 0 1 1 251 190 0 2216 
157 1 2 0 1 1 174 333 1 1435 
157 1 2 0 1 1 409 411 1 2314 
157 1 2 0 1 1 464 290 0 2977 
157 1 2 0 1 1 427 343 1 1609 
157 1 2 0 1 1 417 227 0 2448 
157 1 2 0 1 1 105 344 1 2368 
157 1 2 0 1 1 276 193 0 1433 
157 1 2 0 1 2 216 249 0 7567 4 
157 1 2 0 1 2 416 549 1 14680 2 
157 1 2 0 1 2 449 283 0 5530 4 
157 1 2 0 1 2 283 516 0 9090 2 
157 1 2 0 1 2 416 283 1 7493 2 
157 1 2 0 1 2 316 83 0 4579 4 
157 1 2 0 1 2 349 50 0 4750 3 
157 1 2 0 1 2 283 283 0 8034 3 
157 1 2 0 1 2 549 549 0 9265 2 
157 1 2 0 1 2 416 383 1 2970 4 
157 1 2 0 1 2 516 516 0 7019 2 
157 1 2 0 1 2 216 516 0 10802 2 
157 1 2 0 1 2 516 416 1 3512 3 
157 1 2 0 1 2 83 249 0 5233 3 
157 1 2 0 1 2 449 482 0 10517 2 
157 1 2 0 1 2 216 216 0 2936 3 
157 1 2 0 1 2 249 383 1 12618 3 
157 1 2 0 1 2 149 416 0 3659 1 
157 1 2 0 1 2 183 149 0 2644 3 
157 1 2 0 1 2 116 183 0 4740 3 
157 1 2 0 1 2 549 249 0 3859 3 
157 1 2 0 1 2 283 316 1 4735 3 
157 1 2 0 1 2 449 249 1 4450 2 
157 1 2 0 1 2 83 383 1 3896 4 
157 1 2 0 1 2 383 482 1 3330 4 
157 1 2 0 1 2 116 349 1 1923 4 
157 1 2 0 1 2 516 83 0 3223 3 
157 1 2 0 1 2 383 249 0 5849 3 
157 1 2 0 1 2 516 316 1 2462 2 
157 1 2 0 1 2 83 216 0 2218 3 
157 1 2 0 1 2 149 449 1 3489 3 
157 1 2 0 1 2 216 116 0 3798 3 
157 1 2 0 1 1 225 417 1 6469 
157 1 2 0 1 1 438 363 1 1378 
157 1 2 0 1 1 376 110 0 1401 
157 1 2 0 1 1 343 393 1 2712 
157 1 2 0 1 1 286 375 1 954 
157 1 2 0 1 1 182 262 0 1810 
157 1 2 0 1 1 239 208 0 1352 
157 1 2 0 1 1 380 194 0 954 
157 1 2 0 1 1 321 281 0 1298 
157 1 2 0 1 1 379 389 1 1401 
157 1 2 0 1 1 248 220 0 3034 
157 1 2 0 1 1 177 252 0 1617 
157 1 2 0 1 1 445 229 0 2417 
157 1 2 0 1 1 225 231 0 1488 
157 1 2 0 1 1 218 393 1 2930 
157 1 2 0 1 1 317 330 1 1442 
157 1 2 0 1 2 449 149 0 2516 3 
157 1 2 0 1 2 482 83 0 4149 3 
157 1 2 0 1 2 249 249 0 3685 3 
157 1 2 0 1 2 183 183 0 2961 2 
157 1 2 0 1 2 416 50 0 2354 2 
157 1 2 0 1 2 383 383 1 5109 4 
157 1 2 0 1 2 116 516 0 6945 3 
157 1 2 0 1 2 183 516 0 3725 3 
157 1 2 0 1 2 349 349 1 2830 3 
157 1 2 0 1 2 449 516 1 4281 2 
157 1 2 0 1 2 416 316 1 2644 3 
157 1 2 0 1 2 449 183 0 2699 3 
157 1 2 0 1 2 183 416 1 2491 3 
157 1 2 0 1 2 116 283 0 7267 2 
157 1 2 0 1 2 316 383 1 2032 4 
157 1 2 0 1 2 183 549 0 4367 2 
157 1 2 0 1 2 283 449 1 4387 3 
157 1 2 0 1 2 449 383 1 1840 3 
157 1 2 0 1 2 549 283 1 11946 3 
157 1 2 0 1 2 116 216 0 3012 4 
157 1 2 0 1 2 216 316 1 2879 3 
157 1 2 0 1 2 482 482 1 5176 2 
157 1 2 0 1 2 316 50 0 5629 2 
157 1 2 0 1 2 549 116 0 2227 3 
157 1 2 0 1 2 116 249 0 4321 2 
157 1 2 0 1 2 216 183 0 2359 3 
157 1 2 0 1 2 416 83 0 2423 3 
157 1 2 0 1 2 249 83 0 8694 3 
157 1 2 0 1 2 183 316 1 2568 1 
157 1 2 0 1 2 316 416 1 5970 3 
157 1 2 0 1 2 50 549 1 3322 2 
157 1 2 0 1 2 83 116 0 2037 3 
157 1 2 0 1 1 292 263 0 3315 
157 1 2 0 1 1 300 319 1 6729 
157 1 2 0 1 1 358 271 0 2299 
157 1 2 0 1 1 378 140 0 1434 
157 1 2 0 1 1 218 162 0 1682 
157 1 2 0 1 1 190 393 1 2186 
157 1 2 0 1 1 154 193 0 2611 
157 1 2 0 1 1 268 205 0 1275 
157 1 2 0 1 1 217 221 0 1426 
157 1 2 0 1 1 323 379 1 1321 
157 1 2 0 1 1 276 260 0 1264 
157 1 2 0 1 1 228 391 1 2290 
157 1 2 0 1 1 312 246 0 960 
157 1 2 0 1 1 340 272 0 1137 
157 1 2 0 1 1 176 184 0 1090 
157 1 2 0 1 1 179 392 1 1106 
157 1 2 0 1 2 416 183 0 3197 3 
157 1 2 0 1 2 516 482 1 2923 4 
157 1 2 0 1 2 383 216 0 2107 3 
157 1 2 0 1 2 216 50 0 4550 3 
157 1 2 0 1 2 516 183 0 2559 3 
157 1 2 0 1 2 249 516 1 4207 3 
157 1 2 0 1 2 316 216 0 3649 3 
157 1 2 0 1 2 216 416 1 3856 4 
157 1 2 0 1 2 482 249 0 3740 3 
157 1 2 0 1 2 349 116 0 4757 4 
157 1 2 0 1 2 183 50 0 3320 3 
157 1 2 0 1 2 149 50 0 3688 3 
157 1 2 0 1 2 249 149 0 3166 3 
157 1 2 0 1 2 50 482 1 1921 4 
157 1 2 0 1 2 283 116 0 2660 4 
157 1 2 0 1 2 449 549 1 3108 2 
157 1 2 0 1 2 249 349 0 7448 3 
157 1 2 0 1 2 516 549 1 3826 3 
157 1 2 0 1 2 149 316 1 9689 2 
157 1 2 0 1 2 316 316 1 12036 2 
157 1 2 0 1 2 50 249 0 6441 3 
157 1 2 0 1 2 383 183 0 1944 4 
157 1 2 0 1 2 416 216 0 1801 4 
157 1 2 0 1 2 216 482 1 2822 3 
157 1 2 0 1 2 482 516 1 1735 4 
157 1 2 0 1 2 50 316 1 3063 3 
157 1 2 0 1 2 316 349 1 2412 3 
157 1 2 0 1 2 283 249 0 2340 2 
157 1 2 0 1 2 416 516 1 3375 3 
157 1 2 0 1 2 183 116 0 2863 3 
157 1 2 0 1 2 149 516 1 3810 3 
157 1 2 0 1 2 416 449 1 3553 3 
157 1 2 0 1 1 380 414 1 5251 
157 1 2 0 1 1 342 397 1 1448 
157 1 2 0 1 1 279 266 0 1794 
157 1 2 0 1 1 314 262 0 922 
157 1 2 0 1 1 230 245 0 1257 
157 1 2 0 1 1 373 203 0 1195 
157 1 2 0 1 1 403 203 0 2401 
157 1 2 0 1 1 366 391 1 1282 
157 1 2 0 1 1 290 194 0 2880 
157 1 2 0 1 1 319 298 0 1467 
157 1 2 0 1 1 293 355 1 1800 
157 1 2 0 1 1 188 295 0 1857 
157 1 2 0 1 1 344 251 0 1754 
157 1 2 0 1 1 369 399 1 1370 
157 1 2 0 1 1 236 336 1 1153 
157 1 2 0 1 1 370 236 0 1377 
157 1 2 0 1 2 416 116 0 4757 3 
157 1 2 0 1 2 116 83 0 4493 2 
157 1 2 0 1 2 216 549 1 3304 3 
157 1 2 0 1 2 83 316 0 9813 3 
157 1 2 0 1 2 482 449 1 2258 4 
157 1 2 0 1 2 383 549 1 2597 2 
157 1 2 0 1 2 83 516 1 2489 2 
157 1 2 0 1 2 83 549 1 3968 2 
157 1 2 0 1 2 183 216 0 3832 3 
157 1 2 0 1 2 283 183 0 2090 4 
157 1 2 0 1 2 249 116 0 1698 4 
157 1 2 0 1 2 516 50 0 4684 3 
157 1 2 0 1 2 249 283 0 2590 2 
157 1 2 0 1 2 416 416 1 2263 3 
157 1 2 0 1 2 83 482 1 2011 3 
157 1 2 0 1 2 482 183 0 1823 3 
157 1 2 0 1 2 116 149 0 2180 3 
157 1 2 0 1 2 549 216 0 2916 2 
157 1 2 0 1 2 482 116 0 3081 3 
157 1 2 0 1 2 449 349 0 5549 2 
157 1 2 0 1 2 516 283 0 1648 2 
157 1 2 0 1 2 316 549 1 1939 2 
157 1 2 0 1 2 316 516 1 2006 2 
157 1 2 0 1 2 50 449 1 3720 3 
157 1 2 0 1 2 316 249 0 2153 3 
157 1 2 0 1 2 183 283 0 4372 3 
157 1 2 0 1 2 283 50 0 4006 2 
157 1 2 0 1 2 83 416 1 3635 4 
157 1 2 0 1 2 216 383 1 2118 3 
157 1 2 0 1 2 349 416 1 3083 3 
157 1 2 0 1 2 416 149 0 2200 3 
157 1 2 0 1 2 482 316 0 4135 2 
157 1 2 0 1 1 299 388 1 3733 
157 1 2 0 1 1 191 352 1 1635 
157 1 2 0 1 1 147 388 1 1706 
157 1 2 0 1 1 287 364 1 1897 
157 1 2 0 1 1 212 379 1 1072 
157 1 2 0 1 1 210 309 1 3585 
157 1 2 0 1 1 331 421 1 1560 
157 1 2 0 1 1 155 371 1 1432 
157 1 2 0 1 1 260 414 1 2065 
157 1 2 0 1 1 399 339 1 1545 
157 1 2 0 1 1 292 199 0 3801 
157 1 2 0 1 1 395 287 0 2265 
157 1 2 0 1 1 221 438 1 1434 
157 1 2 0 1 1 385 406 1 1906 
157 1 2 0 1 1 338 327 1 1769 
157 1 2 0 1 1 448 170 0 1555 
157 1 2 0 1 2 116 416 1 3268 3 
157 1 2 0 1 2 383 316 1 3213 3 
157 1 2 0 1 2 316 116 0 5770 3 
157 1 2 0 1 2 549 516 1 3237 3 
157 1 2 0 1 2 383 349 1 7900 3 
157 1 2 0 1 2 549 449 1 4605 3 
157 1 2 0 1 2 216 149 0 3815 3 
157 1 2 0 1 2 516 349 1 6244 2 
157 1 2 0 1 2 116 482 1 3336 3 
157 1 2 0 1 2 116 116 0 1816 3 
157 1 2 0 1 2 516 249 0 12514 3 
157 1 2 0 1 2 149 183 0 2706 3 
157 1 2 0 1 2 149 549 1 1889 2 
157 1 2 0 1 2 383 116 0 1999 3 
157 1 2 0 1 2 149 383 1 1756 4 
157 1 2 0 1 2 249 416 1 1393 4 
157 1 2 0 1 2 183 249 0 3768 3 
157 1 2 0 1 2 50 83 0 2695 3 
157 1 2 0 1 2 249 50 0 1895 3 
157 1 2 0 1 2 249 216 0 1939 3 
157 1 2 0 1 2 283 349 1 3395 2 
157 1 2 0 1 2 349 449 1 8844 3 
157 1 2 0 1 2 249 316 1 4089 2 
157 1 2 0 1 2 316 149 0 1819 3 
157 1 2 0 1 2 482 216 0 2200 3 
157 1 2 0 1 2 549 50 0 2421 2 
157 1 2 0 1 2 149 349 1 2713 3 
157 1 2 0 1 2 349 149 0 2116 2 
157 1 2 0 1 2 482 383 1 3412 3 
157 1 2 0 1 2 50 283 1 2329 2 
157 1 2 0 1 2 516 216 0 2309 2 
157 1 2 0 1 2 516 449 1 1983 3 
157 1 2 0 1 1 309 211 0 11870 
157 1 2 0 1 1 261 333 1 4490 
157 1 2 0 1 1 252 265 0 1968 
157 1 2 0 1 1 305 465 1 1337 
157 1 2 0 1 1 356 251 0 3185 
157 1 2 0 1 1 168 252 0 994 
157 1 2 0 1 1 326 175 0 2328 
157 1 2 0 1 1 296 411 1 1169 
157 1 2 0 1 1 406 494 1 1842 
157 1 2 0 1 1 408 421 1 3345 
157 1 2 0 1 1 427 318 1 3585 
157 1 2 0 1 1 338 331 1 6192 
157 1 2 0 1 1 295 199 0 1473 
157 1 2 0 1 1 352 231 0 1250 
157 1 2 0 1 1 460 427 1 3017 
157 1 2 0 1 1 313 389 1 3912 
157 1 2 0 1 2 383 416 1 2872 3 
157 1 2 0 1 2 449 316 1 2462 2 
157 1 2 0 1 2 549 83 0 1874 3 
157 1 2 0 1 2 316 449 1 3317 4 
157 1 2 0 1 2 449 50 0 3689 2 
157 1 2 0 1 2 149 283 0 3373 2 
157 1 2 0 1 2 149 482 1 2859 4 
157 1 2 0 1 2 149 149 0 2264 3 
157 1 2 0 1 2 283 416 1 3314 4 
157 1 2 0 1 2 383 50 0 2184 3 
157 1 2 0 1 2 349 216 0 4137 3 
157 1 2 0 1 2 50 50 0 8975 2 
157 1 2 0 1 2 83 183 0 2332 4 
157 1 2 0 1 2 283 149 0 4054 2 
157 1 2 0 1 2 216 83 0 1500 2 
157 1 2 0 1 2 449 216 0 1757 3 
157 1 2 0 1 2 50 416 1 10025 3 
157 1 2 0 1 2 383 149 0 1723 3 
157 1 2 0 1 2 283 83 0 3670 2 
157 1 2 0 1 2 549 183 0 1826 3 
157 1 2 0 1 2 349 482 1 1587 4 
157 1 2 0 1 2 549 416 1 1985 4 
157 1 2 0 1 2 383 449 1 2637 4 
157 1 2 0 1 2 183 83 0 2428 3 
157 1 2 0 1 2 183 449 1 1793 4 
157 1 2 0 1 2 283 482 1 1890 4 
157 1 2 0 1 2 50 516 1 3959 2 
157 1 2 0 1 2 116 383 1 3924 3 
157 1 2 0 1 2 383 516 1 7177 2 
157 1 2 0 1 2 516 149 0 9656 3 
157 1 2 0 1 2 482 349 1 3139 2 
157 1 2 0 1 2 249 549 1 4766 2 
157 1 2 0 1 1 312 181 0 5242 
157 1 2 0 1 1 232 265 0 922 
157 1 2 0 1 1 72 286 0 1178 
157 1 2 0 1 1 432 270 0 954 
157 1 2 0 1 1 305 215 0 906 
157 1 2 0 1 1 275 176 0 672 
157 1 2 0 1 1 344 234 0 1105 
157 1 2 0 1 1 394 393 1 960 
157 1 2 0 1 1 308 183 0 1464 
157 1 2 0 1 1 334 266 0 1199 
157 1 2 0 1 1 410 253 0 696 
157 1 2 0 1 1 319 312 1 1215 
157 1 2 0 1 1 387 200 0 970 
157 1 2 0 1 1 307 334 1 1104 
157 1 2 0 1 1 321 341 1 856 
157 1 2 0 1 1 245 226 0 1225 
157 1 2 0 1 2 549 316 1 5502 2 
157 1 2 0 1 2 149 249 0 4192 3 
157 1 2 0 1 2 416 482 1 2453 4 
157 1 2 0 1 2 316 283 0 5262 2 
157 1 2 0 1 2 416 249 0 2566 2 
157 1 2 0 1 2 83 349 1 3641 2 
157 1 2 0 1 2 149 116 0 2392 3 
157 1 2 0 1 2 383 83 0 1620 3 
157 1 2 0 1 2 216 449 1 2122 4 
157 1 2 0 1 2 149 83 0 1828 3 
157 1 2 0 1 2 449 116 0 2034 3 
157 1 2 0 1 2 482 50 0 1341 3 
157 1 2 0 1 2 50 149 0 3076 3 
157 1 2 0 1 2 516 383 1 7778 3 
157 1 2 0 1 2 449 449 1 1516 3 
157 1 2 0 1 2 83 449 1 1380 3 
157 1 2 0 1 2 482 149 0 1520 2 
157 1 2 0 1 2 83 149 0 1388 2 
157 1 2 0 1 2 183 383 1 4928 3 
157 1 2 0 1 2 283 216 0 2141 3 
157 1 2 0 1 2 83 83 0 4460 2 
157 1 2 0 1 2 349 516 1 8005 3 
157 1 2 0 1 2 416 349 1 1652 3 
157 1 2 0 1 2 549 383 1 1451 3 
157 1 2 0 1 2 283 383 1 1802 3 
157 1 2 0 1 2 116 316 1 2081 3 
157 1 2 0 1 2 216 349 1 3263 3 
157 1 2 0 1 2 349 383 1 1443 3 
157 1 2 0 1 2 349 83 0 4872 3 
157 1 2 0 1 2 249 183 0 2469 4 
157 1 2 0 1 2 183 349 1 7040 2 
157 1 2 0 1 2 449 83 0 2202 3 
