Subject 1 in condition 1
Training Condition: 3
Task: 0
Rule: [[[300, 220], [[9000, 0], [0, 2000]]], [[300, 380], [[9000, 0], [0, 2000]]]]
Noise: 0
CATA=0
CATB=1
Sample keys: 122 120
Resp keys: 309 307
Dim direction: 1 0
Dim minimum: 58 88
Test order: [4, 5, 7, 0, 2, 3, 6, 1]
1 1 3 0 1 1 76 57 0 9262 
1 1 3 0 1 1 509 420 1 3801 
1 1 3 0 1 1 25 0 0 3546 
1 1 3 0 1 1 526 261 0 4761 
1 1 3 0 1 1 279 198 0 5976 
1 1 3 0 1 1 30 504 1 6065 
1 1 3 0 1 1 599 208 0 15001 
1 1 3 0 1 1 599 89 0 2697 
1 1 3 0 1 1 0 201 0 824 
1 1 3 0 1 1 0 89 0 1465 
1 1 3 0 1 1 0 260 0 8241 
1 1 3 0 1 1 599 61 0 1560 
1 1 3 0 1 1 131 574 1 2208 
1 1 3 0 1 1 54 405 1 2680 
1 1 3 0 1 1 5 386 1 1144 
1 1 3 0 1 1 249 0 0 14696 
1 1 3 0 1 2 116 349 0 4947 4 
1 1 3 0 1 2 383 249 0 4439 4 
1 1 3 0 1 2 416 383 1 5890 4 
1 1 3 0 1 2 83 216 0 1855 4 
1 1 3 0 1 2 549 249 0 1551 4 
1 1 3 0 1 2 216 249 0 3431 4 
1 1 3 0 1 2 416 549 1 4234 4 
1 1 3 0 1 2 549 549 1 1089 4 
1 1 3 0 1 2 83 249 0 1495 4 
1 1 3 0 1 2 216 116 0 1011 4 
1 1 3 0 1 2 149 449 1 810 4 
1 1 3 0 1 2 449 283 0 977 4 
1 1 3 0 1 2 349 50 0 4162 4 
1 1 3 0 1 2 216 216 0 2757 4 
1 1 3 0 1 2 383 482 1 1505 4 
1 1 3 0 1 2 516 516 1 1191 4 
1 1 3 0 1 2 183 149 0 2199 4 
1 1 3 0 1 2 283 316 1 7502 1 
1 1 3 0 1 2 416 283 0 4100 4 
1 1 3 0 1 2 83 383 1 2987 4 
1 1 3 0 1 2 516 316 0 1796 4 
1 1 3 0 1 2 516 416 1 3682 4 
1 1 3 0 1 2 216 516 1 1686 4 
1 1 3 0 1 2 149 416 1 1277 4 
1 1 3 0 1 2 249 383 1 1363 4 
1 1 3 0 1 2 116 183 0 1064 4 
1 1 3 0 1 2 316 83 0 951 4 
1 1 3 0 1 2 516 83 0 814 4 
1 1 3 0 1 2 283 283 0 1578 4 
1 1 3 0 1 2 449 249 0 852 4 
1 1 3 0 1 2 449 482 1 872 4 
1 1 3 0 1 2 283 516 1 713 4 
1 1 3 0 1 1 346 56 0 6413 
1 1 3 0 1 1 101 161 0 4960 
1 1 3 0 1 1 19 252 0 3017 
1 1 3 0 1 1 226 423 1 3586 
1 1 3 0 1 1 230 510 1 1312 
1 1 3 0 1 1 304 393 1 1273 
1 1 3 0 1 1 94 544 1 1503 
1 1 3 0 1 1 599 63 0 1312 
1 1 3 0 1 1 599 238 0 857 
1 1 3 0 1 1 592 416 1 944 
1 1 3 0 1 1 0 475 1 905 
1 1 3 0 1 1 172 362 1 1889 
1 1 3 0 1 1 66 0 0 1506 
1 1 3 0 1 1 175 599 1 9586 
1 1 3 0 1 1 220 0 0 5745 
1 1 3 0 1 1 0 599 1 6552 
1 1 3 0 1 2 449 149 0 4372 3 
1 1 3 0 1 2 449 183 0 6730 3 
1 1 3 0 1 2 449 516 0 9000 1 
1 1 3 0 1 2 482 482 1 1264 3 
1 1 3 0 1 2 116 516 0 4506 2 
1 1 3 0 1 2 416 83 0 2467 2 
1 1 3 0 1 2 116 249 0 5984 2 
1 1 3 0 1 2 316 50 1 1821 2 
1 1 3 0 1 2 183 316 0 5853 3 
1 1 3 0 1 2 249 83 0 2890 2 
1 1 3 0 1 2 183 416 1 1487 2 
1 1 3 0 1 2 316 416 0 4454 1 
1 1 3 0 1 2 50 549 1 2208 2 
1 1 3 0 1 2 449 383 1 1280 2 
1 1 3 0 1 2 349 349 0 1412 1 
1 1 3 0 1 2 116 216 1 2802 1 
1 1 3 0 1 2 183 549 0 1846 1 
1 1 3 0 1 2 83 116 0 2499 1 
1 1 3 0 1 2 183 516 1 2899 1 
1 1 3 0 1 2 316 383 0 1511 2 
1 1 3 0 1 2 216 316 0 2314 2 
1 1 3 0 1 2 116 283 0 1593 2 
1 1 3 0 1 2 249 249 0 561 2 
1 1 3 0 1 2 216 183 0 720 2 
1 1 3 0 1 2 383 383 1 1246 1 
1 1 3 0 1 2 183 183 0 635 2 
1 1 3 0 1 2 549 283 0 934 2 
1 1 3 0 1 2 283 449 1 1081 2 
1 1 3 0 1 2 416 50 1 1413 2 
1 1 3 0 1 2 549 116 1 754 2 
1 1 3 0 1 2 482 83 0 529 2 
1 1 3 0 1 2 416 316 0 570 2 
1 1 3 0 1 1 64 424 1 6525 
1 1 3 0 1 1 599 436 1 3410 
1 1 3 0 1 1 0 58 0 6169 
1 1 3 0 1 1 599 65 0 6697 
1 1 3 0 1 1 149 95 0 3258 
1 1 3 0 1 1 37 182 0 1905 
1 1 3 0 1 1 253 349 1 5874 
1 1 3 0 1 1 0 599 1 1994 
1 1 3 0 1 1 156 0 0 5968 
1 1 3 0 1 1 587 473 1 15023 
1 1 3 0 1 1 117 431 1 1290 
1 1 3 0 1 1 380 392 1 961 
1 1 3 0 1 1 210 244 0 898 
1 1 3 0 1 1 56 0 0 1201 
1 1 3 0 1 1 117 316 1 1120 
1 1 3 0 1 1 588 362 1 3249 
1 1 3 0 1 2 249 50 0 7380 1 
1 1 3 0 1 2 149 183 0 693 1 
1 1 3 0 1 2 216 149 0 649 1 
1 1 3 0 1 2 516 449 1 1615 2 
1 1 3 0 1 2 516 216 0 850 2 
1 1 3 0 1 2 349 449 1 2005 3 
1 1 3 0 1 2 116 482 1 593 3 
1 1 3 0 1 2 50 83 0 770 3 
1 1 3 0 1 2 149 549 1 1429 3 
1 1 3 0 1 2 249 216 0 534 3 
1 1 3 0 1 2 283 349 0 2572 3 
1 1 3 0 1 2 516 249 0 766 3 
1 1 3 0 1 2 383 349 0 703 3 
1 1 3 0 1 2 549 449 1 727 3 
1 1 3 0 1 2 249 416 1 1339 3 
1 1 3 0 1 2 149 349 0 1152 3 
1 1 3 0 1 2 50 283 0 1427 3 
1 1 3 0 1 2 316 116 0 620 3 
1 1 3 0 1 2 249 316 0 649 3 
1 1 3 0 1 2 549 516 1 695 3 
1 1 3 0 1 2 383 316 0 556 3 
1 1 3 0 1 2 482 383 1 897 3 
1 1 3 0 1 2 383 116 0 653 3 
1 1 3 0 1 2 516 349 0 1001 3 
1 1 3 0 1 2 149 383 1 1530 3 
1 1 3 0 1 2 316 149 0 614 3 
1 1 3 0 1 2 349 149 0 522 3 
1 1 3 0 1 2 183 249 0 473 3 
1 1 3 0 1 2 482 216 0 476 3 
1 1 3 0 1 2 116 116 0 653 3 
1 1 3 0 1 2 116 416 1 856 3 
1 1 3 0 1 2 549 50 0 647 3 
1 1 3 0 1 1 312 430 1 16213 
1 1 3 0 1 1 0 395 1 1578 
1 1 3 0 1 1 599 410 1 1369 
1 1 3 0 1 1 347 47 0 993 
1 1 3 0 1 1 599 58 0 657 
1 1 3 0 1 1 0 49 0 1200 
1 1 3 0 1 1 410 373 1 4617 
1 1 3 0 1 1 298 263 0 1784 
1 1 3 0 1 1 500 343 1 5168 
1 1 3 0 1 1 0 490 1 2057 
1 1 3 0 1 1 184 599 1 792 
1 1 3 0 1 1 140 599 1 896 
1 1 3 0 1 1 191 595 1 713 
1 1 3 0 1 1 320 367 1 1160 
1 1 3 0 1 1 172 396 1 727 
1 1 3 0 1 1 184 459 1 1024 
1 1 3 0 1 2 83 416 1 2399 3 
1 1 3 0 1 2 416 416 1 806 3 
1 1 3 0 1 2 183 283 0 3027 1 
1 1 3 0 1 2 482 183 0 2842 3 
1 1 3 0 1 2 383 549 1 1133 3 
1 1 3 0 1 2 416 149 0 2831 1 
1 1 3 0 1 2 482 116 0 1724 3 
1 1 3 0 1 2 416 116 0 989 3 
1 1 3 0 1 2 116 149 0 948 3 
1 1 3 0 1 2 216 549 1 787 3 
1 1 3 0 1 2 482 449 1 1356 3 
1 1 3 0 1 2 50 449 1 577 3 
1 1 3 0 1 2 349 416 1 587 3 
1 1 3 0 1 2 83 316 0 2289 1 
1 1 3 0 1 2 83 549 1 704 3 
1 1 3 0 1 2 316 249 0 1655 3 
1 1 3 0 1 2 116 83 0 1038 3 
1 1 3 0 1 2 516 283 1 1612 3 
1 1 3 0 1 2 283 183 0 1440 3 
1 1 3 0 1 2 83 482 1 758 3 
1 1 3 0 1 2 283 50 0 998 3 
1 1 3 0 1 2 516 50 0 938 3 
1 1 3 0 1 2 316 549 1 695 3 
1 1 3 0 1 2 183 216 1 604 3 
1 1 3 0 1 2 449 349 0 3082 3 
1 1 3 0 1 2 216 383 0 1745 3 
1 1 3 0 1 2 83 516 1 665 3 
1 1 3 0 1 2 249 116 1 949 3 
1 1 3 0 1 2 482 316 0 1779 3 
1 1 3 0 1 2 249 283 0 655 3 
1 1 3 0 1 2 549 216 0 611 3 
1 1 3 0 1 2 316 516 1 733 3 
1 1 3 0 1 1 209 419 1 3165 
1 1 3 0 1 1 89 519 1 913 
1 1 3 0 1 1 598 397 1 744 
1 1 3 0 1 1 0 398 1 648 
1 1 3 0 1 1 541 52 0 1831 
1 1 3 0 1 1 0 46 0 802 
1 1 3 0 1 1 157 586 1 2330 
1 1 3 0 1 1 152 402 1 1057 
1 1 3 0 1 1 269 534 1 762 
1 1 3 0 1 1 300 233 0 1642 
1 1 3 0 1 1 123 313 1 4370 
1 1 3 0 1 1 440 173 0 961 
1 1 3 0 1 1 254 596 1 4904 
1 1 3 0 1 1 46 256 0 818 
1 1 3 0 1 1 319 322 1 4307 
1 1 3 0 1 1 311 362 1 1265 
1 1 3 0 1 2 316 283 1 4318 2 
1 1 3 0 1 2 349 516 1 1417 2 
1 1 3 0 1 2 383 83 0 1240 2 
1 1 3 0 1 2 249 183 0 1812 2 
1 1 3 0 1 2 349 83 0 872 2 
1 1 3 0 1 2 416 349 1 1246 2 
1 1 3 0 1 2 216 349 0 2198 2 
1 1 3 0 1 2 449 116 0 1058 2 
1 1 3 0 1 2 116 316 0 2025 3 
1 1 3 0 1 2 449 449 1 1254 3 
1 1 3 0 1 2 283 383 1 2784 3 
1 1 3 0 1 2 549 383 1 1207 3 
1 1 3 0 1 2 549 316 1 2136 3 
1 1 3 0 1 2 83 149 0 1342 3 
1 1 3 0 1 2 482 149 0 736 3 
1 1 3 0 1 2 416 482 1 1180 3 
1 1 3 0 1 2 183 349 0 1516 3 
1 1 3 0 1 2 449 83 0 898 3 
1 1 3 0 1 2 183 383 1 892 3 
1 1 3 0 1 2 149 83 0 601 3 
1 1 3 0 1 2 283 216 0 1083 3 
1 1 3 0 1 2 83 449 1 621 3 
1 1 3 0 1 2 216 449 1 561 3 
1 1 3 0 1 2 416 249 0 2017 3 
1 1 3 0 1 2 149 116 0 660 3 
1 1 3 0 1 2 83 349 0 1327 3 
1 1 3 0 1 2 50 149 0 805 3 
1 1 3 0 1 2 83 83 0 1210 3 
1 1 3 0 1 2 349 383 1 1856 3 
1 1 3 0 1 2 482 50 0 1077 3 
1 1 3 0 1 2 516 383 1 1510 3 
1 1 3 0 1 2 149 249 0 1036 3 
1 1 3 0 1 1 440 53 0 11302 
1 1 3 0 1 1 599 61 0 714 
1 1 3 0 1 1 0 47 0 682 
1 1 3 0 1 1 519 566 1 1546 
1 1 3 0 1 1 497 400 1 1601 
1 1 3 0 1 1 0 404 1 585 
1 1 3 0 1 1 83 599 1 632 
1 1 3 0 1 1 599 463 1 608 
1 1 3 0 1 1 73 351 1 3146 
1 1 3 0 1 1 382 599 1 784 
1 1 3 0 1 1 288 87 0 1795 
1 1 3 0 1 1 138 0 0 882 
1 1 3 0 1 1 49 500 1 4424 
1 1 3 0 1 1 346 278 0 1640 
1 1 3 0 1 1 301 354 1 3912 
1 1 3 0 1 1 338 70 0 1707 
1 1 3 0 1 2 549 416 1 3363 3 
1 1 3 0 1 2 349 216 0 1305 3 
1 1 3 0 1 2 50 416 1 1229 3 
1 1 3 0 1 2 449 316 1 3422 3 
1 1 3 0 1 2 549 83 0 819 3 
1 1 3 0 1 2 283 416 1 1769 3 
1 1 3 0 1 2 349 482 1 601 3 
1 1 3 0 1 2 383 50 0 1128 3 
1 1 3 0 1 2 449 216 0 707 3 
1 1 3 0 1 2 383 516 1 979 3 
1 1 3 0 1 2 149 482 1 1005 3 
1 1 3 0 1 2 50 516 1 1708 3 
1 1 3 0 1 2 383 449 1 769 3 
1 1 3 0 1 2 549 183 0 995 3 
1 1 3 0 1 2 83 183 0 817 3 
1 1 3 0 1 2 516 149 0 559 3 
1 1 3 0 1 2 283 482 1 1068 3 
1 1 3 0 1 2 116 383 1 1399 3 
1 1 3 0 1 2 183 83 0 689 3 
1 1 3 0 1 2 283 149 0 621 3 
1 1 3 0 1 2 216 83 0 530 3 
1 1 3 0 1 2 482 349 1 1424 3 
1 1 3 0 1 2 249 549 0 726 3 
1 1 3 0 1 2 149 283 0 1137 3 
1 1 3 0 1 2 449 50 0 899 3 
1 1 3 0 1 2 50 50 0 608 3 
1 1 3 0 1 2 149 149 0 716 3 
1 1 3 0 1 2 183 449 1 1187 3 
1 1 3 0 1 2 383 149 0 522 3 
1 1 3 0 1 2 283 83 0 962 3 
1 1 3 0 1 2 383 416 1 2316 3 
1 1 3 0 1 2 316 449 1 912 3 
1 1 3 0 1 1 457 56 0 7117 
1 1 3 0 1 1 522 408 1 1338 
1 1 3 0 1 1 0 404 1 858 
1 1 3 0 1 1 0 35 0 1514 
1 1 3 0 1 1 57 353 1 1689 
1 1 3 0 1 1 477 281 0 2042 
1 1 3 0 1 1 407 54 0 1088 
1 1 3 0 1 1 253 414 1 1631 
1 1 3 0 1 1 183 50 0 706 
1 1 3 0 1 1 378 492 1 1122 
1 1 3 0 1 1 446 360 1 1728 
1 1 3 0 1 1 433 558 1 1008 
1 1 3 0 1 1 577 184 0 681 
1 1 3 0 1 1 182 61 0 767 
1 1 3 0 1 1 302 471 1 609 
1 1 3 0 1 1 369 586 1 537 
1 1 3 0 1 2 50 183 0 1544 3 
1 1 3 0 1 2 50 383 1 3556 4 
1 1 3 0 1 2 549 149 0 1120 4 
1 1 3 0 1 2 349 283 0 1623 4 
1 1 3 0 1 2 316 183 0 648 4 
1 1 3 0 1 2 249 482 1 1916 4 
1 1 3 0 1 2 216 283 0 2714 4 
1 1 3 0 1 2 316 482 1 918 4 
1 1 3 0 1 2 50 116 0 621 4 
1 1 3 0 1 2 50 216 0 475 4 
1 1 3 0 1 2 116 449 1 1208 4 
1 1 3 0 1 2 549 482 1 574 4 
1 1 3 0 1 2 349 183 0 636 4 
1 1 3 0 1 2 50 349 1 2566 4 
1 1 3 0 1 2 149 216 0 602 4 
1 1 3 0 1 2 349 316 0 906 4 
1 1 3 0 1 2 482 416 1 1357 4 
1 1 3 0 1 2 516 116 0 673 4 
1 1 3 0 1 2 383 283 0 516 4 
1 1 3 0 1 2 449 416 1 1513 4 
1 1 3 0 1 2 283 549 1 652 4 
1 1 3 0 1 2 349 549 1 472 4 
1 1 3 0 1 2 482 549 1 465 4 
1 1 3 0 1 2 116 549 1 490 4 
1 1 3 0 1 2 482 283 0 1000 4 
1 1 3 0 1 2 83 50 0 639 4 
1 1 3 0 1 2 349 249 0 619 4 
1 1 3 0 1 2 249 449 1 1072 4 
1 1 3 0 1 2 549 349 1 4119 4 
1 1 3 0 1 2 116 50 0 615 4 
1 1 3 0 1 2 83 283 0 613 4 
1 1 3 0 1 2 183 482 1 939 4 
1 1 3 0 1 1 439 417 1 2093 
1 1 3 0 1 1 599 420 1 1025 
1 1 3 0 1 1 231 47 0 905 
1 1 3 0 1 1 598 42 0 745 
1 1 3 0 1 1 12 176 0 535 
1 1 3 0 1 1 365 14 0 858 
1 1 3 0 1 1 152 416 1 1169 
1 1 3 0 1 1 480 524 1 618 
1 1 3 0 1 1 438 494 1 475 
1 1 3 0 1 1 519 122 0 722 
1 1 3 0 1 1 98 65 0 569 
1 1 3 0 1 1 595 291 0 568 
1 1 3 0 1 1 457 489 1 712 
1 1 3 0 1 1 378 548 1 503 
1 1 3 0 1 1 83 562 1 463 
1 1 3 0 1 1 334 275 0 952 
1 1 3 0 1 2 149 516 1 1681 2 
1 1 3 0 1 2 516 549 1 1066 4 
1 1 3 0 1 2 50 316 0 906 4 
1 1 3 0 1 2 416 449 1 1134 4 
1 1 3 0 1 2 482 249 1 5757 4 
1 1 3 0 1 2 416 216 0 1643 4 
1 1 3 0 1 2 216 50 0 685 4 
1 1 3 0 1 2 249 516 1 1692 4 
1 1 3 0 1 2 316 216 0 864 4 
1 1 3 0 1 2 316 316 0 778 4 
1 1 3 0 1 2 50 249 0 1006 4 
1 1 3 0 1 2 516 482 1 1061 4 
1 1 3 0 1 2 50 482 1 447 4 
1 1 3 0 1 2 416 516 1 451 4 
1 1 3 0 1 2 149 50 0 600 4 
1 1 3 0 1 2 183 116 0 473 4 
1 1 3 0 1 2 416 183 0 503 4 
1 1 3 0 1 2 149 316 0 5855 4 
1 1 3 0 1 2 183 50 0 604 4 
1 1 3 0 1 2 283 116 0 422 4 
1 1 3 0 1 2 216 416 1 1234 4 
1 1 3 0 1 2 216 482 1 565 4 
1 1 3 0 1 2 516 183 0 615 4 
1 1 3 0 1 2 249 349 1 2025 4 
1 1 3 0 1 2 249 149 0 573 4 
1 1 3 0 1 2 283 249 0 511 4 
1 1 3 0 1 2 449 549 1 1316 4 
1 1 3 0 1 2 482 516 1 513 4 
1 1 3 0 1 2 383 216 0 615 4 
1 1 3 0 1 2 349 116 0 579 4 
1 1 3 0 1 2 316 349 1 870 4 
1 1 3 0 1 2 383 183 0 546 4 
