Subject 16 in condition 0
Training Condition: 3
Task: 0
Rule: [[[220, 300], [[2000, 0], [0, 9000]]], [[380, 300], [[2000, 0], [0, 9000]]]]
Noise: 0
CATA=0
CATB=1
Sample keys: 122 120
Resp keys: 309 307
Dim direction: 0 1
Dim minimum: 53 34
Test order: [3, 5, 4, 0, 7, 1, 2, 6]
16 0 3 0 0 1 513 73 1 6397 
16 0 3 0 0 1 514 585 1 3536 
16 0 3 0 0 1 103 67 0 1808 
16 0 3 0 0 1 105 598 0 1872 
16 0 3 0 0 1 549 482 1 1384 
16 0 3 0 0 1 14 166 0 1137 
16 0 3 0 0 1 599 182 1 904 
16 0 3 0 0 1 0 376 0 1304 
16 0 3 0 0 1 335 599 1 1687 
16 0 3 0 0 1 127 88 0 2161 
16 0 3 0 0 1 431 599 1 1024 
16 0 3 0 0 1 157 484 0 1504 
16 0 3 0 0 1 181 410 0 1440 
16 0 3 0 0 1 379 6 1 904 
16 0 3 0 0 1 0 46 0 944 
16 0 3 0 0 1 599 567 1 873 
16 0 3 0 0 2 283 416 1 6640 3 
16 0 3 0 0 2 183 83 0 4262 3 
16 0 3 0 0 2 283 83 1 3114 3 
16 0 3 0 0 2 83 183 0 6190 4 
16 0 3 0 0 2 50 50 0 3964 4 
16 0 3 0 0 2 349 482 1 3133 3 
16 0 3 0 0 2 149 149 0 2000 3 
16 0 3 0 0 2 50 516 0 2401 4 
16 0 3 0 0 2 216 83 1 4534 3 
16 0 3 0 0 2 149 283 0 2667 3 
16 0 3 0 0 2 383 449 0 3761 1 
16 0 3 0 0 2 549 183 1 7418 5 
16 0 3 0 0 2 449 216 1 1632 5 
16 0 3 0 0 2 383 149 1 1380 5 
16 0 3 0 0 2 482 349 1 1193 5 
16 0 3 0 0 2 116 383 0 1495 5 
16 0 3 0 0 2 316 449 1 5383 4 
16 0 3 0 0 2 183 449 0 3603 3 
16 0 3 0 0 2 149 482 0 1326 3 
16 0 3 0 0 2 549 83 1 2483 5 
16 0 3 0 0 2 549 416 1 1478 5 
16 0 3 0 0 2 50 416 0 2953 5 
16 0 3 0 0 2 283 482 1 3941 3 
16 0 3 0 0 2 449 50 1 1630 4 
16 0 3 0 0 2 516 149 1 1168 5 
16 0 3 0 0 2 383 516 1 1985 4 
16 0 3 0 0 2 383 50 1 1370 4 
16 0 3 0 0 2 349 216 1 1974 4 
16 0 3 0 0 2 283 149 1 980 3 
16 0 3 0 0 2 249 549 1 1158 3 
16 0 3 0 0 2 383 416 1 1401 4 
16 0 3 0 0 2 449 316 1 932 4 
16 0 3 0 0 1 235 580 0 25649 
16 0 3 0 0 1 291 415 0 6400 
16 0 3 0 0 1 458 588 1 5665 
16 0 3 0 0 1 399 82 1 1311 
16 0 3 0 0 1 335 117 1 2208 
16 0 3 0 0 1 316 266 1 1544 
16 0 3 0 0 1 272 280 0 3265 
16 0 3 0 0 1 516 51 1 1394 
16 0 3 0 0 1 346 512 1 1386 
16 0 3 0 0 1 0 263 0 1313 
16 0 3 0 0 1 206 599 0 1168 
16 0 3 0 0 1 0 467 0 3302 
16 0 3 0 0 1 599 0 1 687 
16 0 3 0 0 1 499 508 1 3800 
16 0 3 0 0 1 0 299 0 1056 
16 0 3 0 0 1 0 527 0 1695 
16 0 3 0 0 2 116 516 0 3065 4 
16 0 3 0 0 2 216 183 0 3125 3 
16 0 3 0 0 2 216 316 0 4939 3 
16 0 3 0 0 2 416 50 1 2348 4 
16 0 3 0 0 2 416 316 1 817 4 
16 0 3 0 0 2 383 383 1 808 4 
16 0 3 0 0 2 183 183 0 2752 4 
16 0 3 0 0 2 416 83 1 2041 4 
16 0 3 0 0 2 449 516 1 914 4 
16 0 3 0 0 2 316 416 1 2174 3 
16 0 3 0 0 2 316 50 1 929 3 
16 0 3 0 0 2 449 149 1 4512 5 
16 0 3 0 0 2 549 283 1 890 5 
16 0 3 0 0 2 349 349 1 1899 4 
16 0 3 0 0 2 183 516 1 2605 3 
16 0 3 0 0 2 449 183 1 1364 4 
16 0 3 0 0 2 249 249 1 1640 3 
16 0 3 0 0 2 116 216 0 3144 4 
16 0 3 0 0 2 83 116 0 2104 4 
16 0 3 0 0 2 316 383 1 2381 3 
16 0 3 0 0 2 183 416 0 2117 3 
16 0 3 0 0 2 50 549 0 2128 5 
16 0 3 0 0 2 482 83 1 2746 5 
16 0 3 0 0 2 449 383 1 802 5 
16 0 3 0 0 2 183 549 0 2435 3 
16 0 3 0 0 2 283 449 1 3428 3 
16 0 3 0 0 2 183 316 0 1673 3 
16 0 3 0 0 2 116 283 0 2686 4 
16 0 3 0 0 2 482 482 1 1781 4 
16 0 3 0 0 2 116 249 0 2773 4 
16 0 3 0 0 2 249 83 0 9856 2 
16 0 3 0 0 2 549 116 1 1382 5 
16 0 3 0 0 1 301 8 1 3727 
16 0 3 0 0 1 238 283 0 7194 
16 0 3 0 0 1 252 516 0 1881 
16 0 3 0 0 1 261 210 0 1696 
16 0 3 0 0 1 424 599 1 1456 
16 0 3 0 0 1 257 40 0 11033 
16 0 3 0 0 1 311 357 1 2225 
16 0 3 0 0 1 205 208 0 2826 
16 0 3 0 0 1 309 420 1 8546 
16 0 3 0 0 1 227 580 0 2889 
16 0 3 0 0 1 234 494 0 1343 
16 0 3 0 0 1 383 413 1 969 
16 0 3 0 0 1 331 3 1 1338 
16 0 3 0 0 1 215 470 0 1755 
16 0 3 0 0 1 250 251 0 977 
16 0 3 0 0 1 0 344 0 1200 
16 0 3 0 0 2 216 516 0 4401 2 
16 0 3 0 0 2 416 383 1 1629 5 
16 0 3 0 0 2 283 316 1 3551 3 
16 0 3 0 0 2 283 283 1 1021 3 
16 0 3 0 0 2 516 416 1 1636 4 
16 0 3 0 0 2 516 316 1 1218 4 
16 0 3 0 0 2 416 549 1 1119 4 
16 0 3 0 0 2 83 216 0 2383 4 
16 0 3 0 0 2 283 516 0 4942 3 
16 0 3 0 0 2 449 283 1 2130 4 
16 0 3 0 0 2 516 83 1 626 4 
16 0 3 0 0 2 149 449 0 1881 4 
16 0 3 0 0 2 416 283 1 1142 5 
16 0 3 0 0 2 249 383 1 8293 2 
16 0 3 0 0 2 383 482 1 2663 4 
16 0 3 0 0 2 83 383 0 2131 4 
16 0 3 0 0 2 83 249 0 1101 5 
16 0 3 0 0 2 116 349 0 640 5 
16 0 3 0 0 2 516 516 1 1692 5 
16 0 3 0 0 2 183 149 0 5043 3 
16 0 3 0 0 2 449 482 1 1550 4 
16 0 3 0 0 2 216 216 0 4527 3 
16 0 3 0 0 2 549 549 1 1759 5 
16 0 3 0 0 2 149 416 0 1891 3 
16 0 3 0 0 2 549 249 1 1225 4 
16 0 3 0 0 2 116 183 0 2029 3 
16 0 3 0 0 2 383 249 1 3076 4 
16 0 3 0 0 2 216 249 0 2843 3 
16 0 3 0 0 2 349 50 1 2180 4 
16 0 3 0 0 2 316 83 1 906 4 
16 0 3 0 0 2 216 116 1 3169 3 
16 0 3 0 0 2 449 249 1 1214 4 
16 0 3 0 0 1 126 0 0 2157 
16 0 3 0 0 1 25 448 0 1711 
16 0 3 0 0 1 599 599 1 1097 
16 0 3 0 0 1 380 81 1 753 
16 0 3 0 0 1 0 562 0 728 
16 0 3 0 0 1 83 183 0 905 
16 0 3 0 0 1 599 490 1 730 
16 0 3 0 0 1 427 203 1 776 
16 0 3 0 0 1 0 498 0 784 
16 0 3 0 0 1 61 44 0 705 
16 0 3 0 0 1 411 497 1 911 
16 0 3 0 0 1 264 230 0 2671 
16 0 3 0 0 1 383 423 1 1129 
16 0 3 0 0 1 76 99 0 719 
16 0 3 0 0 1 343 446 1 848 
16 0 3 0 0 1 0 132 0 825 
16 0 3 0 0 2 482 183 1 4885 4 
16 0 3 0 0 2 83 516 0 3218 4 
16 0 3 0 0 2 316 249 1 4099 3 
16 0 3 0 0 2 116 149 0 1936 4 
16 0 3 0 0 2 216 549 0 3843 2 
16 0 3 0 0 2 482 316 1 6166 4 
16 0 3 0 0 2 482 449 1 813 4 
16 0 3 0 0 2 349 416 1 807 4 
16 0 3 0 0 2 449 349 1 1323 4 
16 0 3 0 0 2 316 549 1 3497 3 
16 0 3 0 0 2 116 83 0 1967 5 
16 0 3 0 0 2 416 416 1 2374 4 
16 0 3 0 0 2 283 183 1 3488 3 
16 0 3 0 0 2 83 482 0 2407 4 
16 0 3 0 0 2 516 50 1 1792 4 
16 0 3 0 0 2 83 549 0 3260 4 
16 0 3 0 0 2 216 383 1 7054 2 
16 0 3 0 0 2 183 216 0 3299 2 
16 0 3 0 0 2 482 116 1 1432 4 
16 0 3 0 0 2 249 116 1 2590 3 
16 0 3 0 0 2 416 116 1 1158 4 
16 0 3 0 0 2 383 549 1 674 4 
16 0 3 0 0 2 416 149 1 749 4 
16 0 3 0 0 2 183 283 1 3008 2 
16 0 3 0 0 2 283 50 1 2145 2 
16 0 3 0 0 2 249 283 1 4189 3 
16 0 3 0 0 2 83 316 0 3025 4 
16 0 3 0 0 2 316 516 1 1915 3 
16 0 3 0 0 2 83 416 0 1370 4 
16 0 3 0 0 2 549 216 1 1693 5 
16 0 3 0 0 2 50 449 0 2675 2 
16 0 3 0 0 2 516 283 1 2803 5 
16 0 3 0 0 1 128 483 0 5124 
16 0 3 0 0 1 233 136 0 2121 
16 0 3 0 0 1 251 258 0 897 
16 0 3 0 0 1 299 91 0 1305 
16 0 3 0 0 1 345 259 1 1106 
16 0 3 0 0 1 444 186 1 1010 
16 0 3 0 0 1 300 435 1 1073 
16 0 3 0 0 1 369 3 1 1049 
16 0 3 0 0 1 359 92 1 1232 
16 0 3 0 0 1 294 144 0 2888 
16 0 3 0 0 1 261 377 0 1136 
16 0 3 0 0 1 342 439 1 1881 
16 0 3 0 0 1 63 111 0 761 
16 0 3 0 0 1 303 541 1 10129 
16 0 3 0 0 1 357 486 1 688 
16 0 3 0 0 1 319 518 1 666 
16 0 3 0 0 2 149 183 0 2720 3 
16 0 3 0 0 2 516 349 1 1351 4 
16 0 3 0 0 2 482 216 1 641 4 
16 0 3 0 0 2 482 383 1 1857 4 
16 0 3 0 0 2 516 449 1 674 4 
16 0 3 0 0 2 283 349 1 2495 3 
16 0 3 0 0 2 349 449 1 3306 4 
16 0 3 0 0 2 549 449 1 954 4 
16 0 3 0 0 2 349 149 1 1410 3 
16 0 3 0 0 2 549 50 1 1511 4 
16 0 3 0 0 2 383 349 1 2442 4 
16 0 3 0 0 2 249 50 1 4014 3 
16 0 3 0 0 2 549 516 1 970 4 
16 0 3 0 0 2 50 83 0 2401 3 
16 0 3 0 0 2 249 216 0 3415 3 
16 0 3 0 0 2 149 383 0 1281 4 
16 0 3 0 0 2 516 216 1 1081 4 
16 0 3 0 0 2 316 149 1 1344 4 
16 0 3 0 0 2 50 283 0 1284 4 
16 0 3 0 0 2 183 249 0 1705 3 
16 0 3 0 0 2 216 149 0 991 3 
16 0 3 0 0 2 316 116 1 2414 3 
16 0 3 0 0 2 383 116 1 1620 4 
16 0 3 0 0 2 116 416 0 1548 3 
16 0 3 0 0 2 249 416 1 3448 3 
16 0 3 0 0 2 383 316 1 1180 4 
16 0 3 0 0 2 116 482 0 1348 4 
16 0 3 0 0 2 149 549 0 783 4 
16 0 3 0 0 2 149 349 0 823 4 
16 0 3 0 0 2 249 316 1 2819 4 
16 0 3 0 0 2 116 116 0 1871 3 
16 0 3 0 0 2 516 249 1 999 4 
16 0 3 0 0 1 229 0 0 22412 
16 0 3 0 0 1 101 102 0 2447 
16 0 3 0 0 1 564 189 1 696 
16 0 3 0 0 1 120 387 0 864 
16 0 3 0 0 1 574 274 1 810 
16 0 3 0 0 1 390 343 1 2768 
16 0 3 0 0 1 339 275 1 1440 
16 0 3 0 0 1 505 599 1 528 
16 0 3 0 0 1 40 0 0 552 
16 0 3 0 0 1 409 446 1 561 
16 0 3 0 0 1 12 0 0 841 
16 0 3 0 0 1 346 599 1 729 
16 0 3 0 0 1 533 0 1 544 
16 0 3 0 0 1 205 599 0 1480 
16 0 3 0 0 1 528 155 1 624 
16 0 3 0 0 1 51 149 0 624 
16 0 3 0 0 2 516 549 1 2270 4 
16 0 3 0 0 2 516 183 1 712 4 
16 0 3 0 0 2 183 116 0 4813 3 
16 0 3 0 0 2 149 316 0 652 3 
16 0 3 0 0 2 449 549 1 1023 4 
16 0 3 0 0 2 383 216 1 739 4 
16 0 3 0 0 2 482 516 1 586 4 
16 0 3 0 0 2 249 349 1 1342 4 
16 0 3 0 0 2 349 116 1 807 3 
16 0 3 0 0 2 316 216 1 1338 3 
16 0 3 0 0 2 216 416 0 2849 2 
16 0 3 0 0 2 416 216 1 973 3 
16 0 3 0 0 2 149 516 0 2212 3 
16 0 3 0 0 2 183 50 0 969 3 
16 0 3 0 0 2 50 249 0 1601 4 
16 0 3 0 0 2 416 183 1 2494 4 
16 0 3 0 0 2 316 316 1 789 4 
16 0 3 0 0 2 482 249 1 640 4 
16 0 3 0 0 2 50 482 0 1438 4 
16 0 3 0 0 2 316 349 1 1061 4 
16 0 3 0 0 2 416 516 1 6384 4 
16 0 3 0 0 2 516 482 1 1093 4 
16 0 3 0 0 2 283 116 1 2883 2 
16 0 3 0 0 2 249 516 1 2265 2 
16 0 3 0 0 2 283 249 1 766 2 
16 0 3 0 0 2 216 482 0 2763 2 
16 0 3 0 0 2 216 50 0 810 2 
16 0 3 0 0 2 416 449 1 937 3 
16 0 3 0 0 2 249 149 1 1156 4 
16 0 3 0 0 2 50 316 0 1732 4 
16 0 3 0 0 2 383 183 1 1000 4 
16 0 3 0 0 2 149 50 0 2775 3 
16 0 3 0 0 1 345 0 1 1309 
16 0 3 0 0 1 445 599 1 848 
16 0 3 0 0 1 321 0 1 1033 
16 0 3 0 0 1 437 599 1 600 
16 0 3 0 0 1 125 114 0 722 
16 0 3 0 0 1 352 264 1 803 
16 0 3 0 0 1 322 599 1 665 
16 0 3 0 0 1 86 0 0 648 
16 0 3 0 0 1 592 43 1 560 
16 0 3 0 0 1 321 335 1 961 
16 0 3 0 0 1 335 599 1 634 
16 0 3 0 0 1 396 417 1 616 
16 0 3 0 0 1 449 403 1 544 
16 0 3 0 0 1 115 107 0 567 
16 0 3 0 0 1 385 97 1 623 
16 0 3 0 0 1 549 599 1 537 
16 0 3 0 0 2 83 149 0 1993 4 
16 0 3 0 0 2 83 449 0 680 4 
16 0 3 0 0 2 283 216 1 1816 3 
16 0 3 0 0 2 216 349 1 2562 2 
16 0 3 0 0 2 183 349 0 1735 3 
16 0 3 0 0 2 216 449 1 2076 2 
16 0 3 0 0 2 449 449 1 1783 4 
16 0 3 0 0 2 149 83 0 2184 2 
16 0 3 0 0 2 383 83 1 1199 4 
16 0 3 0 0 2 416 249 1 628 4 
16 0 3 0 0 2 249 183 1 2949 3 
16 0 3 0 0 2 482 50 1 1967 4 
16 0 3 0 0 2 183 383 0 2410 3 
16 0 3 0 0 2 449 83 1 1044 4 
16 0 3 0 0 2 549 316 1 826 4 
16 0 3 0 0 2 349 383 1 989 4 
16 0 3 0 0 2 449 116 1 570 4 
16 0 3 0 0 2 416 482 1 547 4 
16 0 3 0 0 2 116 316 0 1278 4 
16 0 3 0 0 2 416 349 1 833 4 
16 0 3 0 0 2 83 83 0 2637 4 
16 0 3 0 0 2 349 83 1 877 4 
16 0 3 0 0 2 316 283 1 733 4 
16 0 3 0 0 2 549 383 1 645 4 
16 0 3 0 0 2 149 116 0 2011 3 
16 0 3 0 0 2 516 383 1 825 4 
16 0 3 0 0 2 283 383 1 856 4 
16 0 3 0 0 2 482 149 1 630 4 
16 0 3 0 0 2 50 149 0 4565 4 
16 0 3 0 0 2 83 349 0 738 4 
16 0 3 0 0 2 149 249 0 758 4 
16 0 3 0 0 2 349 516 1 3604 4 
16 0 3 0 0 1 371 339 1 8093 
16 0 3 0 0 1 474 278 1 584 
16 0 3 0 0 1 512 512 1 527 
16 0 3 0 0 1 24 34 0 816 
16 0 3 0 0 1 452 544 1 538 
16 0 3 0 0 1 599 216 1 577 
16 0 3 0 0 1 0 85 0 746 
16 0 3 0 0 1 599 5 1 506 
16 0 3 0 0 1 0 287 0 546 
16 0 3 0 0 1 595 461 1 522 
16 0 3 0 0 1 0 556 0 520 
16 0 3 0 0 1 599 506 1 449 
16 0 3 0 0 1 361 356 1 1201 
16 0 3 0 0 1 430 130 1 586 
16 0 3 0 0 1 392 544 1 530 
16 0 3 0 0 1 263 236 0 825 
16 0 3 0 0 2 549 349 1 3579 4 
16 0 3 0 0 2 50 116 0 1637 4 
16 0 3 0 0 2 50 383 0 763 4 
16 0 3 0 0 2 316 183 1 1084 4 
16 0 3 0 0 2 50 349 0 891 4 
16 0 3 0 0 2 83 283 0 722 4 
16 0 3 0 0 2 349 183 1 981 4 
16 0 3 0 0 2 83 50 0 979 4 
16 0 3 0 0 2 516 116 1 921 4 
16 0 3 0 0 2 316 482 1 599 4 
16 0 3 0 0 2 482 283 1 662 4 
16 0 3 0 0 2 116 50 0 1905 4 
16 0 3 0 0 2 216 283 0 7679 3 
16 0 3 0 0 2 50 183 0 1611 4 
16 0 3 0 0 2 249 482 1 3035 3 
16 0 3 0 0 2 349 549 1 1223 4 
16 0 3 0 0 2 50 216 0 1616 4 
16 0 3 0 0 2 116 549 0 746 4 
16 0 3 0 0 2 549 149 1 1276 4 
16 0 3 0 0 2 383 283 1 717 4 
16 0 3 0 0 2 549 482 1 579 4 
16 0 3 0 0 2 249 449 1 2422 3 
16 0 3 0 0 2 149 216 0 2282 4 
16 0 3 0 0 2 482 549 1 946 4 
16 0 3 0 0 2 283 549 1 1512 4 
16 0 3 0 0 2 183 482 0 2036 3 
16 0 3 0 0 2 449 416 1 873 4 
16 0 3 0 0 2 349 249 1 1324 4 
16 0 3 0 0 2 349 316 1 701 4 
16 0 3 0 0 2 482 416 1 570 4 
16 0 3 0 0 2 116 449 0 1737 4 
16 0 3 0 0 2 349 283 1 2295 3 
