Subject 20 in condition 0
Training Condition: 3
Task: 0
Rule: [[[220, 300], [[2000, 0], [0, 9000]]], [[380, 300], [[2000, 0], [0, 9000]]]]
Noise: 0
CATA=0
CATB=1
Sample keys: 122 120
Resp keys: 309 307
Dim direction: 1 0
Dim minimum: 59 54
Test order: [1, 2, 0, 5, 4, 6, 3, 7]
20 0 3 0 0 1 373 171 1 2653 
20 0 3 0 0 1 340 532 1 5304 
20 0 3 0 0 1 599 171 1 5641 
20 0 3 0 0 1 599 534 1 3537 
20 0 3 0 0 1 248 173 0 5489 
20 0 3 0 0 1 0 172 0 3377 
20 0 3 0 0 1 461 173 1 6032 
20 0 3 0 0 1 393 171 1 3400 
20 0 3 0 0 1 304 170 1 3656 
20 0 3 0 0 1 70 173 0 4671 
20 0 3 0 0 1 161 534 0 3383 
20 0 3 0 0 1 273 530 0 4217 
20 0 3 0 0 1 599 537 1 3361 
20 0 3 0 0 1 599 373 1 1816 
20 0 3 0 0 1 0 333 0 1601 
20 0 3 0 0 1 114 342 0 1617 
20 0 3 0 0 2 216 50 0 6757 4 
20 0 3 0 0 2 482 516 1 8203 4 
20 0 3 0 0 2 216 416 0 3829 3 
20 0 3 0 0 2 516 183 0 8658 3 
20 0 3 0 0 2 316 216 0 7404 4 
20 0 3 0 0 2 50 316 0 4041 5 
20 0 3 0 0 2 316 316 0 3295 4 
20 0 3 0 0 2 249 349 0 5530 4 
20 0 3 0 0 2 149 316 0 3030 4 
20 0 3 0 0 2 183 116 0 3734 4 
20 0 3 0 0 2 449 549 1 3752 3 
20 0 3 0 0 2 516 482 1 2756 4 
20 0 3 0 0 2 283 249 0 5066 3 
20 0 3 0 0 2 249 149 0 3775 4 
20 0 3 0 0 2 349 116 0 4368 3 
20 0 3 0 0 2 383 216 0 4056 3 
20 0 3 0 0 2 516 549 1 2897 4 
20 0 3 0 0 2 416 216 0 9285 3 
20 0 3 0 0 2 416 183 0 7582 2 
20 0 3 0 0 2 50 482 0 3640 4 
20 0 3 0 0 2 183 50 0 3155 4 
20 0 3 0 0 2 149 516 0 2112 4 
20 0 3 0 0 2 50 249 0 1981 4 
20 0 3 0 0 2 216 482 0 1430 4 
20 0 3 0 0 2 249 516 0 1702 4 
20 0 3 0 0 2 283 116 0 2928 4 
20 0 3 0 0 2 482 249 1 12630 3 
20 0 3 0 0 2 149 50 0 11226 4 
20 0 3 0 0 2 383 183 0 8781 3 
20 0 3 0 0 2 416 449 1 3066 3 
20 0 3 0 0 2 316 349 0 6582 3 
20 0 3 0 0 2 416 516 0 5146 3 
20 0 3 0 0 1 1 10 0 7342 
20 0 3 0 0 1 114 411 0 4785 
20 0 3 0 0 1 279 599 0 2617 
20 0 3 0 0 1 599 327 1 3881 
20 0 3 0 0 1 394 0 1 5081 
20 0 3 0 0 1 316 554 1 5089 
20 0 3 0 0 1 231 111 0 6170 
20 0 3 0 0 1 232 121 0 1656 
20 0 3 0 0 1 179 374 0 4345 
20 0 3 0 0 1 243 599 0 3752 
20 0 3 0 0 1 318 454 1 5936 
20 0 3 0 0 1 163 599 0 4616 
20 0 3 0 0 1 246 0 0 1712 
20 0 3 0 0 1 484 599 1 2336 
20 0 3 0 0 1 124 0 0 2113 
20 0 3 0 0 1 106 449 0 3528 
20 0 3 0 0 2 516 383 1 7811 3 
20 0 3 0 0 2 549 316 1 5049 3 
20 0 3 0 0 2 416 482 0 3889 4 
20 0 3 0 0 2 349 383 0 3104 4 
20 0 3 0 0 2 482 149 0 8103 3 
20 0 3 0 0 2 449 116 0 2948 3 
20 0 3 0 0 2 383 83 0 2901 4 
20 0 3 0 0 2 50 149 0 2179 5 
20 0 3 0 0 2 149 249 0 2289 5 
20 0 3 0 0 2 83 349 0 1737 5 
20 0 3 0 0 2 283 216 0 4198 5 
20 0 3 0 0 2 149 83 0 1368 5 
20 0 3 0 0 2 549 383 1 5983 3 
20 0 3 0 0 2 183 383 0 4429 5 
20 0 3 0 0 2 416 249 0 3169 4 
20 0 3 0 0 2 216 449 0 7858 4 
20 0 3 0 0 2 283 383 0 3117 5 
20 0 3 0 0 2 216 349 0 1795 5 
20 0 3 0 0 2 83 449 0 2252 5 
20 0 3 0 0 2 416 349 0 6270 3 
20 0 3 0 0 2 349 516 0 5052 2 
20 0 3 0 0 2 316 283 0 3375 3 
20 0 3 0 0 2 116 316 0 3264 4 
20 0 3 0 0 2 149 116 0 1640 5 
20 0 3 0 0 2 349 83 0 2817 4 
20 0 3 0 0 2 482 50 0 6318 3 
20 0 3 0 0 2 449 83 0 2101 3 
20 0 3 0 0 2 83 149 0 2248 5 
20 0 3 0 0 2 183 349 0 1631 5 
20 0 3 0 0 2 249 183 0 1026 5 
20 0 3 0 0 2 449 449 1 3453 4 
20 0 3 0 0 2 83 83 0 2760 5 
20 0 3 0 0 1 303 59 1 14830 
20 0 3 0 0 1 268 405 0 8801 
20 0 3 0 0 1 280 23 0 9553 
20 0 3 0 0 1 272 106 0 4848 
20 0 3 0 0 1 302 555 1 2888 
20 0 3 0 0 1 319 355 1 3273 
20 0 3 0 0 1 310 87 1 11240 
20 0 3 0 0 1 323 488 1 3808 
20 0 3 0 0 1 279 41 0 3290 
20 0 3 0 0 1 599 4 1 3976 
20 0 3 0 0 1 242 106 0 13632 
20 0 3 0 0 1 258 338 0 3745 
20 0 3 0 0 1 278 381 0 13690 
20 0 3 0 0 1 336 47 1 6818 
20 0 3 0 0 1 365 381 1 6672 
20 0 3 0 0 1 329 27 1 2096 
20 0 3 0 0 2 316 516 1 5201 3 
20 0 3 0 0 2 83 416 0 3108 3 
20 0 3 0 0 2 83 516 1 3188 3 
20 0 3 0 0 2 549 216 1 2689 3 
20 0 3 0 0 2 249 283 0 7892 3 
20 0 3 0 0 2 116 149 1 3811 3 
20 0 3 0 0 2 316 249 1 4357 3 
20 0 3 0 0 2 249 116 1 1827 3 
20 0 3 0 0 2 116 83 0 2642 3 
20 0 3 0 0 2 416 116 1 5468 3 
20 0 3 0 0 2 316 549 0 5207 3 
20 0 3 0 0 2 349 416 1 9860 3 
20 0 3 0 0 2 50 449 0 2721 3 
20 0 3 0 0 2 482 116 1 3231 3 
20 0 3 0 0 2 482 183 1 2227 3 
20 0 3 0 0 2 283 50 0 2440 3 
20 0 3 0 0 2 83 316 0 2738 4 
20 0 3 0 0 2 516 283 0 4404 3 
20 0 3 0 0 2 482 316 0 5422 3 
20 0 3 0 0 2 283 183 1 1501 3 
20 0 3 0 0 2 516 50 1 9745 3 
20 0 3 0 0 2 83 549 1 3250 3 
20 0 3 0 0 2 183 283 0 2616 3 
20 0 3 0 0 2 216 549 1 1799 3 
20 0 3 0 0 2 449 349 0 3531 3 
20 0 3 0 0 2 383 549 1 2814 3 
20 0 3 0 0 2 482 449 1 2170 3 
20 0 3 0 0 2 416 416 0 2434 3 
20 0 3 0 0 2 216 383 0 3884 3 
20 0 3 0 0 2 183 216 0 2673 3 
20 0 3 0 0 2 416 149 1 1864 3 
20 0 3 0 0 2 83 482 1 3182 3 
20 0 3 0 0 1 0 538 0 6422 
20 0 3 0 0 1 0 478 0 2039 
20 0 3 0 0 1 0 351 0 8298 
20 0 3 0 0 1 1 77 0 2936 
20 0 3 0 0 1 206 386 0 2497 
20 0 3 0 0 1 330 119 1 2184 
20 0 3 0 0 1 257 159 0 9809 
20 0 3 0 0 1 262 187 0 1393 
20 0 3 0 0 1 277 277 0 2153 
20 0 3 0 0 1 296 240 0 2265 
20 0 3 0 0 1 312 292 1 6289 
20 0 3 0 0 1 308 393 1 2930 
20 0 3 0 0 1 280 447 0 5161 
20 0 3 0 0 1 299 241 0 4641 
20 0 3 0 0 1 0 524 0 2961 
20 0 3 0 0 1 343 411 1 2969 
20 0 3 0 0 2 183 416 1 14597 3 
20 0 3 0 0 2 249 249 0 3656 2 
20 0 3 0 0 2 116 283 0 3466 3 
20 0 3 0 0 2 383 383 1 3961 3 
20 0 3 0 0 2 183 316 0 5082 3 
20 0 3 0 0 2 316 50 0 3561 3 
20 0 3 0 0 2 449 149 1 1992 3 
20 0 3 0 0 2 183 549 1 5736 3 
20 0 3 0 0 2 549 283 0 1729 3 
20 0 3 0 0 2 116 516 0 1583 3 
20 0 3 0 0 2 183 516 1 3171 3 
20 0 3 0 0 2 449 383 1 2475 3 
20 0 3 0 0 2 416 83 0 1668 3 
20 0 3 0 0 2 116 216 1 4716 3 
20 0 3 0 0 2 482 83 1 3447 3 
20 0 3 0 0 2 316 416 0 3907 3 
20 0 3 0 0 2 349 349 0 1997 3 
20 0 3 0 0 2 549 116 1 1575 3 
20 0 3 0 0 2 116 249 0 3699 3 
20 0 3 0 0 2 249 83 0 3400 3 
20 0 3 0 0 2 482 482 1 1663 3 
20 0 3 0 0 2 416 50 0 2209 3 
20 0 3 0 0 2 216 316 0 2702 3 
20 0 3 0 0 2 50 549 1 1346 3 
20 0 3 0 0 2 449 183 0 3743 3 
20 0 3 0 0 2 449 516 1 1541 3 
20 0 3 0 0 2 416 316 0 11314 3 
20 0 3 0 0 2 183 183 1 2479 3 
20 0 3 0 0 2 283 449 1 1474 3 
20 0 3 0 0 2 216 183 1 2760 3 
20 0 3 0 0 2 83 116 1 1613 3 
20 0 3 0 0 2 316 383 0 2348 3 
20 0 3 0 0 1 21 462 0 15621 
20 0 3 0 0 1 374 101 1 3825 
20 0 3 0 0 1 112 223 0 4345 
20 0 3 0 0 1 474 573 1 7720 
20 0 3 0 0 1 0 88 0 3233 
20 0 3 0 0 1 599 197 1 5920 
20 0 3 0 0 1 305 254 1 5312 
20 0 3 0 0 1 293 570 0 2016 
20 0 3 0 0 1 292 290 0 6298 
20 0 3 0 0 1 296 377 0 2298 
20 0 3 0 0 1 303 58 1 3303 
20 0 3 0 0 1 566 556 1 1865 
20 0 3 0 0 1 453 88 1 2273 
20 0 3 0 0 1 45 101 0 1929 
20 0 3 0 0 1 247 327 0 2490 
20 0 3 0 0 1 220 70 0 1776 
20 0 3 0 0 2 216 249 0 4288 2 
20 0 3 0 0 2 149 449 0 2295 2 
20 0 3 0 0 2 83 249 0 3439 2 
20 0 3 0 0 2 516 516 1 2304 2 
20 0 3 0 0 2 416 283 1 5831 2 
20 0 3 0 0 2 416 549 1 2671 2 
20 0 3 0 0 2 183 149 0 1945 2 
20 0 3 0 0 2 449 249 1 2934 2 
20 0 3 0 0 2 316 83 0 1617 2 
20 0 3 0 0 2 283 283 0 1540 2 
20 0 3 0 0 2 149 416 0 1594 2 
20 0 3 0 0 2 116 349 0 1122 2 
20 0 3 0 0 2 83 216 0 1650 2 
20 0 3 0 0 2 216 516 1 1823 2 
20 0 3 0 0 2 116 183 0 1135 2 
20 0 3 0 0 2 449 283 0 3252 2 
20 0 3 0 0 2 516 416 1 1238 2 
20 0 3 0 0 2 549 249 1 1110 2 
20 0 3 0 0 2 516 316 1 1291 2 
20 0 3 0 0 2 516 83 1 2090 2 
20 0 3 0 0 2 383 482 0 2551 2 
20 0 3 0 0 2 283 316 0 1605 2 
20 0 3 0 0 2 549 549 1 2648 2 
20 0 3 0 0 2 83 383 0 2409 2 
20 0 3 0 0 2 283 516 1 1953 2 
20 0 3 0 0 2 216 116 0 3616 2 
20 0 3 0 0 2 216 216 0 1534 2 
20 0 3 0 0 2 249 383 0 1419 2 
20 0 3 0 0 2 383 249 1 2769 2 
20 0 3 0 0 2 449 482 1 2650 2 
20 0 3 0 0 2 349 50 0 4225 2 
20 0 3 0 0 2 416 383 1 1807 2 
20 0 3 0 0 1 269 345 0 6581 
20 0 3 0 0 1 351 376 1 3639 
20 0 3 0 0 1 205 112 0 3545 
20 0 3 0 0 1 320 335 1 3505 
20 0 3 0 0 1 76 321 0 1593 
20 0 3 0 0 1 178 496 0 1809 
20 0 3 0 0 1 294 196 0 1825 
20 0 3 0 0 1 292 266 0 3705 
20 0 3 0 0 1 399 35 1 7312 
20 0 3 0 0 1 376 120 1 4321 
20 0 3 0 0 1 306 443 1 2273 
20 0 3 0 0 1 142 16 0 1808 
20 0 3 0 0 1 405 234 1 985 
20 0 3 0 0 1 392 16 1 2603 
20 0 3 0 0 1 0 527 0 8065 
20 0 3 0 0 1 584 488 1 2634 
20 0 3 0 0 2 482 416 1 4137 2 
20 0 3 0 0 2 283 549 1 9845 2 
20 0 3 0 0 2 349 316 0 2307 2 
20 0 3 0 0 2 116 549 0 1047 2 
20 0 3 0 0 2 449 416 1 1553 2 
20 0 3 0 0 2 50 216 0 1489 2 
20 0 3 0 0 2 516 116 1 1179 2 
20 0 3 0 0 2 216 283 0 1421 2 
20 0 3 0 0 2 83 50 0 1245 2 
20 0 3 0 0 2 349 549 0 1299 2 
20 0 3 0 0 2 50 116 0 1559 2 
20 0 3 0 0 2 316 482 1 2038 2 
20 0 3 0 0 2 383 283 0 2871 2 
20 0 3 0 0 2 50 349 0 1087 2 
20 0 3 0 0 2 349 283 0 2460 2 
20 0 3 0 0 2 149 216 0 1870 2 
20 0 3 0 0 2 116 449 0 1012 2 
20 0 3 0 0 2 549 349 1 1156 2 
20 0 3 0 0 2 482 283 1 758 2 
20 0 3 0 0 2 482 549 1 6549 2 
20 0 3 0 0 2 349 249 1 6954 2 
20 0 3 0 0 2 349 183 0 2569 2 
20 0 3 0 0 2 50 183 0 1052 2 
20 0 3 0 0 2 549 149 1 1577 2 
20 0 3 0 0 2 83 283 0 1710 2 
20 0 3 0 0 2 183 482 0 2238 2 
20 0 3 0 0 2 50 383 0 1093 2 
20 0 3 0 0 2 249 449 0 1150 2 
20 0 3 0 0 2 116 50 0 1133 2 
20 0 3 0 0 2 249 482 0 713 2 
20 0 3 0 0 2 316 183 0 1157 2 
20 0 3 0 0 2 549 482 1 888 2 
20 0 3 0 0 1 332 501 1 5620 
20 0 3 0 0 1 0 289 0 1729 
20 0 3 0 0 1 599 253 1 3920 
20 0 3 0 0 1 0 442 0 1930 
20 0 3 0 0 1 38 69 0 2258 
20 0 3 0 0 1 599 411 1 5761 
20 0 3 0 0 1 0 435 0 2328 
20 0 3 0 0 1 466 402 1 2538 
20 0 3 0 0 1 0 596 0 6041 
20 0 3 0 0 1 599 399 1 1097 
20 0 3 0 0 1 0 463 0 985 
20 0 3 0 0 1 348 525 1 1633 
20 0 3 0 0 1 599 123 1 1073 
20 0 3 0 0 1 86 431 0 968 
20 0 3 0 0 1 599 380 1 786 
20 0 3 0 0 1 397 255 1 1832 
20 0 3 0 0 2 149 149 0 6652 2 
20 0 3 0 0 2 349 482 1 2955 2 
20 0 3 0 0 2 149 482 0 2366 2 
20 0 3 0 0 2 482 349 1 1275 2 
20 0 3 0 0 2 349 216 1 3096 2 
20 0 3 0 0 2 249 549 0 963 2 
20 0 3 0 0 2 449 316 1 1168 2 
20 0 3 0 0 2 283 149 0 1199 2 
20 0 3 0 0 2 516 149 1 1083 2 
20 0 3 0 0 2 183 449 0 1747 2 
20 0 3 0 0 2 149 283 0 772 2 
20 0 3 0 0 2 183 83 0 897 2 
20 0 3 0 0 2 383 149 1 2111 2 
20 0 3 0 0 2 283 416 0 1941 2 
20 0 3 0 0 2 549 183 1 1064 2 
20 0 3 0 0 2 83 183 0 1817 2 
20 0 3 0 0 2 283 482 0 1692 2 
20 0 3 0 0 2 116 383 0 1195 2 
20 0 3 0 0 2 283 83 0 5136 1 
20 0 3 0 0 2 50 50 0 2847 2 
20 0 3 0 0 2 383 516 1 1834 2 
20 0 3 0 0 2 383 416 1 1068 2 
20 0 3 0 0 2 50 416 0 830 2 
20 0 3 0 0 2 449 216 1 7135 2 
20 0 3 0 0 2 449 50 1 2171 2 
20 0 3 0 0 2 383 50 1 1919 2 
20 0 3 0 0 2 549 416 1 1130 2 
20 0 3 0 0 2 383 449 1 1261 2 
20 0 3 0 0 2 50 516 0 1222 2 
20 0 3 0 0 2 549 83 1 2261 2 
20 0 3 0 0 2 216 83 0 1466 2 
20 0 3 0 0 2 316 449 0 8529 2 
20 0 3 0 0 1 296 370 0 7943 
20 0 3 0 0 1 0 110 0 1088 
20 0 3 0 0 1 599 328 1 1009 
20 0 3 0 0 1 0 184 0 1593 
20 0 3 0 0 1 599 273 1 881 
20 0 3 0 0 1 0 466 0 1066 
20 0 3 0 0 1 599 162 1 1073 
20 0 3 0 0 1 0 164 0 1345 
20 0 3 0 0 1 466 422 1 1184 
20 0 3 0 0 1 85 592 0 986 
20 0 3 0 0 1 599 32 1 1025 
20 0 3 0 0 1 244 177 0 1554 
20 0 3 0 0 1 361 382 1 5498 
20 0 3 0 0 1 0 253 0 1578 
20 0 3 0 0 1 599 11 1 1226 
20 0 3 0 0 1 0 328 0 1056 
20 0 3 0 0 2 516 216 1 4145 2 
20 0 3 0 0 2 116 416 0 4033 2 
20 0 3 0 0 2 516 449 1 4702 2 
20 0 3 0 0 2 116 116 0 1734 2 
20 0 3 0 0 2 316 149 0 2934 2 
20 0 3 0 0 2 383 349 1 1124 2 
20 0 3 0 0 2 383 316 1 1866 2 
20 0 3 0 0 2 549 449 1 1113 2 
20 0 3 0 0 2 50 283 0 872 2 
20 0 3 0 0 2 549 50 1 885 2 
20 0 3 0 0 2 149 183 0 1558 2 
20 0 3 0 0 2 249 316 1 1384 2 
20 0 3 0 0 2 316 116 1 2856 2 
20 0 3 0 0 2 149 549 0 877 2 
20 0 3 0 0 2 149 349 0 796 2 
20 0 3 0 0 2 283 349 0 1161 2 
20 0 3 0 0 2 183 249 0 1010 2 
20 0 3 0 0 2 349 449 1 1576 2 
20 0 3 0 0 2 116 482 0 979 2 
20 0 3 0 0 2 482 383 1 1037 2 
20 0 3 0 0 2 249 216 0 2516 2 
20 0 3 0 0 2 216 149 0 2125 2 
20 0 3 0 0 2 249 50 0 1118 2 
20 0 3 0 0 2 349 149 1 1902 2 
20 0 3 0 0 2 516 249 1 903 2 
20 0 3 0 0 2 249 416 1 7289 2 
20 0 3 0 0 2 383 116 1 1121 2 
20 0 3 0 0 2 482 216 1 993 2 
20 0 3 0 0 2 149 383 0 1044 2 
20 0 3 0 0 2 50 83 0 1200 2 
20 0 3 0 0 2 549 516 0 1776 2 
20 0 3 0 0 2 516 349 1 849 2 
