Subject 29 in condition 1
Training Condition: 3
Task: 0
Rule: [[[300, 220], [[9000, 0], [0, 2000]]], [[300, 380], [[9000, 0], [0, 2000]]]]
Noise: 0
CATA=0
CATB=1
Sample keys: 122 120
Resp keys: 309 307
Dim direction: 0 0
Dim minimum: 35 61
Test order: [7, 0, 4, 6, 5, 1, 3, 2]
29 1 3 0 1 1 293 0 0 6605 
29 1 3 0 1 1 398 599 1 4497 
29 1 3 0 1 1 0 0 0 1401 
29 1 3 0 1 1 599 0 0 3202 
29 1 3 0 1 1 0 599 1 1273 
29 1 3 0 1 1 599 599 1 3043 
29 1 3 0 1 1 423 599 1 1049 
29 1 3 0 1 1 0 599 1 856 
29 1 3 0 1 1 599 0 0 1319 
29 1 3 0 1 1 0 0 0 752 
29 1 3 0 1 1 599 599 1 760 
29 1 3 0 1 1 599 0 0 945 
29 1 3 0 1 1 0 0 0 681 
29 1 3 0 1 1 241 0 0 722 
29 1 3 0 1 1 419 0 0 651 
29 1 3 0 1 1 560 599 1 794 
29 1 3 0 1 2 316 116 1 4812 4 
29 1 3 0 1 2 316 149 1 3813 4 
29 1 3 0 1 2 50 283 1 7554 3 
29 1 3 0 1 2 383 349 1 4133 5 
29 1 3 0 1 2 516 449 1 11672 3 
29 1 3 0 1 2 549 516 0 3613 4 
29 1 3 0 1 2 249 216 1 6277 4 
29 1 3 0 1 2 249 50 0 2164 5 
29 1 3 0 1 2 116 416 1 2184 5 
29 1 3 0 1 2 116 482 0 5641 3 
29 1 3 0 1 2 149 349 1 2405 5 
29 1 3 0 1 2 482 216 1 2267 4 
29 1 3 0 1 2 149 549 0 2380 5 
29 1 3 0 1 2 383 316 1 1981 4 
29 1 3 0 1 2 516 349 1 1495 5 
29 1 3 0 1 2 149 383 1 1610 5 
29 1 3 0 1 2 383 116 1 8050 2 
29 1 3 0 1 2 249 416 1 2035 5 
29 1 3 0 1 2 283 349 1 1368 5 
29 1 3 0 1 2 149 183 1 1450 5 
29 1 3 0 1 2 183 249 1 1395 5 
29 1 3 0 1 2 116 116 1 2110 4 
29 1 3 0 1 2 516 216 1 2360 5 
29 1 3 0 1 2 549 449 0 6274 1 
29 1 3 0 1 2 549 50 0 3030 5 
29 1 3 0 1 2 516 249 1 2098 5 
29 1 3 0 1 2 482 383 1 1499 5 
29 1 3 0 1 2 216 149 1 2958 4 
29 1 3 0 1 2 349 149 1 1761 4 
29 1 3 0 1 2 50 83 0 8065 3 
29 1 3 0 1 2 249 316 1 2231 5 
29 1 3 0 1 2 349 449 1 1362 4 
29 1 3 0 1 1 234 340 1 5798 
29 1 3 0 1 1 599 357 1 1122 
29 1 3 0 1 1 0 382 1 825 
29 1 3 0 1 1 198 599 1 8539 
29 1 3 0 1 1 59 0 0 3346 
29 1 3 0 1 1 582 472 1 1618 
29 1 3 0 1 1 599 328 1 3761 
29 1 3 0 1 1 551 201 0 2169 
29 1 3 0 1 1 21 233 0 1171 
29 1 3 0 1 1 0 229 0 1394 
29 1 3 0 1 1 29 349 1 1169 
29 1 3 0 1 1 599 0 0 1528 
29 1 3 0 1 1 309 112 0 1130 
29 1 3 0 1 1 533 158 0 723 
29 1 3 0 1 1 492 502 1 986 
29 1 3 0 1 1 493 435 1 699 
29 1 3 0 1 2 183 283 1 7327 3 
29 1 3 0 1 2 482 449 1 3018 5 
29 1 3 0 1 2 316 516 1 4328 5 
29 1 3 0 1 2 183 216 0 4198 4 
29 1 3 0 1 2 549 216 0 3790 3 
29 1 3 0 1 2 516 283 0 2875 4 
29 1 3 0 1 2 482 316 0 3685 5 
29 1 3 0 1 2 216 549 0 1888 4 
29 1 3 0 1 2 83 482 1 1971 5 
29 1 3 0 1 2 416 416 1 2840 4 
29 1 3 0 1 2 216 383 1 1772 3 
29 1 3 0 1 2 416 116 0 3098 5 
29 1 3 0 1 2 416 149 0 3182 5 
29 1 3 0 1 2 316 549 0 3965 3 
29 1 3 0 1 2 83 416 0 4422 3 
29 1 3 0 1 2 116 149 0 2118 5 
29 1 3 0 1 2 349 416 1 5984 3 
29 1 3 0 1 2 249 283 0 1939 5 
29 1 3 0 1 2 482 116 0 1508 5 
29 1 3 0 1 2 116 83 0 1786 4 
29 1 3 0 1 2 383 549 0 4790 4 
29 1 3 0 1 2 249 116 0 1899 5 
29 1 3 0 1 2 83 316 0 2210 4 
29 1 3 0 1 2 83 549 0 1788 5 
29 1 3 0 1 2 516 50 0 4785 3 
29 1 3 0 1 2 283 50 0 4132 5 
29 1 3 0 1 2 316 249 0 2004 4 
29 1 3 0 1 2 50 449 1 1945 5 
29 1 3 0 1 2 283 183 0 1845 4 
29 1 3 0 1 2 482 183 0 1418 5 
29 1 3 0 1 2 449 349 0 1838 5 
29 1 3 0 1 2 83 516 1 1787 4 
29 1 3 0 1 1 27 311 1 6749 
29 1 3 0 1 1 599 329 1 779 
29 1 3 0 1 1 169 265 0 2056 
29 1 3 0 1 1 114 287 0 1210 
29 1 3 0 1 1 493 309 1 3466 
29 1 3 0 1 1 599 312 1 1520 
29 1 3 0 1 1 0 350 1 3329 
29 1 3 0 1 1 478 197 0 1762 
29 1 3 0 1 1 249 261 0 730 
29 1 3 0 1 1 531 298 0 913 
29 1 3 0 1 1 591 336 1 1560 
29 1 3 0 1 1 145 256 0 1914 
29 1 3 0 1 1 314 364 1 2811 
29 1 3 0 1 1 58 328 1 1242 
29 1 3 0 1 1 178 289 0 2275 
29 1 3 0 1 1 348 352 1 994 
29 1 3 0 1 2 183 149 0 2790 2 
29 1 3 0 1 2 416 283 1 2667 2 
29 1 3 0 1 2 316 83 0 2826 1 
29 1 3 0 1 2 516 316 0 2284 1 
29 1 3 0 1 2 149 449 1 2441 3 
29 1 3 0 1 2 216 249 1 2655 3 
29 1 3 0 1 2 516 83 0 1202 2 
29 1 3 0 1 2 149 416 1 1407 3 
29 1 3 0 1 2 383 482 1 5205 2 
29 1 3 0 1 2 416 549 0 4086 1 
29 1 3 0 1 2 216 216 1 2886 1 
29 1 3 0 1 2 449 482 0 2296 2 
29 1 3 0 1 2 383 249 1 1437 1 
29 1 3 0 1 2 516 416 1 1425 3 
29 1 3 0 1 2 83 249 1 1491 2 
29 1 3 0 1 2 116 183 0 1126 3 
29 1 3 0 1 2 516 516 0 3787 2 
29 1 3 0 1 2 416 383 1 1392 3 
29 1 3 0 1 2 449 283 1 1287 3 
29 1 3 0 1 2 216 516 0 1165 2 
29 1 3 0 1 2 549 249 1 1586 3 
29 1 3 0 1 2 83 216 1 4738 1 
29 1 3 0 1 2 216 116 0 1548 2 
29 1 3 0 1 2 283 283 1 2103 2 
29 1 3 0 1 2 116 349 1 1509 2 
29 1 3 0 1 2 83 383 1 1487 2 
29 1 3 0 1 2 549 549 0 2460 2 
29 1 3 0 1 2 283 316 1 1879 2 
29 1 3 0 1 2 349 50 0 1475 2 
29 1 3 0 1 2 283 516 1 2333 2 
29 1 3 0 1 2 449 249 1 1587 1 
29 1 3 0 1 2 249 383 1 1366 1 
29 1 3 0 1 1 308 306 1 2565 
29 1 3 0 1 1 39 291 0 2010 
29 1 3 0 1 1 558 292 0 1552 
29 1 3 0 1 1 491 334 1 953 
29 1 3 0 1 1 275 290 0 1009 
29 1 3 0 1 1 595 269 0 1369 
29 1 3 0 1 1 169 354 1 1299 
29 1 3 0 1 1 155 323 1 835 
29 1 3 0 1 1 149 287 0 914 
29 1 3 0 1 1 256 289 0 682 
29 1 3 0 1 1 246 347 1 796 
29 1 3 0 1 1 599 290 0 714 
29 1 3 0 1 1 0 314 1 1795 
29 1 3 0 1 1 417 279 0 1337 
29 1 3 0 1 1 108 297 0 715 
29 1 3 0 1 1 442 300 0 1419 
29 1 3 0 1 2 216 283 0 3108 4 
29 1 3 0 1 2 383 283 0 2528 4 
29 1 3 0 1 2 50 116 0 3172 3 
29 1 3 0 1 2 549 349 1 1637 4 
29 1 3 0 1 2 349 549 1 3067 4 
29 1 3 0 1 2 116 50 0 1701 5 
29 1 3 0 1 2 249 482 1 2461 5 
29 1 3 0 1 2 50 383 1 2117 4 
29 1 3 0 1 2 50 349 1 1500 4 
29 1 3 0 1 2 482 416 1 1624 4 
29 1 3 0 1 2 316 183 0 2321 5 
29 1 3 0 1 2 316 482 1 1642 5 
29 1 3 0 1 2 349 283 1 2755 4 
29 1 3 0 1 2 83 50 0 2723 5 
29 1 3 0 1 2 349 316 0 2704 4 
29 1 3 0 1 2 283 549 0 2918 3 
29 1 3 0 1 2 50 183 1 4220 3 
29 1 3 0 1 2 50 216 0 2027 4 
29 1 3 0 1 2 349 249 0 1922 4 
29 1 3 0 1 2 116 449 1 3268 4 
29 1 3 0 1 2 482 283 0 1680 4 
29 1 3 0 1 2 482 549 0 1970 3 
29 1 3 0 1 2 549 149 0 1779 4 
29 1 3 0 1 2 549 482 1 1564 5 
29 1 3 0 1 2 449 416 1 1759 5 
29 1 3 0 1 2 116 549 1 3274 4 
29 1 3 0 1 2 83 283 1 3226 3 
29 1 3 0 1 2 149 216 0 1502 5 
29 1 3 0 1 2 183 482 1 1361 5 
29 1 3 0 1 2 249 449 1 1965 5 
29 1 3 0 1 2 516 116 0 1591 5 
29 1 3 0 1 2 349 183 0 1796 4 
29 1 3 0 1 1 103 344 1 1763 
29 1 3 0 1 1 599 286 0 922 
29 1 3 0 1 1 447 330 1 792 
29 1 3 0 1 1 185 290 0 761 
29 1 3 0 1 1 576 306 1 1185 
29 1 3 0 1 1 81 274 0 1010 
29 1 3 0 1 1 286 322 1 1162 
29 1 3 0 1 1 396 323 1 793 
29 1 3 0 1 1 513 285 0 803 
29 1 3 0 1 1 183 297 0 882 
29 1 3 0 1 1 490 307 1 817 
29 1 3 0 1 1 534 313 1 1363 
29 1 3 0 1 1 515 288 0 1921 
29 1 3 0 1 1 372 330 1 640 
29 1 3 0 1 1 376 271 0 786 
29 1 3 0 1 1 87 296 0 762 
29 1 3 0 1 2 183 549 1 3288 4 
29 1 3 0 1 2 183 416 1 1769 4 
29 1 3 0 1 2 449 516 1 1946 4 
29 1 3 0 1 2 249 249 0 1376 4 
29 1 3 0 1 2 316 383 0 1339 4 
29 1 3 0 1 2 216 183 0 1162 5 
29 1 3 0 1 2 482 482 1 1423 5 
29 1 3 0 1 2 416 50 0 4351 5 
29 1 3 0 1 2 116 283 0 1542 4 
29 1 3 0 1 2 482 83 0 1345 4 
29 1 3 0 1 2 116 216 0 1642 3 
29 1 3 0 1 2 449 149 1 1539 5 
29 1 3 0 1 2 183 316 1 2157 4 
29 1 3 0 1 2 183 183 1 1421 5 
29 1 3 0 1 2 416 83 1 1427 4 
29 1 3 0 1 2 50 549 0 2422 3 
29 1 3 0 1 2 249 83 1 2332 3 
29 1 3 0 1 2 316 50 0 1318 3 
29 1 3 0 1 2 216 316 0 2900 3 
29 1 3 0 1 2 183 516 1 1571 5 
29 1 3 0 1 2 549 283 0 2011 4 
29 1 3 0 1 2 449 183 0 1655 5 
29 1 3 0 1 2 83 116 0 1537 5 
29 1 3 0 1 2 316 416 1 1969 4 
29 1 3 0 1 2 283 449 1 1688 5 
29 1 3 0 1 2 349 349 1 1327 5 
29 1 3 0 1 2 449 383 1 1121 5 
29 1 3 0 1 2 116 516 0 1476 4 
29 1 3 0 1 2 116 249 1 1179 5 
29 1 3 0 1 2 383 383 1 1359 5 
29 1 3 0 1 2 549 116 0 1611 4 
29 1 3 0 1 2 416 316 1 1693 5 
29 1 3 0 1 1 70 319 1 1933 
29 1 3 0 1 1 590 285 0 1026 
29 1 3 0 1 1 161 340 1 1112 
29 1 3 0 1 1 426 224 0 850 
29 1 3 0 1 1 493 292 0 617 
29 1 3 0 1 1 546 312 1 1024 
29 1 3 0 1 1 166 280 0 809 
29 1 3 0 1 1 340 311 1 858 
29 1 3 0 1 1 73 289 0 785 
29 1 3 0 1 1 60 278 0 463 
29 1 3 0 1 1 219 376 1 3354 
29 1 3 0 1 1 92 280 0 826 
29 1 3 0 1 1 30 308 1 1058 
29 1 3 0 1 1 492 271 0 1218 
29 1 3 0 1 1 598 384 1 884 
29 1 3 0 1 1 52 296 0 794 
29 1 3 0 1 2 149 316 0 2525 4 
29 1 3 0 1 2 383 183 0 1738 4 
29 1 3 0 1 2 416 183 0 1241 5 
29 1 3 0 1 2 316 349 1 4191 5 
29 1 3 0 1 2 183 116 0 1338 5 
29 1 3 0 1 2 149 50 0 1352 5 
29 1 3 0 1 2 216 482 1 1459 5 
29 1 3 0 1 2 216 50 1 2488 3 
29 1 3 0 1 2 516 549 1 4730 5 
29 1 3 0 1 2 516 183 0 1605 5 
29 1 3 0 1 2 316 216 0 1123 5 
29 1 3 0 1 2 50 482 1 1403 5 
29 1 3 0 1 2 249 149 0 1748 5 
29 1 3 0 1 2 516 482 1 1291 5 
29 1 3 0 1 2 416 216 0 2072 4 
29 1 3 0 1 2 149 516 1 1387 5 
29 1 3 0 1 2 183 50 0 2086 5 
29 1 3 0 1 2 316 316 0 1887 5 
29 1 3 0 1 2 449 549 1 2526 5 
29 1 3 0 1 2 249 516 1 1261 5 
29 1 3 0 1 2 283 249 0 1592 5 
29 1 3 0 1 2 416 516 1 1581 5 
29 1 3 0 1 2 482 516 1 1532 5 
29 1 3 0 1 2 383 216 0 1617 5 
29 1 3 0 1 2 482 249 0 1166 5 
29 1 3 0 1 2 50 316 0 2114 5 
29 1 3 0 1 2 249 349 1 1654 5 
29 1 3 0 1 2 50 249 0 1222 5 
29 1 3 0 1 2 216 416 1 1205 5 
29 1 3 0 1 2 283 116 0 1187 5 
29 1 3 0 1 2 349 116 0 1066 5 
29 1 3 0 1 2 416 449 1 1569 4 
29 1 3 0 1 1 287 267 0 7676 
29 1 3 0 1 1 122 463 1 817 
29 1 3 0 1 1 583 260 0 723 
29 1 3 0 1 1 511 295 0 697 
29 1 3 0 1 1 24 298 0 699 
29 1 3 0 1 1 579 334 1 721 
29 1 3 0 1 1 4 317 1 754 
29 1 3 0 1 1 325 286 0 698 
29 1 3 0 1 1 489 292 0 771 
29 1 3 0 1 1 60 295 0 634 
29 1 3 0 1 1 61 297 0 615 
29 1 3 0 1 1 420 295 0 480 
29 1 3 0 1 1 399 323 1 1017 
29 1 3 0 1 1 350 344 1 771 
29 1 3 0 1 1 86 295 0 760 
29 1 3 0 1 1 21 305 1 1058 
29 1 3 0 1 2 383 50 0 1673 5 
29 1 3 0 1 2 549 416 1 1754 5 
29 1 3 0 1 2 116 383 0 1511 5 
29 1 3 0 1 2 383 516 1 1358 5 
29 1 3 0 1 2 383 416 1 1711 5 
29 1 3 0 1 2 50 516 1 1905 5 
29 1 3 0 1 2 283 416 0 1853 5 
29 1 3 0 1 2 50 416 0 1108 5 
29 1 3 0 1 2 549 83 0 1147 5 
29 1 3 0 1 2 149 149 0 1494 5 
29 1 3 0 1 2 482 349 0 1372 5 
29 1 3 0 1 2 149 283 0 1259 5 
29 1 3 0 1 2 516 149 0 1115 5 
29 1 3 0 1 2 83 183 0 1001 5 
29 1 3 0 1 2 449 50 0 1090 5 
29 1 3 0 1 2 283 149 0 1131 5 
29 1 3 0 1 2 316 449 1 1032 5 
29 1 3 0 1 2 183 83 1 2251 4 
29 1 3 0 1 2 149 482 1 1948 5 
29 1 3 0 1 2 349 482 1 1445 5 
29 1 3 0 1 2 349 216 0 1471 5 
29 1 3 0 1 2 216 83 0 1383 5 
29 1 3 0 1 2 283 83 0 1094 5 
29 1 3 0 1 2 449 216 0 2939 5 
29 1 3 0 1 2 449 316 1 2996 5 
29 1 3 0 1 2 383 149 0 1279 5 
29 1 3 0 1 2 183 449 1 1483 5 
29 1 3 0 1 2 50 50 0 1649 5 
29 1 3 0 1 2 283 482 1 1452 5 
29 1 3 0 1 2 383 449 1 1110 5 
29 1 3 0 1 2 249 549 1 9130 5 
29 1 3 0 1 2 549 183 0 1653 5 
29 1 3 0 1 1 191 285 0 2981 
29 1 3 0 1 1 249 302 1 970 
29 1 3 0 1 1 17 277 0 1121 
29 1 3 0 1 1 17 315 1 625 
29 1 3 0 1 1 401 276 0 722 
29 1 3 0 1 1 66 320 1 427 
29 1 3 0 1 1 327 267 0 523 
29 1 3 0 1 1 318 303 1 691 
29 1 3 0 1 1 442 274 0 682 
29 1 3 0 1 1 560 256 0 759 
29 1 3 0 1 1 268 293 0 690 
29 1 3 0 1 1 586 276 0 672 
29 1 3 0 1 1 423 302 1 835 
29 1 3 0 1 1 220 263 0 922 
29 1 3 0 1 1 314 321 1 936 
29 1 3 0 1 1 80 238 0 722 
29 1 3 0 1 2 149 249 0 1265 5 
29 1 3 0 1 2 83 349 1 849 5 
29 1 3 0 1 2 149 116 0 974 5 
29 1 3 0 1 2 116 316 1 1297 5 
29 1 3 0 1 2 183 383 0 846 5 
29 1 3 0 1 2 549 316 0 879 5 
29 1 3 0 1 2 283 216 0 823 5 
29 1 3 0 1 2 149 83 0 2088 5 
29 1 3 0 1 2 349 383 1 1678 4 
29 1 3 0 1 2 83 449 1 1494 5 
29 1 3 0 1 2 383 83 0 1194 5 
29 1 3 0 1 2 349 516 1 1899 5 
29 1 3 0 1 2 482 149 0 4724 5 
29 1 3 0 1 2 482 50 0 1480 5 
29 1 3 0 1 2 283 383 1 1166 5 
29 1 3 0 1 2 83 83 0 1449 5 
29 1 3 0 1 2 416 482 1 947 5 
29 1 3 0 1 2 50 149 0 1430 5 
29 1 3 0 1 2 416 249 1 1292 5 
29 1 3 0 1 2 549 383 1 716 5 
29 1 3 0 1 2 449 116 0 932 5 
29 1 3 0 1 2 449 449 1 727 5 
29 1 3 0 1 2 183 349 1 943 5 
29 1 3 0 1 2 83 149 0 979 5 
29 1 3 0 1 2 216 349 1 742 5 
29 1 3 0 1 2 316 283 1 1033 5 
29 1 3 0 1 2 449 83 0 754 5 
29 1 3 0 1 2 416 349 1 775 5 
29 1 3 0 1 2 349 83 0 767 5 
29 1 3 0 1 2 216 449 1 639 5 
29 1 3 0 1 2 249 183 0 840 5 
29 1 3 0 1 2 516 383 1 697 5 
