Subject 33 in condition 1
Training Condition: 3
Task: 0
Rule: [[[300, 220], [[9000, 0], [0, 2000]]], [[300, 380], [[9000, 0], [0, 2000]]]]
Noise: 0
CATA=1
CATB=0
Sample keys: 122 120
Resp keys: 307 309
Dim direction: 1 0
Dim minimum: 52 49
Test order: [2, 1, 7, 3, 0, 6, 5, 4]
33 1 3 0 1 1 572 25 0 11612 
33 1 3 0 1 1 599 353 1 4032 
33 1 3 0 1 1 38 15 0 4378 
33 1 3 0 1 1 63 415 1 2938 
33 1 3 0 1 1 0 599 1 7865 
33 1 3 0 1 1 119 260 0 15065 
33 1 3 0 1 1 147 238 0 6777 
33 1 3 0 1 1 599 213 0 9616 
33 1 3 0 1 1 69 122 0 5457 
33 1 3 0 1 1 302 449 1 5945 
33 1 3 0 1 1 153 99 0 5082 
33 1 3 0 1 1 5 369 1 3681 
33 1 3 0 1 1 384 92 0 3722 
33 1 3 0 1 1 413 599 1 6921 
33 1 3 0 1 1 80 87 0 4081 
33 1 3 0 1 1 249 599 1 10354 
33 1 3 0 1 2 50 149 0 7805 2 
33 1 3 0 1 2 516 383 1 4085 3 
33 1 3 0 1 2 249 183 1 5107 3 
33 1 3 0 1 2 416 349 1 5617 2 
33 1 3 0 1 2 449 116 0 4176 2 
33 1 3 0 1 2 349 383 1 9110 1 
33 1 3 0 1 2 149 83 0 6049 2 
33 1 3 0 1 2 83 83 0 1960 2 
33 1 3 0 1 2 116 316 1 12389 2 
33 1 3 0 1 2 482 50 0 5928 2 
33 1 3 0 1 2 183 349 1 5187 1 
33 1 3 0 1 2 216 349 1 2313 2 
33 1 3 0 1 2 216 449 0 3635 1 
33 1 3 0 1 2 482 149 0 5464 1 
33 1 3 0 1 2 149 116 0 3323 2 
33 1 3 0 1 2 183 383 1 3981 2 
33 1 3 0 1 2 449 449 1 4499 1 
33 1 3 0 1 2 83 449 1 1597 1 
33 1 3 0 1 2 83 149 1 5496 1 
33 1 3 0 1 2 349 516 0 9472 2 
33 1 3 0 1 2 83 349 1 2254 2 
33 1 3 0 1 2 383 83 1 2553 2 
33 1 3 0 1 2 549 316 1 1559 2 
33 1 3 0 1 2 283 216 1 1170 1 
33 1 3 0 1 2 149 249 1 2225 3 
33 1 3 0 1 2 416 482 0 4265 2 
33 1 3 0 1 2 416 249 1 3728 3 
33 1 3 0 1 2 316 283 1 6727 3 
33 1 3 0 1 2 549 383 1 7124 3 
33 1 3 0 1 2 349 83 0 3978 2 
33 1 3 0 1 2 449 83 0 1711 2 
33 1 3 0 1 2 283 383 1 1009 3 
33 1 3 0 1 1 258 394 1 8014 
33 1 3 0 1 1 312 295 0 17448 
33 1 3 0 1 1 599 174 0 4615 
33 1 3 0 1 1 0 591 1 11953 
33 1 3 0 1 1 261 58 0 11809 
33 1 3 0 1 1 231 297 0 16873 
33 1 3 0 1 1 396 532 1 4665 
33 1 3 0 1 1 291 374 1 3402 
33 1 3 0 1 1 537 380 1 2538 
33 1 3 0 1 1 518 413 1 2105 
33 1 3 0 1 1 591 229 0 4289 
33 1 3 0 1 1 557 474 1 4616 
33 1 3 0 1 1 580 178 0 2929 
33 1 3 0 1 1 423 512 1 4017 
33 1 3 0 1 1 437 104 0 3921 
33 1 3 0 1 1 379 599 1 2346 
33 1 3 0 1 2 516 482 1 8652 4 
33 1 3 0 1 2 283 249 0 1806 3 
33 1 3 0 1 2 183 116 0 1797 3 
33 1 3 0 1 2 316 316 1 7044 2 
33 1 3 0 1 2 383 183 0 1728 3 
33 1 3 0 1 2 149 516 1 3328 4 
33 1 3 0 1 2 216 482 1 5278 3 
33 1 3 0 1 2 50 249 0 4799 2 
33 1 3 0 1 2 416 516 1 1863 3 
33 1 3 0 1 2 283 116 0 2037 3 
33 1 3 0 1 2 50 482 1 1568 4 
33 1 3 0 1 2 482 249 0 1338 3 
33 1 3 0 1 2 349 116 0 1270 4 
33 1 3 0 1 2 249 149 0 2578 3 
33 1 3 0 1 2 416 183 0 1571 3 
33 1 3 0 1 2 149 316 1 4227 2 
33 1 3 0 1 2 249 349 1 4498 3 
33 1 3 0 1 2 516 183 0 2041 3 
33 1 3 0 1 2 416 449 1 3490 3 
33 1 3 0 1 2 383 216 0 1869 4 
33 1 3 0 1 2 50 316 1 11287 2 
33 1 3 0 1 2 516 549 1 3354 3 
33 1 3 0 1 2 249 516 1 1387 4 
33 1 3 0 1 2 183 50 0 2687 3 
33 1 3 0 1 2 416 216 0 1688 3 
33 1 3 0 1 2 316 349 1 2580 3 
33 1 3 0 1 2 216 416 1 3877 3 
33 1 3 0 1 2 216 50 0 6983 3 
33 1 3 0 1 2 149 50 0 1686 4 
33 1 3 0 1 2 482 516 1 1495 4 
33 1 3 0 1 2 449 549 1 1023 4 
33 1 3 0 1 2 316 216 0 1190 3 
33 1 3 0 1 1 261 555 1 7070 
33 1 3 0 1 1 30 273 0 12993 
33 1 3 0 1 1 599 580 1 3921 
33 1 3 0 1 1 104 497 1 1722 
33 1 3 0 1 1 426 505 1 1394 
33 1 3 0 1 1 46 132 0 1232 
33 1 3 0 1 1 468 198 0 1233 
33 1 3 0 1 1 357 599 1 1177 
33 1 3 0 1 1 554 170 0 1354 
33 1 3 0 1 1 245 548 1 1378 
33 1 3 0 1 1 150 319 1 8865 
33 1 3 0 1 1 230 15 0 6291 
33 1 3 0 1 1 567 497 1 1314 
33 1 3 0 1 1 344 308 1 2168 
33 1 3 0 1 1 572 170 0 1272 
33 1 3 0 1 1 93 235 0 3863 
33 1 3 0 1 2 50 83 0 5623 4 
33 1 3 0 1 2 549 50 0 2451 4 
33 1 3 0 1 2 50 283 0 7180 3 
33 1 3 0 1 2 283 349 1 2146 3 
33 1 3 0 1 2 349 149 0 2173 5 
33 1 3 0 1 2 316 116 0 1737 5 
33 1 3 0 1 2 383 116 0 2146 5 
33 1 3 0 1 2 383 316 1 17396 4 
33 1 3 0 1 2 249 216 0 2023 4 
33 1 3 0 1 2 149 549 1 1435 5 
33 1 3 0 1 2 316 149 0 2360 5 
33 1 3 0 1 2 549 449 1 1737 5 
33 1 3 0 1 2 482 216 0 2962 5 
33 1 3 0 1 2 116 416 1 2407 5 
33 1 3 0 1 2 149 183 0 1187 5 
33 1 3 0 1 2 516 449 1 1426 5 
33 1 3 0 1 2 349 449 1 920 5 
33 1 3 0 1 2 249 316 1 14202 3 
33 1 3 0 1 2 149 349 1 2734 3 
33 1 3 0 1 2 116 116 0 2353 4 
33 1 3 0 1 2 383 349 1 2986 3 
33 1 3 0 1 2 482 383 1 917 3 
33 1 3 0 1 2 116 482 1 1819 5 
33 1 3 0 1 2 516 249 0 3612 4 
33 1 3 0 1 2 249 50 0 1109 4 
33 1 3 0 1 2 216 149 0 3962 4 
33 1 3 0 1 2 516 349 1 2138 3 
33 1 3 0 1 2 149 383 1 1384 3 
33 1 3 0 1 2 516 216 0 1529 4 
33 1 3 0 1 2 183 249 0 986 4 
33 1 3 0 1 2 549 516 1 1597 4 
33 1 3 0 1 2 249 416 1 1180 5 
33 1 3 0 1 1 72 370 1 22621 
33 1 3 0 1 1 265 327 1 6473 
33 1 3 0 1 1 524 286 0 3105 
33 1 3 0 1 1 235 273 0 1217 
33 1 3 0 1 1 105 317 1 6930 
33 1 3 0 1 1 548 331 1 2114 
33 1 3 0 1 1 1 222 0 1105 
33 1 3 0 1 1 227 293 0 3305 
33 1 3 0 1 1 118 402 1 1344 
33 1 3 0 1 1 137 599 1 1593 
33 1 3 0 1 1 308 228 0 970 
33 1 3 0 1 1 87 558 1 1210 
33 1 3 0 1 1 35 79 0 1746 
33 1 3 0 1 1 357 594 1 1498 
33 1 3 0 1 1 125 159 0 889 
33 1 3 0 1 1 588 200 0 938 
33 1 3 0 1 2 116 383 1 2680 5 
33 1 3 0 1 2 383 449 1 871 5 
33 1 3 0 1 2 482 349 1 1709 5 
33 1 3 0 1 2 183 449 1 2102 5 
33 1 3 0 1 2 149 283 0 2395 4 
33 1 3 0 1 2 283 149 0 1091 5 
33 1 3 0 1 2 549 83 0 2494 5 
33 1 3 0 1 2 83 183 0 1274 5 
33 1 3 0 1 2 383 516 1 1169 5 
33 1 3 0 1 2 516 149 0 1180 5 
33 1 3 0 1 2 50 516 1 1077 5 
33 1 3 0 1 2 50 416 1 2143 5 
33 1 3 0 1 2 249 549 1 1063 5 
33 1 3 0 1 2 349 482 1 1224 5 
33 1 3 0 1 2 549 416 1 1007 5 
33 1 3 0 1 2 383 50 0 1049 5 
33 1 3 0 1 2 449 216 1 6492 1 
33 1 3 0 1 2 316 449 1 5155 5 
33 1 3 0 1 2 283 416 1 1575 5 
33 1 3 0 1 2 549 183 0 1097 5 
33 1 3 0 1 2 50 50 0 1594 5 
33 1 3 0 1 2 216 83 0 892 5 
33 1 3 0 1 2 449 316 0 5763 4 
33 1 3 0 1 2 383 416 1 3793 5 
33 1 3 0 1 2 449 50 0 2754 5 
33 1 3 0 1 2 349 216 0 1036 5 
33 1 3 0 1 2 383 149 0 835 5 
33 1 3 0 1 2 149 149 0 908 5 
33 1 3 0 1 2 149 482 1 1038 5 
33 1 3 0 1 2 283 83 0 906 5 
33 1 3 0 1 2 283 482 1 1268 5 
33 1 3 0 1 2 183 83 0 1117 5 
33 1 3 0 1 1 546 87 0 7852 
33 1 3 0 1 1 291 192 0 721 
33 1 3 0 1 1 261 375 1 1249 
33 1 3 0 1 1 482 338 1 953 
33 1 3 0 1 1 156 346 1 920 
33 1 3 0 1 1 293 345 1 1817 
33 1 3 0 1 1 438 354 1 738 
33 1 3 0 1 1 388 170 0 650 
33 1 3 0 1 1 432 213 0 776 
33 1 3 0 1 1 218 441 1 968 
33 1 3 0 1 1 425 334 1 825 
33 1 3 0 1 1 151 599 1 1408 
33 1 3 0 1 1 46 496 1 680 
33 1 3 0 1 1 323 182 0 809 
33 1 3 0 1 1 64 222 0 1192 
33 1 3 0 1 1 352 33 0 1416 
33 1 3 0 1 2 50 449 1 2140 5 
33 1 3 0 1 2 416 149 0 1185 5 
33 1 3 0 1 2 83 549 1 1160 5 
33 1 3 0 1 2 349 416 1 2550 5 
33 1 3 0 1 2 482 183 0 976 5 
33 1 3 0 1 2 516 283 0 1960 5 
33 1 3 0 1 2 283 50 0 1657 5 
33 1 3 0 1 2 249 116 0 1043 5 
33 1 3 0 1 2 416 116 0 933 5 
33 1 3 0 1 2 83 416 1 2247 5 
33 1 3 0 1 2 283 183 0 1144 5 
33 1 3 0 1 2 482 116 0 2128 5 
33 1 3 0 1 2 83 316 1 6440 4 
33 1 3 0 1 2 183 216 0 4131 5 
33 1 3 0 1 2 116 83 0 1097 5 
33 1 3 0 1 2 216 549 1 1246 5 
33 1 3 0 1 2 316 249 0 2262 5 
33 1 3 0 1 2 183 283 0 1548 5 
33 1 3 0 1 2 316 516 1 1006 5 
33 1 3 0 1 2 383 549 1 1490 5 
33 1 3 0 1 2 516 50 0 1506 5 
33 1 3 0 1 2 83 516 1 4215 5 
33 1 3 0 1 2 216 383 1 1365 5 
33 1 3 0 1 2 116 149 0 824 5 
33 1 3 0 1 2 416 416 1 4074 5 
33 1 3 0 1 2 549 216 0 935 5 
33 1 3 0 1 2 249 283 0 1443 5 
33 1 3 0 1 2 482 316 1 1778 5 
33 1 3 0 1 2 482 449 1 1213 5 
33 1 3 0 1 2 449 349 1 990 5 
33 1 3 0 1 2 316 549 1 957 5 
33 1 3 0 1 2 83 482 1 855 5 
33 1 3 0 1 1 349 0 0 8198 
33 1 3 0 1 1 439 375 1 2713 
33 1 3 0 1 1 522 246 0 953 
33 1 3 0 1 1 58 279 0 2097 
33 1 3 0 1 1 46 61 0 1313 
33 1 3 0 1 1 470 263 0 785 
33 1 3 0 1 1 315 317 1 1776 
33 1 3 0 1 1 335 252 0 1113 
33 1 3 0 1 1 276 37 0 1011 
33 1 3 0 1 1 24 599 1 1143 
33 1 3 0 1 1 385 388 1 1130 
33 1 3 0 1 1 464 445 1 1090 
33 1 3 0 1 1 576 48 0 1002 
33 1 3 0 1 1 448 599 1 1273 
33 1 3 0 1 1 546 0 0 4179 
33 1 3 0 1 1 26 475 1 1825 
33 1 3 0 1 2 349 283 0 2120 5 
33 1 3 0 1 2 249 449 1 1005 5 
33 1 3 0 1 2 349 249 0 1183 5 
33 1 3 0 1 2 183 482 1 809 5 
33 1 3 0 1 2 50 383 1 3111 5 
33 1 3 0 1 2 50 116 0 869 5 
33 1 3 0 1 2 449 416 1 1066 5 
33 1 3 0 1 2 249 482 1 828 5 
33 1 3 0 1 2 349 183 0 1405 5 
33 1 3 0 1 2 482 283 0 1371 5 
33 1 3 0 1 2 516 116 0 878 5 
33 1 3 0 1 2 116 50 0 900 5 
33 1 3 0 1 2 383 283 1 4181 1 
33 1 3 0 1 2 149 216 0 3631 5 
33 1 3 0 1 2 349 549 1 1369 5 
33 1 3 0 1 2 116 449 1 1455 5 
33 1 3 0 1 2 83 50 0 1362 5 
33 1 3 0 1 2 83 283 0 1422 5 
33 1 3 0 1 2 50 183 0 1164 5 
33 1 3 0 1 2 549 149 0 929 5 
33 1 3 0 1 2 316 482 1 1146 5 
33 1 3 0 1 2 50 349 1 2860 5 
33 1 3 0 1 2 549 482 1 864 5 
33 1 3 0 1 2 50 216 0 1139 5 
33 1 3 0 1 2 549 349 1 1964 5 
33 1 3 0 1 2 482 549 1 978 5 
33 1 3 0 1 2 349 316 0 9465 4 
33 1 3 0 1 2 216 283 0 2032 5 
33 1 3 0 1 2 283 549 1 1387 5 
33 1 3 0 1 2 116 549 1 762 5 
33 1 3 0 1 2 316 183 1 2583 1 
33 1 3 0 1 2 482 416 1 2973 5 
33 1 3 0 1 1 205 574 1 2062 
33 1 3 0 1 1 519 206 0 1098 
33 1 3 0 1 1 555 239 0 770 
33 1 3 0 1 1 163 92 0 729 
33 1 3 0 1 1 185 338 1 1329 
33 1 3 0 1 1 582 204 0 976 
33 1 3 0 1 1 18 518 1 1041 
33 1 3 0 1 1 131 0 0 1761 
33 1 3 0 1 1 33 0 0 729 
33 1 3 0 1 1 82 543 1 746 
33 1 3 0 1 1 243 181 0 1314 
33 1 3 0 1 1 22 523 1 1120 
33 1 3 0 1 1 71 74 0 961 
33 1 3 0 1 1 274 599 1 1474 
33 1 3 0 1 1 597 145 0 801 
33 1 3 0 1 1 231 590 1 1360 
33 1 3 0 1 2 283 449 1 2030 5 
33 1 3 0 1 2 383 383 1 1488 5 
33 1 3 0 1 2 316 50 0 1135 5 
33 1 3 0 1 2 83 116 0 1038 5 
33 1 3 0 1 2 116 249 0 1167 5 
33 1 3 0 1 2 116 516 1 1009 5 
33 1 3 0 1 2 549 283 0 1367 5 
33 1 3 0 1 2 216 183 0 1032 5 
33 1 3 0 1 2 316 383 1 1227 5 
33 1 3 0 1 2 316 416 1 968 5 
33 1 3 0 1 2 183 516 1 1108 5 
33 1 3 0 1 2 449 383 1 1387 5 
33 1 3 0 1 2 449 149 0 962 5 
33 1 3 0 1 2 116 216 0 1119 5 
33 1 3 0 1 2 183 316 0 9655 4 
33 1 3 0 1 2 549 116 0 1209 5 
33 1 3 0 1 2 416 50 0 1339 5 
33 1 3 0 1 2 482 482 1 1277 5 
33 1 3 0 1 2 249 83 0 1146 5 
33 1 3 0 1 2 416 316 0 1819 5 
33 1 3 0 1 2 416 83 0 949 5 
33 1 3 0 1 2 249 249 0 891 5 
33 1 3 0 1 2 449 516 1 1064 5 
33 1 3 0 1 2 183 183 0 1386 5 
33 1 3 0 1 2 482 83 0 818 5 
33 1 3 0 1 2 183 549 1 2373 5 
33 1 3 0 1 2 449 183 0 2234 5 
33 1 3 0 1 2 183 416 1 1564 5 
33 1 3 0 1 2 116 283 0 1416 5 
33 1 3 0 1 2 216 316 0 3073 5 
33 1 3 0 1 2 349 349 1 1280 5 
33 1 3 0 1 2 50 549 1 977 5 
33 1 3 0 1 1 595 214 0 5101 
33 1 3 0 1 1 598 129 0 689 
33 1 3 0 1 1 236 346 1 1866 
33 1 3 0 1 1 525 407 1 753 
33 1 3 0 1 1 238 394 1 817 
33 1 3 0 1 1 581 9 0 1176 
33 1 3 0 1 1 379 232 0 1010 
33 1 3 0 1 1 275 316 1 2073 
33 1 3 0 1 1 406 256 0 1345 
33 1 3 0 1 1 12 347 1 825 
33 1 3 0 1 1 152 0 0 1016 
33 1 3 0 1 1 368 204 0 826 
33 1 3 0 1 1 249 183 0 904 
33 1 3 0 1 1 434 599 1 720 
33 1 3 0 1 1 460 183 0 682 
33 1 3 0 1 1 450 483 1 769 
33 1 3 0 1 2 449 482 1 1389 5 
33 1 3 0 1 2 83 249 0 1076 5 
33 1 3 0 1 2 316 83 0 1263 5 
33 1 3 0 1 2 349 50 0 975 5 
33 1 3 0 1 2 216 116 0 832 5 
33 1 3 0 1 2 449 283 0 2732 5 
33 1 3 0 1 2 383 249 0 1055 5 
33 1 3 0 1 2 516 316 1 1322 5 
33 1 3 0 1 2 216 216 0 998 5 
33 1 3 0 1 2 83 383 1 1059 5 
33 1 3 0 1 2 83 216 0 1036 5 
33 1 3 0 1 2 183 149 0 928 5 
33 1 3 0 1 2 116 349 1 1223 5 
33 1 3 0 1 2 516 416 1 925 5 
33 1 3 0 1 2 549 549 1 970 5 
33 1 3 0 1 2 416 283 0 4808 5 
33 1 3 0 1 2 149 416 1 896 5 
33 1 3 0 1 2 149 449 1 807 5 
33 1 3 0 1 2 416 383 1 1012 5 
33 1 3 0 1 2 249 383 1 981 5 
33 1 3 0 1 2 449 249 0 1069 5 
33 1 3 0 1 2 416 549 1 1061 5 
33 1 3 0 1 2 516 83 0 1183 5 
33 1 3 0 1 2 283 283 0 1581 5 
33 1 3 0 1 2 549 249 0 844 5 
33 1 3 0 1 2 283 316 1 3401 5 
33 1 3 0 1 2 216 516 1 1081 5 
33 1 3 0 1 2 383 482 1 929 5 
33 1 3 0 1 2 216 249 0 1026 5 
33 1 3 0 1 2 516 516 1 896 5 
33 1 3 0 1 2 283 516 1 866 5 
33 1 3 0 1 2 116 183 0 2019 5 
