Subject 4 in condition 0
Training Condition: 3
Task: 0
Rule: [[[220, 300], [[2000, 0], [0, 9000]]], [[380, 300], [[2000, 0], [0, 9000]]]]
Noise: 0
CATA=0
CATB=1
Sample keys: 122 120
Resp keys: 307 309
Dim direction: 0 0
Dim minimum: 97 44
Test order: [5, 7, 3, 6, 2, 4, 0, 1]
4 0 3 0 0 1 449 599 1 15470 
4 0 3 0 0 1 599 304 1 10937 
4 0 3 0 0 1 47 141 0 16746 
4 0 3 0 0 1 0 599 0 3376 
4 0 3 0 0 1 599 0 1 4473 
4 0 3 0 0 1 11 1 0 2305 
4 0 3 0 0 1 0 599 0 1399 
4 0 3 0 0 1 599 453 1 4433 
4 0 3 0 0 1 599 0 1 2130 
4 0 3 0 0 1 599 263 1 4299 
4 0 3 0 0 1 0 397 0 1402 
4 0 3 0 0 1 599 0 1 1144 
4 0 3 0 0 1 599 0 1 851 
4 0 3 0 0 1 497 599 1 722 
4 0 3 0 0 1 178 383 0 26724 
4 0 3 0 0 1 293 141 0 2426 
4 0 3 0 0 2 116 283 0 5748 3 
4 0 3 0 0 2 482 482 1 4073 3 
4 0 3 0 0 2 416 50 1 2402 2 
4 0 3 0 0 2 249 83 1 9770 1 
4 0 3 0 0 2 316 50 1 2409 1 
4 0 3 0 0 2 416 316 1 4557 2 
4 0 3 0 0 2 116 216 0 1927 2 
4 0 3 0 0 2 449 149 1 2249 3 
4 0 3 0 0 2 549 283 1 1610 3 
4 0 3 0 0 2 183 316 0 3586 3 
4 0 3 0 0 2 283 449 0 3680 2 
4 0 3 0 0 2 216 183 0 4121 4 
4 0 3 0 0 2 216 316 0 9053 3 
4 0 3 0 0 2 183 549 0 3125 3 
4 0 3 0 0 2 316 383 0 4196 3 
4 0 3 0 0 2 116 516 0 1756 3 
4 0 3 0 0 2 482 83 1 39070 4 
4 0 3 0 0 2 316 416 0 6812 2 
4 0 3 0 0 2 416 83 1 2127 3 
4 0 3 0 0 2 449 516 1 2305 3 
4 0 3 0 0 2 50 549 0 2106 4 
4 0 3 0 0 2 183 516 0 1714 4 
4 0 3 0 0 2 183 183 0 2138 4 
4 0 3 0 0 2 449 383 0 2756 3 
4 0 3 0 0 2 549 116 1 2098 2 
4 0 3 0 0 2 449 183 1 2857 3 
4 0 3 0 0 2 183 416 1 2151 1 
4 0 3 0 0 2 249 249 0 4284 4 
4 0 3 0 0 2 83 116 0 1197 4 
4 0 3 0 0 2 383 383 1 2589 3 
4 0 3 0 0 2 116 249 1 4487 2 
4 0 3 0 0 2 349 349 0 6357 2 
4 0 3 0 0 1 599 599 1 2350 
4 0 3 0 0 1 599 161 1 1106 
4 0 3 0 0 1 245 364 0 2282 
4 0 3 0 0 1 0 599 0 961 
4 0 3 0 0 1 256 599 0 1203 
4 0 3 0 0 1 290 0 0 816 
4 0 3 0 0 1 334 503 1 3392 
4 0 3 0 0 1 169 599 0 1505 
4 0 3 0 0 1 325 394 1 2138 
4 0 3 0 0 1 0 599 0 1490 
4 0 3 0 0 1 287 239 0 1058 
4 0 3 0 0 1 266 599 0 1409 
4 0 3 0 0 1 354 547 1 8178 
4 0 3 0 0 1 34 155 0 40385 
4 0 3 0 0 1 599 599 1 1841 
4 0 3 0 0 1 277 307 0 1817 
4 0 3 0 0 2 149 383 0 2689 4 
4 0 3 0 0 2 116 416 0 1919 4 
4 0 3 0 0 2 249 50 0 3225 3 
4 0 3 0 0 2 249 316 0 1769 4 
4 0 3 0 0 2 516 216 1 2129 4 
4 0 3 0 0 2 516 349 1 2159 5 
4 0 3 0 0 2 349 149 1 2235 4 
4 0 3 0 0 2 283 349 0 3012 3 
4 0 3 0 0 2 549 449 1 3103 5 
4 0 3 0 0 2 50 283 0 1835 5 
4 0 3 0 0 2 116 116 0 969 5 
4 0 3 0 0 2 116 482 0 988 5 
4 0 3 0 0 2 316 116 1 3599 2 
4 0 3 0 0 2 516 449 1 2894 5 
4 0 3 0 0 2 249 216 0 4179 4 
4 0 3 0 0 2 183 249 0 2496 3 
4 0 3 0 0 2 50 83 0 2063 4 
4 0 3 0 0 2 482 383 0 17976 1 
4 0 3 0 0 2 383 316 0 9848 3 
4 0 3 0 0 2 549 50 1 2188 5 
4 0 3 0 0 2 383 116 1 2147 4 
4 0 3 0 0 2 316 149 0 3846 3 
4 0 3 0 0 2 482 216 1 2483 5 
4 0 3 0 0 2 349 449 1 40477 4 
4 0 3 0 0 2 149 349 0 2074 5 
4 0 3 0 0 2 516 249 1 2261 5 
4 0 3 0 0 2 549 516 1 3381 5 
4 0 3 0 0 2 383 349 1 3275 4 
4 0 3 0 0 2 249 416 0 3757 3 
4 0 3 0 0 2 216 149 0 1814 3 
4 0 3 0 0 2 149 549 0 1801 5 
4 0 3 0 0 2 149 183 0 2747 4 
4 0 3 0 0 1 341 453 1 6310 
4 0 3 0 0 1 269 254 0 5202 
4 0 3 0 0 1 248 203 0 1907 
4 0 3 0 0 1 335 599 1 12777 
4 0 3 0 0 1 121 22 0 1705 
4 0 3 0 0 1 343 538 1 3650 
4 0 3 0 0 1 330 586 1 7169 
4 0 3 0 0 1 314 305 1 2193 
4 0 3 0 0 1 243 543 0 1915 
4 0 3 0 0 1 307 589 1 2002 
4 0 3 0 0 1 294 156 0 2394 
4 0 3 0 0 1 310 250 1 1169 
4 0 3 0 0 1 318 231 1 1289 
4 0 3 0 0 1 292 599 0 1330 
4 0 3 0 0 1 208 215 0 4097 
4 0 3 0 0 1 270 515 0 663 
4 0 3 0 0 2 549 183 1 5376 5 
4 0 3 0 0 2 183 449 0 1833 5 
4 0 3 0 0 2 283 482 1 2779 4 
4 0 3 0 0 2 149 482 0 1733 5 
4 0 3 0 0 2 383 449 0 2151 3 
4 0 3 0 0 2 383 50 1 3332 4 
4 0 3 0 0 2 83 183 0 2119 2 
4 0 3 0 0 2 449 316 1 2486 4 
4 0 3 0 0 2 482 349 1 2173 3 
4 0 3 0 0 2 549 83 1 4396 5 
4 0 3 0 0 2 383 416 1 5120 4 
4 0 3 0 0 2 116 383 1 4650 1 
4 0 3 0 0 2 149 149 1 3421 4 
4 0 3 0 0 2 149 283 0 1808 4 
4 0 3 0 0 2 249 549 0 9682 4 
4 0 3 0 0 2 283 149 1 12862 4 
4 0 3 0 0 2 383 516 1 6105 3 
4 0 3 0 0 2 50 516 1 25941 4 
4 0 3 0 0 2 549 416 1 1689 4 
4 0 3 0 0 2 283 416 0 1996 3 
4 0 3 0 0 2 383 149 0 15663 4 
4 0 3 0 0 2 316 449 0 5089 4 
4 0 3 0 0 2 349 216 0 27070 4 
4 0 3 0 0 2 216 83 0 2271 3 
4 0 3 0 0 2 50 416 0 64670 4 
4 0 3 0 0 2 516 149 1 1630 5 
4 0 3 0 0 2 349 482 0 4402 4 
4 0 3 0 0 2 449 50 1 2876 4 
4 0 3 0 0 2 449 216 0 3051 4 
4 0 3 0 0 2 183 83 0 7003 4 
4 0 3 0 0 2 283 83 0 2841 4 
4 0 3 0 0 2 50 50 0 1535 4 
4 0 3 0 0 1 321 592 1 4571 
4 0 3 0 0 1 235 282 0 2811 
4 0 3 0 0 1 300 553 0 2761 
4 0 3 0 0 1 391 180 1 17058 
4 0 3 0 0 1 344 506 1 2498 
4 0 3 0 0 1 254 428 0 1139 
4 0 3 0 0 1 315 597 1 995 
4 0 3 0 0 1 316 344 1 1425 
4 0 3 0 0 1 483 487 1 2434 
4 0 3 0 0 1 292 256 0 1987 
4 0 3 0 0 1 236 416 0 2240 
4 0 3 0 0 1 418 473 1 1306 
4 0 3 0 0 1 289 551 0 2273 
4 0 3 0 0 1 209 0 0 34635 
4 0 3 0 0 1 401 185 1 1075 
4 0 3 0 0 1 308 197 1 1138 
4 0 3 0 0 2 349 283 0 5098 4 
4 0 3 0 0 2 482 549 0 2885 5 
4 0 3 0 0 2 116 50 0 2077 5 
4 0 3 0 0 2 549 349 1 3221 4 
4 0 3 0 0 2 116 449 0 2184 5 
4 0 3 0 0 2 316 183 1 2705 4 
4 0 3 0 0 2 316 482 0 9379 4 
4 0 3 0 0 2 50 116 0 2482 4 
4 0 3 0 0 2 50 183 0 20908 3 
4 0 3 0 0 2 482 416 0 8813 1 
4 0 3 0 0 2 83 50 0 6292 1 
4 0 3 0 0 2 482 283 1 9765 4 
4 0 3 0 0 2 449 416 1 2107 2 
4 0 3 0 0 2 383 283 0 1821 3 
4 0 3 0 0 2 50 216 0 2905 3 
4 0 3 0 0 2 50 383 0 658 3 
4 0 3 0 0 2 549 482 0 6990 3 
4 0 3 0 0 2 116 549 0 1218 3 
4 0 3 0 0 2 516 116 0 4588 3 
4 0 3 0 0 2 283 549 0 1274 3 
4 0 3 0 0 2 249 482 0 6725 3 
4 0 3 0 0 2 549 149 0 9426 3 
4 0 3 0 0 2 349 183 1 11942 3 
4 0 3 0 0 2 183 482 1 19502 3 
4 0 3 0 0 2 349 549 0 3924 4 
4 0 3 0 0 2 216 283 0 1658 3 
4 0 3 0 0 2 83 283 0 1254 3 
4 0 3 0 0 2 349 316 1 2720 3 
4 0 3 0 0 2 249 449 0 2045 4 
4 0 3 0 0 2 50 349 1 3266 3 
4 0 3 0 0 2 149 216 1 3860 1 
4 0 3 0 0 2 349 249 0 7163 4 
4 0 3 0 0 1 225 147 0 1190 
4 0 3 0 0 1 412 307 1 1075 
4 0 3 0 0 1 378 580 1 2353 
4 0 3 0 0 1 322 576 1 1282 
4 0 3 0 0 1 282 168 0 2753 
4 0 3 0 0 1 446 257 1 1946 
4 0 3 0 0 1 392 556 1 2259 
4 0 3 0 0 1 432 546 1 1618 
4 0 3 0 0 1 284 276 0 3235 
4 0 3 0 0 1 408 192 1 2130 
4 0 3 0 0 1 318 565 1 3913 
4 0 3 0 0 1 269 263 0 2002 
4 0 3 0 0 1 233 599 0 2210 
4 0 3 0 0 1 334 258 1 2555 
4 0 3 0 0 1 388 555 1 1968 
4 0 3 0 0 1 280 556 0 4881 
4 0 3 0 0 2 83 83 0 2828 4 
4 0 3 0 0 2 349 83 0 2894 3 
4 0 3 0 0 2 50 149 0 1722 4 
4 0 3 0 0 2 416 349 0 3796 4 
4 0 3 0 0 2 283 383 0 1895 4 
4 0 3 0 0 2 416 249 1 42999 3 
4 0 3 0 0 2 516 383 1 2978 3 
4 0 3 0 0 2 216 349 1 4360 3 
4 0 3 0 0 2 249 183 0 84638 4 
4 0 3 0 0 2 316 283 1 3824 3 
4 0 3 0 0 2 149 249 0 1446 4 
4 0 3 0 0 2 83 449 0 1722 4 
4 0 3 0 0 2 449 449 1 1961 4 
4 0 3 0 0 2 416 482 1 1760 4 
4 0 3 0 0 2 216 449 0 2271 4 
4 0 3 0 0 2 149 116 0 2483 3 
4 0 3 0 0 2 349 516 1 16609 3 
4 0 3 0 0 2 116 316 0 2490 4 
4 0 3 0 0 2 549 383 1 2291 4 
4 0 3 0 0 2 183 383 0 1981 4 
4 0 3 0 0 2 549 316 1 1824 4 
4 0 3 0 0 2 383 83 1 2945 3 
4 0 3 0 0 2 183 349 0 1420 4 
4 0 3 0 0 2 149 83 0 1356 4 
4 0 3 0 0 2 349 383 1 2649 3 
4 0 3 0 0 2 482 50 0 18301 1 
4 0 3 0 0 2 83 149 0 1470 1 
4 0 3 0 0 2 83 349 0 1825 5 
4 0 3 0 0 2 449 116 1 2088 4 
4 0 3 0 0 2 283 216 0 4997 4 
4 0 3 0 0 2 482 149 1 4560 4 
4 0 3 0 0 2 449 83 1 2371 4 
4 0 3 0 0 1 270 404 0 2179 
4 0 3 0 0 1 50 598 0 955 
4 0 3 0 0 1 317 190 1 1506 
4 0 3 0 0 1 279 356 0 1425 
4 0 3 0 0 1 513 599 1 1115 
4 0 3 0 0 1 361 515 1 834 
4 0 3 0 0 1 486 50 1 819 
4 0 3 0 0 1 286 386 0 1978 
4 0 3 0 0 1 293 168 0 1162 
4 0 3 0 0 1 355 581 1 2498 
4 0 3 0 0 1 324 376 1 4081 
4 0 3 0 0 1 266 172 0 1242 
4 0 3 0 0 1 291 420 0 4393 
4 0 3 0 0 1 391 560 1 2675 
4 0 3 0 0 1 455 61 1 1010 
4 0 3 0 0 1 382 361 1 33138 
4 0 3 0 0 2 116 183 0 2477 5 
4 0 3 0 0 2 183 149 0 1286 5 
4 0 3 0 0 2 516 416 1 1759 4 
4 0 3 0 0 2 383 249 1 4660 3 
4 0 3 0 0 2 216 216 0 5811 4 
4 0 3 0 0 2 416 549 1 4461 5 
4 0 3 0 0 2 83 383 0 2027 5 
4 0 3 0 0 2 283 316 1 2866 3 
4 0 3 0 0 2 83 249 0 3096 5 
4 0 3 0 0 2 149 416 0 1520 5 
4 0 3 0 0 2 216 116 0 1973 5 
4 0 3 0 0 2 516 83 1 2666 4 
4 0 3 0 0 2 116 349 0 1438 5 
4 0 3 0 0 2 549 549 1 1527 5 
4 0 3 0 0 2 416 383 1 1874 4 
4 0 3 0 0 2 283 283 0 51682 3 
4 0 3 0 0 2 316 83 0 6499 4 
4 0 3 0 0 2 283 516 0 3370 4 
4 0 3 0 0 2 216 249 1 2268 4 
4 0 3 0 0 2 449 249 1 3046 5 
4 0 3 0 0 2 516 516 1 1442 5 
4 0 3 0 0 2 249 383 0 1749 3 
4 0 3 0 0 2 383 482 0 1243 4 
4 0 3 0 0 2 449 283 0 1563 3 
4 0 3 0 0 2 216 516 0 1155 3 
4 0 3 0 0 2 416 283 0 1838 4 
4 0 3 0 0 2 449 482 1 2818 4 
4 0 3 0 0 2 349 50 0 2518 3 
4 0 3 0 0 2 516 316 1 1564 5 
4 0 3 0 0 2 149 449 0 1093 5 
4 0 3 0 0 2 83 216 0 866 5 
4 0 3 0 0 2 549 249 1 2153 5 
4 0 3 0 0 1 202 594 0 1539 
4 0 3 0 0 1 449 242 1 1842 
4 0 3 0 0 1 270 357 0 1466 
4 0 3 0 0 1 377 497 1 1729 
4 0 3 0 0 1 354 179 1 1034 
4 0 3 0 0 1 361 549 1 1187 
4 0 3 0 0 1 282 314 0 2370 
4 0 3 0 0 1 281 387 0 954 
4 0 3 0 0 1 378 599 1 2594 
4 0 3 0 0 1 243 398 0 1219 
4 0 3 0 0 1 250 277 0 994 
4 0 3 0 0 1 260 347 0 2905 
4 0 3 0 0 1 215 487 0 609 
4 0 3 0 0 1 344 552 1 2203 
4 0 3 0 0 1 363 493 1 962 
4 0 3 0 0 1 241 510 0 1522 
4 0 3 0 0 2 449 349 1 4729 5 
4 0 3 0 0 2 83 549 0 1438 5 
4 0 3 0 0 2 516 50 1 953 5 
4 0 3 0 0 2 249 283 0 2998 4 
4 0 3 0 0 2 516 283 1 2200 5 
4 0 3 0 0 2 383 549 1 2922 5 
4 0 3 0 0 2 316 549 0 4367 2 
4 0 3 0 0 2 316 516 0 1455 2 
4 0 3 0 0 2 482 183 1 2070 5 
4 0 3 0 0 2 249 116 1 2667 4 
4 0 3 0 0 2 482 316 0 31252 1 
4 0 3 0 0 2 216 383 0 4290 4 
4 0 3 0 0 2 549 216 1 1793 5 
4 0 3 0 0 2 283 50 1 4226 4 
4 0 3 0 0 2 183 216 0 2438 4 
4 0 3 0 0 2 416 149 1 1677 5 
4 0 3 0 0 2 83 416 0 946 5 
4 0 3 0 0 2 416 416 1 2299 4 
4 0 3 0 0 2 482 116 1 1016 5 
4 0 3 0 0 2 216 549 1 2607 4 
4 0 3 0 0 2 116 149 0 18512 5 
4 0 3 0 0 2 416 116 0 2216 5 
4 0 3 0 0 2 83 516 0 1330 5 
4 0 3 0 0 2 50 449 0 11510 5 
4 0 3 0 0 2 283 183 0 3327 5 
4 0 3 0 0 2 482 449 1 10690 5 
4 0 3 0 0 2 183 283 0 1313 5 
4 0 3 0 0 2 83 316 0 854 5 
4 0 3 0 0 2 316 249 1 1454 4 
4 0 3 0 0 2 116 83 0 1218 5 
4 0 3 0 0 2 349 416 0 2700 4 
4 0 3 0 0 2 83 482 0 19680 1 
4 0 3 0 0 1 255 112 0 5725 
4 0 3 0 0 1 395 344 1 1570 
4 0 3 0 0 1 413 328 1 1153 
4 0 3 0 0 1 315 266 1 1426 
4 0 3 0 0 1 219 458 0 770 
4 0 3 0 0 1 278 114 0 763 
4 0 3 0 0 1 328 559 1 1314 
4 0 3 0 0 1 354 280 1 889 
4 0 3 0 0 1 550 0 1 1298 
4 0 3 0 0 1 213 427 0 705 
4 0 3 0 0 1 471 500 1 777 
4 0 3 0 0 1 397 212 1 681 
4 0 3 0 0 1 252 580 0 619 
4 0 3 0 0 1 317 566 1 890 
4 0 3 0 0 1 349 285 1 978 
4 0 3 0 0 1 331 236 1 722 
4 0 3 0 0 2 216 50 0 3153 5 
4 0 3 0 0 2 316 349 1 2006 4 
4 0 3 0 0 2 383 183 0 5362 4 
4 0 3 0 0 2 249 349 1 2404 5 
4 0 3 0 0 2 50 316 0 2169 5 
4 0 3 0 0 2 416 216 1 2135 3 
4 0 3 0 0 2 416 516 1 2341 4 
4 0 3 0 0 2 482 516 1 23838 4 
4 0 3 0 0 2 516 482 1 3635 5 
4 0 3 0 0 2 416 183 1 2597 5 
4 0 3 0 0 2 50 482 0 1102 5 
4 0 3 0 0 2 283 116 1 1983 4 
4 0 3 0 0 2 316 216 1 67150 3 
4 0 3 0 0 2 249 149 0 2803 4 
4 0 3 0 0 2 349 116 1 1680 4 
4 0 3 0 0 2 249 516 0 2919 3 
4 0 3 0 0 2 482 249 1 1639 5 
4 0 3 0 0 2 149 516 0 1463 5 
4 0 3 0 0 2 449 549 1 1499 4 
4 0 3 0 0 2 149 316 0 1519 5 
4 0 3 0 0 2 283 249 1 3271 3 
4 0 3 0 0 2 216 482 0 2464 3 
4 0 3 0 0 2 416 449 0 32214 5 
4 0 3 0 0 2 316 316 0 6168 3 
4 0 3 0 0 2 183 50 0 1619 4 
4 0 3 0 0 2 383 216 1 1544 5 
4 0 3 0 0 2 216 416 0 1177 4 
4 0 3 0 0 2 516 549 1 1155 5 
4 0 3 0 0 2 516 183 1 815 5 
4 0 3 0 0 2 149 50 0 1141 4 
4 0 3 0 0 2 183 116 0 911 4 
4 0 3 0 0 2 50 249 0 1457 5 
