Subject 40 in condition 0
Training Condition: 3
Task: 0
Rule: [[[220, 300], [[2000, 0], [0, 9000]]], [[380, 300], [[2000, 0], [0, 9000]]]]
Noise: 0
CATA=1
CATB=0
Sample keys: 122 120
Resp keys: 307 309
Dim direction: 1 0
Dim minimum: 41 84
Test order: [3, 0, 7, 5, 4, 6, 2, 1]
40 0 3 0 0 1 599 599 1 1260 
40 0 3 0 0 1 599 0 1 1977 
40 0 3 0 0 1 0 599 0 1674 
40 0 3 0 0 1 3 0 0 1178 
40 0 3 0 0 1 207 595 0 1642 
40 0 3 0 0 1 212 0 0 1515 
40 0 3 0 0 1 579 599 1 1483 
40 0 3 0 0 1 475 0 1 1002 
40 0 3 0 0 1 0 85 0 1121 
40 0 3 0 0 1 370 599 1 1010 
40 0 3 0 0 1 170 599 0 2569 
40 0 3 0 0 1 599 339 1 1257 
40 0 3 0 0 1 193 599 0 1809 
40 0 3 0 0 1 167 0 0 1274 
40 0 3 0 0 1 471 562 1 1345 
40 0 3 0 0 1 139 464 0 914 
40 0 3 0 0 2 283 416 1 3275 3 
40 0 3 0 0 2 449 316 1 2509 4 
40 0 3 0 0 2 482 349 1 2428 4 
40 0 3 0 0 2 383 516 0 3451 3 
40 0 3 0 0 2 549 183 1 3891 2 
40 0 3 0 0 2 50 50 1 2828 5 
40 0 3 0 0 2 383 416 0 2833 4 
40 0 3 0 0 2 383 50 0 3859 3 
40 0 3 0 0 2 50 516 0 5269 3 
40 0 3 0 0 2 516 149 1 3636 3 
40 0 3 0 0 2 149 482 0 3831 4 
40 0 3 0 0 2 216 83 1 1837 3 
40 0 3 0 0 2 383 449 1 3632 3 
40 0 3 0 0 2 149 283 0 3274 3 
40 0 3 0 0 2 50 416 0 2314 4 
40 0 3 0 0 2 449 216 1 2517 4 
40 0 3 0 0 2 283 149 1 3998 4 
40 0 3 0 0 2 283 482 0 2040 4 
40 0 3 0 0 2 449 50 1 2337 5 
40 0 3 0 0 2 183 449 0 2449 4 
40 0 3 0 0 2 283 83 1 2217 4 
40 0 3 0 0 2 549 83 1 4487 5 
40 0 3 0 0 2 149 149 0 3612 2 
40 0 3 0 0 2 349 216 1 2932 5 
40 0 3 0 0 2 316 449 0 1235 5 
40 0 3 0 0 2 549 416 1 3845 5 
40 0 3 0 0 2 249 549 0 3196 4 
40 0 3 0 0 2 116 383 1 6361 2 
40 0 3 0 0 2 183 83 1 4143 3 
40 0 3 0 0 2 349 482 0 3612 3 
40 0 3 0 0 2 83 183 1 2337 4 
40 0 3 0 0 2 383 149 1 1938 5 
40 0 3 0 0 1 599 599 1 5387 
40 0 3 0 0 1 599 0 1 1497 
40 0 3 0 0 1 0 599 0 3066 
40 0 3 0 0 1 483 441 1 1770 
40 0 3 0 0 1 443 572 1 1106 
40 0 3 0 0 1 339 599 1 1042 
40 0 3 0 0 1 226 534 0 1777 
40 0 3 0 0 1 298 57 0 2794 
40 0 3 0 0 1 365 157 1 1475 
40 0 3 0 0 1 281 304 0 866 
40 0 3 0 0 1 39 434 0 914 
40 0 3 0 0 1 13 585 0 835 
40 0 3 0 0 1 0 599 0 818 
40 0 3 0 0 1 0 275 0 856 
40 0 3 0 0 1 599 459 1 1563 
40 0 3 0 0 1 599 406 1 681 
40 0 3 0 0 2 283 183 1 3456 4 
40 0 3 0 0 2 549 216 1 1408 5 
40 0 3 0 0 2 116 149 0 3790 4 
40 0 3 0 0 2 349 416 1 4342 4 
40 0 3 0 0 2 482 183 1 1512 5 
40 0 3 0 0 2 416 416 1 1413 5 
40 0 3 0 0 2 416 116 1 946 5 
40 0 3 0 0 2 249 116 0 1801 4 
40 0 3 0 0 2 83 416 0 1666 5 
40 0 3 0 0 2 482 316 1 2074 5 
40 0 3 0 0 2 83 549 0 2184 4 
40 0 3 0 0 2 216 549 0 2037 4 
40 0 3 0 0 2 416 149 1 1316 5 
40 0 3 0 0 2 116 83 0 2679 4 
40 0 3 0 0 2 83 482 0 2340 5 
40 0 3 0 0 2 83 316 0 1524 5 
40 0 3 0 0 2 183 283 0 3852 3 
40 0 3 0 0 2 316 549 1 1361 5 
40 0 3 0 0 2 383 549 1 1213 5 
40 0 3 0 0 2 249 283 1 4515 2 
40 0 3 0 0 2 316 516 1 1477 5 
40 0 3 0 0 2 516 50 1 2095 5 
40 0 3 0 0 2 482 449 1 793 5 
40 0 3 0 0 2 316 249 0 3804 3 
40 0 3 0 0 2 283 50 1 3968 5 
40 0 3 0 0 2 516 283 1 953 5 
40 0 3 0 0 2 449 349 1 885 5 
40 0 3 0 0 2 482 116 1 1002 5 
40 0 3 0 0 2 50 449 0 2529 5 
40 0 3 0 0 2 83 516 0 995 5 
40 0 3 0 0 2 183 216 0 1105 5 
40 0 3 0 0 2 216 383 0 1580 5 
40 0 3 0 0 1 599 594 1 1747 
40 0 3 0 0 1 0 599 0 1314 
40 0 3 0 0 1 599 599 1 994 
40 0 3 0 0 1 599 0 1 731 
40 0 3 0 0 1 599 412 1 865 
40 0 3 0 0 1 0 206 0 850 
40 0 3 0 0 1 271 281 0 1603 
40 0 3 0 0 1 592 424 1 753 
40 0 3 0 0 1 433 278 1 1154 
40 0 3 0 0 1 288 509 0 1170 
40 0 3 0 0 1 311 181 1 1320 
40 0 3 0 0 1 265 4 0 1224 
40 0 3 0 0 1 407 573 1 1010 
40 0 3 0 0 1 301 173 1 1345 
40 0 3 0 0 1 246 212 0 2986 
40 0 3 0 0 1 375 504 1 2211 
40 0 3 0 0 2 149 183 0 5531 4 
40 0 3 0 0 2 183 249 1 2853 4 
40 0 3 0 0 2 549 449 1 959 5 
40 0 3 0 0 2 149 349 0 4753 4 
40 0 3 0 0 2 516 249 1 858 5 
40 0 3 0 0 2 482 383 1 1072 5 
40 0 3 0 0 2 383 349 1 2350 5 
40 0 3 0 0 2 249 316 1 2621 3 
40 0 3 0 0 2 516 349 1 1020 5 
40 0 3 0 0 2 116 482 0 3342 4 
40 0 3 0 0 2 349 449 1 2611 4 
40 0 3 0 0 2 349 149 1 2267 5 
40 0 3 0 0 2 149 549 0 2046 4 
40 0 3 0 0 2 383 116 0 3847 1 
40 0 3 0 0 2 50 283 0 1998 5 
40 0 3 0 0 2 383 316 1 2309 5 
40 0 3 0 0 2 516 449 1 1119 5 
40 0 3 0 0 2 549 50 1 954 5 
40 0 3 0 0 2 316 116 1 3717 4 
40 0 3 0 0 2 549 516 1 1238 5 
40 0 3 0 0 2 482 216 1 842 5 
40 0 3 0 0 2 283 349 0 2832 3 
40 0 3 0 0 2 149 383 0 1681 5 
40 0 3 0 0 2 516 216 1 1489 5 
40 0 3 0 0 2 50 83 0 1191 5 
40 0 3 0 0 2 116 416 0 1369 5 
40 0 3 0 0 2 249 50 0 2430 5 
40 0 3 0 0 2 316 149 1 1950 5 
40 0 3 0 0 2 116 116 0 1176 5 
40 0 3 0 0 2 249 416 1 3376 5 
40 0 3 0 0 2 216 149 1 1923 5 
40 0 3 0 0 2 249 216 1 1330 5 
40 0 3 0 0 1 332 599 1 1973 
40 0 3 0 0 1 278 552 0 2624 
40 0 3 0 0 1 370 38 1 945 
40 0 3 0 0 1 355 451 1 1242 
40 0 3 0 0 1 334 68 1 1033 
40 0 3 0 0 1 267 271 0 954 
40 0 3 0 0 1 308 9 1 1250 
40 0 3 0 0 1 314 309 1 1946 
40 0 3 0 0 1 308 578 1 1040 
40 0 3 0 0 1 252 524 0 1096 
40 0 3 0 0 1 308 2 1 881 
40 0 3 0 0 1 278 359 0 1010 
40 0 3 0 0 1 305 112 1 951 
40 0 3 0 0 1 241 105 0 1282 
40 0 3 0 0 1 381 350 1 906 
40 0 3 0 0 1 276 597 0 906 
40 0 3 0 0 2 416 316 1 2503 4 
40 0 3 0 0 2 116 283 0 3214 5 
40 0 3 0 0 2 216 316 1 2855 3 
40 0 3 0 0 2 416 83 1 2025 4 
40 0 3 0 0 2 316 50 0 2057 4 
40 0 3 0 0 2 116 249 1 5142 4 
40 0 3 0 0 2 549 116 1 1458 4 
40 0 3 0 0 2 183 416 0 4754 4 
40 0 3 0 0 2 482 482 1 1192 4 
40 0 3 0 0 2 283 449 1 2620 4 
40 0 3 0 0 2 249 83 0 2979 3 
40 0 3 0 0 2 50 549 1 3757 3 
40 0 3 0 0 2 383 383 1 5492 4 
40 0 3 0 0 2 83 116 0 2444 4 
40 0 3 0 0 2 449 183 0 2210 4 
40 0 3 0 0 2 183 549 1 1911 5 
40 0 3 0 0 2 316 416 1 1532 5 
40 0 3 0 0 2 349 349 0 1919 3 
40 0 3 0 0 2 216 183 0 1855 2 
40 0 3 0 0 2 249 249 1 3102 4 
40 0 3 0 0 2 116 216 0 1763 4 
40 0 3 0 0 2 416 50 1 1513 4 
40 0 3 0 0 2 449 516 1 4616 3 
40 0 3 0 0 2 183 316 0 2076 3 
40 0 3 0 0 2 183 183 0 1833 4 
40 0 3 0 0 2 449 149 1 3961 5 
40 0 3 0 0 2 482 83 1 3165 5 
40 0 3 0 0 2 449 383 1 2166 3 
40 0 3 0 0 2 183 516 1 3664 4 
40 0 3 0 0 2 316 383 0 1730 4 
40 0 3 0 0 2 116 516 1 1860 4 
40 0 3 0 0 2 549 283 0 1969 4 
40 0 3 0 0 1 0 513 0 8877 
40 0 3 0 0 1 0 302 0 1882 
40 0 3 0 0 1 599 200 1 872 
40 0 3 0 0 1 241 484 0 1257 
40 0 3 0 0 1 223 599 0 1002 
40 0 3 0 0 1 78 384 0 864 
40 0 3 0 0 1 562 0 1 922 
40 0 3 0 0 1 303 581 1 1576 
40 0 3 0 0 1 239 89 0 1026 
40 0 3 0 0 1 56 519 0 1507 
40 0 3 0 0 1 282 365 0 1450 
40 0 3 0 0 1 327 394 1 2339 
40 0 3 0 0 1 317 96 1 1179 
40 0 3 0 0 1 143 599 0 2249 
40 0 3 0 0 1 345 395 1 1250 
40 0 3 0 0 1 281 175 0 1211 
40 0 3 0 0 2 316 83 1 2204 3 
40 0 3 0 0 2 383 249 1 1785 4 
40 0 3 0 0 2 449 249 1 1597 4 
40 0 3 0 0 2 216 516 0 3766 4 
40 0 3 0 0 2 416 383 1 984 4 
40 0 3 0 0 2 549 249 1 1628 4 
40 0 3 0 0 2 349 50 0 2704 4 
40 0 3 0 0 2 383 482 1 1991 5 
40 0 3 0 0 2 116 183 0 1340 5 
40 0 3 0 0 2 449 482 1 919 5 
40 0 3 0 0 2 183 149 0 1258 5 
40 0 3 0 0 2 83 216 0 1641 5 
40 0 3 0 0 2 283 283 0 3761 3 
40 0 3 0 0 2 83 383 0 5659 5 
40 0 3 0 0 2 216 249 1 2383 4 
40 0 3 0 0 2 416 549 1 843 5 
40 0 3 0 0 2 116 349 0 2548 5 
40 0 3 0 0 2 516 516 1 1364 5 
40 0 3 0 0 2 449 283 1 902 5 
40 0 3 0 0 2 516 83 1 903 5 
40 0 3 0 0 2 516 416 1 753 5 
40 0 3 0 0 2 83 249 0 1267 5 
40 0 3 0 0 2 216 116 0 1414 5 
40 0 3 0 0 2 149 416 0 1548 5 
40 0 3 0 0 2 549 549 1 2296 5 
40 0 3 0 0 2 216 216 0 2170 4 
40 0 3 0 0 2 249 383 0 2710 4 
40 0 3 0 0 2 283 316 1 1973 5 
40 0 3 0 0 2 516 316 1 2627 5 
40 0 3 0 0 2 149 449 0 2661 4 
40 0 3 0 0 2 416 283 1 1279 5 
40 0 3 0 0 2 283 516 1 2185 5 
40 0 3 0 0 1 272 153 0 4090 
40 0 3 0 0 1 338 174 1 1752 
40 0 3 0 0 1 348 73 1 1064 
40 0 3 0 0 1 309 55 1 808 
40 0 3 0 0 1 271 411 0 1754 
40 0 3 0 0 1 290 480 0 772 
40 0 3 0 0 1 306 294 1 1547 
40 0 3 0 0 1 299 341 0 1938 
40 0 3 0 0 1 314 210 1 1787 
40 0 3 0 0 1 300 272 1 1066 
40 0 3 0 0 1 295 25 0 1962 
40 0 3 0 0 1 319 485 1 1274 
40 0 3 0 0 1 313 54 1 1097 
40 0 3 0 0 1 295 564 0 994 
40 0 3 0 0 1 285 92 0 881 
40 0 3 0 0 1 292 342 0 1001 
40 0 3 0 0 2 516 116 1 3029 4 
40 0 3 0 0 2 116 549 0 2551 5 
40 0 3 0 0 2 83 50 1 2066 4 
40 0 3 0 0 2 449 416 0 1659 4 
40 0 3 0 0 2 482 549 0 1711 4 
40 0 3 0 0 2 283 549 0 1928 4 
40 0 3 0 0 2 216 283 1 1872 5 
40 0 3 0 0 2 50 216 1 1600 5 
40 0 3 0 0 2 349 183 1 974 5 
40 0 3 0 0 2 116 50 1 1641 4 
40 0 3 0 0 2 482 416 0 2118 4 
40 0 3 0 0 2 316 482 0 1513 4 
40 0 3 0 0 2 549 349 1 2634 4 
40 0 3 0 0 2 149 216 1 960 5 
40 0 3 0 0 2 349 283 0 2297 4 
40 0 3 0 0 2 482 283 0 2691 4 
40 0 3 0 0 2 50 383 0 4331 4 
40 0 3 0 0 2 349 316 1 1415 4 
40 0 3 0 0 2 349 549 0 1504 4 
40 0 3 0 0 2 549 149 1 1927 5 
40 0 3 0 0 2 50 349 0 2640 4 
40 0 3 0 0 2 383 283 1 1380 5 
40 0 3 0 0 2 549 482 0 1749 4 
40 0 3 0 0 2 83 283 1 2888 4 
40 0 3 0 0 2 349 249 1 1170 4 
40 0 3 0 0 2 249 482 0 1836 5 
40 0 3 0 0 2 316 183 1 839 5 
40 0 3 0 0 2 116 449 0 1588 5 
40 0 3 0 0 2 50 116 1 1535 4 
40 0 3 0 0 2 183 482 0 1704 3 
40 0 3 0 0 2 249 449 0 1805 4 
40 0 3 0 0 2 50 183 1 903 4 
40 0 3 0 0 1 285 355 0 3061 
40 0 3 0 0 1 302 268 1 1826 
40 0 3 0 0 1 299 117 0 938 
40 0 3 0 0 1 305 30 1 1186 
40 0 3 0 0 1 302 342 1 2057 
40 0 3 0 0 1 304 50 1 873 
40 0 3 0 0 1 290 416 0 1754 
40 0 3 0 0 1 300 119 0 1826 
40 0 3 0 0 1 292 414 0 1361 
40 0 3 0 0 1 298 55 0 1002 
40 0 3 0 0 1 299 457 0 1114 
40 0 3 0 0 1 315 546 1 1577 
40 0 3 0 0 1 306 147 1 1169 
40 0 3 0 0 1 321 306 1 978 
40 0 3 0 0 1 316 267 1 731 
40 0 3 0 0 1 305 342 1 770 
40 0 3 0 0 2 349 383 1 1309 3 
40 0 3 0 0 2 316 283 1 1655 2 
40 0 3 0 0 2 183 349 1 1003 2 
40 0 3 0 0 2 149 116 0 1641 3 
40 0 3 0 0 2 283 383 1 2404 2 
40 0 3 0 0 2 349 83 0 2724 2 
40 0 3 0 0 2 449 449 1 2218 3 
40 0 3 0 0 2 482 149 1 4947 2 
40 0 3 0 0 2 449 83 0 2431 3 
40 0 3 0 0 2 83 349 1 5702 3 
40 0 3 0 0 2 383 83 0 723 3 
40 0 3 0 0 2 83 149 1 1962 3 
40 0 3 0 0 2 549 383 0 697 3 
40 0 3 0 0 2 149 83 1 1164 3 
40 0 3 0 0 2 516 383 1 1182 3 
40 0 3 0 0 2 249 183 0 1168 4 
40 0 3 0 0 2 549 316 1 1424 4 
40 0 3 0 0 2 349 516 0 967 4 
40 0 3 0 0 2 50 149 1 3181 4 
40 0 3 0 0 2 416 349 0 2245 3 
40 0 3 0 0 2 216 449 1 2065 4 
40 0 3 0 0 2 416 249 0 1221 3 
40 0 3 0 0 2 449 116 1 1407 5 
40 0 3 0 0 2 116 316 0 927 3 
40 0 3 0 0 2 183 383 1 739 3 
40 0 3 0 0 2 83 83 0 1022 5 
40 0 3 0 0 2 482 50 1 2510 4 
40 0 3 0 0 2 283 216 0 1624 4 
40 0 3 0 0 2 149 249 0 2262 5 
40 0 3 0 0 2 216 349 1 9280 4 
40 0 3 0 0 2 83 449 1 3998 4 
40 0 3 0 0 2 416 482 1 1008 4 
40 0 3 0 0 1 158 244 0 5051 
40 0 3 0 0 1 298 189 0 944 
40 0 3 0 0 1 317 287 1 1040 
40 0 3 0 0 1 301 16 1 1371 
40 0 3 0 0 1 292 275 0 1106 
40 0 3 0 0 1 295 547 0 776 
40 0 3 0 0 1 294 119 0 794 
40 0 3 0 0 1 302 439 1 865 
40 0 3 0 0 1 294 221 0 811 
40 0 3 0 0 1 313 219 1 818 
40 0 3 0 0 1 319 489 1 801 
40 0 3 0 0 1 299 5 0 778 
40 0 3 0 0 1 271 343 0 795 
40 0 3 0 0 1 299 365 0 761 
40 0 3 0 0 1 298 584 0 994 
40 0 3 0 0 1 309 208 1 777 
40 0 3 0 0 2 349 116 1 939 3 
40 0 3 0 0 2 249 149 0 1089 3 
40 0 3 0 0 2 383 216 1 3443 2 
40 0 3 0 0 2 482 249 0 1300 4 
40 0 3 0 0 2 216 50 1 4489 4 
40 0 3 0 0 2 216 482 1 2896 4 
40 0 3 0 0 2 316 216 0 2119 3 
40 0 3 0 0 2 416 216 0 1220 3 
40 0 3 0 0 2 50 316 0 1339 4 
40 0 3 0 0 2 449 549 1 1677 3 
40 0 3 0 0 2 416 449 1 1120 3 
40 0 3 0 0 2 149 516 0 572 4 
40 0 3 0 0 2 149 316 1 593 3 
40 0 3 0 0 2 149 50 0 1560 3 
40 0 3 0 0 2 249 349 0 1108 3 
40 0 3 0 0 2 50 249 0 1495 3 
40 0 3 0 0 2 249 516 1 1613 3 
40 0 3 0 0 2 482 516 0 2246 4 
40 0 3 0 0 2 516 183 1 1315 4 
40 0 3 0 0 2 516 482 0 1312 3 
40 0 3 0 0 2 516 549 0 941 4 
40 0 3 0 0 2 183 50 1 2170 3 
40 0 3 0 0 2 183 116 1 1621 3 
40 0 3 0 0 2 383 183 0 1406 3 
40 0 3 0 0 2 316 316 1 1065 2 
40 0 3 0 0 2 216 416 0 1027 4 
40 0 3 0 0 2 50 482 1 3435 3 
40 0 3 0 0 2 416 516 0 1455 3 
40 0 3 0 0 2 283 116 1 1035 4 
40 0 3 0 0 2 416 183 0 908 3 
40 0 3 0 0 2 316 349 1 865 4 
40 0 3 0 0 2 283 249 1 1897 3 
