Subject 49 in condition 1
Training Condition: 3
Task: 0
Rule: [[[300, 220], [[9000, 0], [0, 2000]]], [[300, 380], [[9000, 0], [0, 2000]]]]
Noise: 0
CATA=0
CATB=1
Sample keys: 122 120
Resp keys: 309 307
Dim direction: 0 1
Dim minimum: 59 63
Test order: [7, 1, 0, 3, 4, 6, 5, 2]
49 1 3 0 1 1 599 338 1 6125 
49 1 3 0 1 1 289 248 0 1667 
49 1 3 0 1 1 85 597 1 2483 
49 1 3 0 1 1 183 219 0 778 
49 1 3 0 1 1 206 214 0 778 
49 1 3 0 1 1 520 34 0 681 
49 1 3 0 1 1 574 64 0 763 
49 1 3 0 1 1 599 379 1 698 
49 1 3 0 1 1 599 514 1 1026 
49 1 3 0 1 1 436 0 0 739 
49 1 3 0 1 1 404 225 0 770 
49 1 3 0 1 1 3 109 0 1169 
49 1 3 0 1 1 3 282 0 698 
49 1 3 0 1 1 275 48 0 778 
49 1 3 0 1 1 599 463 1 729 
49 1 3 0 1 1 375 110 0 770 
49 1 3 0 1 2 116 416 1 3548 3 
49 1 3 0 1 2 249 216 1 1247 3 
49 1 3 0 1 2 349 149 0 2199 2 
49 1 3 0 1 2 482 216 1 1514 3 
49 1 3 0 1 2 50 83 0 1704 3 
49 1 3 0 1 2 316 149 0 1528 3 
49 1 3 0 1 2 249 316 1 1425 2 
49 1 3 0 1 2 383 116 0 1403 1 
49 1 3 0 1 2 316 116 0 1468 1 
49 1 3 0 1 2 149 383 1 1503 3 
49 1 3 0 1 2 383 316 1 866 3 
49 1 3 0 1 2 50 283 1 981 4 
49 1 3 0 1 2 549 516 0 2083 1 
49 1 3 0 1 2 349 449 1 1692 1 
49 1 3 0 1 2 283 349 1 1158 2 
49 1 3 0 1 2 116 116 0 1899 1 
49 1 3 0 1 2 516 216 1 1126 2 
49 1 3 0 1 2 149 349 1 2078 2 
49 1 3 0 1 2 516 349 1 1025 2 
49 1 3 0 1 2 549 50 0 1211 1 
49 1 3 0 1 2 149 549 1 1576 1 
49 1 3 0 1 2 249 416 1 1599 2 
49 1 3 0 1 2 149 183 1 1440 2 
49 1 3 0 1 2 216 149 1 1521 2 
49 1 3 0 1 2 516 449 1 921 3 
49 1 3 0 1 2 183 249 0 1300 1 
49 1 3 0 1 2 249 50 0 1150 2 
49 1 3 0 1 2 482 383 1 1834 3 
49 1 3 0 1 2 116 482 0 2773 1 
49 1 3 0 1 2 549 449 0 1161 1 
49 1 3 0 1 2 516 249 0 1647 2 
49 1 3 0 1 2 383 349 1 873 1 
49 1 3 0 1 1 55 111 0 3173 
49 1 3 0 1 1 459 296 0 1707 
49 1 3 0 1 1 0 235 0 1170 
49 1 3 0 1 1 599 462 1 1602 
49 1 3 0 1 1 447 470 1 882 
49 1 3 0 1 1 276 471 1 1026 
49 1 3 0 1 1 599 34 0 1226 
49 1 3 0 1 1 125 0 0 1074 
49 1 3 0 1 1 93 467 1 850 
49 1 3 0 1 1 269 569 1 1010 
49 1 3 0 1 1 286 356 1 922 
49 1 3 0 1 1 9 351 1 697 
49 1 3 0 1 1 351 344 1 506 
49 1 3 0 1 1 453 598 1 586 
49 1 3 0 1 1 349 193 0 1138 
49 1 3 0 1 1 599 492 1 745 
49 1 3 0 1 2 249 149 0 6145 2 
49 1 3 0 1 2 183 116 0 3366 3 
49 1 3 0 1 2 283 116 0 1647 1 
49 1 3 0 1 2 482 516 1 1277 3 
49 1 3 0 1 2 416 516 1 981 4 
49 1 3 0 1 2 383 216 1 1622 3 
49 1 3 0 1 2 50 249 1 1392 3 
49 1 3 0 1 2 383 183 1 970 3 
49 1 3 0 1 2 50 482 1 1305 4 
49 1 3 0 1 2 316 316 1 2102 3 
49 1 3 0 1 2 283 249 1 1008 3 
49 1 3 0 1 2 149 516 1 1412 3 
49 1 3 0 1 2 316 349 1 986 3 
49 1 3 0 1 2 249 516 1 906 3 
49 1 3 0 1 2 216 50 0 1883 1 
49 1 3 0 1 2 516 549 1 895 3 
49 1 3 0 1 2 416 449 1 827 2 
49 1 3 0 1 2 449 549 1 817 3 
49 1 3 0 1 2 349 116 0 798 1 
49 1 3 0 1 2 149 50 0 1101 3 
49 1 3 0 1 2 316 216 0 972 3 
49 1 3 0 1 2 482 249 0 1713 2 
49 1 3 0 1 2 149 316 1 1624 1 
49 1 3 0 1 2 249 349 1 1133 1 
49 1 3 0 1 2 216 416 1 1834 3 
49 1 3 0 1 2 516 482 1 912 4 
49 1 3 0 1 2 50 316 1 1633 1 
49 1 3 0 1 2 416 216 0 1642 2 
49 1 3 0 1 2 516 183 0 1553 2 
49 1 3 0 1 2 416 183 0 1328 3 
49 1 3 0 1 2 183 50 0 1305 2 
49 1 3 0 1 2 216 482 1 1067 4 
49 1 3 0 1 1 565 253 0 1612 
49 1 3 0 1 1 368 13 0 834 
49 1 3 0 1 1 599 396 1 834 
49 1 3 0 1 1 0 206 0 1177 
49 1 3 0 1 1 142 539 1 1714 
49 1 3 0 1 1 360 7 0 1179 
49 1 3 0 1 1 285 234 0 850 
49 1 3 0 1 1 236 0 0 882 
49 1 3 0 1 1 434 48 0 851 
49 1 3 0 1 1 150 541 1 826 
49 1 3 0 1 1 474 403 1 449 
49 1 3 0 1 1 291 76 0 762 
49 1 3 0 1 1 32 579 1 1649 
49 1 3 0 1 1 36 176 0 1497 
49 1 3 0 1 1 4 0 0 1051 
49 1 3 0 1 1 599 70 0 961 
49 1 3 0 1 2 516 283 1 4465 2 
49 1 3 0 1 2 183 216 0 1245 3 
49 1 3 0 1 2 249 116 0 958 4 
49 1 3 0 1 2 83 316 0 2472 4 
49 1 3 0 1 2 482 316 0 1622 3 
49 1 3 0 1 2 216 549 1 2609 5 
49 1 3 0 1 2 183 283 0 2274 2 
49 1 3 0 1 2 349 416 1 1069 3 
49 1 3 0 1 2 283 50 0 1971 2 
49 1 3 0 1 2 549 216 0 1107 2 
49 1 3 0 1 2 516 50 0 1145 2 
49 1 3 0 1 2 416 149 1 2017 1 
49 1 3 0 1 2 316 549 1 1443 4 
49 1 3 0 1 2 83 482 1 1001 4 
49 1 3 0 1 2 216 383 1 926 4 
49 1 3 0 1 2 83 516 1 895 4 
49 1 3 0 1 2 83 416 1 695 4 
49 1 3 0 1 2 482 116 0 1081 3 
49 1 3 0 1 2 383 549 1 1008 4 
49 1 3 0 1 2 449 349 1 1170 4 
49 1 3 0 1 2 316 249 0 1143 2 
49 1 3 0 1 2 116 149 0 1660 4 
49 1 3 0 1 2 249 283 0 1321 3 
49 1 3 0 1 2 482 449 1 1030 4 
49 1 3 0 1 2 116 83 0 1028 2 
49 1 3 0 1 2 316 516 1 2201 4 
49 1 3 0 1 2 283 183 0 943 2 
49 1 3 0 1 2 416 416 1 1083 3 
49 1 3 0 1 2 416 116 0 1049 4 
49 1 3 0 1 2 83 549 1 1457 2 
49 1 3 0 1 2 482 183 0 1211 4 
49 1 3 0 1 2 50 449 1 1351 4 
49 1 3 0 1 1 443 293 0 4260 
49 1 3 0 1 1 111 301 1 1066 
49 1 3 0 1 1 135 599 1 1146 
49 1 3 0 1 1 550 279 0 841 
49 1 3 0 1 1 499 352 1 1074 
49 1 3 0 1 1 38 549 1 1122 
49 1 3 0 1 1 269 178 0 922 
49 1 3 0 1 1 377 332 1 1713 
49 1 3 0 1 1 178 307 1 811 
49 1 3 0 1 1 139 263 0 1666 
49 1 3 0 1 1 338 297 0 1034 
49 1 3 0 1 1 267 309 1 683 
49 1 3 0 1 1 370 272 0 906 
49 1 3 0 1 1 317 129 0 930 
49 1 3 0 1 1 372 441 1 715 
49 1 3 0 1 1 427 313 1 762 
49 1 3 0 1 2 383 449 0 2449 1 
49 1 3 0 1 2 349 216 1 5147 4 
49 1 3 0 1 2 249 549 1 1764 4 
49 1 3 0 1 2 383 50 0 1322 2 
49 1 3 0 1 2 83 183 1 1222 4 
49 1 3 0 1 2 549 416 0 656 2 
49 1 3 0 1 2 316 449 1 944 4 
49 1 3 0 1 2 183 83 0 665 2 
49 1 3 0 1 2 216 83 0 1172 4 
49 1 3 0 1 2 549 183 1 1123 4 
49 1 3 0 1 2 50 50 0 801 4 
49 1 3 0 1 2 549 83 1 599 4 
49 1 3 0 1 2 149 482 0 598 4 
49 1 3 0 1 2 349 482 1 596 4 
49 1 3 0 1 2 116 383 0 581 4 
49 1 3 0 1 2 149 283 1 529 4 
49 1 3 0 1 2 482 349 0 528 4 
49 1 3 0 1 2 449 50 1 496 4 
49 1 3 0 1 2 383 516 0 505 4 
49 1 3 0 1 2 283 83 1 471 4 
49 1 3 0 1 2 50 416 0 578 4 
49 1 3 0 1 2 149 149 1 684 3 
49 1 3 0 1 2 50 516 0 841 2 
49 1 3 0 1 2 449 316 1 623 2 
49 1 3 0 1 2 516 149 1 1280 2 
49 1 3 0 1 2 449 216 1 728 2 
49 1 3 0 1 2 383 149 0 553 2 
49 1 3 0 1 2 283 482 1 510 2 
49 1 3 0 1 2 383 416 0 727 3 
49 1 3 0 1 2 283 149 1 412 3 
49 1 3 0 1 2 283 416 0 545 2 
49 1 3 0 1 2 183 449 1 395 3 
49 1 3 0 1 1 121 30 0 5899 
49 1 3 0 1 1 351 327 1 1659 
49 1 3 0 1 1 162 310 1 978 
49 1 3 0 1 1 402 251 0 1169 
49 1 3 0 1 1 32 370 1 954 
49 1 3 0 1 1 530 279 0 627 
49 1 3 0 1 1 256 266 0 890 
49 1 3 0 1 1 4 296 0 778 
49 1 3 0 1 1 277 21 0 1113 
49 1 3 0 1 1 423 0 0 610 
49 1 3 0 1 1 342 319 1 729 
49 1 3 0 1 1 231 303 1 569 
49 1 3 0 1 1 56 262 0 1298 
49 1 3 0 1 1 150 294 0 898 
49 1 3 0 1 1 271 322 1 922 
49 1 3 0 1 1 241 294 0 881 
49 1 3 0 1 2 416 549 1 3651 3 
49 1 3 0 1 2 116 183 0 1200 2 
49 1 3 0 1 2 83 249 0 1004 3 
49 1 3 0 1 2 216 216 1 764 3 
49 1 3 0 1 2 149 449 0 1764 1 
49 1 3 0 1 2 216 249 0 1016 3 
49 1 3 0 1 2 216 116 0 1603 4 
49 1 3 0 1 2 383 482 1 1095 4 
49 1 3 0 1 2 449 249 1 1296 3 
49 1 3 0 1 2 316 83 0 1025 3 
49 1 3 0 1 2 416 283 0 1336 2 
49 1 3 0 1 2 449 482 1 880 4 
49 1 3 0 1 2 283 316 1 969 3 
49 1 3 0 1 2 516 83 0 1085 3 
49 1 3 0 1 2 249 383 1 1329 3 
49 1 3 0 1 2 116 349 1 1210 3 
49 1 3 0 1 2 516 316 1 1030 2 
49 1 3 0 1 2 216 516 1 1124 3 
49 1 3 0 1 2 416 383 1 943 3 
49 1 3 0 1 2 516 516 1 858 4 
49 1 3 0 1 2 83 216 0 1283 2 
49 1 3 0 1 2 549 249 0 1166 2 
49 1 3 0 1 2 283 516 1 1193 4 
49 1 3 0 1 2 449 283 0 1069 3 
49 1 3 0 1 2 283 283 0 987 3 
49 1 3 0 1 2 349 50 0 1454 3 
49 1 3 0 1 2 183 149 0 1415 4 
49 1 3 0 1 2 83 383 1 1557 2 
49 1 3 0 1 2 516 416 1 1058 3 
49 1 3 0 1 2 383 249 1 1043 2 
49 1 3 0 1 2 149 416 1 1283 4 
49 1 3 0 1 2 549 549 0 1435 3 
49 1 3 0 1 1 52 294 0 2418 
49 1 3 0 1 1 242 322 1 794 
49 1 3 0 1 1 213 290 0 729 
49 1 3 0 1 1 599 298 0 1627 
49 1 3 0 1 1 235 358 1 1666 
49 1 3 0 1 1 599 265 0 922 
49 1 3 0 1 1 66 335 1 521 
49 1 3 0 1 1 543 306 1 930 
49 1 3 0 1 1 460 296 0 794 
49 1 3 0 1 1 599 319 1 1066 
49 1 3 0 1 1 510 291 0 1058 
49 1 3 0 1 1 37 295 0 1337 
49 1 3 0 1 1 161 306 1 625 
49 1 3 0 1 1 79 368 1 1161 
49 1 3 0 1 1 8 326 1 954 
49 1 3 0 1 1 355 329 1 1130 
49 1 3 0 1 2 116 449 1 1969 4 
49 1 3 0 1 2 50 216 0 1161 2 
49 1 3 0 1 2 50 183 0 886 2 
49 1 3 0 1 2 316 482 1 934 4 
49 1 3 0 1 2 83 50 0 1988 2 
49 1 3 0 1 2 249 482 1 832 4 
49 1 3 0 1 2 449 416 1 884 3 
49 1 3 0 1 2 549 149 0 1071 4 
49 1 3 0 1 2 549 482 1 1119 4 
49 1 3 0 1 2 349 283 0 1080 3 
49 1 3 0 1 2 216 283 0 1131 2 
49 1 3 0 1 2 482 549 1 993 3 
49 1 3 0 1 2 349 549 1 741 3 
49 1 3 0 1 2 50 349 1 1140 2 
49 1 3 0 1 2 349 316 1 905 2 
49 1 3 0 1 2 349 183 0 2141 4 
49 1 3 0 1 2 516 116 0 657 4 
49 1 3 0 1 2 316 183 0 742 4 
49 1 3 0 1 2 383 283 0 973 2 
49 1 3 0 1 2 482 283 0 690 2 
49 1 3 0 1 2 249 449 1 1272 4 
49 1 3 0 1 2 283 549 1 2418 3 
49 1 3 0 1 2 116 50 0 902 3 
49 1 3 0 1 2 549 349 1 1125 2 
49 1 3 0 1 2 482 416 1 897 2 
49 1 3 0 1 2 50 383 1 840 2 
49 1 3 0 1 2 116 549 1 1293 4 
49 1 3 0 1 2 50 116 1 1698 1 
49 1 3 0 1 2 83 283 0 1480 2 
49 1 3 0 1 2 349 249 0 951 2 
49 1 3 0 1 2 149 216 0 932 3 
49 1 3 0 1 2 183 482 1 867 4 
49 1 3 0 1 1 599 358 1 1579 
49 1 3 0 1 1 465 326 1 881 
49 1 3 0 1 1 0 326 1 881 
49 1 3 0 1 1 599 298 0 810 
49 1 3 0 1 1 595 292 0 362 
49 1 3 0 1 1 599 297 0 602 
49 1 3 0 1 1 599 306 1 737 
49 1 3 0 1 1 0 291 0 1049 
49 1 3 0 1 1 351 312 1 873 
49 1 3 0 1 1 481 302 1 690 
49 1 3 0 1 1 97 300 0 771 
49 1 3 0 1 1 234 286 0 667 
49 1 3 0 1 1 312 276 0 348 
49 1 3 0 1 1 143 294 0 540 
49 1 3 0 1 1 123 304 1 1025 
49 1 3 0 1 1 516 250 0 753 
49 1 3 0 1 2 183 516 1 1141 4 
49 1 3 0 1 2 316 383 1 1286 4 
49 1 3 0 1 2 449 183 0 1851 4 
49 1 3 0 1 2 316 50 0 1069 2 
49 1 3 0 1 2 116 216 0 1067 2 
49 1 3 0 1 2 416 83 0 1034 2 
49 1 3 0 1 2 183 316 1 1811 3 
49 1 3 0 1 2 116 283 1 1274 3 
49 1 3 0 1 2 349 349 1 1218 2 
49 1 3 0 1 2 249 83 0 951 4 
49 1 3 0 1 2 183 183 0 770 4 
49 1 3 0 1 2 416 316 0 1623 2 
49 1 3 0 1 2 482 83 0 1749 3 
49 1 3 0 1 2 283 449 1 1130 4 
49 1 3 0 1 2 216 316 1 1211 3 
49 1 3 0 1 2 449 516 1 805 4 
49 1 3 0 1 2 116 516 1 736 4 
49 1 3 0 1 2 449 383 1 1076 3 
49 1 3 0 1 2 549 283 1 1099 2 
49 1 3 0 1 2 116 249 1 1551 3 
49 1 3 0 1 2 449 149 0 1293 1 
49 1 3 0 1 2 316 416 1 1274 3 
49 1 3 0 1 2 383 383 1 992 2 
49 1 3 0 1 2 183 549 1 1288 2 
49 1 3 0 1 2 50 549 1 721 3 
49 1 3 0 1 2 183 416 1 747 2 
49 1 3 0 1 2 83 116 0 2600 4 
49 1 3 0 1 2 416 50 1 1571 3 
49 1 3 0 1 2 482 482 1 1769 5 
49 1 3 0 1 2 249 249 0 2991 2 
49 1 3 0 1 2 216 183 0 1422 3 
49 1 3 0 1 2 549 116 0 1895 4 
49 1 3 0 1 1 516 321 1 2202 
49 1 3 0 1 1 545 310 1 522 
49 1 3 0 1 1 551 259 0 626 
49 1 3 0 1 1 556 333 1 665 
49 1 3 0 1 1 128 292 0 705 
49 1 3 0 1 1 75 337 1 667 
49 1 3 0 1 1 56 325 1 650 
49 1 3 0 1 1 446 306 1 802 
49 1 3 0 1 1 334 299 0 705 
49 1 3 0 1 1 480 316 1 755 
49 1 3 0 1 1 12 249 0 754 
49 1 3 0 1 1 485 324 1 522 
49 1 3 0 1 1 64 300 1 514 
49 1 3 0 1 1 204 319 1 594 
49 1 3 0 1 1 107 315 1 593 
49 1 3 0 1 1 571 285 0 577 
49 1 3 0 1 2 449 116 0 2981 4 
49 1 3 0 1 2 149 83 0 926 3 
49 1 3 0 1 2 216 449 1 927 4 
49 1 3 0 1 2 349 516 1 612 4 
49 1 3 0 1 2 183 349 1 1191 2 
49 1 3 0 1 2 482 50 1 2447 1 
49 1 3 0 1 2 149 249 1 1415 3 
49 1 3 0 1 2 416 349 1 981 3 
49 1 3 0 1 2 283 383 1 722 3 
49 1 3 0 1 2 183 383 1 607 3 
49 1 3 0 1 2 482 149 0 1321 4 
49 1 3 0 1 2 83 449 1 939 4 
49 1 3 0 1 2 383 83 0 762 4 
49 1 3 0 1 2 549 383 1 982 3 
49 1 3 0 1 2 283 216 0 1024 2 
49 1 3 0 1 2 549 316 0 1021 3 
49 1 3 0 1 2 316 283 0 881 2 
49 1 3 0 1 2 83 349 1 1023 2 
49 1 3 0 1 2 516 383 1 1338 2 
49 1 3 0 1 2 416 249 1 1194 2 
49 1 3 0 1 2 249 183 0 1595 4 
49 1 3 0 1 2 449 449 1 975 4 
49 1 3 0 1 2 116 316 1 1656 2 
49 1 3 0 1 2 83 149 0 996 4 
49 1 3 0 1 2 449 83 0 1035 3 
49 1 3 0 1 2 149 116 0 979 4 
49 1 3 0 1 2 216 349 1 1162 3 
49 1 3 0 1 2 349 83 0 1177 3 
49 1 3 0 1 2 83 83 0 1203 2 
49 1 3 0 1 2 50 149 0 1307 4 
49 1 3 0 1 2 416 482 1 1149 4 
49 1 3 0 1 2 349 383 1 992 3 
