Subject 5 in condition 1
Training Condition: 3
Task: 0
Rule: [[[300, 220], [[9000, 0], [0, 2000]]], [[300, 380], [[9000, 0], [0, 2000]]]]
Noise: 0
CATA=1
CATB=0
Sample keys: 122 120
Resp keys: 307 309
Dim direction: 1 0
Dim minimum: 87 45
Test order: [0, 6, 5, 4, 7, 2, 3, 1]
5 1 3 0 1 1 127 8 0 7285 
5 1 3 0 1 1 26 420 1 3184 
5 1 3 0 1 1 599 406 1 3961 
5 1 3 0 1 1 0 328 1 2761 
5 1 3 0 1 1 599 35 0 2849 
5 1 3 0 1 1 0 0 0 2530 
5 1 3 0 1 1 377 206 0 5137 
5 1 3 0 1 1 560 303 1 1537 
5 1 3 0 1 1 0 116 0 2175 
5 1 3 0 1 1 465 552 1 3746 
5 1 3 0 1 1 300 599 1 3512 
5 1 3 0 1 1 269 69 0 2792 
5 1 3 0 1 1 308 311 1 2896 
5 1 3 0 1 1 118 521 1 3665 
5 1 3 0 1 1 508 0 0 3288 
5 1 3 0 1 1 563 572 1 2976 
5 1 3 0 1 2 83 549 1 3113 4 
5 1 3 0 1 2 316 516 1 3306 3 
5 1 3 0 1 2 349 416 1 3246 4 
5 1 3 0 1 2 183 283 1 4936 2 
5 1 3 0 1 2 383 549 1 2293 4 
5 1 3 0 1 2 116 149 0 3938 4 
5 1 3 0 1 2 516 50 0 2588 4 
5 1 3 0 1 2 116 83 0 1845 4 
5 1 3 0 1 2 449 349 1 2485 4 
5 1 3 0 1 2 216 549 1 2173 4 
5 1 3 0 1 2 249 283 1 3301 4 
5 1 3 0 1 2 316 549 1 1497 4 
5 1 3 0 1 2 83 416 1 3062 4 
5 1 3 0 1 2 316 249 0 3660 3 
5 1 3 0 1 2 482 449 1 5649 3 
5 1 3 0 1 2 416 149 0 4681 4 
5 1 3 0 1 2 216 383 1 2122 3 
5 1 3 0 1 2 549 216 0 4645 3 
5 1 3 0 1 2 249 116 0 2892 3 
5 1 3 0 1 2 416 416 1 5366 3 
5 1 3 0 1 2 283 50 0 1865 4 
5 1 3 0 1 2 50 449 1 3612 3 
5 1 3 0 1 2 183 216 0 2412 3 
5 1 3 0 1 2 516 283 0 1497 3 
5 1 3 0 1 2 283 183 0 1831 4 
5 1 3 0 1 2 482 316 1 5359 3 
5 1 3 0 1 2 83 516 1 1736 3 
5 1 3 0 1 2 482 183 0 3149 3 
5 1 3 0 1 2 482 116 0 2757 3 
5 1 3 0 1 2 83 482 1 2922 3 
5 1 3 0 1 2 416 116 0 2214 3 
5 1 3 0 1 2 83 316 1 3052 3 
5 1 3 0 1 1 219 481 1 2453 
5 1 3 0 1 1 261 0 0 841 
5 1 3 0 1 1 37 423 1 1969 
5 1 3 0 1 1 0 75 0 1161 
5 1 3 0 1 1 489 212 0 2017 
5 1 3 0 1 1 599 264 0 2448 
5 1 3 0 1 1 592 3 0 2278 
5 1 3 0 1 1 16 384 1 1400 
5 1 3 0 1 1 0 63 0 1249 
5 1 3 0 1 1 50 75 0 1425 
5 1 3 0 1 1 522 320 1 2216 
5 1 3 0 1 1 599 404 1 1665 
5 1 3 0 1 1 573 49 0 1025 
5 1 3 0 1 1 0 416 1 1424 
5 1 3 0 1 1 0 15 0 761 
5 1 3 0 1 1 307 208 0 1362 
5 1 3 0 1 2 349 549 1 2447 3 
5 1 3 0 1 2 316 183 0 1855 3 
5 1 3 0 1 2 549 349 1 2547 3 
5 1 3 0 1 2 83 283 0 4360 3 
5 1 3 0 1 2 216 283 0 2373 3 
5 1 3 0 1 2 383 283 1 2826 3 
5 1 3 0 1 2 316 482 1 2038 4 
5 1 3 0 1 2 50 216 0 2161 3 
5 1 3 0 1 2 116 50 0 1420 4 
5 1 3 0 1 2 50 349 1 2202 3 
5 1 3 0 1 2 349 249 0 2239 3 
5 1 3 0 1 2 449 416 1 1936 4 
5 1 3 0 1 2 549 482 1 1836 4 
5 1 3 0 1 2 50 116 0 1847 4 
5 1 3 0 1 2 482 416 1 2444 3 
5 1 3 0 1 2 183 482 1 1471 4 
5 1 3 0 1 2 516 116 0 1561 4 
5 1 3 0 1 2 50 183 0 3466 4 
5 1 3 0 1 2 349 316 0 3161 3 
5 1 3 0 1 2 116 449 1 2334 3 
5 1 3 0 1 2 482 283 1 2431 3 
5 1 3 0 1 2 482 549 1 1464 4 
5 1 3 0 1 2 349 183 0 1993 4 
5 1 3 0 1 2 549 149 0 2110 4 
5 1 3 0 1 2 249 449 1 1813 4 
5 1 3 0 1 2 149 216 0 2758 3 
5 1 3 0 1 2 116 549 1 1233 4 
5 1 3 0 1 2 83 50 0 1343 4 
5 1 3 0 1 2 50 383 1 4722 4 
5 1 3 0 1 2 249 482 1 1556 4 
5 1 3 0 1 2 349 283 0 2645 3 
5 1 3 0 1 2 283 549 1 1595 4 
5 1 3 0 1 1 98 0 0 2485 
5 1 3 0 1 1 0 445 1 2056 
5 1 3 0 1 1 516 571 1 1280 
5 1 3 0 1 1 599 419 1 1770 
5 1 3 0 1 1 599 0 0 824 
5 1 3 0 1 1 599 214 0 1449 
5 1 3 0 1 1 599 571 1 1026 
5 1 3 0 1 1 0 464 1 1729 
5 1 3 0 1 1 0 0 0 1025 
5 1 3 0 1 1 514 270 0 1496 
5 1 3 0 1 1 489 294 0 1289 
5 1 3 0 1 1 547 288 0 1449 
5 1 3 0 1 1 515 138 0 848 
5 1 3 0 1 1 56 483 1 1721 
5 1 3 0 1 1 281 599 1 1191 
5 1 3 0 1 1 214 260 0 3112 
5 1 3 0 1 2 316 383 1 4768 3 
5 1 3 0 1 2 183 416 1 2892 3 
5 1 3 0 1 2 416 83 0 2929 4 
5 1 3 0 1 2 116 283 0 4371 3 
5 1 3 0 1 2 549 116 0 1322 4 
5 1 3 0 1 2 349 349 1 4203 3 
5 1 3 0 1 2 416 50 0 2936 4 
5 1 3 0 1 2 549 283 0 2659 3 
5 1 3 0 1 2 183 549 1 3178 4 
5 1 3 0 1 2 216 183 0 3371 4 
5 1 3 0 1 2 50 549 1 1493 4 
5 1 3 0 1 2 183 183 0 2890 4 
5 1 3 0 1 2 249 83 0 1943 4 
5 1 3 0 1 2 283 449 1 1500 4 
5 1 3 0 1 2 482 482 1 1302 4 
5 1 3 0 1 2 449 183 0 1550 4 
5 1 3 0 1 2 416 316 0 1896 4 
5 1 3 0 1 2 316 416 1 1725 4 
5 1 3 0 1 2 383 383 1 1326 4 
5 1 3 0 1 2 449 149 0 1365 4 
5 1 3 0 1 2 116 216 0 1794 4 
5 1 3 0 1 2 449 516 1 1485 4 
5 1 3 0 1 2 116 249 0 1826 4 
5 1 3 0 1 2 216 316 0 1257 4 
5 1 3 0 1 2 183 516 1 1564 4 
5 1 3 0 1 2 183 316 1 3251 4 
5 1 3 0 1 2 116 516 1 1253 4 
5 1 3 0 1 2 449 383 1 4001 4 
5 1 3 0 1 2 482 83 0 1181 4 
5 1 3 0 1 2 316 50 0 2264 4 
5 1 3 0 1 2 83 116 0 1640 4 
5 1 3 0 1 2 249 249 0 1622 4 
5 1 3 0 1 1 0 354 1 4604 
5 1 3 0 1 1 12 524 1 1192 
5 1 3 0 1 1 0 0 0 4417 
5 1 3 0 1 1 1 110 0 1977 
5 1 3 0 1 1 552 426 1 5089 
5 1 3 0 1 1 552 0 0 1322 
5 1 3 0 1 1 599 32 0 1058 
5 1 3 0 1 1 599 543 1 1409 
5 1 3 0 1 1 480 225 0 1914 
5 1 3 0 1 1 284 189 0 913 
5 1 3 0 1 1 200 279 0 1601 
5 1 3 0 1 1 4 293 0 2440 
5 1 3 0 1 1 208 544 1 2384 
5 1 3 0 1 1 376 599 1 1969 
5 1 3 0 1 1 599 599 1 890 
5 1 3 0 1 1 0 230 0 1649 
5 1 3 0 1 2 516 416 1 3155 4 
5 1 3 0 1 2 383 482 1 1445 4 
5 1 3 0 1 2 416 283 0 4157 3 
5 1 3 0 1 2 549 249 1 4023 3 
5 1 3 0 1 2 149 449 1 1589 4 
5 1 3 0 1 2 83 249 0 2615 4 
5 1 3 0 1 2 83 383 0 1698 4 
5 1 3 0 1 2 149 416 1 2610 3 
5 1 3 0 1 2 216 516 1 1938 4 
5 1 3 0 1 2 349 50 0 3073 4 
5 1 3 0 1 2 449 482 1 2301 4 
5 1 3 0 1 2 516 83 0 1230 4 
5 1 3 0 1 2 249 383 1 6549 3 
5 1 3 0 1 2 549 549 1 1935 4 
5 1 3 0 1 2 283 283 0 2422 4 
5 1 3 0 1 2 516 516 1 2538 4 
5 1 3 0 1 2 116 349 1 4954 4 
5 1 3 0 1 2 216 116 0 1357 4 
5 1 3 0 1 2 516 316 1 6365 4 
5 1 3 0 1 2 283 516 1 1140 4 
5 1 3 0 1 2 183 149 0 2420 4 
5 1 3 0 1 2 116 183 0 2294 4 
5 1 3 0 1 2 216 249 0 1338 4 
5 1 3 0 1 2 316 83 0 1368 4 
5 1 3 0 1 2 416 383 1 3171 4 
5 1 3 0 1 2 449 249 0 3280 4 
5 1 3 0 1 2 283 316 0 3251 3 
5 1 3 0 1 2 416 549 1 1298 4 
5 1 3 0 1 2 383 249 0 2514 3 
5 1 3 0 1 2 83 216 0 1924 4 
5 1 3 0 1 2 216 216 0 2307 4 
5 1 3 0 1 2 449 283 0 2432 3 
5 1 3 0 1 1 435 506 1 6254 
5 1 3 0 1 1 395 599 1 1344 
5 1 3 0 1 1 499 260 0 5255 
5 1 3 0 1 1 362 143 0 881 
5 1 3 0 1 1 453 102 0 1017 
5 1 3 0 1 1 379 311 1 2952 
5 1 3 0 1 1 162 321 1 1282 
5 1 3 0 1 1 562 200 0 1105 
5 1 3 0 1 1 134 89 0 1193 
5 1 3 0 1 1 210 266 0 1226 
5 1 3 0 1 1 5 275 0 928 
5 1 3 0 1 1 599 23 0 5961 
5 1 3 0 1 1 599 356 1 1386 
5 1 3 0 1 1 0 496 1 1214 
5 1 3 0 1 1 123 599 1 833 
5 1 3 0 1 1 204 216 0 1834 
5 1 3 0 1 2 349 149 0 1845 4 
5 1 3 0 1 2 383 349 1 3130 4 
5 1 3 0 1 2 516 216 0 1703 3 
5 1 3 0 1 2 516 449 1 1280 4 
5 1 3 0 1 2 516 249 1 2716 4 
5 1 3 0 1 2 216 149 0 1631 4 
5 1 3 0 1 2 116 116 0 1434 4 
5 1 3 0 1 2 316 116 0 5371 4 
5 1 3 0 1 2 249 416 1 4059 4 
5 1 3 0 1 2 249 216 0 2524 4 
5 1 3 0 1 2 383 116 0 1655 4 
5 1 3 0 1 2 316 149 0 2227 4 
5 1 3 0 1 2 116 416 1 3470 4 
5 1 3 0 1 2 183 249 0 1849 3 
5 1 3 0 1 2 383 316 1 2913 4 
5 1 3 0 1 2 482 216 0 3206 3 
5 1 3 0 1 2 149 349 0 3359 3 
5 1 3 0 1 2 149 383 1 3978 3 
5 1 3 0 1 2 549 449 1 3024 4 
5 1 3 0 1 2 249 50 0 1891 4 
5 1 3 0 1 2 149 183 0 1827 4 
5 1 3 0 1 2 549 516 1 4367 4 
5 1 3 0 1 2 349 449 1 1678 4 
5 1 3 0 1 2 50 283 0 2489 4 
5 1 3 0 1 2 283 349 1 2181 4 
5 1 3 0 1 2 516 349 1 2682 4 
5 1 3 0 1 2 116 482 1 1160 4 
5 1 3 0 1 2 549 50 0 1644 4 
5 1 3 0 1 2 249 316 1 4072 4 
5 1 3 0 1 2 149 549 1 1051 4 
5 1 3 0 1 2 482 383 1 1295 4 
5 1 3 0 1 2 50 83 0 1181 4 
5 1 3 0 1 1 440 0 0 4573 
5 1 3 0 1 1 228 419 1 2050 
5 1 3 0 1 1 585 303 1 2361 
5 1 3 0 1 1 560 147 0 2000 
5 1 3 0 1 1 0 598 1 1448 
5 1 3 0 1 1 0 223 0 2082 
5 1 3 0 1 1 531 146 0 1513 
5 1 3 0 1 1 466 287 0 10872 
5 1 3 0 1 1 417 337 1 2785 
5 1 3 0 1 1 0 311 1 4882 
5 1 3 0 1 1 0 537 1 890 
5 1 3 0 1 1 0 102 0 1298 
5 1 3 0 1 1 0 599 1 1305 
5 1 3 0 1 1 0 599 1 1059 
5 1 3 0 1 1 567 214 0 2359 
5 1 3 0 1 1 174 155 0 849 
5 1 3 0 1 2 183 349 1 5286 4 
5 1 3 0 1 2 83 349 1 2745 4 
5 1 3 0 1 2 482 149 0 1313 4 
5 1 3 0 1 2 416 349 1 2181 4 
5 1 3 0 1 2 116 316 0 6594 3 
5 1 3 0 1 2 149 83 0 1284 4 
5 1 3 0 1 2 216 449 1 1811 4 
5 1 3 0 1 2 349 516 1 934 4 
5 1 3 0 1 2 149 249 0 3453 3 
5 1 3 0 1 2 183 383 1 3373 4 
5 1 3 0 1 2 416 482 1 1282 4 
5 1 3 0 1 2 549 316 1 3463 4 
5 1 3 0 1 2 83 449 1 1233 4 
5 1 3 0 1 2 149 116 0 1527 4 
5 1 3 0 1 2 449 116 0 1056 4 
5 1 3 0 1 2 349 383 1 4221 4 
5 1 3 0 1 2 449 449 1 1101 4 
5 1 3 0 1 2 83 149 0 1610 4 
5 1 3 0 1 2 216 349 1 1973 4 
5 1 3 0 1 2 482 50 0 2566 4 
5 1 3 0 1 2 283 383 1 3219 4 
5 1 3 0 1 2 549 383 1 4794 4 
5 1 3 0 1 2 349 83 0 1752 4 
5 1 3 0 1 2 316 283 0 3968 3 
5 1 3 0 1 2 249 183 0 2116 4 
5 1 3 0 1 2 283 216 0 1860 4 
5 1 3 0 1 2 449 83 0 1248 4 
5 1 3 0 1 2 383 83 0 1475 4 
5 1 3 0 1 2 416 249 0 3009 3 
5 1 3 0 1 2 83 83 0 2211 4 
5 1 3 0 1 2 516 383 1 3439 3 
5 1 3 0 1 2 50 149 0 1793 4 
5 1 3 0 1 1 582 218 0 3005 
5 1 3 0 1 1 318 0 0 1583 
5 1 3 0 1 1 455 337 1 1233 
5 1 3 0 1 1 586 577 1 985 
5 1 3 0 1 1 598 327 1 1584 
5 1 3 0 1 1 599 198 0 1552 
5 1 3 0 1 1 0 169 0 1000 
5 1 3 0 1 1 0 556 1 1016 
5 1 3 0 1 1 378 116 0 1763 
5 1 3 0 1 1 167 222 0 1759 
5 1 3 0 1 1 188 457 1 1017 
5 1 3 0 1 1 367 486 1 880 
5 1 3 0 1 1 433 279 0 3921 
5 1 3 0 1 1 246 306 1 3322 
5 1 3 0 1 1 599 148 0 2945 
5 1 3 0 1 1 24 357 1 2490 
5 1 3 0 1 2 549 183 0 2826 4 
5 1 3 0 1 2 283 482 1 1496 4 
5 1 3 0 1 2 149 283 0 6551 3 
5 1 3 0 1 2 549 83 0 1029 4 
5 1 3 0 1 2 249 549 1 1189 4 
5 1 3 0 1 2 83 183 0 2090 4 
5 1 3 0 1 2 449 316 1 2930 4 
5 1 3 0 1 2 149 482 1 1170 4 
5 1 3 0 1 2 349 216 0 2710 3 
5 1 3 0 1 2 383 416 1 1608 4 
5 1 3 0 1 2 183 449 1 1195 4 
5 1 3 0 1 2 50 516 1 1143 4 
5 1 3 0 1 2 316 449 1 1242 4 
5 1 3 0 1 2 283 83 0 2832 4 
5 1 3 0 1 2 216 83 0 2474 4 
5 1 3 0 1 2 383 50 0 950 4 
5 1 3 0 1 2 482 349 1 2699 4 
5 1 3 0 1 2 383 149 0 2101 4 
5 1 3 0 1 2 116 383 1 3582 4 
5 1 3 0 1 2 349 482 1 1032 4 
5 1 3 0 1 2 283 416 1 1097 4 
5 1 3 0 1 2 283 149 0 1242 4 
5 1 3 0 1 2 50 416 1 2278 4 
5 1 3 0 1 2 383 449 1 1443 4 
5 1 3 0 1 2 50 50 0 988 4 
5 1 3 0 1 2 183 83 0 949 4 
5 1 3 0 1 2 149 149 0 1106 4 
5 1 3 0 1 2 383 516 1 1557 4 
5 1 3 0 1 2 516 149 0 1000 4 
5 1 3 0 1 2 449 50 0 1415 4 
5 1 3 0 1 2 549 416 1 2033 4 
5 1 3 0 1 2 449 216 0 2941 4 
5 1 3 0 1 1 503 370 1 2933 
5 1 3 0 1 1 588 121 0 1457 
5 1 3 0 1 1 29 340 1 2825 
5 1 3 0 1 1 234 249 0 3002 
5 1 3 0 1 1 349 267 0 1113 
5 1 3 0 1 1 110 569 1 858 
5 1 3 0 1 1 110 212 0 1153 
5 1 3 0 1 1 103 244 0 4625 
5 1 3 0 1 1 432 65 0 897 
5 1 3 0 1 1 374 0 0 1193 
5 1 3 0 1 1 18 472 1 1065 
5 1 3 0 1 1 161 258 0 3953 
5 1 3 0 1 1 476 418 1 881 
5 1 3 0 1 1 424 357 1 1465 
5 1 3 0 1 1 141 292 0 4200 
5 1 3 0 1 1 187 545 1 793 
5 1 3 0 1 2 149 516 1 3433 5 
5 1 3 0 1 2 316 216 0 3162 4 
5 1 3 0 1 2 249 149 0 1419 5 
5 1 3 0 1 2 50 316 1 7821 3 
5 1 3 0 1 2 416 516 1 2286 5 
5 1 3 0 1 2 50 482 1 1204 5 
5 1 3 0 1 2 482 516 1 1216 5 
5 1 3 0 1 2 516 549 1 1033 5 
5 1 3 0 1 2 183 50 0 1551 5 
5 1 3 0 1 2 416 183 0 991 5 
5 1 3 0 1 2 216 50 0 1527 5 
5 1 3 0 1 2 416 449 1 1591 4 
5 1 3 0 1 2 482 249 0 5286 4 
5 1 3 0 1 2 516 482 1 2147 5 
5 1 3 0 1 2 249 516 1 1112 5 
5 1 3 0 1 2 183 116 0 1447 5 
5 1 3 0 1 2 216 416 1 3363 5 
5 1 3 0 1 2 283 249 0 3543 4 
5 1 3 0 1 2 50 249 0 3543 4 
5 1 3 0 1 2 449 549 1 1743 5 
5 1 3 0 1 2 283 116 1 4259 1 
5 1 3 0 1 2 149 316 1 5561 4 
5 1 3 0 1 2 383 183 0 3206 5 
5 1 3 0 1 2 349 116 0 2157 5 
5 1 3 0 1 2 316 349 1 2980 4 
5 1 3 0 1 2 416 216 0 4867 4 
5 1 3 0 1 2 383 216 0 1715 4 
5 1 3 0 1 2 216 482 1 2071 5 
5 1 3 0 1 2 316 316 1 1905 4 
5 1 3 0 1 2 516 183 0 10914 3 
5 1 3 0 1 2 149 50 0 5028 5 
5 1 3 0 1 2 249 349 1 4066 4 
