Subject 53 in condition 1
Training Condition: 3
Task: 0
Rule: [[[300, 220], [[9000, 0], [0, 2000]]], [[300, 380], [[9000, 0], [0, 2000]]]]
Noise: 0
CATA=0
CATB=1
Sample keys: 122 120
Resp keys: 309 307
Dim direction: 1 1
Dim minimum: 40 79
Test order: [1, 2, 0, 6, 5, 7, 4, 3]
53 1 3 0 1 1 575 187 0 5677 
53 1 3 0 1 1 231 189 0 7152 
53 1 3 0 1 1 247 79 0 2648 
53 1 3 0 1 1 354 548 1 1376 
53 1 3 0 1 1 469 463 1 2215 
53 1 3 0 1 1 487 0 0 1055 
53 1 3 0 1 1 0 584 1 2256 
53 1 3 0 1 1 0 187 0 2665 
53 1 3 0 1 1 0 547 1 6537 
53 1 3 0 1 1 595 550 1 1353 
53 1 3 0 1 1 599 411 1 785 
53 1 3 0 1 1 105 405 1 864 
53 1 3 0 1 1 599 330 1 1689 
53 1 3 0 1 1 73 252 0 2409 
53 1 3 0 1 1 577 0 0 4864 
53 1 3 0 1 1 181 545 1 1009 
53 1 3 0 1 2 482 516 1 3747 4 
53 1 3 0 1 2 249 516 1 4035 5 
53 1 3 0 1 2 416 183 0 5842 3 
53 1 3 0 1 2 149 50 0 4077 5 
53 1 3 0 1 2 482 249 1 2923 3 
53 1 3 0 1 2 316 216 1 4862 3 
53 1 3 0 1 2 183 50 0 6659 4 
53 1 3 0 1 2 283 116 0 4768 3 
53 1 3 0 1 2 416 449 1 3755 4 
53 1 3 0 1 2 283 249 1 2217 4 
53 1 3 0 1 2 416 216 1 2585 4 
53 1 3 0 1 2 416 516 1 1778 5 
53 1 3 0 1 2 216 50 0 4321 4 
53 1 3 0 1 2 149 516 1 2037 4 
53 1 3 0 1 2 50 482 1 1109 4 
53 1 3 0 1 2 316 316 1 2442 5 
53 1 3 0 1 2 249 349 1 2535 5 
53 1 3 0 1 2 50 249 1 2152 3 
53 1 3 0 1 2 449 549 0 3294 2 
53 1 3 0 1 2 516 183 1 3945 3 
53 1 3 0 1 2 216 416 1 1527 4 
53 1 3 0 1 2 183 116 0 1883 4 
53 1 3 0 1 2 149 316 1 1059 4 
53 1 3 0 1 2 516 482 1 1705 4 
53 1 3 0 1 2 383 183 0 4571 2 
53 1 3 0 1 2 316 349 1 2427 4 
53 1 3 0 1 2 349 116 0 4407 3 
53 1 3 0 1 2 383 216 1 2095 4 
53 1 3 0 1 2 216 482 1 904 4 
53 1 3 0 1 2 516 549 1 2344 3 
53 1 3 0 1 2 249 149 0 3345 3 
53 1 3 0 1 2 50 316 1 1228 4 
53 1 3 0 1 1 599 189 0 3693 
53 1 3 0 1 1 599 548 1 2241 
53 1 3 0 1 1 0 185 0 2689 
53 1 3 0 1 1 58 0 0 993 
53 1 3 0 1 1 578 599 1 5913 
53 1 3 0 1 1 599 328 1 864 
53 1 3 0 1 1 541 280 0 4488 
53 1 3 0 1 1 205 327 1 1064 
53 1 3 0 1 1 0 190 0 6984 
53 1 3 0 1 1 311 437 1 2128 
53 1 3 0 1 1 533 599 1 2504 
53 1 3 0 1 1 599 0 0 1528 
53 1 3 0 1 1 599 369 1 944 
53 1 3 0 1 1 419 311 1 1656 
53 1 3 0 1 1 262 288 0 3960 
53 1 3 0 1 1 172 548 1 4049 
53 1 3 0 1 2 83 349 1 6068 4 
53 1 3 0 1 2 283 383 1 2047 4 
53 1 3 0 1 2 50 149 0 3578 4 
53 1 3 0 1 2 349 516 0 6065 3 
53 1 3 0 1 2 216 349 1 1186 4 
53 1 3 0 1 2 449 83 0 6410 3 
53 1 3 0 1 2 482 50 0 3430 3 
53 1 3 0 1 2 416 349 0 3114 3 
53 1 3 0 1 2 216 449 1 1810 4 
53 1 3 0 1 2 83 149 0 3883 4 
53 1 3 0 1 2 383 83 0 3019 4 
53 1 3 0 1 2 249 183 0 3171 3 
53 1 3 0 1 2 83 449 1 1696 4 
53 1 3 0 1 2 183 383 1 990 5 
53 1 3 0 1 2 549 316 1 5954 5 
53 1 3 0 1 2 283 216 1 9749 4 
53 1 3 0 1 2 449 449 1 2974 5 
53 1 3 0 1 2 149 116 0 6479 4 
53 1 3 0 1 2 482 149 0 4897 4 
53 1 3 0 1 2 83 83 0 2028 4 
53 1 3 0 1 2 416 249 1 11136 4 
53 1 3 0 1 2 149 249 1 1798 4 
53 1 3 0 1 2 349 83 0 1811 4 
53 1 3 0 1 2 116 316 1 1370 5 
53 1 3 0 1 2 349 383 1 2010 5 
53 1 3 0 1 2 549 383 1 6244 4 
53 1 3 0 1 2 416 482 1 2136 4 
53 1 3 0 1 2 183 349 1 1299 4 
53 1 3 0 1 2 516 383 1 1859 4 
53 1 3 0 1 2 449 116 0 2480 4 
53 1 3 0 1 2 316 283 1 2524 4 
53 1 3 0 1 2 149 83 0 4454 3 
53 1 3 0 1 1 599 590 1 4949 
53 1 3 0 1 1 0 42 0 3032 
53 1 3 0 1 1 599 0 0 2192 
53 1 3 0 1 1 599 315 1 1048 
53 1 3 0 1 1 577 286 0 22648 
53 1 3 0 1 1 506 591 1 7473 
53 1 3 0 1 1 91 472 1 1368 
53 1 3 0 1 1 225 0 0 1873 
53 1 3 0 1 1 598 358 1 10297 
53 1 3 0 1 1 0 199 0 2025 
53 1 3 0 1 1 107 292 0 1992 
53 1 3 0 1 1 599 312 1 3320 
53 1 3 0 1 1 101 290 0 6000 
53 1 3 0 1 1 491 106 0 2615 
53 1 3 0 1 1 0 392 1 2479 
53 1 3 0 1 1 599 150 0 3023 
53 1 3 0 1 2 416 116 0 3395 3 
53 1 3 0 1 2 116 149 0 3713 3 
53 1 3 0 1 2 416 149 0 2050 3 
53 1 3 0 1 2 83 416 1 2151 4 
53 1 3 0 1 2 516 50 0 6272 4 
53 1 3 0 1 2 482 316 1 10273 4 
53 1 3 0 1 2 316 249 1 1291 4 
53 1 3 0 1 2 183 283 1 1364 3 
53 1 3 0 1 2 349 416 1 4718 4 
53 1 3 0 1 2 83 549 1 3216 3 
53 1 3 0 1 2 482 116 0 3333 3 
53 1 3 0 1 2 383 549 0 4032 4 
53 1 3 0 1 2 482 449 1 3242 3 
53 1 3 0 1 2 316 549 1 7292 3 
53 1 3 0 1 2 216 383 1 1562 4 
53 1 3 0 1 2 283 50 0 918 3 
53 1 3 0 1 2 449 349 1 2841 3 
53 1 3 0 1 2 50 449 1 1681 4 
53 1 3 0 1 2 549 216 0 3850 3 
53 1 3 0 1 2 83 316 1 4413 3 
53 1 3 0 1 2 83 516 1 2640 4 
53 1 3 0 1 2 316 516 1 2121 4 
53 1 3 0 1 2 216 549 0 5264 3 
53 1 3 0 1 2 516 283 0 9136 4 
53 1 3 0 1 2 249 283 1 5670 4 
53 1 3 0 1 2 249 116 0 1117 4 
53 1 3 0 1 2 83 482 1 1595 5 
53 1 3 0 1 2 183 216 1 2213 4 
53 1 3 0 1 2 116 83 0 914 4 
53 1 3 0 1 2 482 183 0 3025 3 
53 1 3 0 1 2 416 416 1 2028 5 
53 1 3 0 1 2 283 183 0 2175 4 
53 1 3 0 1 1 156 287 0 11397 
53 1 3 0 1 1 582 367 1 6031 
53 1 3 0 1 1 0 519 1 5353 
53 1 3 0 1 1 599 177 0 1042 
53 1 3 0 1 1 0 1 0 1064 
53 1 3 0 1 1 599 224 0 10016 
53 1 3 0 1 1 32 194 0 3410 
53 1 3 0 1 1 95 599 1 1825 
53 1 3 0 1 1 0 504 1 969 
53 1 3 0 1 1 518 599 1 6344 
53 1 3 0 1 1 9 313 1 920 
53 1 3 0 1 1 158 599 1 1808 
53 1 3 0 1 1 0 238 0 7855 
53 1 3 0 1 1 595 599 1 2488 
53 1 3 0 1 1 515 3 0 1424 
53 1 3 0 1 1 0 599 1 1944 
53 1 3 0 1 2 549 482 0 4423 4 
53 1 3 0 1 2 549 149 0 7442 4 
53 1 3 0 1 2 116 50 0 2617 3 
53 1 3 0 1 2 50 216 1 3221 4 
53 1 3 0 1 2 50 383 1 3796 4 
53 1 3 0 1 2 349 249 0 8160 4 
53 1 3 0 1 2 349 316 0 1762 4 
53 1 3 0 1 2 482 549 1 4864 3 
53 1 3 0 1 2 283 549 1 7203 4 
53 1 3 0 1 2 83 283 0 4779 3 
53 1 3 0 1 2 516 116 0 5937 3 
53 1 3 0 1 2 50 116 1 1906 3 
53 1 3 0 1 2 482 416 0 7705 4 
53 1 3 0 1 2 50 183 0 2292 4 
53 1 3 0 1 2 349 283 1 2147 4 
53 1 3 0 1 2 149 216 1 2825 4 
53 1 3 0 1 2 316 183 0 2095 4 
53 1 3 0 1 2 349 549 1 1511 4 
53 1 3 0 1 2 316 482 1 2216 4 
53 1 3 0 1 2 216 283 1 1913 4 
53 1 3 0 1 2 349 183 0 4669 4 
53 1 3 0 1 2 183 482 1 1897 4 
53 1 3 0 1 2 482 283 0 1836 3 
53 1 3 0 1 2 50 349 0 6403 3 
53 1 3 0 1 2 549 349 0 1193 3 
53 1 3 0 1 2 116 449 0 1564 3 
53 1 3 0 1 2 383 283 0 7120 3 
53 1 3 0 1 2 83 50 0 2517 4 
53 1 3 0 1 2 116 549 1 1925 4 
53 1 3 0 1 2 449 416 1 4556 4 
53 1 3 0 1 2 249 449 1 828 4 
53 1 3 0 1 2 249 482 1 3181 4 
53 1 3 0 1 1 599 301 1 4476 
53 1 3 0 1 1 581 278 0 3624 
53 1 3 0 1 1 431 327 1 7512 
53 1 3 0 1 1 170 287 0 4921 
53 1 3 0 1 1 202 318 1 889 
53 1 3 0 1 1 294 302 1 872 
53 1 3 0 1 1 254 307 1 752 
53 1 3 0 1 1 26 289 0 1145 
53 1 3 0 1 1 174 298 0 969 
53 1 3 0 1 1 67 392 1 992 
53 1 3 0 1 1 238 173 0 1265 
53 1 3 0 1 1 343 417 1 1297 
53 1 3 0 1 1 500 311 1 793 
53 1 3 0 1 1 96 294 0 1048 
53 1 3 0 1 1 550 223 0 1152 
53 1 3 0 1 1 31 599 1 1881 
53 1 3 0 1 2 549 283 1 2842 4 
53 1 3 0 1 2 283 449 1 988 4 
53 1 3 0 1 2 216 316 1 665 4 
53 1 3 0 1 2 183 416 1 956 4 
53 1 3 0 1 2 249 83 0 1121 4 
53 1 3 0 1 2 449 383 1 924 4 
53 1 3 0 1 2 383 383 1 1009 4 
53 1 3 0 1 2 183 316 1 1213 3 
53 1 3 0 1 2 449 149 0 1095 3 
53 1 3 0 1 2 183 183 0 1875 4 
53 1 3 0 1 2 116 516 1 1490 4 
53 1 3 0 1 2 316 50 0 951 4 
53 1 3 0 1 2 482 83 0 611 4 
53 1 3 0 1 2 116 283 1 698 4 
53 1 3 0 1 2 50 549 1 1498 4 
53 1 3 0 1 2 449 183 0 707 4 
53 1 3 0 1 2 316 416 1 685 4 
53 1 3 0 1 2 449 516 1 778 4 
53 1 3 0 1 2 116 249 1 947 4 
53 1 3 0 1 2 183 549 1 2608 4 
53 1 3 0 1 2 482 482 1 918 3 
53 1 3 0 1 2 183 516 1 1505 5 
53 1 3 0 1 2 316 383 1 895 5 
53 1 3 0 1 2 249 249 1 714 5 
53 1 3 0 1 2 416 83 0 929 4 
53 1 3 0 1 2 349 349 1 925 4 
53 1 3 0 1 2 116 216 1 1360 4 
53 1 3 0 1 2 216 183 0 3499 4 
53 1 3 0 1 2 83 116 0 671 4 
53 1 3 0 1 2 416 50 0 2993 4 
53 1 3 0 1 2 416 316 1 1012 4 
53 1 3 0 1 2 549 116 0 734 4 
53 1 3 0 1 1 440 311 1 1219 
53 1 3 0 1 1 519 296 0 1424 
53 1 3 0 1 1 599 0 0 5480 
53 1 3 0 1 1 500 599 1 3616 
53 1 3 0 1 1 231 184 0 3841 
53 1 3 0 1 1 599 333 1 937 
53 1 3 0 1 1 599 0 0 800 
53 1 3 0 1 1 552 360 1 712 
53 1 3 0 1 1 538 314 1 648 
53 1 3 0 1 1 55 287 0 2336 
53 1 3 0 1 1 355 273 0 1146 
53 1 3 0 1 1 599 101 0 937 
53 1 3 0 1 1 0 599 1 4048 
53 1 3 0 1 1 0 524 1 1657 
53 1 3 0 1 1 599 235 0 1497 
53 1 3 0 1 1 303 595 1 801 
53 1 3 0 1 2 549 50 0 5896 4 
53 1 3 0 1 2 316 116 0 4300 4 
53 1 3 0 1 2 50 83 0 770 4 
53 1 3 0 1 2 383 316 0 4711 4 
53 1 3 0 1 2 149 183 1 4246 4 
53 1 3 0 1 2 149 349 1 2591 4 
53 1 3 0 1 2 216 149 0 1992 4 
53 1 3 0 1 2 516 449 1 1326 4 
53 1 3 0 1 2 183 249 0 2099 4 
53 1 3 0 1 2 249 216 0 901 4 
53 1 3 0 1 2 383 349 1 12760 4 
53 1 3 0 1 2 149 383 1 1336 4 
53 1 3 0 1 2 316 149 0 1253 4 
53 1 3 0 1 2 516 349 1 4463 3 
53 1 3 0 1 2 50 283 1 1617 4 
53 1 3 0 1 2 149 549 1 1791 4 
53 1 3 0 1 2 116 416 1 1868 3 
53 1 3 0 1 2 349 449 1 1468 4 
53 1 3 0 1 2 549 516 1 2496 4 
53 1 3 0 1 2 482 383 1 2781 4 
53 1 3 0 1 2 349 149 0 2732 4 
53 1 3 0 1 2 516 249 0 2401 4 
53 1 3 0 1 2 516 216 0 2095 4 
53 1 3 0 1 2 549 449 1 1209 4 
53 1 3 0 1 2 249 50 0 6944 3 
53 1 3 0 1 2 116 116 0 2061 3 
53 1 3 0 1 2 116 482 1 1216 4 
53 1 3 0 1 2 383 116 0 992 4 
53 1 3 0 1 2 283 349 1 3836 3 
53 1 3 0 1 2 249 316 1 853 3 
53 1 3 0 1 2 482 216 1 1511 4 
53 1 3 0 1 2 249 416 1 4872 4 
53 1 3 0 1 1 599 384 1 2373 
53 1 3 0 1 1 599 20 0 2872 
53 1 3 0 1 1 598 62 0 904 
53 1 3 0 1 1 355 224 0 1377 
53 1 3 0 1 1 289 6 0 3976 
53 1 3 0 1 1 357 27 0 872 
53 1 3 0 1 1 367 287 0 976 
53 1 3 0 1 1 381 111 0 760 
53 1 3 0 1 1 467 441 1 841 
53 1 3 0 1 1 311 128 0 728 
53 1 3 0 1 1 0 54 0 711 
53 1 3 0 1 1 397 9 0 945 
53 1 3 0 1 1 327 384 1 697 
53 1 3 0 1 1 194 112 0 737 
53 1 3 0 1 1 328 239 0 777 
53 1 3 0 1 1 316 124 0 688 
53 1 3 0 1 2 516 416 1 3705 3 
53 1 3 0 1 2 83 216 0 13317 3 
53 1 3 0 1 2 449 249 0 1854 3 
53 1 3 0 1 2 349 50 0 2485 3 
53 1 3 0 1 2 549 249 0 6426 4 
53 1 3 0 1 2 516 316 1 3435 4 
53 1 3 0 1 2 216 249 0 1266 4 
53 1 3 0 1 2 216 516 1 1360 4 
53 1 3 0 1 2 183 149 0 1073 4 
53 1 3 0 1 2 216 216 0 697 4 
53 1 3 0 1 2 549 549 1 829 4 
53 1 3 0 1 2 83 249 0 1022 4 
53 1 3 0 1 2 516 83 0 1120 4 
53 1 3 0 1 2 449 482 1 864 4 
53 1 3 0 1 2 83 383 1 1067 4 
53 1 3 0 1 2 216 116 0 1514 3 
53 1 3 0 1 2 283 316 0 9724 3 
53 1 3 0 1 2 416 283 1 1479 3 
53 1 3 0 1 2 149 416 1 1399 3 
53 1 3 0 1 2 116 349 0 5160 4 
53 1 3 0 1 2 449 283 0 1191 3 
53 1 3 0 1 2 383 249 0 785 3 
53 1 3 0 1 2 316 83 0 706 3 
53 1 3 0 1 2 149 449 1 942 4 
53 1 3 0 1 2 249 383 1 1943 4 
53 1 3 0 1 2 516 516 1 940 4 
53 1 3 0 1 2 416 383 1 3320 4 
53 1 3 0 1 2 416 549 1 1756 4 
53 1 3 0 1 2 116 183 0 832 3 
53 1 3 0 1 2 283 283 0 1423 4 
53 1 3 0 1 2 383 482 1 1376 4 
53 1 3 0 1 2 283 516 1 752 4 
53 1 3 0 1 1 203 339 1 7293 
53 1 3 0 1 1 370 0 0 8377 
53 1 3 0 1 1 246 599 1 1257 
53 1 3 0 1 1 164 521 1 1849 
53 1 3 0 1 1 253 599 1 937 
53 1 3 0 1 1 485 80 0 1353 
53 1 3 0 1 1 368 275 0 1552 
53 1 3 0 1 1 193 329 1 3608 
53 1 3 0 1 1 376 580 1 1120 
53 1 3 0 1 1 28 473 1 921 
53 1 3 0 1 1 358 599 1 776 
53 1 3 0 1 1 133 147 0 1217 
53 1 3 0 1 1 372 428 1 983 
53 1 3 0 1 1 240 339 1 1218 
53 1 3 0 1 1 26 63 0 2045 
53 1 3 0 1 1 208 235 0 1432 
53 1 3 0 1 2 383 416 1 3805 4 
53 1 3 0 1 2 183 83 0 3922 4 
53 1 3 0 1 2 50 50 0 1041 4 
53 1 3 0 1 2 83 183 0 1248 4 
53 1 3 0 1 2 50 516 1 1165 4 
53 1 3 0 1 2 449 316 1 2026 4 
53 1 3 0 1 2 283 416 1 1447 4 
53 1 3 0 1 2 383 516 1 1134 4 
53 1 3 0 1 2 449 50 0 1713 4 
53 1 3 0 1 2 183 449 1 900 4 
53 1 3 0 1 2 50 416 1 1327 4 
53 1 3 0 1 2 383 449 1 636 4 
53 1 3 0 1 2 116 383 1 614 4 
53 1 3 0 1 2 149 149 0 1105 4 
53 1 3 0 1 2 349 482 1 857 4 
53 1 3 0 1 2 549 416 1 767 4 
53 1 3 0 1 2 549 83 0 1823 4 
53 1 3 0 1 2 283 149 0 931 4 
53 1 3 0 1 2 283 482 1 976 4 
53 1 3 0 1 2 149 482 1 1620 4 
53 1 3 0 1 2 283 83 0 3772 4 
53 1 3 0 1 2 449 216 1 898 4 
53 1 3 0 1 2 316 449 1 5211 4 
53 1 3 0 1 2 216 83 0 1651 4 
53 1 3 0 1 2 249 549 1 1058 4 
53 1 3 0 1 2 383 149 0 2820 4 
53 1 3 0 1 2 349 216 0 3009 4 
53 1 3 0 1 2 549 183 0 1367 4 
53 1 3 0 1 2 482 349 1 1716 4 
53 1 3 0 1 2 383 50 0 2435 3 
53 1 3 0 1 2 149 283 1 2210 4 
53 1 3 0 1 2 516 149 0 2294 4 
