Subject 111 in condition 7, using samples from subject 107
Training Condition: 1
Task: 1
Rule: [[[250, 250], [[4538, -4463], [-4463, 4538]]], [[350, 350], [[4538, -4463], [-4463, 4538]]]]
Noise: 0
CATA=0
CATB=1
Sample keys: 120 122
Resp keys: 307 309
Dim direction: 0 0
Dim minimum: 56 53
Test order: [1, 0, 4, 2, 5, 6, 3, 7]
111 7 1 1 1 1 286 59 0 5013 
111 7 1 1 1 1 458 528 1 2816 
111 7 1 1 1 1 289 0 0 2609 
111 7 1 1 1 1 599 599 0 2377 
111 7 1 1 1 1 245 206 0 2712 
111 7 1 1 1 1 37 599 1 1224 
111 7 1 1 1 1 528 0 0 1785 
111 7 1 1 1 1 86 48 0 2880 
111 7 1 1 1 1 349 599 1 3320 
111 7 1 1 1 1 599 255 1 1912 
111 7 1 1 1 1 4 325 0 1328 
111 7 1 1 1 1 558 450 1 1008 
111 7 1 1 1 1 0 374 0 1503 
111 7 1 1 1 1 7 0 0 1529 
111 7 1 1 1 1 599 229 1 1481 
111 7 1 1 1 1 91 209 0 1200 
111 7 1 1 1 2 283 249 0 4166 3 
111 7 1 1 1 2 216 416 0 3959 3 
111 7 1 1 1 2 249 349 0 2296 3 
111 7 1 1 1 2 416 449 1 1867 3 
111 7 1 1 1 2 349 116 1 2801 3 
111 7 1 1 1 2 249 149 1 3515 3 
111 7 1 1 1 2 50 249 0 2266 3 
111 7 1 1 1 2 183 116 0 2476 3 
111 7 1 1 1 2 482 516 1 2573 3 
111 7 1 1 1 2 50 482 0 2139 3 
111 7 1 1 1 2 516 183 1 1542 3 
111 7 1 1 1 2 482 249 1 1402 3 
111 7 1 1 1 2 149 50 0 1841 3 
111 7 1 1 1 2 416 183 1 1657 3 
111 7 1 1 1 2 50 316 0 1279 3 
111 7 1 1 1 2 283 116 1 1455 3 
111 7 1 1 1 2 449 549 1 1492 3 
111 7 1 1 1 2 249 516 1 1266 3 
111 7 1 1 1 2 383 183 1 1884 3 
111 7 1 1 1 2 149 316 0 2259 3 
111 7 1 1 1 2 316 316 0 1686 3 
111 7 1 1 1 2 516 482 1 1427 3 
111 7 1 1 1 2 383 216 1 4874 3 
111 7 1 1 1 2 516 549 1 1989 3 
111 7 1 1 1 2 216 50 0 1711 1 
111 7 1 1 1 2 416 216 1 1748 3 
111 7 1 1 1 2 416 516 1 1592 3 
111 7 1 1 1 2 149 516 1 1646 2 
111 7 1 1 1 2 316 349 0 2407 3 
111 7 1 1 1 2 183 50 0 1910 3 
111 7 1 1 1 2 216 482 1 1855 3 
111 7 1 1 1 2 316 216 0 2036 3 
111 7 1 1 1 1 596 559 1 9604 
111 7 1 1 1 1 599 210 1 4920 
111 7 1 1 1 1 599 0 0 4641 
111 7 1 1 1 1 599 370 1 1984 
111 7 1 1 1 1 10 569 0 3168 
111 7 1 1 1 1 0 210 0 1770 
111 7 1 1 1 1 0 0 0 1281 
111 7 1 1 1 1 0 514 0 1369 
111 7 1 1 1 1 244 571 1 1473 
111 7 1 1 1 1 310 205 0 3449 
111 7 1 1 1 1 599 248 1 2321 
111 7 1 1 1 1 230 0 0 2352 
111 7 1 1 1 1 285 125 0 1473 
111 7 1 1 1 1 567 222 1 1649 
111 7 1 1 1 1 586 0 0 2009 
111 7 1 1 1 1 43 333 0 2249 
111 7 1 1 1 2 216 383 1 3680 3 
111 7 1 1 1 2 516 50 1 1831 3 
111 7 1 1 1 2 549 216 0 1789 3 
111 7 1 1 1 2 482 116 0 4464 3 
111 7 1 1 1 2 249 283 0 4092 3 
111 7 1 1 1 2 50 449 0 1824 3 
111 7 1 1 1 2 116 83 0 2016 3 
111 7 1 1 1 2 316 249 1 6075 3 
111 7 1 1 1 2 416 416 0 1959 3 
111 7 1 1 1 2 183 283 0 1429 3 
111 7 1 1 1 2 83 316 0 1016 3 
111 7 1 1 1 2 449 349 1 1903 3 
111 7 1 1 1 2 482 316 1 1244 3 
111 7 1 1 1 2 83 416 0 1803 3 
111 7 1 1 1 2 349 416 1 2004 3 
111 7 1 1 1 2 83 482 0 1160 3 
111 7 1 1 1 2 383 549 1 1954 3 
111 7 1 1 1 2 283 183 0 4426 3 
111 7 1 1 1 2 83 516 0 1095 3 
111 7 1 1 1 2 416 149 1 2432 3 
111 7 1 1 1 2 316 516 0 2138 3 
111 7 1 1 1 2 482 449 1 1766 3 
111 7 1 1 1 2 183 216 0 1606 3 
111 7 1 1 1 2 216 549 1 1467 3 
111 7 1 1 1 2 283 50 1 1222 3 
111 7 1 1 1 2 516 283 1 1271 3 
111 7 1 1 1 2 482 183 0 1522 3 
111 7 1 1 1 2 416 116 1 1347 3 
111 7 1 1 1 2 116 149 0 1457 3 
111 7 1 1 1 2 316 549 1 1202 3 
111 7 1 1 1 2 83 549 0 1786 3 
111 7 1 1 1 2 249 116 1 827 3 
111 7 1 1 1 1 599 572 0 11845 
111 7 1 1 1 1 599 212 1 4897 
111 7 1 1 1 1 599 0 0 5441 
111 7 1 1 1 1 599 125 1 1480 
111 7 1 1 1 1 599 355 1 1672 
111 7 1 1 1 1 599 45 1 1264 
111 7 1 1 1 1 0 571 0 3121 
111 7 1 1 1 1 0 211 0 1376 
111 7 1 1 1 1 14 0 0 1113 
111 7 1 1 1 1 86 599 1 2200 
111 7 1 1 1 1 383 560 1 2992 
111 7 1 1 1 1 335 204 0 2448 
111 7 1 1 1 1 339 0 0 1104 
111 7 1 1 1 1 352 599 1 3328 
111 7 1 1 1 1 241 234 0 1080 
111 7 1 1 1 1 0 17 0 1184 
111 7 1 1 1 2 216 249 0 5795 3 
111 7 1 1 1 2 249 383 0 1294 3 
111 7 1 1 1 2 283 516 0 3686 3 
111 7 1 1 1 2 516 316 1 2485 3 
111 7 1 1 1 2 383 482 0 2461 3 
111 7 1 1 1 2 449 482 0 1603 3 
111 7 1 1 1 2 216 516 0 2391 3 
111 7 1 1 1 2 383 249 1 3151 3 
111 7 1 1 1 2 416 383 0 2726 3 
111 7 1 1 1 2 149 449 0 4514 3 
111 7 1 1 1 2 116 349 0 1170 3 
111 7 1 1 1 2 549 549 1 1842 3 
111 7 1 1 1 2 416 549 1 1157 3 
111 7 1 1 1 2 516 416 0 2198 3 
111 7 1 1 1 2 183 149 0 4168 3 
111 7 1 1 1 2 516 516 1 1516 3 
111 7 1 1 1 2 349 50 1 1207 3 
111 7 1 1 1 2 316 83 1 2389 3 
111 7 1 1 1 2 416 283 0 929 3 
111 7 1 1 1 2 83 383 0 1433 3 
111 7 1 1 1 2 516 83 0 3150 3 
111 7 1 1 1 2 449 249 1 3007 3 
111 7 1 1 1 2 83 249 0 1817 3 
111 7 1 1 1 2 449 283 1 1868 3 
111 7 1 1 1 2 216 216 1 3549 3 
111 7 1 1 1 2 283 316 0 739 3 
111 7 1 1 1 2 116 183 0 1719 3 
111 7 1 1 1 2 83 216 0 1227 3 
111 7 1 1 1 2 149 416 0 2095 3 
111 7 1 1 1 2 283 283 0 2419 3 
111 7 1 1 1 2 216 116 0 1952 3 
111 7 1 1 1 2 549 249 1 3053 3 
111 7 1 1 1 1 599 204 1 6469 
111 7 1 1 1 1 599 568 1 3400 
111 7 1 1 1 1 599 29 1 1777 
111 7 1 1 1 1 599 147 1 1561 
111 7 1 1 1 1 599 447 1 1424 
111 7 1 1 1 1 0 575 0 1705 
111 7 1 1 1 1 0 214 0 1393 
111 7 1 1 1 1 0 599 0 1169 
111 7 1 1 1 1 0 2 0 833 
111 7 1 1 1 1 332 219 0 920 
111 7 1 1 1 1 290 580 1 3400 
111 7 1 1 1 1 332 0 0 1503 
111 7 1 1 1 1 347 599 1 2264 
111 7 1 1 1 1 303 211 0 840 
111 7 1 1 1 1 234 573 1 2177 
111 7 1 1 1 1 366 431 1 936 
111 7 1 1 1 2 50 149 1 2577 3 
111 7 1 1 1 2 449 449 0 5018 3 
111 7 1 1 1 2 549 316 1 1027 3 
111 7 1 1 1 2 249 183 1 1020 3 
111 7 1 1 1 2 482 149 1 1010 3 
111 7 1 1 1 2 349 383 0 2277 3 
111 7 1 1 1 2 316 283 1 1172 3 
111 7 1 1 1 2 216 449 1 1290 3 
111 7 1 1 1 2 83 149 1 811 3 
111 7 1 1 1 2 149 83 0 1799 3 
111 7 1 1 1 2 83 449 0 866 3 
111 7 1 1 1 2 482 50 1 1050 3 
111 7 1 1 1 2 83 349 0 2196 3 
111 7 1 1 1 2 416 249 1 1023 3 
111 7 1 1 1 2 516 383 1 1624 3 
111 7 1 1 1 2 449 83 0 1021 3 
111 7 1 1 1 2 416 482 1 1665 3 
111 7 1 1 1 2 116 316 0 2289 3 
111 7 1 1 1 2 549 383 1 1139 3 
111 7 1 1 1 2 449 116 1 839 3 
111 7 1 1 1 2 349 83 1 752 3 
111 7 1 1 1 2 283 383 1 682 3 
111 7 1 1 1 2 283 216 1 2001 3 
111 7 1 1 1 2 383 83 1 938 3 
111 7 1 1 1 2 83 83 0 2787 3 
111 7 1 1 1 2 183 349 0 1061 3 
111 7 1 1 1 2 416 349 1 1379 3 
111 7 1 1 1 2 149 116 0 2312 3 
111 7 1 1 1 2 216 349 1 2743 3 
111 7 1 1 1 2 349 516 1 1288 3 
111 7 1 1 1 2 183 383 0 929 3 
111 7 1 1 1 2 149 249 0 1651 3 
111 7 1 1 1 1 598 206 1 3757 
111 7 1 1 1 1 591 570 1 1624 
111 7 1 1 1 1 598 0 0 4473 
111 7 1 1 1 1 599 446 1 1721 
111 7 1 1 1 1 413 212 1 879 
111 7 1 1 1 1 320 569 1 721 
111 7 1 1 1 1 305 0 0 1536 
111 7 1 1 1 1 306 450 1 928 
111 7 1 1 1 1 0 206 0 1744 
111 7 1 1 1 1 1 30 0 816 
111 7 1 1 1 1 0 566 0 856 
111 7 1 1 1 1 0 463 0 816 
111 7 1 1 1 1 338 158 0 744 
111 7 1 1 1 1 0 351 0 1456 
111 7 1 1 1 1 599 449 1 1281 
111 7 1 1 1 1 599 0 0 1521 
111 7 1 1 1 2 216 183 0 2789 3 
111 7 1 1 1 2 183 316 1 3769 3 
111 7 1 1 1 2 183 516 1 4177 3 
111 7 1 1 1 2 416 50 0 1512 3 
111 7 1 1 1 2 183 416 1 1335 3 
111 7 1 1 1 2 316 416 1 3947 3 
111 7 1 1 1 2 316 50 0 828 3 
111 7 1 1 1 2 449 383 1 2817 3 
111 7 1 1 1 2 449 516 1 1131 3 
111 7 1 1 1 2 482 482 1 1312 3 
111 7 1 1 1 2 549 116 0 1021 3 
111 7 1 1 1 2 416 83 0 835 3 
111 7 1 1 1 2 349 349 0 1983 3 
111 7 1 1 1 2 183 549 0 2565 3 
111 7 1 1 1 2 416 316 1 4260 3 
111 7 1 1 1 2 216 316 0 1613 3 
111 7 1 1 1 2 116 216 0 917 3 
111 7 1 1 1 2 249 83 0 795 3 
111 7 1 1 1 2 383 383 1 2331 3 
111 7 1 1 1 2 449 183 0 1027 3 
111 7 1 1 1 2 316 383 1 1193 3 
111 7 1 1 1 2 283 449 1 3614 3 
111 7 1 1 1 2 449 149 0 2087 3 
111 7 1 1 1 2 183 183 1 1443 3 
111 7 1 1 1 2 249 249 0 928 3 
111 7 1 1 1 2 83 116 0 900 3 
111 7 1 1 1 2 116 283 1 1494 3 
111 7 1 1 1 2 50 549 1 1367 3 
111 7 1 1 1 2 482 83 1 1850 3 
111 7 1 1 1 2 549 283 0 2547 3 
111 7 1 1 1 2 116 249 0 2496 3 
111 7 1 1 1 2 116 516 0 1373 3 
111 7 1 1 1 1 599 212 1 3469 
111 7 1 1 1 1 599 566 1 3553 
111 7 1 1 1 1 599 0 0 2840 
111 7 1 1 1 1 597 148 1 1641 
111 7 1 1 1 1 599 418 1 1536 
111 7 1 1 1 1 0 207 0 1913 
111 7 1 1 1 1 0 466 0 1137 
111 7 1 1 1 1 0 571 0 953 
111 7 1 1 1 1 0 0 1 1183 
111 7 1 1 1 1 0 69 0 2665 
111 7 1 1 1 1 2 328 0 1441 
111 7 1 1 1 1 330 211 0 1146 
111 7 1 1 1 1 433 194 1 1520 
111 7 1 1 1 1 97 206 0 1209 
111 7 1 1 1 1 346 0 0 1736 
111 7 1 1 1 1 217 567 1 3706 
111 7 1 1 1 2 549 482 1 6142 3 
111 7 1 1 1 2 482 549 1 3625 2 
111 7 1 1 1 2 316 183 0 1566 2 
111 7 1 1 1 2 549 149 1 6292 3 
111 7 1 1 1 2 482 416 1 2047 3 
111 7 1 1 1 2 549 349 1 1211 3 
111 7 1 1 1 2 316 482 1 2368 3 
111 7 1 1 1 2 349 549 1 2911 3 
111 7 1 1 1 2 50 349 0 2309 3 
111 7 1 1 1 2 50 116 0 3619 3 
111 7 1 1 1 2 249 482 1 2770 3 
111 7 1 1 1 2 183 482 1 1582 3 
111 7 1 1 1 2 349 183 0 1261 3 
111 7 1 1 1 2 349 249 1 3657 3 
111 7 1 1 1 2 149 216 0 1167 3 
111 7 1 1 1 2 383 283 1 1092 3 
111 7 1 1 1 2 116 50 0 989 3 
111 7 1 1 1 2 249 449 1 1091 3 
111 7 1 1 1 2 83 50 0 1220 3 
111 7 1 1 1 2 349 283 1 1542 3 
111 7 1 1 1 2 50 216 0 1485 3 
111 7 1 1 1 2 116 449 1 2178 3 
111 7 1 1 1 2 116 549 1 1315 3 
111 7 1 1 1 2 50 383 1 916 3 
111 7 1 1 1 2 516 116 0 916 3 
111 7 1 1 1 2 449 416 0 3318 3 
111 7 1 1 1 2 349 316 1 3421 3 
111 7 1 1 1 2 283 549 1 1168 3 
111 7 1 1 1 2 482 283 0 1044 3 
111 7 1 1 1 2 50 183 0 1002 3 
111 7 1 1 1 2 83 283 0 1739 3 
111 7 1 1 1 2 216 283 1 2699 3 
111 7 1 1 1 1 0 280 0 2245 
111 7 1 1 1 1 236 376 1 6312 
111 7 1 1 1 1 263 85 0 1866 
111 7 1 1 1 1 300 476 1 1985 
111 7 1 1 1 1 176 112 0 1521 
111 7 1 1 1 1 505 132 1 2289 
111 7 1 1 1 1 394 222 1 1369 
111 7 1 1 1 1 251 480 1 1257 
111 7 1 1 1 1 429 257 1 1049 
111 7 1 1 1 1 525 93 1 1010 
111 7 1 1 1 1 328 203 0 3137 
111 7 1 1 1 1 201 360 0 3137 
111 7 1 1 1 1 426 338 1 3809 
111 7 1 1 1 1 415 0 0 2953 
111 7 1 1 1 1 10 418 0 2609 
111 7 1 1 1 1 42 558 0 1096 
111 7 1 1 1 2 50 516 1 4233 3 
111 7 1 1 1 2 249 549 0 12643 1 
111 7 1 1 1 2 50 416 0 5980 1 
111 7 1 1 1 2 516 149 1 2335 1 
111 7 1 1 1 2 116 383 1 2765 1 
111 7 1 1 1 2 149 283 0 2122 1 
111 7 1 1 1 2 549 183 1 3746 1 
111 7 1 1 1 2 216 83 0 3110 1 
111 7 1 1 1 2 149 149 1 1977 1 
111 7 1 1 1 2 482 349 0 2908 1 
111 7 1 1 1 2 383 416 0 1536 1 
111 7 1 1 1 2 383 449 0 880 1 
111 7 1 1 1 2 183 83 0 2340 1 
111 7 1 1 1 2 383 50 1 1525 1 
111 7 1 1 1 2 283 482 0 1392 1 
111 7 1 1 1 2 283 83 1 821 1 
111 7 1 1 1 2 449 316 0 694 1 
111 7 1 1 1 2 283 416 0 1681 1 
111 7 1 1 1 2 349 216 1 1935 1 
111 7 1 1 1 2 50 50 0 876 1 
111 7 1 1 1 2 83 183 0 1643 1 
111 7 1 1 1 2 183 449 0 1870 1 
111 7 1 1 1 2 283 149 0 2211 1 
111 7 1 1 1 2 449 216 0 3734 1 
111 7 1 1 1 2 349 482 1 1830 1 
111 7 1 1 1 2 316 449 0 725 1 
111 7 1 1 1 2 549 416 0 2335 1 
111 7 1 1 1 2 149 482 0 1817 1 
111 7 1 1 1 2 549 83 1 1564 1 
111 7 1 1 1 2 449 50 0 2063 1 
111 7 1 1 1 2 383 149 1 1680 1 
111 7 1 1 1 2 383 516 0 1212 1 
111 7 1 1 1 1 599 133 1 11293 
111 7 1 1 1 1 412 22 0 1993 
111 7 1 1 1 1 444 521 1 1280 
111 7 1 1 1 1 452 368 1 5007 
111 7 1 1 1 1 261 350 1 2129 
111 7 1 1 1 1 10 50 0 3233 
111 7 1 1 1 1 118 225 0 1504 
111 7 1 1 1 1 277 577 1 3714 
111 7 1 1 1 1 209 139 0 4529 
111 7 1 1 1 1 84 0 0 3145 
111 7 1 1 1 1 597 221 1 1961 
111 7 1 1 1 1 427 274 1 2857 
111 7 1 1 1 1 234 198 0 2017 
111 7 1 1 1 1 54 339 0 921 
111 7 1 1 1 1 58 599 1 1713 
111 7 1 1 1 1 266 0 0 4545 
111 7 1 1 1 2 149 183 1 4410 2 
111 7 1 1 1 2 50 83 0 3915 2 
111 7 1 1 1 2 249 50 0 2191 2 
111 7 1 1 1 2 516 216 1 2219 2 
111 7 1 1 1 2 482 383 1 2806 2 
111 7 1 1 1 2 116 482 1 2826 2 
111 7 1 1 1 2 116 416 0 3195 2 
111 7 1 1 1 2 249 216 0 2598 2 
111 7 1 1 1 2 316 116 1 1267 2 
111 7 1 1 1 2 316 149 1 1337 2 
111 7 1 1 1 2 383 349 0 1538 2 
111 7 1 1 1 2 249 416 1 1979 2 
111 7 1 1 1 2 516 349 1 2397 2 
111 7 1 1 1 2 149 549 1 1963 2 
111 7 1 1 1 2 549 449 0 2308 2 
111 7 1 1 1 2 249 316 0 1236 2 
111 7 1 1 1 2 149 383 0 772 2 
111 7 1 1 1 2 349 449 0 842 2 
111 7 1 1 1 2 183 249 0 803 2 
111 7 1 1 1 2 549 50 0 2444 2 
111 7 1 1 1 2 349 149 1 5413 2 
111 7 1 1 1 2 50 283 0 2860 4 
111 7 1 1 1 2 216 149 1 4900 5 
111 7 1 1 1 2 149 349 0 10507 2 
111 7 1 1 1 2 383 116 1 1424 2 
111 7 1 1 1 2 383 316 0 2554 2 
111 7 1 1 1 2 516 449 1 1640 2 
111 7 1 1 1 2 116 116 0 2346 2 
111 7 1 1 1 2 516 249 1 3272 2 
111 7 1 1 1 2 482 216 1 1408 2 
111 7 1 1 1 2 283 349 1 2253 2 
111 7 1 1 1 2 549 516 0 1311 2 
