Subject 71 in condition 7, using samples from subject 67
Training Condition: 1
Task: 1
Rule: [[[250, 250], [[4538, -4463], [-4463, 4538]]], [[350, 350], [[4538, -4463], [-4463, 4538]]]]
Noise: 0
CATA=1
CATB=0
Sample keys: 122 120
Resp keys: 309 307
Dim direction: 0 1
Dim minimum: 50 79
Test order: [6, 4, 2, 5, 1, 0, 3, 7]
71 7 1 1 1 1 282 87 0 7142 
71 7 1 1 1 1 599 87 1 3762 
71 7 1 1 1 1 0 88 0 2514 
71 7 1 1 1 1 599 258 1 1848 
71 7 1 1 1 1 0 452 0 1730 
71 7 1 1 1 1 599 446 1 889 
71 7 1 1 1 1 599 0 0 6953 
71 7 1 1 1 1 599 529 1 1705 
71 7 1 1 1 1 1 599 0 1025 
71 7 1 1 1 1 4 87 0 1913 
71 7 1 1 1 1 0 447 0 928 
71 7 1 1 1 1 599 301 1 2281 
71 7 1 1 1 1 599 599 1 2672 
71 7 1 1 1 1 4 293 0 808 
71 7 1 1 1 1 0 599 0 1002 
71 7 1 1 1 1 0 89 0 865 
71 7 1 1 1 2 50 349 0 9784 5 
71 7 1 1 1 2 349 316 0 19049 2 
71 7 1 1 1 2 283 549 0 6259 2 
71 7 1 1 1 2 549 149 1 2505 5 
71 7 1 1 1 2 149 216 0 1905 5 
71 7 1 1 1 2 349 183 0 7849 3 
71 7 1 1 1 2 50 216 0 1624 5 
71 7 1 1 1 2 383 283 0 8209 2 
71 7 1 1 1 2 50 383 0 1619 5 
71 7 1 1 1 2 249 482 0 2331 3 
71 7 1 1 1 2 216 283 0 1695 4 
71 7 1 1 1 2 50 116 0 1064 5 
71 7 1 1 1 2 482 416 1 2294 3 
71 7 1 1 1 2 50 183 0 1363 4 
71 7 1 1 1 2 449 416 0 2694 1 
71 7 1 1 1 2 116 549 0 4026 5 
71 7 1 1 1 2 316 183 0 1732 3 
71 7 1 1 1 2 482 283 1 2580 5 
71 7 1 1 1 2 349 283 1 5314 3 
71 7 1 1 1 2 83 283 0 1436 5 
71 7 1 1 1 2 549 482 1 2035 5 
71 7 1 1 1 2 482 549 1 1005 5 
71 7 1 1 1 2 83 50 0 1264 5 
71 7 1 1 1 2 349 249 0 8043 3 
71 7 1 1 1 2 316 482 0 2457 3 
71 7 1 1 1 2 183 482 0 3091 3 
71 7 1 1 1 2 116 449 0 2672 4 
71 7 1 1 1 2 516 116 1 3000 5 
71 7 1 1 1 2 349 549 1 12598 3 
71 7 1 1 1 2 116 50 0 1416 5 
71 7 1 1 1 2 549 349 1 1390 5 
71 7 1 1 1 2 249 449 0 3206 3 
71 7 1 1 1 1 0 433 0 3671 
71 7 1 1 1 1 0 277 0 1442 
71 7 1 1 1 1 0 88 0 747 
71 7 1 1 1 1 0 489 0 928 
71 7 1 1 1 1 3 29 0 1033 
71 7 1 1 1 1 599 599 0 7195 
71 7 1 1 1 1 599 295 1 1008 
71 7 1 1 1 1 599 437 1 752 
71 7 1 1 1 1 599 0 0 4664 
71 7 1 1 1 1 599 132 1 1384 
71 7 1 1 1 1 599 40 1 769 
71 7 1 1 1 1 507 569 1 1025 
71 7 1 1 1 1 189 349 0 904 
71 7 1 1 1 1 535 212 1 1377 
71 7 1 1 1 1 431 219 1 801 
71 7 1 1 1 1 234 199 0 1784 
71 7 1 1 1 2 149 416 0 2696 5 
71 7 1 1 1 2 383 249 0 3632 3 
71 7 1 1 1 2 249 383 0 1623 4 
71 7 1 1 1 2 283 516 0 1445 4 
71 7 1 1 1 2 216 116 0 1830 5 
71 7 1 1 1 2 549 249 1 2744 5 
71 7 1 1 1 2 316 83 0 5923 3 
71 7 1 1 1 2 183 149 0 920 5 
71 7 1 1 1 2 449 249 0 4184 3 
71 7 1 1 1 2 416 549 0 984 3 
71 7 1 1 1 2 516 83 1 2877 5 
71 7 1 1 1 2 83 383 0 2660 5 
71 7 1 1 1 2 116 183 0 858 5 
71 7 1 1 1 2 549 549 1 3934 5 
71 7 1 1 1 2 416 283 1 6468 3 
71 7 1 1 1 2 516 516 1 2261 5 
71 7 1 1 1 2 83 249 0 1024 5 
71 7 1 1 1 2 283 316 0 1784 3 
71 7 1 1 1 2 416 383 0 1955 3 
71 7 1 1 1 2 149 449 0 1531 5 
71 7 1 1 1 2 516 316 1 3853 3 
71 7 1 1 1 2 516 416 1 861 3 
71 7 1 1 1 2 216 216 0 1096 5 
71 7 1 1 1 2 216 249 0 799 5 
71 7 1 1 1 2 216 516 0 804 5 
71 7 1 1 1 2 383 482 0 2730 3 
71 7 1 1 1 2 449 482 1 3214 3 
71 7 1 1 1 2 116 349 0 1303 5 
71 7 1 1 1 2 449 283 1 3803 2 
71 7 1 1 1 2 349 50 0 4980 3 
71 7 1 1 1 2 283 283 0 2696 5 
71 7 1 1 1 2 83 216 0 929 5 
71 7 1 1 1 1 534 88 1 4854 
71 7 1 1 1 1 507 32 0 2584 
71 7 1 1 1 1 587 286 1 1081 
71 7 1 1 1 1 523 438 1 1024 
71 7 1 1 1 1 317 86 0 3106 
71 7 1 1 1 1 430 405 1 1146 
71 7 1 1 1 1 328 537 1 2401 
71 7 1 1 1 1 288 156 0 2154 
71 7 1 1 1 1 256 442 1 1783 
71 7 1 1 1 1 186 237 0 1097 
71 7 1 1 1 1 400 441 1 1097 
71 7 1 1 1 1 221 387 1 1321 
71 7 1 1 1 1 244 51 0 1993 
71 7 1 1 1 1 325 320 1 1257 
71 7 1 1 1 1 230 599 1 1881 
71 7 1 1 1 1 453 66 0 1695 
71 7 1 1 1 2 449 83 1 2994 3 
71 7 1 1 1 2 349 383 0 2934 3 
71 7 1 1 1 2 549 316 1 2255 5 
71 7 1 1 1 2 416 249 1 7060 3 
71 7 1 1 1 2 349 83 0 2326 3 
71 7 1 1 1 2 449 116 0 2485 3 
71 7 1 1 1 2 416 349 0 3672 3 
71 7 1 1 1 2 183 383 0 1400 4 
71 7 1 1 1 2 83 83 0 1042 5 
71 7 1 1 1 2 416 482 0 7598 1 
71 7 1 1 1 2 83 449 0 1322 5 
71 7 1 1 1 2 83 149 0 972 5 
71 7 1 1 1 2 149 116 0 780 5 
71 7 1 1 1 2 116 316 0 872 5 
71 7 1 1 1 2 482 50 1 1661 3 
71 7 1 1 1 2 149 249 0 1451 5 
71 7 1 1 1 2 516 383 1 2458 4 
71 7 1 1 1 2 549 383 1 1389 4 
71 7 1 1 1 2 50 149 0 1518 5 
71 7 1 1 1 2 449 449 1 2089 3 
71 7 1 1 1 2 482 149 1 895 3 
71 7 1 1 1 2 316 283 0 1494 3 
71 7 1 1 1 2 83 349 0 900 5 
71 7 1 1 1 2 349 516 0 4421 3 
71 7 1 1 1 2 149 83 0 1168 4 
71 7 1 1 1 2 216 449 0 1285 5 
71 7 1 1 1 2 249 183 0 1307 5 
71 7 1 1 1 2 383 83 1 5214 3 
71 7 1 1 1 2 283 216 0 2766 3 
71 7 1 1 1 2 216 349 0 1200 4 
71 7 1 1 1 2 283 383 0 871 4 
71 7 1 1 1 2 183 349 0 4457 5 
71 7 1 1 1 1 440 445 1 8246 
71 7 1 1 1 1 458 291 1 1954 
71 7 1 1 1 1 411 170 0 6848 
71 7 1 1 1 1 345 87 0 1922 
71 7 1 1 1 1 269 98 0 1576 
71 7 1 1 1 1 599 86 1 2305 
71 7 1 1 1 1 0 439 0 1299 
71 7 1 1 1 1 327 298 1 2849 
71 7 1 1 1 1 370 361 1 4664 
71 7 1 1 1 1 394 0 0 1986 
71 7 1 1 1 1 409 22 0 993 
71 7 1 1 1 1 477 147 1 2544 
71 7 1 1 1 1 310 33 0 1624 
71 7 1 1 1 1 268 406 1 10081 
71 7 1 1 1 1 599 503 1 1297 
71 7 1 1 1 1 599 386 1 1186 
71 7 1 1 1 2 549 283 1 3591 3 
71 7 1 1 1 2 316 416 1 3205 3 
71 7 1 1 1 2 116 516 0 2781 3 
71 7 1 1 1 2 383 383 1 6534 3 
71 7 1 1 1 2 449 516 1 2087 3 
71 7 1 1 1 2 183 316 1 5109 3 
71 7 1 1 1 2 416 316 1 2795 3 
71 7 1 1 1 2 249 83 0 2272 3 
71 7 1 1 1 2 183 183 1 4408 3 
71 7 1 1 1 2 449 383 1 2048 3 
71 7 1 1 1 2 449 149 1 2656 3 
71 7 1 1 1 2 116 216 0 1847 3 
71 7 1 1 1 2 183 516 0 1313 3 
71 7 1 1 1 2 549 116 1 6219 3 
71 7 1 1 1 2 416 50 0 5047 3 
71 7 1 1 1 2 416 83 0 1969 3 
71 7 1 1 1 2 183 416 0 2822 3 
71 7 1 1 1 2 349 349 1 2018 3 
71 7 1 1 1 2 449 183 1 1652 3 
71 7 1 1 1 2 249 249 1 1733 3 
71 7 1 1 1 2 83 116 0 1219 3 
71 7 1 1 1 2 116 283 0 2657 3 
71 7 1 1 1 2 283 449 1 2430 3 
71 7 1 1 1 2 216 183 1 2198 3 
71 7 1 1 1 2 183 549 1 6580 1 
71 7 1 1 1 2 316 383 1 5155 2 
71 7 1 1 1 2 216 316 1 3336 2 
71 7 1 1 1 2 316 50 0 2888 2 
71 7 1 1 1 2 482 482 1 4269 2 
71 7 1 1 1 2 116 249 0 2176 2 
71 7 1 1 1 2 482 83 0 3112 2 
71 7 1 1 1 2 50 549 0 2562 3 
71 7 1 1 1 1 0 357 0 1997 
71 7 1 1 1 1 433 20 0 3520 
71 7 1 1 1 1 570 34 1 1346 
71 7 1 1 1 1 483 128 1 945 
71 7 1 1 1 1 477 13 0 1808 
71 7 1 1 1 1 106 532 1 2921 
71 7 1 1 1 1 0 599 0 961 
71 7 1 1 1 1 1 459 0 953 
71 7 1 1 1 1 138 599 1 2242 
71 7 1 1 1 1 241 599 1 1697 
71 7 1 1 1 1 200 599 1 1016 
71 7 1 1 1 1 267 0 0 1584 
71 7 1 1 1 1 306 0 0 896 
71 7 1 1 1 1 142 370 0 1800 
71 7 1 1 1 1 208 599 1 5752 
71 7 1 1 1 1 422 95 0 1168 
71 7 1 1 1 2 149 50 0 3911 3 
71 7 1 1 1 2 50 482 0 3889 3 
71 7 1 1 1 2 316 349 1 2791 2 
71 7 1 1 1 2 149 316 0 2292 2 
71 7 1 1 1 2 383 183 1 4824 2 
71 7 1 1 1 2 316 216 1 1028 2 
71 7 1 1 1 2 50 316 0 1205 3 
71 7 1 1 1 2 482 249 1 2168 3 
71 7 1 1 1 2 249 149 1 6458 2 
71 7 1 1 1 2 516 183 1 1842 3 
71 7 1 1 1 2 216 50 0 1587 3 
71 7 1 1 1 2 316 316 1 2366 3 
71 7 1 1 1 2 283 116 0 3383 3 
71 7 1 1 1 2 416 216 1 3703 3 
71 7 1 1 1 2 416 183 1 2458 3 
71 7 1 1 1 2 383 216 1 4003 2 
71 7 1 1 1 2 249 516 0 5934 2 
71 7 1 1 1 2 50 249 0 4033 3 
71 7 1 1 1 2 516 549 1 3674 2 
71 7 1 1 1 2 416 516 1 3303 1 
71 7 1 1 1 2 349 116 0 3570 3 
71 7 1 1 1 2 249 349 0 5582 3 
71 7 1 1 1 2 516 482 1 2305 2 
71 7 1 1 1 2 216 416 0 4711 2 
71 7 1 1 1 2 482 516 1 4170 2 
71 7 1 1 1 2 216 482 0 2487 2 
71 7 1 1 1 2 149 516 0 4811 2 
71 7 1 1 1 2 183 50 0 1446 2 
71 7 1 1 1 2 183 116 0 1649 3 
71 7 1 1 1 2 416 449 1 2591 3 
71 7 1 1 1 2 283 249 1 1964 3 
71 7 1 1 1 2 449 549 1 3791 3 
71 7 1 1 1 1 1 414 0 3302 
71 7 1 1 1 1 412 101 0 4489 
71 7 1 1 1 1 361 29 0 976 
71 7 1 1 1 1 2 434 0 1193 
71 7 1 1 1 1 419 82 0 994 
71 7 1 1 1 1 120 367 0 1002 
71 7 1 1 1 1 281 395 1 3265 
71 7 1 1 1 1 226 335 0 2355 
71 7 1 1 1 1 334 369 1 2361 
71 7 1 1 1 1 303 319 1 2473 
71 7 1 1 1 1 202 599 1 2298 
71 7 1 1 1 1 267 302 0 985 
71 7 1 1 1 1 381 311 1 1602 
71 7 1 1 1 1 30 598 1 4025 
71 7 1 1 1 1 112 599 1 2145 
71 7 1 1 1 1 384 599 1 969 
71 7 1 1 1 2 183 283 0 6947 3 
71 7 1 1 1 2 516 50 1 7846 2 
71 7 1 1 1 2 349 416 1 18626 2 
71 7 1 1 1 2 482 316 1 2185 2 
71 7 1 1 1 2 316 516 1 1865 3 
71 7 1 1 1 2 316 249 1 2264 2 
71 7 1 1 1 2 516 283 1 1941 3 
71 7 1 1 1 2 83 416 1 3292 2 
71 7 1 1 1 2 216 549 1 1172 2 
71 7 1 1 1 2 83 549 1 1087 2 
71 7 1 1 1 2 482 116 0 3198 3 
71 7 1 1 1 2 83 316 1 1546 2 
71 7 1 1 1 2 416 416 1 1572 3 
71 7 1 1 1 2 482 449 1 761 2 
71 7 1 1 1 2 216 383 1 1738 2 
71 7 1 1 1 2 449 349 1 855 2 
71 7 1 1 1 2 283 183 0 1625 2 
71 7 1 1 1 2 83 516 1 1688 2 
71 7 1 1 1 2 249 116 0 2076 2 
71 7 1 1 1 2 83 482 1 1162 2 
71 7 1 1 1 2 549 216 1 6121 2 
71 7 1 1 1 2 116 149 0 1289 2 
71 7 1 1 1 2 116 83 0 1266 2 
71 7 1 1 1 2 416 116 0 2894 2 
71 7 1 1 1 2 183 216 1 1463 2 
71 7 1 1 1 2 249 283 1 2969 2 
71 7 1 1 1 2 50 449 1 4545 2 
71 7 1 1 1 2 383 549 1 1530 2 
71 7 1 1 1 2 316 549 1 1025 2 
71 7 1 1 1 2 416 149 0 1300 2 
71 7 1 1 1 2 482 183 0 1015 2 
71 7 1 1 1 2 283 50 0 1773 2 
71 7 1 1 1 1 159 599 1 2636 
71 7 1 1 1 1 0 599 0 1817 
71 7 1 1 1 1 231 249 0 2786 
71 7 1 1 1 1 293 261 0 1042 
71 7 1 1 1 1 507 238 1 1193 
71 7 1 1 1 1 588 524 1 1535 
71 7 1 1 1 1 486 287 1 1329 
71 7 1 1 1 1 376 239 1 1233 
71 7 1 1 1 1 308 200 0 1514 
71 7 1 1 1 1 241 289 0 2817 
71 7 1 1 1 1 387 257 1 1536 
71 7 1 1 1 1 358 187 0 1280 
71 7 1 1 1 1 242 0 0 1225 
71 7 1 1 1 1 273 364 1 1474 
71 7 1 1 1 1 412 76 0 953 
71 7 1 1 1 1 566 72 1 2008 
71 7 1 1 1 2 183 83 0 4821 3 
71 7 1 1 1 2 149 482 0 8418 2 
71 7 1 1 1 2 50 416 0 1417 2 
71 7 1 1 1 2 283 83 0 2395 2 
71 7 1 1 1 2 283 482 1 4471 2 
71 7 1 1 1 2 50 516 0 1570 2 
71 7 1 1 1 2 383 516 1 1694 2 
71 7 1 1 1 2 349 216 1 2908 2 
71 7 1 1 1 2 283 149 0 2189 2 
71 7 1 1 1 2 383 149 0 1955 2 
71 7 1 1 1 2 449 50 0 4812 3 
71 7 1 1 1 2 216 83 0 5622 2 
71 7 1 1 1 2 549 416 1 4028 4 
71 7 1 1 1 2 482 349 1 2807 4 
71 7 1 1 1 2 383 416 1 1359 4 
71 7 1 1 1 2 549 83 0 3126 3 
71 7 1 1 1 2 50 50 0 5732 3 
71 7 1 1 1 2 149 283 1 5459 3 
71 7 1 1 1 2 549 183 0 2930 2 
71 7 1 1 1 2 349 482 1 2478 3 
71 7 1 1 1 2 316 449 1 1731 3 
71 7 1 1 1 2 449 216 1 2471 3 
71 7 1 1 1 2 83 183 0 4079 3 
71 7 1 1 1 2 383 449 1 1420 3 
71 7 1 1 1 2 516 149 0 1972 2 
71 7 1 1 1 2 449 316 1 4381 3 
71 7 1 1 1 2 249 549 1 2071 2 
71 7 1 1 1 2 383 50 0 1623 3 
71 7 1 1 1 2 149 149 0 2900 4 
71 7 1 1 1 2 183 449 1 2709 2 
71 7 1 1 1 2 116 383 1 1851 3 
71 7 1 1 1 2 283 416 1 836 2 
71 7 1 1 1 1 531 74 1 6316 
71 7 1 1 1 1 518 40 0 3328 
71 7 1 1 1 1 557 116 1 1282 
71 7 1 1 1 1 536 118 1 1155 
71 7 1 1 1 1 531 127 1 1210 
71 7 1 1 1 1 544 70 1 2073 
71 7 1 1 1 1 483 56 0 1921 
71 7 1 1 1 1 452 153 1 1009 
71 7 1 1 1 1 472 163 1 2418 
71 7 1 1 1 1 120 180 0 1865 
71 7 1 1 1 1 0 308 0 1336 
71 7 1 1 1 1 251 365 1 2290 
71 7 1 1 1 1 432 197 1 2338 
71 7 1 1 1 1 221 261 0 976 
71 7 1 1 1 1 414 599 1 1632 
71 7 1 1 1 1 321 533 1 1200 
71 7 1 1 1 2 549 516 1 4016 3 
71 7 1 1 1 2 249 416 1 7267 2 
71 7 1 1 1 2 482 216 1 4619 4 
71 7 1 1 1 2 316 116 0 2189 3 
71 7 1 1 1 2 149 349 0 2992 3 
71 7 1 1 1 2 149 183 0 1235 3 
71 7 1 1 1 2 516 449 1 3358 4 
71 7 1 1 1 2 216 149 0 1296 3 
71 7 1 1 1 2 249 50 0 887 4 
71 7 1 1 1 2 516 216 1 1590 4 
71 7 1 1 1 2 549 449 1 1661 4 
71 7 1 1 1 2 116 416 0 4861 3 
71 7 1 1 1 2 116 482 0 1356 3 
71 7 1 1 1 2 249 216 0 2930 3 
71 7 1 1 1 2 116 116 0 1608 4 
71 7 1 1 1 2 516 249 1 3553 4 
71 7 1 1 1 2 349 149 0 2676 3 
71 7 1 1 1 2 149 383 0 1691 2 
71 7 1 1 1 2 316 149 0 1294 3 
71 7 1 1 1 2 516 349 1 2992 4 
71 7 1 1 1 2 149 549 0 1986 2 
71 7 1 1 1 2 349 449 1 5573 3 
71 7 1 1 1 2 383 116 0 4164 1 
71 7 1 1 1 2 549 50 1 2472 3 
71 7 1 1 1 2 383 349 1 3260 3 
71 7 1 1 1 2 50 283 0 3378 3 
71 7 1 1 1 2 183 249 0 3867 3 
71 7 1 1 1 2 249 316 0 1609 2 
71 7 1 1 1 2 283 349 0 4688 2 
71 7 1 1 1 2 383 316 1 4220 2 
71 7 1 1 1 2 482 383 1 1996 3 
71 7 1 1 1 2 50 83 0 2400 4 
