Subject 10 in condition 2
Training Condition: 0
Task: 1
Rule: [[[250, 350], [[4538, 4463], [4463, 4538]]], [[350, 250], [[4538, 4463], [4463, 4538]]]]
Noise: 0
CATA=1
CATB=0
Sample keys: 122 120
Resp keys: 309 307
Dim direction: 1 1
Dim minimum: 12 88
Test order: [6, 2, 7, 4, 1, 5, 0, 3]
10 2 0 1 0 1 0 590 -1 -1 0 16332 149 292 183 292 179 292 171 292 161 292 151 292 140 292 124 292 116 292 98 292 87 292 76 292 54 292 44 292 35 292 18 292 10 292 2 292 0 292 0 292 0 292 0 292 0 292 0 292 0 292 0 292 0 292 0 292 0 292 0 292 0 292 0 292 0 292 0 292 0 292 0 292 0 292 0 292 0 292 0 292 0 292 0 292 0 292 0 292 0 292 0 292 0 292 0 293 0 295 0 300 0 304 0 307 0 312 0 325 0 335 0 366 0 387 0 410 0 455 0 477 0 499 0 534 0 549 0 562 0 586 0 599 0 599 0 599 0 599 0 599 0 599 0 599 0 599 0 599 0 599 0 599 0 599 0 598 0 597 0 596 0 595 0 594 0 592 0 589 0 588 0 586 0 585 0 586 0 587 0 588 0 589 0 590 
10 2 0 1 0 1 218 234 -1 -1 0 11145 218 170 218 255 218 254 218 253 218 251 218 245 218 237 218 226 218 196 218 182 218 156 218 146 218 137 218 122 218 114 218 105 218 83 218 71 218 58 218 33 218 21 218 0 218 0 218 0 218 0 218 0 218 0 218 0 218 0 218 0 218 1 218 5 218 11 218 20 218 32 218 47 218 89 218 112 218 169 218 199 218 225 218 271 218 292 218 308 218 334 218 346 218 355 218 370 218 376 218 377 218 376 218 374 218 369 218 364 218 358 218 352 218 344 218 341 218 333 218 329 218 324 218 313 218 308 218 304 218 295 218 290 218 285 218 274 218 271 218 264 218 262 218 260 218 257 218 256 218 255 218 252 218 250 218 248 218 244 218 242 218 238 218 237 218 236 218 235 218 234 
10 2 0 1 0 1 599 236 -1 -1 1 10458 303 376 304 376 305 376 306 376 307 376 309 376 310 376 311 376 313 376 315 376 316 376 317 376 318 376 318 376 319 376 320 376 321 376 323 376 327 376 332 376 338 376 356 376 367 376 391 376 405 376 421 376 453 376 469 376 486 376 517 376 531 376 545 376 571 376 583 376 599 376 599 376 599 376 599 376 599 376 599 376 599 376 599 376 599 376 599 376 599 376 599 376 599 376 599 376 599 376 599 371 599 370 599 369 599 367 599 366 599 364 599 362 599 360 599 357 599 356 599 355 599 354 599 353 599 352 599 351 599 350 599 348 599 345 599 342 599 339 599 336 599 334 599 332 599 330 599 328 599 327 599 318 599 314 599 310 599 305 599 301 599 296 599 282 599 274 599 255 599 244 599 233 599 206 599 194 599 184 599 172 599 171 599 169 599 168 599 166 599 164 599 163 599 163 599 165 599 169 599 175 599 181 599 187 599 195 599 198 599 201 599 202 599 203 599 204 599 205 599 206 599 207 599 208 599 210 599 211 599 212 599 213 599 213 599 214 599 215 599 217 599 218 599 219 599 220 599 221 599 222 599 223 599 224 599 226 599 227 599 228 599 229 599 230 599 231 599 232 599 232 599 234 599 235 599 236 
10 2 0 1 0 1 599 233 -1 -1 1 8579 45 491 45 488 45 500 45 513 45 528 45 542 45 557 45 595 45 599 45 599 45 599 45 599 45 599 45 599 45 599 45 599 45 599 45 598 45 591 45 581 45 569 45 554 45 511 45 480 45 449 45 400 45 381 45 366 45 342 45 332 45 317 45 310 45 301 45 275 45 259 45 241 45 212 45 201 45 192 45 176 45 174 45 173 45 174 45 176 45 182 45 188 45 194 45 201 45 212 45 216 45 218 45 219 45 220 45 221 45 222 45 223 45 224 45 225 45 226 45 227 45 228 45 229 45 233 44 233 40 233 32 233 20 233 6 233 0 233 0 233 0 233 0 233 0 233 0 233 0 233 0 233 0 233 0 233 0 233 0 233 0 233 1 233 12 233 29 233 50 233 77 233 103 233 148 233 169 233 206 233 221 233 233 233 257 233 268 233 278 233 298 233 310 233 322 233 343 233 350 233 363 233 371 233 382 233 406 233 419 233 432 233 454 233 464 233 475 233 499 233 508 233 521 233 525 233 527 233 538 233 545 233 550 233 558 233 559 233 560 233 560 233 563 233 573 233 575 233 577 233 582 233 585 233 588 233 590 233 590 233 591 233 592 233 592 233 593 233 594 233 595 233 596 233 597 233 598 233 598 233 599 233 599 233 599 233 
10 2 0 1 0 1 193 232 -1 -1 0 13908 164 584 0 584 4 584 10 584 17 584 25 584 34 584 55 584 67 584 90 584 101 584 113 584 133 584 144 584 154 584 175 584 182 584 186 584 194 584 204 584 228 584 238 584 247 584 269 584 280 584 287 584 286 584 282 584 275 584 262 584 239 584 207 584 135 584 103 584 52 584 32 584 13 584 0 584 0 584 0 584 0 584 0 584 0 584 0 584 1 584 7 584 18 584 32 584 48 584 66 584 98 584 115 584 147 584 160 584 170 584 184 584 188 584 192 584 193 584 193 583 193 579 193 575 193 568 193 557 193 544 193 511 193 494 193 467 193 461 193 459 193 461 193 463 193 465 193 468 193 468 193 468 193 468 193 468 193 460 193 451 193 436 193 396 193 371 193 345 193 300 193 282 193 264 193 232 193 222 193 206 193 197 193 190 193 174 193 166 193 160 193 157 193 158 193 162 193 170 193 179 193 189 193 198 193 219 193 229 193 241 193 244 193 245 193 245 193 243 193 241 193 239 193 238 193 237 193 236 193 235 193 234 193 233 193 232 
10 2 0 1 0 1 570 241 -1 -1 1 11152 158 187 157 187 158 187 162 187 173 187 189 187 208 187 231 187 280 187 308 187 358 187 379 187 399 187 429 187 439 187 446 187 455 187 457 187 458 187 460 187 462 187 472 187 479 187 490 187 519 187 537 187 556 187 594 187 599 187 599 187 599 187 599 187 599 187 598 187 594 187 589 187 581 187 572 187 563 187 542 187 536 187 534 187 535 187 539 187 545 187 551 187 557 187 562 187 569 187 570 187 570 186 570 182 570 176 570 164 570 147 570 130 570 90 570 71 570 35 570 19 570 3 570 0 570 0 570 0 570 0 570 0 570 0 570 0 570 0 570 0 570 0 570 0 570 0 570 0 570 0 570 0 570 0 570 0 570 0 570 0 570 0 570 0 570 0 570 0 570 0 570 1 570 7 570 20 570 38 570 62 570 114 570 137 570 181 570 203 570 225 570 258 570 269 570 278 570 287 570 287 570 286 570 284 570 282 570 278 570 275 570 271 570 266 570 264 570 263 570 262 570 261 570 260 570 257 570 254 570 250 570 248 570 247 570 246 570 245 570 244 570 243 570 242 570 241 
10 2 0 1 0 1 599 230 -1 -1 1 8075 354 163 354 163 354 164 354 166 354 167 354 168 354 172 354 176 354 179 354 184 354 187 354 189 354 194 354 197 354 201 354 208 354 212 354 218 354 223 354 228 354 237 354 242 354 249 354 264 354 268 354 280 354 282 354 283 354 282 354 278 354 275 354 268 354 259 354 249 354 234 354 229 354 228 354 226 354 226 354 227 354 228 354 229 354 230 353 230 351 230 349 230 345 230 340 230 332 230 311 230 299 230 274 230 263 230 252 230 234 230 229 230 225 230 223 230 223 230 228 230 239 230 254 230 273 230 296 230 336 230 357 230 395 230 413 230 431 230 466 230 482 230 501 230 539 230 556 230 574 230 599 230 599 230 599 230 599 230 599 230 599 230 599 230 599 230 
10 2 0 1 0 1 512 235 -1 -1 1 9169 315 562 134 562 138 562 144 562 155 562 173 562 201 562 278 562 326 562 406 562 436 562 460 562 496 562 507 562 513 562 512 562 510 562 508 562 506 562 503 562 499 562 493 562 490 562 474 562 464 562 455 562 445 562 444 562 445 562 447 562 449 562 452 562 454 562 457 562 466 562 474 562 489 562 496 562 502 562 508 562 511 562 512 562 512 560 512 558 512 551 512 540 512 523 512 506 512 474 512 459 512 425 512 407 512 389 512 360 512 343 512 326 512 292 512 275 512 259 512 223 512 207 512 184 512 176 512 174 512 172 512 171 512 170 512 168 512 170 512 176 512 184 512 192 512 200 512 208 512 219 512 222 512 223 512 224 512 225 512 227 512 228 512 229 512 230 512 231 512 232 512 233 512 234 512 235 
10 2 0 1 0 1 66 599 -1 -1 0 12440 169 474 170 474 177 474 187 474 197 474 210 474 227 474 265 474 282 474 309 474 323 474 337 474 364 474 376 474 387 474 407 474 413 474 417 474 424 474 428 474 442 474 449 474 457 474 475 474 488 474 503 474 533 474 545 474 553 474 555 474 555 506 555 507 555 509 555 510 555 514 555 520 555 523 555 526 555 528 555 537 555 550 555 577 555 588 555 599 555 599 555 599 555 599 555 599 555 599 555 599 555 599 555 598 555 594 555 588 555 576 555 561 555 546 555 514 555 499 555 475 555 466 555 458 555 441 555 430 555 418 555 393 555 384 555 376 555 368 555 367 555 365 555 361 555 355 555 347 555 336 555 322 555 294 555 285 555 273 555 270 555 267 555 262 555 259 555 254 555 245 555 239 555 234 555 226 555 223 555 221 555 220 555 221 555 223 555 224 555 225 555 226 555 227 555 228 555 229 555 230 555 231 555 233 555 234 555 235 555 236 555 238 555 240 555 241 555 243 555 247 555 252 555 259 555 264 555 271 555 276 555 297 555 311 555 323 555 345 555 355 555 365 555 388 555 400 555 410 555 435 555 451 555 485 555 502 555 520 555 555 555 571 555 584 555 599 555 599 555 599 555 599 555 599 555 599 555 599 555 599 555 599 555 599 554 599 552 599 545 599 533 599 519 599 506 599 473 599 454 599 415 599 395 599 376 599 343 599 328 599 313 599 287 599 276 599 266 599 245 599 232 599 209 599 202 599 198 599 194 599 193 599 192 599 191 599 189 599 184 599 170 599 161 599 138 599 123 599 109 599 87 599 77 599 70 599 66 599 66 599 
10 2 0 1 0 1 0 599 -1 -1 0 5915 439 441 439 443 439 447 439 454 439 462 439 473 439 483 439 501 439 520 439 578 439 599 439 599 439 599 439 599 439 599 439 599 439 599 439 599 439 599 439 599 439 599 439 599 437 599 428 599 414 599 393 599 366 599 333 599 248 599 211 599 141 599 109 599 79 599 21 599 0 599 0 599 0 599 0 599 0 599 0 599 0 599 0 599 
10 2 0 1 0 1 0 565 -1 -1 0 11859 447 410 447 411 447 415 447 420 447 430 447 443 447 459 447 502 447 530 447 596 447 599 447 599 447 599 447 599 447 599 447 599 447 599 447 599 447 599 447 599 416 599 429 599 451 599 481 599 515 599 554 599 599 599 599 599 599 599 599 599 599 599 599 599 599 599 599 599 599 599 599 599 598 599 590 599 575 599 552 599 521 599 483 599 371 599 296 599 134 599 54 599 0 599 0 599 0 599 0 599 0 599 0 599 0 599 0 599 0 599 0 599 0 599 0 599 0 599 0 599 0 599 0 599 0 599 0 599 0 599 0 599 0 599 0 599 0 599 0 599 0 599 0 599 0 599 0 599 0 599 0 599 0 599 0 599 0 599 0 599 0 599 0 599 0 599 0 599 0 599 0 599 0 595 0 587 0 575 0 560 0 544 0 507 0 489 0 453 0 438 0 426 0 411 0 406 0 408 0 412 0 418 0 426 0 434 0 441 0 453 0 458 0 466 0 470 0 472 0 473 0 474 0 475 0 477 0 479 0 483 0 489 0 507 0 517 0 537 0 546 0 554 0 564 0 567 0 566 0 565 
10 2 0 1 0 1 0 568 -1 -1 0 7407 423 144 423 177 423 190 423 204 423 218 423 232 423 250 423 299 423 331 423 367 423 429 423 459 423 513 423 530 423 540 423 545 423 545 423 543 423 537 423 528 423 513 423 493 423 469 423 419 423 397 423 359 423 341 423 324 423 297 423 286 423 277 423 267 423 265 423 268 423 276 423 295 423 324 423 356 423 417 423 441 423 458 423 484 423 492 423 497 423 498 423 499 423 499 423 500 423 502 423 506 423 514 423 523 423 532 423 543 423 545 423 546 423 547 423 548 423 549 423 550 423 551 423 553 423 560 423 564 423 567 423 568 422 568 418 568 411 568 399 568 382 568 359 568 304 568 276 568 204 568 166 568 124 568 20 568 0 568 0 568 0 568 0 568 0 568 0 568 0 568 0 568 0 568 0 568 0 568 0 568 0 568 0 568 0 568 0 568 
10 2 0 1 0 1 0 575 -1 -1 0 9952 367 410 367 411 367 420 367 434 367 454 367 476 367 499 367 551 367 584 367 599 367 599 367 599 367 599 367 599 367 599 367 599 367 599 367 599 367 599 367 599 367 597 367 591 367 583 367 572 367 559 367 542 367 510 367 496 367 475 367 463 367 453 367 434 367 428 367 426 367 427 367 431 367 438 367 448 367 459 367 469 367 484 367 490 367 499 367 502 367 504 367 505 367 506 367 507 367 509 367 510 367 511 367 512 367 514 367 520 367 522 367 525 367 535 367 542 367 548 367 555 367 557 367 559 367 561 367 564 367 570 367 572 367 573 367 575 366 575 364 575 362 575 355 575 345 575 331 575 291 575 266 575 211 575 184 575 152 575 93 575 60 575 25 575 0 575 0 575 0 575 0 575 0 575 0 575 0 575 0 575 0 575 0 575 0 575 0 575 0 575 0 575 0 575 0 575 0 575 0 575 
10 2 0 1 0 1 0 544 -1 -1 0 8778 431 316 431 317 431 320 431 322 431 329 431 339 431 353 431 389 431 409 431 445 431 462 431 479 431 511 431 527 431 542 431 567 431 579 431 593 431 599 431 599 431 599 431 598 431 596 431 591 431 585 431 577 431 567 431 550 431 546 431 543 431 542 431 542 431 541 431 542 431 543 431 544 432 544 435 544 442 544 456 544 477 544 504 544 570 544 599 544 599 544 599 544 599 544 599 544 599 544 599 544 599 544 599 544 599 544 599 544 598 544 592 544 584 544 571 544 552 544 524 544 446 544 394 544 274 544 205 544 131 544 0 544 0 544 0 544 0 544 0 544 0 544 0 544 0 544 0 544 0 544 0 544 0 544 0 544 0 544 
10 2 0 1 0 1 545 229 -1 -1 1 8816 472 493 469 493 459 493 442 493 421 493 396 493 370 493 322 493 303 493 273 493 262 493 252 493 237 493 233 493 232 493 233 493 237 493 245 493 259 493 277 493 303 493 364 493 392 493 426 493 435 493 437 493 436 493 435 493 434 493 433 493 431 493 431 480 431 477 431 481 431 489 431 505 431 528 431 557 431 589 431 599 431 599 431 599 431 599 431 599 431 599 431 597 431 590 431 581 431 566 431 545 431 519 431 456 431 422 431 352 431 322 431 298 431 262 431 246 431 231 431 207 431 196 431 190 431 183 431 182 431 183 431 188 431 199 431 212 431 222 431 230 431 240 431 244 431 246 431 247 431 249 431 250 431 251 431 250 431 248 431 243 431 238 431 234 431 231 431 229 431 229 433 229 440 229 448 229 458 229 469 229 485 229 492 229 502 229 504 229 505 229 506 229 506 229 508 229 509 229 511 229 514 229 517 229 526 229 531 229 537 229 538 229 541 229 544 229 544 229 545 229 
10 2 0 1 0 1 258 266 -1 -1 0 8874 528 171 529 171 528 171 527 171 524 171 517 171 506 171 457 171 429 171 382 171 358 171 337 171 307 171 297 171 285 171 263 171 259 171 258 171 258 172 258 173 258 175 258 179 258 187 258 201 258 229 258 242 258 258 258 261 258 261 258 262 258 263 258 265 258 270 258 274 258 281 258 301 258 308 258 311 258 311 258 310 258 309 258 308 258 307 258 303 258 297 258 290 258 284 258 276 258 274 258 273 258 272 258 271 258 270 258 269 258 268 258 267 258 266 
10 2 0 1 0 2 116 449 0 6505 5 
10 2 0 1 0 2 516 116 1 7080 5 
10 2 0 1 0 2 50 349 0 4118 5 
10 2 0 1 0 2 50 116 0 1612 5 
10 2 0 1 0 2 50 216 0 1954 5 
10 2 0 1 0 2 216 283 0 1179 5 
10 2 0 1 0 2 349 283 0 1024 5 
10 2 0 1 0 2 482 549 1 2554 5 
10 2 0 1 0 2 316 482 1 2934 3 
10 2 0 1 0 2 50 183 0 2302 5 
10 2 0 1 0 2 482 416 1 1491 4 
10 2 0 1 0 2 449 416 1 1026 4 
10 2 0 1 0 2 83 50 0 2418 3 
10 2 0 1 0 2 183 482 0 2385 4 
10 2 0 1 0 2 349 249 0 3569 4 
10 2 0 1 0 2 482 283 1 2555 5 
10 2 0 1 0 2 249 449 0 2463 4 
10 2 0 1 0 2 549 349 1 2266 5 
10 2 0 1 0 2 383 283 0 3047 2 
10 2 0 1 0 2 549 482 1 1437 5 
10 2 0 1 0 2 316 183 0 4134 1 
10 2 0 1 0 2 116 549 0 3074 4 
10 2 0 1 0 2 116 50 0 1218 4 
10 2 0 1 0 2 349 549 0 1257 5 
10 2 0 1 0 2 349 183 0 868 5 
10 2 0 1 0 2 549 149 1 1797 4 
10 2 0 1 0 2 149 216 0 1567 3 
10 2 0 1 0 2 349 316 0 2357 4 
10 2 0 1 0 2 249 482 0 960 5 
10 2 0 1 0 2 283 549 0 1414 4 
10 2 0 1 0 2 50 383 0 1811 5 
10 2 0 1 0 2 83 283 0 1321 4 
10 2 0 1 0 1 0 230 -1 -1 0 10141 66 168 86 168 90 168 89 168 87 168 86 168 90 168 100 168 115 168 134 168 157 168 214 168 244 168 303 168 327 168 349 168 392 168 411 168 428 168 460 168 482 168 507 168 566 168 591 168 599 168 599 168 599 168 599 168 599 168 599 168 599 168 599 168 599 168 599 168 599 168 592 168 580 168 561 168 502 168 472 168 444 168 393 168 370 168 321 168 288 168 244 168 131 168 72 168 17 168 0 168 0 168 0 168 0 168 0 168 0 168 0 168 0 168 0 168 0 168 0 168 0 168 0 168 0 168 0 168 0 168 0 168 0 168 0 168 0 168 0 168 0 168 0 174 0 175 0 176 0 177 0 179 0 183 0 188 0 193 0 205 0 209 0 215 0 221 0 227 0 235 0 238 0 239 0 240 0 240 0 241 0 244 0 246 0 252 0 254 0 255 0 254 0 252 0 249 0 246 0 241 0 239 0 237 0 236 0 235 0 234 0 233 0 232 0 231 0 230 
10 2 0 1 0 1 0 591 -1 -1 1 7945 235 18 237 18 239 18 245 18 254 18 265 18 281 18 318 18 342 18 392 18 418 18 442 18 488 18 508 18 525 18 555 18 565 18 574 18 590 18 599 18 599 18 599 18 598 18 596 18 588 18 575 18 556 18 534 18 474 18 435 18 346 18 309 18 276 18 216 18 187 18 160 18 113 18 93 18 57 18 40 18 24 18 0 18 0 18 0 18 0 18 0 18 0 18 0 18 0 18 0 18 0 18 0 18 0 18 0 18 0 18 0 18 0 18 0 18 0 19 0 21 0 24 0 30 0 37 0 46 0 69 0 81 0 106 0 118 0 130 0 157 0 172 0 188 0 216 0 229 0 240 0 263 0 272 0 286 0 289 0 291 0 291 0 292 0 294 0 300 0 308 0 323 0 366 0 390 0 439 0 461 0 479 0 512 0 524 0 535 0 552 0 557 0 561 0 569 0 571 0 573 0 578 0 586 0 595 0 599 0 599 0 599 0 599 0 599 0 599 0 599 0 598 0 597 0 596 0 597 0 598 0 599 0 598 0 598 0 597 0 596 0 595 0 594 0 593 0 592 0 591 
10 2 0 1 0 1 599 235 -1 -1 1 13001 495 424 497 424 505 424 514 424 527 424 542 424 559 424 599 424 599 424 599 424 599 424 599 424 599 424 599 424 599 424 599 424 599 424 598 424 592 424 580 424 564 424 541 424 510 424 418 424 361 424 248 424 191 424 133 424 19 424 0 424 0 424 0 424 0 424 0 424 0 424 0 424 0 424 0 424 0 424 0 424 0 424 0 424 0 424 0 424 0 424 0 424 0 424 0 424 0 424 0 424 0 424 0 424 0 424 0 424 0 424 0 422 0 424 0 430 0 440 0 450 0 460 0 478 0 487 0 506 0 516 0 526 0 547 0 558 0 568 0 583 0 588 0 592 0 599 0 599 0 599 0 599 0 599 0 599 0 599 0 599 0 598 0 596 0 592 0 590 0 589 0 588 0 587 0 586 0 585 0 599 0 586 0 571 0 554 0 533 0 512 0 461 0 432 0 373 0 343 0 312 0 252 0 225 0 198 0 152 0 129 0 108 0 69 0 53 0 28 0 23 0 22 0 20 0 16 0 12 0 5 0 0 0 0 0 1 0 2 0 4 0 8 0 10 0 10 0 9 0 7 0 3 0 1 0 3 0 9 0 19 0 33 0 50 0 68 0 102 0 119 0 150 0 164 0 178 0 199 0 207 0 214 0 217 0 219 0 220 0 221 0 223 0 224 0 226 0 228 0 229 0 230 0 231 0 232 0 233 0 235 0 235 0 235 0 235 0 235 0 235 0 235 0 235 0 235 0 235 0 235 0 235 0 235 0 235 0 235 0 235 0 235 2 235 8 235 19 235 38 235 65 235 139 235 186 235 234 235 345 235 392 235 431 235 492 235 514 235 546 235 559 235 573 235 599 235 599 235 599 235 599 235 599 235 599 235 599 235 599 235 599 235 599 235 599 235 599 235 599 235 599 235 599 235 599 235 599 235 599 235 
10 2 0 1 0 1 599 189 -1 -1 1 9209 213 22 213 17 213 16 213 15 213 13 213 5 213 0 213 0 213 0 213 0 213 0 213 0 213 0 213 0 213 0 213 1 213 3 213 5 213 10 213 17 213 27 213 55 213 71 213 106 213 128 213 153 213 213 213 241 213 269 213 327 213 357 213 386 213 442 213 471 213 530 213 558 213 580 213 599 213 599 213 599 213 599 213 592 213 554 213 523 213 476 213 324 213 228 213 127 213 0 213 0 213 0 213 0 213 1 213 6 213 13 213 23 213 45 213 54 213 61 213 63 219 63 229 63 243 63 259 63 280 63 301 63 356 63 385 63 428 63 437 63 436 63 419 63 380 63 308 63 142 63 57 63 0 63 0 63 0 63 0 63 0 63 0 63 0 63 0 63 0 63 0 63 0 63 0 63 0 63 1 63 13 63 32 63 61 63 138 63 192 63 256 63 397 63 469 63 597 63 599 63 599 63 599 63 599 63 599 63 599 63 599 63 599 63 599 63 599 63 599 63 599 63 599 63 599 63 599 63 599 63 599 63 599 63 599 63 599 63 599 64 599 65 599 66 599 68 599 72 599 75 599 86 599 91 599 101 599 105 599 108 599 109 599 111 599 112 599 113 599 114 599 115 599 117 599 121 599 127 599 136 599 146 599 168 599 175 599 179 599 181 599 181 599 183 599 183 599 183 599 184 599 185 599 187 599 188 599 189 599 190 599 191 599 193 599 194 599 195 599 195 599 196 599 196 599 197 599 199 599 200 599 201 599 201 599 201 599 201 599 201 599 201 599 201 599 201 599 201 599 201 599 200 599 199 599 197 599 194 599 190 599 189 
10 2 0 1 0 1 599 237 -1 -1 1 5620 297 419 297 369 297 373 297 379 297 391 297 409 297 430 297 476 297 500 297 551 297 577 297 599 297 599 297 599 297 599 297 599 297 599 297 599 297 599 297 599 297 599 297 599 297 599 297 599 297 599 297 599 297 599 297 599 297 599 297 598 297 594 297 578 297 564 297 546 297 500 297 472 297 445 297 382 297 351 297 298 297 277 297 256 297 220 297 206 297 196 297 191 297 192 297 193 297 195 297 198 297 202 297 204 297 207 297 208 297 209 297 210 297 212 297 214 297 215 297 220 297 222 297 224 297 225 297 228 297 229 297 230 297 230 297 231 297 233 297 234 297 236 297 237 298 237 305 237 319 237 339 237 363 237 390 237 453 237 484 237 539 237 560 237 576 237 599 237 599 237 599 237 599 237 599 237 599 237 599 237 599 237 599 237 599 237 599 237 599 237 599 237 599 237 599 237 599 237 599 237 
10 2 0 1 0 1 0 341 -1 -1 0 5369 293 361 293 53 293 73 293 103 293 140 293 182 293 231 293 322 293 362 293 436 293 467 293 492 293 526 293 536 293 539 293 538 293 537 293 533 293 527 293 517 293 500 293 443 293 393 293 256 293 175 293 90 293 0 293 0 293 0 293 0 293 0 293 0 293 0 293 0 293 0 293 0 293 0 293 1 293 3 293 5 293 8 293 9 293 11 293 13 293 14 293 22 293 44 293 77 293 156 293 203 293 245 293 301 293 319 293 331 293 341 292 341 286 341 272 341 248 341 212 341 154 341 2 341 0 341 0 341 0 341 0 341 0 341 0 341 0 341 0 341 0 341 0 341 0 341 0 341 0 341 0 341 0 341 0 341 
10 2 0 1 0 1 0 9 -1 -1 0 3762 346 242 346 306 346 298 346 285 346 262 346 223 346 165 346 41 346 0 346 0 346 0 346 0 346 0 346 0 346 0 346 0 346 0 346 0 346 0 346 0 346 0 346 0 346 0 346 1 346 2 346 4 346 9 343 9 324 9 287 9 227 9 148 9 58 9 0 9 0 9 0 9 0 9 0 9 0 9 0 9 0 9 0 9 0 9 0 9 
10 2 0 1 0 1 0 236 -1 -1 0 5490 140 541 411 541 402 541 384 541 354 541 315 541 261 541 137 541 67 541 0 541 0 541 0 541 0 541 0 541 0 541 0 541 0 541 0 541 0 541 0 541 0 541 0 541 0 541 0 542 0 546 0 557 0 572 0 589 0 599 0 599 0 599 0 599 0 599 0 599 0 599 0 599 0 599 0 599 0 599 0 599 0 599 0 599 0 599 0 599 0 599 0 597 0 590 0 576 0 555 0 526 0 444 0 392 0 341 0 272 0 245 0 207 0 196 0 188 0 182 0 180 0 178 0 173 0 174 0 176 0 179 0 184 0 191 0 198 0 209 0 213 0 222 0 226 0 229 0 234 0 235 0 236 
10 2 0 1 0 1 0 476 -1 -1 0 3284 444 476 478 476 482 476 481 476 479 476 475 476 469 476 459 476 441 476 385 476 337 476 216 476 162 476 116 476 43 476 9 476 0 476 0 476 0 476 0 476 0 476 0 476 0 476 0 476 0 476 0 476 
10 2 0 1 0 1 0 234 -1 -1 0 5853 543 562 599 562 598 562 593 562 582 562 563 562 537 562 500 562 382 562 311 562 187 562 133 562 100 562 40 562 19 562 1 562 0 562 0 562 0 562 0 562 0 562 0 562 0 562 0 562 0 562 0 562 0 562 0 563 0 564 0 566 0 570 0 577 0 587 0 599 0 599 0 599 0 599 0 599 0 599 0 599 0 599 0 599 0 599 0 599 0 599 0 599 0 599 0 599 0 599 0 599 0 599 0 598 0 590 0 557 0 530 0 469 0 438 0 409 0 351 0 327 0 306 0 275 0 265 0 259 0 253 0 252 0 251 0 250 0 249 0 247 0 242 0 237 0 221 0 214 0 206 0 204 0 202 0 201 0 201 0 203 0 208 0 211 0 213 0 214 0 215 0 216 0 218 0 219 0 221 0 223 0 225 0 226 0 228 0 229 0 230 0 231 0 232 0 233 0 234 
10 2 0 1 0 1 0 227 -1 -1 0 5505 54 440 56 440 53 440 47 440 32 440 0 440 0 440 0 440 0 440 0 440 0 440 0 440 0 440 0 440 0 440 0 440 0 440 0 440 0 440 0 440 0 440 0 440 0 440 0 440 0 440 0 440 0 440 0 440 0 440 0 440 0 440 0 440 0 440 0 440 0 440 0 450 0 451 0 454 0 459 0 466 0 473 0 484 0 513 0 531 0 569 0 588 0 599 0 599 0 599 0 599 0 599 0 598 0 592 0 583 0 571 0 533 0 504 0 472 0 416 0 394 0 376 0 350 0 341 0 330 0 328 0 327 0 324 0 323 0 323 0 322 0 321 0 320 0 316 0 311 0 305 0 290 0 282 0 262 0 252 0 244 0 227 0 220 0 214 0 203 0 199 0 195 0 190 0 192 0 196 0 201 0 206 0 211 0 217 0 223 0 225 0 226 0 227 
10 2 0 1 0 1 599 233 -1 -1 1 4706 13 233 95 233 94 233 92 233 88 233 77 233 61 233 37 233 0 233 0 233 0 233 0 233 0 233 0 233 0 233 0 233 0 233 2 233 8 233 20 233 38 233 100 233 152 233 214 233 347 233 413 233 481 233 598 233 599 233 599 233 599 233 599 233 599 233 599 233 599 233 599 233 599 233 599 233 599 233 599 233 599 233 599 233 
10 2 0 1 0 1 0 346 -1 -1 0 3435 454 346 453 346 452 346 451 346 450 346 449 346 447 346 441 346 430 346 412 346 359 346 325 346 230 346 174 346 106 346 0 346 0 346 0 346 0 346 0 346 0 346 0 346 0 346 0 346 0 346 0 346 0 346 0 346 0 346 0 346 0 346 0 346 
10 2 0 1 0 1 599 172 -1 -1 1 2978 313 172 314 172 320 172 329 172 352 172 384 172 419 172 506 172 554 172 599 172 599 172 599 172 599 172 599 172 599 172 599 172 599 172 599 172 599 172 599 172 599 172 599 172 
10 2 0 1 0 1 0 399 -1 -1 0 4779 293 399 291 399 283 399 270 399 252 399 227 399 194 399 105 399 47 399 0 399 0 399 0 399 0 399 0 399 0 399 0 399 0 399 0 399 0 399 0 399 0 399 0 399 0 399 
10 2 0 1 0 1 599 474 -1 -1 1 3123 488 474 489 474 493 474 500 474 509 474 528 474 557 474 599 474 599 474 599 474 599 474 599 474 599 474 599 474 599 474 599 474 599 474 599 474 599 474 599 474 599 474 
10 2 0 1 0 2 416 482 0 6597 3 
10 2 0 1 0 2 482 149 1 5540 2 
10 2 0 1 0 2 449 116 1 2118 3 
10 2 0 1 0 2 349 83 0 1983 2 
10 2 0 1 0 2 316 283 0 1221 4 
10 2 0 1 0 2 149 116 0 3488 4 
10 2 0 1 0 2 249 183 0 6696 3 
10 2 0 1 0 2 416 249 1 1939 3 
10 2 0 1 0 2 116 316 0 2257 5 
10 2 0 1 0 2 216 449 0 3199 4 
10 2 0 1 0 2 283 216 0 4189 3 
10 2 0 1 0 2 83 449 0 1946 5 
10 2 0 1 0 2 149 249 0 1484 4 
10 2 0 1 0 2 349 516 0 2986 3 
10 2 0 1 0 2 449 449 1 2093 4 
10 2 0 1 0 2 83 83 0 2521 5 
10 2 0 1 0 2 149 83 0 2605 3 
10 2 0 1 0 2 83 349 0 2050 4 
10 2 0 1 0 2 216 349 0 1627 5 
10 2 0 1 0 2 449 83 1 1743 1 
10 2 0 1 0 2 283 383 0 2472 3 
10 2 0 1 0 2 482 50 1 1834 2 
10 2 0 1 0 2 183 349 0 2138 4 
10 2 0 1 0 2 549 383 1 1891 5 
10 2 0 1 0 2 349 383 0 1323 4 
10 2 0 1 0 2 183 383 0 2141 5 
10 2 0 1 0 2 383 83 0 2372 3 
10 2 0 1 0 2 549 316 1 1847 1 
10 2 0 1 0 2 83 149 0 1504 3 
10 2 0 1 0 2 416 349 0 1478 3 
10 2 0 1 0 2 516 383 1 1480 2 
10 2 0 1 0 2 50 149 0 9784 3 
10 2 0 1 0 1 599 218 -1 -1 1 10571 172 446 169 446 159 446 144 446 125 446 103 446 83 446 44 446 26 446 0 446 0 446 0 446 0 446 0 446 0 446 0 446 0 446 0 446 0 446 0 446 0 446 3 446 16 446 40 446 72 446 109 446 146 446 223 446 268 446 370 446 423 446 467 446 538 446 565 446 589 446 599 446 599 446 599 446 599 446 599 446 599 446 599 446 599 446 599 446 599 446 599 446 599 446 599 446 599 446 599 446 599 446 599 448 599 449 599 449 599 450 599 452 599 455 599 463 599 466 599 467 599 468 599 469 599 470 599 471 599 472 599 473 599 472 599 469 599 462 599 450 599 433 599 414 599 377 599 362 599 341 599 335 599 333 599 328 599 323 599 317 599 296 599 285 599 274 599 258 599 251 599 248 599 249 599 250 599 251 599 252 599 251 599 249 599 245 599 241 599 237 599 232 599 223 599 219 599 218 599 218 
10 2 0 1 0 1 599 224 -1 -1 1 5714 273 290 272 290 268 290 261 290 248 290 232 290 215 290 174 290 151 290 92 290 62 290 30 290 0 290 0 290 0 290 0 290 0 290 0 290 0 290 0 290 3 290 14 290 31 290 53 290 80 290 145 290 182 290 309 290 405 290 514 290 599 290 599 290 599 290 599 290 599 290 599 290 599 290 599 290 599 290 599 290 599 290 599 290 599 290 599 290 599 290 599 290 599 290 599 289 599 287 599 284 599 279 599 272 599 265 599 251 599 245 599 235 599 232 599 230 599 227 599 225 599 224 
10 2 0 1 0 1 599 227 -1 -1 1 8098 173 344 173 296 173 298 173 308 173 327 173 352 173 382 173 476 173 529 173 599 173 599 173 599 173 599 173 599 173 599 173 599 173 599 173 599 173 597 173 592 173 586 173 581 173 577 6 577 5 577 3 577 0 577 0 577 0 577 0 577 0 577 0 577 0 577 0 577 0 577 0 577 0 577 0 577 0 577 0 577 0 577 0 577 0 577 2 577 10 577 25 577 46 577 77 577 154 577 200 577 249 577 354 577 403 577 492 577 536 577 579 577 599 577 599 577 599 577 599 577 599 577 599 577 599 577 599 577 599 577 599 577 599 577 599 577 599 577 599 577 599 577 599 577 599 577 599 579 599 582 599 587 599 593 599 599 599 599 599 599 599 599 599 599 599 599 599 599 599 599 599 599 599 597 599 587 599 581 599 575 599 563 599 554 599 523 599 505 599 486 599 449 599 432 599 414 599 374 599 357 599 323 599 308 599 293 599 260 599 244 599 230 599 212 599 205 599 199 599 192 599 193 599 195 599 196 599 198 599 199 599 202 599 207 599 210 599 214 599 215 599 216 599 217 599 218 599 219 599 220 599 220 599 221 599 222 599 223 599 224 599 225 599 226 599 227 599 227 
10 2 0 1 0 1 599 304 -1 -1 1 5657 580 276 580 288 580 287 580 285 580 281 580 275 580 266 580 241 580 225 580 186 580 160 580 132 580 71 580 42 580 21 580 0 580 0 580 0 580 2 580 6 580 12 580 21 580 36 580 55 580 102 580 129 580 184 580 209 580 233 580 268 580 277 580 279 580 280 580 281 580 283 580 288 580 296 580 317 580 328 580 339 580 339 580 338 580 328 580 322 580 317 580 310 580 307 580 305 580 304 481 304 480 304 479 304 476 304 470 304 462 304 451 304 418 304 394 304 347 304 327 304 310 304 289 304 282 304 276 304 272 304 273 304 281 304 299 304 327 304 360 304 393 304 461 304 516 304 599 304 599 304 599 304 599 304 599 304 599 304 599 304 599 304 599 304 599 304 599 304 599 304 599 304 599 304 599 304 599 304 
10 2 0 1 0 1 599 89 -1 -1 1 3653 94 89 79 89 81 89 79 89 77 89 73 89 69 89 60 89 49 89 15 89 0 89 0 89 0 89 0 89 0 89 0 89 0 89 0 89 0 89 0 89 0 89 4 89 16 89 35 89 65 89 139 89 188 89 249 89 393 89 467 89 599 89 599 89 599 89 599 89 599 89 599 89 599 89 599 89 599 89 599 89 599 89 599 89 599 89 599 89 
10 2 0 1 0 1 599 46 -1 -1 1 3145 297 46 293 46 294 46 295 46 295 46 294 46 286 46 270 46 246 46 218 46 188 46 134 46 113 46 91 46 92 46 100 46 117 46 139 46 168 46 204 46 298 46 356 46 461 46 505 46 544 46 599 46 599 46 599 46 599 46 599 46 599 46 599 46 599 46 599 46 599 46 
10 2 0 1 0 1 599 143 -1 -1 1 2877 327 143 282 143 284 143 287 143 295 143 307 143 326 143 394 143 447 143 571 143 599 143 599 143 599 143 599 143 599 143 599 143 599 143 599 143 599 143 
10 2 0 1 0 1 599 152 -1 -1 1 2939 66 152 0 152 1 152 3 152 7 152 13 152 28 152 84 152 132 152 299 152 407 152 506 152 599 152 599 152 599 152 599 152 599 152 599 152 599 152 
10 2 0 1 0 1 599 90 -1 -1 1 2989 282 90 264 90 270 90 283 90 305 90 343 90 403 90 548 90 599 90 599 90 599 90 599 90 599 90 
10 2 0 1 0 1 599 241 -1 -1 1 2883 480 241 429 241 430 241 436 241 447 241 461 241 477 241 496 241 552 241 590 241 599 241 599 241 599 241 599 241 599 241 599 241 599 241 599 241 599 241 599 241 
10 2 0 1 0 1 0 54 -1 -1 0 10240 306 54 147 54 151 54 163 54 182 54 207 54 238 54 312 54 356 54 441 54 474 54 501 54 528 54 532 54 534 54 537 54 539 54 540 54 542 54 543 54 544 54 544 54 545 54 546 54 547 54 547 54 549 54 550 54 551 54 552 54 553 54 554 54 555 54 558 54 561 54 570 54 574 54 576 54 577 54 577 54 578 54 578 54 579 54 579 54 579 54 580 54 581 54 582 54 583 54 584 54 584 54 585 54 586 54 587 54 588 54 589 54 591 54 595 54 597 54 599 54 599 54 599 54 599 54 599 54 599 54 599 54 599 54 599 54 599 54 599 54 599 54 599 54 599 54 599 54 599 54 599 54 599 54 599 54 599 54 599 54 599 54 599 54 599 54 599 54 598 54 595 54 589 54 581 54 570 54 555 54 518 54 495 54 445 54 416 54 386 54 321 54 288 54 254 54 181 54 145 54 114 54 62 54 38 54 0 54 0 54 0 54 0 54 0 54 0 54 0 54 0 54 0 54 0 54 0 54 0 54 0 54 0 54 0 54 0 54 0 54 0 54 0 54 0 54 
10 2 0 1 0 1 0 599 -1 -1 1 5272 136 342 137 342 139 342 142 342 149 342 164 342 189 342 259 342 295 342 373 342 425 342 478 342 565 342 596 342 599 342 599 342 599 342 599 342 599 342 599 342 599 342 597 342 591 342 582 342 566 342 543 342 505 342 370 342 274 342 38 342 0 342 0 342 0 342 0 342 0 342 0 342 0 342 0 342 0 342 0 342 0 342 0 342 0 342 0 342 0 342 0 342 0 345 0 346 0 348 0 350 0 355 0 360 0 382 0 399 0 443 0 473 0 504 0 566 0 594 0 599 0 599 0 599 0 599 0 599 0 599 0 599 0 599 0 599 0 599 0 599 
10 2 0 1 0 1 599 599 -1 -1 1 10056 154 25 154 27 154 37 154 53 154 73 154 93 154 117 154 171 154 198 154 235 154 247 154 254 154 255 154 253 154 249 154 236 154 230 154 222 154 190 154 162 154 100 154 77 154 61 154 49 154 51 154 56 154 65 154 79 154 94 154 113 154 157 154 177 154 210 154 218 154 222 154 225 154 226 154 226 154 227 154 228 154 229 154 230 154 231 154 232 154 233 154 234 154 235 154 236 154 238 154 239 154 240 148 240 147 240 146 240 146 240 146 240 145 240 143 240 141 240 138 240 133 240 132 240 134 240 137 240 140 240 148 240 150 240 150 240 149 240 149 240 148 240 146 240 141 240 131 240 110 240 101 240 80 240 69 240 58 240 42 240 36 240 30 240 15 240 5 240 0 240 0 240 0 240 0 240 0 240 0 240 0 240 0 240 0 240 0 240 0 240 0 240 0 240 0 240 0 240 6 240 21 240 77 240 113 240 148 240 199 240 219 240 257 240 276 240 295 240 334 240 357 240 379 240 420 240 441 240 462 240 493 240 506 240 523 240 530 240 538 240 558 240 569 240 581 240 599 240 599 240 599 240 599 240 599 240 599 240 599 239 599 236 599 230 599 220 599 204 599 186 599 142 599 120 599 75 599 55 599 37 599 4 599 0 599 0 599 0 599 0 599 0 599 0 599 0 599 0 599 0 599 0 599 0 599 0 599 0 599 0 599 0 599 0 599 0 599 0 599 0 599 0 599 0 599 0 599 0 599 0 599 0 599 0 599 0 599 2 599 12 599 29 599 52 599 78 599 144 599 179 599 211 599 276 599 308 599 373 599 404 599 433 599 488 599 511 599 532 599 565 599 579 599 599 599 599 599 599 599 599 599 599 599 599 599 599 599 599 599 599 
10 2 0 1 0 1 27 376 -1 -1 0 9066 63 155 63 152 63 144 63 131 63 111 63 88 63 61 63 0 63 0 63 0 63 0 63 0 63 0 63 0 63 0 63 0 63 0 63 0 63 0 63 0 63 0 63 0 63 0 63 0 63 0 63 0 63 0 63 0 63 0 63 0 63 1 63 149 63 153 63 161 63 173 63 191 63 217 63 284 63 325 63 422 63 468 63 507 63 562 63 585 63 599 63 599 63 599 63 599 63 599 63 599 63 599 63 599 63 598 63 596 63 593 63 586 63 577 63 563 63 521 63 502 63 466 63 446 63 427 63 399 63 392 63 388 63 383 63 382 63 381 63 380 63 379 63 378 63 377 63 377 63 376 64 376 66 376 70 376 78 376 89 376 101 376 130 376 143 376 166 376 181 376 198 376 233 376 249 376 260 376 264 376 262 376 249 376 227 376 194 376 157 376 109 376 0 376 0 376 0 376 0 376 0 376 0 376 0 376 0 376 0 376 0 376 0 376 0 376 3 376 10 376 20 376 27 376 
10 2 0 1 0 1 0 599 -1 -1 0 6084 263 339 267 339 268 339 272 339 279 339 289 339 306 339 355 339 383 339 445 339 480 339 512 339 573 339 599 339 599 339 599 339 599 339 599 339 599 339 597 339 589 339 577 339 566 339 543 339 526 339 503 339 431 339 378 339 322 339 199 339 144 339 67 339 38 339 14 339 0 339 0 339 0 339 0 339 0 339 0 339 0 339 0 339 0 339 0 339 0 339 0 339 0 339 0 339 0 339 0 339 0 339 0 341 0 347 0 360 0 380 0 405 0 431 0 480 0 501 0 536 0 550 0 563 0 588 0 599 0 599 0 599 0 599 0 599 0 599 0 599 0 599 0 599 0 599 0 599 0 599 0 599 0 599 0 599 0 599 
10 2 0 1 0 1 0 233 -1 -1 0 5625 155 240 155 242 155 243 155 246 155 249 155 253 155 259 155 283 155 298 155 329 155 344 155 357 155 374 155 380 155 384 155 391 155 393 155 392 155 388 155 379 155 367 155 349 155 326 155 276 155 253 155 213 155 199 155 191 155 189 155 190 155 192 155 194 155 196 155 197 155 198 155 200 155 202 155 204 155 206 155 207 155 209 155 210 155 211 155 212 155 213 155 214 155 216 155 218 155 223 155 224 155 225 155 227 155 228 155 229 155 230 155 231 155 232 155 233 154 233 152 233 148 233 143 233 134 233 121 233 76 233 46 233 0 233 0 233 0 233 0 233 0 233 0 233 0 233 0 233 0 233 0 233 0 233 0 233 0 233 0 233 0 233 0 233 
10 2 0 1 0 2 549 516 1 2827 4 
10 2 0 1 0 2 216 149 0 2910 4 
10 2 0 1 0 2 482 216 1 1011 3 
10 2 0 1 0 2 549 449 1 986 3 
10 2 0 1 0 2 383 316 1 2496 4 
10 2 0 1 0 2 149 549 0 1411 3 
10 2 0 1 0 2 249 216 0 980 4 
10 2 0 1 0 2 183 249 0 1662 5 
10 2 0 1 0 2 116 482 0 1221 5 
10 2 0 1 0 2 249 316 0 1299 5 
10 2 0 1 0 2 50 83 0 1620 5 
10 2 0 1 0 2 149 383 0 1001 5 
10 2 0 1 0 2 116 416 0 639 5 
10 2 0 1 0 2 316 149 0 949 4 
10 2 0 1 0 2 149 349 0 1332 4 
10 2 0 1 0 2 283 349 0 848 5 
10 2 0 1 0 2 516 216 1 1744 1 
10 2 0 1 0 2 349 149 1 2457 2 
10 2 0 1 0 2 516 349 1 989 1 
10 2 0 1 0 2 516 449 1 2231 5 
10 2 0 1 0 2 383 116 1 1987 4 
10 2 0 1 0 2 316 116 0 1364 3 
10 2 0 1 0 2 383 349 1 1373 4 
10 2 0 1 0 2 349 449 1 1486 3 
10 2 0 1 0 2 482 383 1 1286 4 
10 2 0 1 0 2 549 50 1 741 5 
10 2 0 1 0 2 116 116 0 1787 5 
10 2 0 1 0 2 149 183 0 761 5 
10 2 0 1 0 2 50 283 0 2364 4 
10 2 0 1 0 2 516 249 1 1793 5 
10 2 0 1 0 2 249 416 0 1350 4 
10 2 0 1 0 2 249 50 0 1029 5 
10 2 0 1 0 1 599 232 -1 -1 1 7972 572 119 599 119 593 119 578 119 554 119 522 119 483 119 395 119 360 119 298 119 278 119 261 119 248 119 247 119 246 119 244 119 243 119 241 119 238 119 235 119 231 119 227 119 208 119 194 119 175 119 128 119 100 119 75 119 32 119 12 119 0 119 0 119 0 119 0 119 0 119 0 119 0 119 0 119 0 119 0 119 0 119 0 119 1 119 2 119 4 119 8 119 12 119 17 119 27 119 35 119 58 119 70 119 85 119 128 119 157 119 184 119 223 119 242 119 272 119 379 119 426 119 515 119 554 119 599 119 599 119 599 119 599 119 599 119 599 119 599 119 599 119 599 119 599 119 599 119 599 119 599 118 599 117 599 116 599 115 599 113 599 111 599 107 599 100 599 95 599 92 599 84 599 80 599 74 599 63 599 56 599 51 599 40 599 37 599 27 599 18 599 9 599 0 599 0 599 0 599 0 599 2 599 4 599 10 599 16 599 23 599 31 599 53 599 66 599 92 599 104 599 113 599 126 599 133 599 141 599 156 599 162 599 167 599 171 599 172 599 173 599 175 599 177 599 183 599 189 599 195 599 204 599 208 599 216 599 218 599 219 599 220 599 222 599 224 599 227 599 228 599 230 599 231 599 232 
10 2 0 1 0 1 588 599 -1 -1 0 5407 588 93 588 88 588 85 588 86 588 87 588 94 588 102 588 112 588 120 588 140 588 152 588 175 588 186 588 196 588 214 588 223 588 230 588 235 588 233 588 227 588 216 588 201 588 183 588 164 588 127 588 104 588 54 588 28 588 5 588 0 588 0 588 0 588 0 588 0 588 0 588 0 588 0 588 0 588 0 588 0 588 0 588 0 588 0 588 0 588 1 588 11 588 28 588 51 588 79 588 109 588 169 588 201 588 270 588 302 588 329 588 375 588 397 588 417 588 456 588 472 588 485 588 507 588 517 588 529 588 532 588 534 588 535 588 536 588 538 588 542 588 552 588 563 588 574 588 589 588 594 588 599 588 599 588 599 588 599 588 599 588 599 588 599 588 599 588 599 
10 2 0 1 0 1 419 417 -1 -1 1 5451 419 261 419 264 419 269 419 278 419 288 419 298 419 309 419 329 419 339 419 358 419 368 419 379 419 403 419 414 419 427 419 450 419 461 419 473 419 489 419 492 419 491 419 489 419 487 419 483 419 481 419 479 419 474 419 473 419 469 419 467 419 463 419 455 419 451 419 447 419 442 419 441 419 440 419 439 419 438 419 437 419 435 419 434 419 432 419 429 419 428 419 427 419 426 419 424 419 421 419 419 419 418 419 417 
10 2 0 1 0 1 599 430 -1 -1 1 5634 174 515 173 515 169 515 163 515 154 515 140 515 121 515 63 515 33 515 0 515 0 515 0 515 0 515 0 515 0 515 0 515 0 515 0 515 0 515 2 515 10 515 23 515 44 515 71 515 102 515 179 515 240 515 425 515 537 515 599 515 599 515 599 515 599 515 599 515 599 515 599 515 599 515 599 515 599 515 599 515 599 515 599 515 599 514 599 510 599 507 599 502 599 495 599 486 599 469 599 459 599 438 599 427 599 417 599 404 599 399 599 395 599 393 599 392 599 391 599 388 599 383 599 376 599 375 599 376 599 377 599 380 599 383 599 386 599 389 599 395 599 397 599 398 599 400 599 401 599 403 599 406 599 409 599 411 599 419 599 424 599 430 
10 2 0 1 0 1 448 587 -1 -1 0 11113 85 207 77 207 75 207 73 207 63 207 49 207 31 207 0 207 0 207 0 207 0 207 0 207 0 207 0 207 0 207 2 207 6 207 15 207 30 207 49 207 95 207 119 207 142 207 204 207 251 207 328 207 355 207 377 207 410 207 425 207 438 207 462 207 473 207 482 207 493 207 497 207 509 207 514 207 518 207 521 207 523 207 530 207 551 207 562 207 570 207 582 207 586 207 593 207 595 207 595 206 595 203 595 197 595 189 595 177 595 166 595 144 595 131 595 103 595 93 595 84 595 64 595 52 595 39 595 9 595 0 595 0 595 0 595 0 595 0 595 0 595 0 595 0 595 0 595 0 595 0 595 0 595 0 595 0 595 0 595 0 595 1 595 8 595 22 595 41 595 65 595 91 595 154 595 187 595 269 595 304 595 338 595 392 595 414 595 434 595 467 595 479 595 491 595 513 595 524 595 539 595 542 595 543 595 545 595 547 595 549 595 558 595 571 595 599 595 599 595 599 595 599 595 599 595 599 595 599 595 599 595 599 594 599 592 599 591 599 590 599 588 599 583 599 573 599 559 599 524 599 505 599 489 599 463 599 454 599 444 599 443 599 442 599 443 599 445 599 447 599 448 599 448 598 448 596 448 594 448 592 448 590 448 589 448 588 448 587 448 586 448 585 448 583 448 581 448 578 448 576 448 577 448 578 448 580 448 581 448 582 448 583 448 584 448 585 448 586 448 587 
10 2 0 1 0 1 51 236 -1 -1 0 4818 51 597 51 596 51 593 51 587 51 578 51 567 51 556 51 531 51 517 51 484 51 466 51 448 51 412 51 393 51 375 51 341 51 325 51 311 51 289 51 282 51 277 51 277 51 276 51 275 51 273 51 268 51 246 51 230 51 213 51 186 51 177 51 172 51 173 51 177 51 183 51 190 51 197 51 204 51 216 51 220 51 225 51 227 51 228 51 229 51 230 51 231 51 233 51 235 51 236 
10 2 0 1 0 1 39 393 -1 -1 0 5563 39 152 39 152 39 150 39 147 39 141 39 132 39 120 39 97 39 86 39 62 39 50 39 36 39 12 39 2 39 0 39 0 39 0 39 0 39 0 39 0 39 0 39 0 39 0 39 0 39 0 39 3 39 11 39 23 39 36 39 52 39 68 39 106 39 127 39 173 39 194 39 218 39 265 39 286 39 306 39 336 39 348 39 358 39 368 39 370 39 371 39 373 39 374 39 376 39 378 39 379 39 382 39 386 39 392 39 398 39 402 39 408 39 411 39 414 39 415 39 416 39 406 39 405 39 403 39 401 39 398 39 397 39 396 39 395 39 393 
10 2 0 1 0 1 464 599 -1 -1 0 7490 201 488 200 488 199 488 198 488 197 488 196 488 195 488 404 488 403 488 400 488 395 488 390 488 385 488 372 488 364 488 349 488 343 488 338 488 331 488 327 488 321 488 311 488 307 488 303 488 294 488 288 488 282 488 281 488 283 488 290 488 304 488 320 488 336 488 350 488 371 488 378 488 391 488 397 488 401 488 409 488 412 488 413 488 415 488 416 488 417 488 418 488 420 488 424 488 429 488 434 488 443 488 446 488 456 488 461 488 464 488 464 487 464 485 464 481 464 473 464 464 464 455 464 438 464 431 464 421 464 418 464 417 464 416 464 415 464 414 464 412 464 411 464 409 464 401 464 394 464 375 464 364 464 353 464 330 464 321 464 313 464 297 464 291 464 285 464 277 464 271 464 257 464 248 464 240 464 229 464 228 464 229 464 235 464 247 464 264 464 286 464 314 464 371 464 393 464 430 464 447 464 465 464 504 464 518 464 530 464 550 464 563 464 578 464 599 464 599 464 599 464 599 464 599 464 599 464 599 464 599 464 599 464 599 464 599 
10 2 0 1 0 1 482 233 -1 -1 1 7058 405 544 384 544 383 544 382 544 380 544 379 544 378 544 377 544 376 544 375 544 374 544 373 544 371 544 369 544 364 544 363 544 366 544 374 544 386 544 401 544 418 544 434 544 461 544 471 544 484 544 488 544 492 544 498 544 497 544 495 544 489 544 484 544 480 544 475 544 467 544 465 544 464 544 463 544 462 544 459 544 458 544 459 544 460 544 463 544 466 544 469 544 472 544 477 544 478 544 481 544 482 544 482 545 482 546 482 547 482 549 482 551 482 553 482 563 482 568 482 574 482 573 482 569 482 564 482 557 482 546 482 534 482 503 482 486 482 453 482 438 482 425 482 401 482 390 482 379 482 356 482 342 482 329 482 309 482 303 482 292 482 285 482 280 482 274 482 273 482 272 482 271 482 270 482 268 482 266 482 262 482 259 482 252 482 249 482 247 482 244 482 243 482 242 482 241 482 240 482 239 482 237 482 233 
10 2 0 1 0 1 0 599 -1 -1 0 4819 190 478 188 478 183 478 177 478 166 478 151 478 131 478 88 478 67 478 23 478 2 478 0 478 0 478 0 478 0 478 0 478 0 478 0 478 0 478 0 478 0 478 0 478 0 478 0 478 0 478 0 478 0 478 0 478 0 479 0 481 0 483 0 485 0 487 0 491 0 509 0 518 0 527 0 528 0 528 0 534 0 541 0 551 0 578 0 599 0 599 0 599 0 599 0 599 0 599 0 599 0 599 0 599 0 599 0 599 0 599 
10 2 0 1 0 1 0 235 -1 -1 0 6602 586 302 588 302 590 302 591 302 590 302 589 302 586 302 578 302 563 302 538 302 507 302 427 302 371 302 245 302 177 302 110 302 0 302 0 302 0 302 0 302 0 302 0 302 0 302 0 302 0 302 0 302 0 302 0 302 0 302 0 302 0 302 0 302 0 302 0 302 0 302 0 296 0 299 0 304 0 310 0 321 0 332 0 355 0 367 0 391 0 405 0 420 0 444 0 453 0 461 0 476 0 484 0 494 0 513 0 519 0 524 0 528 0 533 0 538 0 539 0 536 0 528 0 515 0 498 0 477 0 428 0 406 0 366 0 349 0 334 0 304 0 291 0 281 0 265 0 254 0 241 0 216 0 207 0 200 0 199 0 198 0 197 0 195 0 193 0 191 0 189 0 191 0 196 0 204 0 211 0 216 0 221 0 224 0 226 0 229 0 231 0 232 0 233 0 234 0 235 
10 2 0 1 0 1 544 599 -1 -1 0 5306 595 311 595 311 594 311 590 311 586 311 580 311 571 311 545 311 531 311 505 311 494 311 484 311 470 311 463 311 456 311 439 311 430 311 422 311 416 311 415 311 416 311 420 311 427 311 435 311 446 311 457 311 476 311 485 311 499 311 505 311 511 311 522 311 527 311 531 311 537 311 541 311 543 311 544 311 544 313 544 314 544 316 544 317 544 319 544 322 544 328 544 334 544 356 544 368 544 381 544 401 544 411 544 422 544 447 544 458 544 466 544 475 544 477 544 487 544 497 544 508 544 532 544 548 544 568 544 599 544 599 544 599 544 599 544 599 544 599 544 599 544 599 544 599 544 599 544 599 
10 2 0 1 0 1 483 234 -1 -1 1 7106 73 103 66 103 64 103 60 103 50 103 37 103 20 103 0 103 0 103 0 103 0 103 0 103 0 103 0 103 0 103 0 103 2 103 11 103 29 103 55 103 87 103 119 103 178 103 204 103 247 103 266 103 282 103 304 103 313 103 321 103 340 103 347 103 351 103 357 103 361 103 380 103 393 103 408 103 436 103 450 103 466 103 503 103 520 103 541 103 547 103 552 103 567 103 573 103 577 103 576 103 575 103 573 103 572 103 568 103 564 103 548 103 541 103 530 103 525 103 523 103 522 103 521 103 520 103 517 103 511 103 505 103 500 103 490 103 486 103 483 103 483 103 483 100 483 94 483 85 483 75 483 63 483 39 483 26 483 1 483 0 483 0 483 0 483 0 483 0 483 0 483 0 483 0 483 0 483 1 483 7 483 18 483 33 483 50 483 67 483 102 483 119 483 150 483 167 483 181 483 206 483 216 483 223 483 229 483 230 483 231 483 232 483 233 483 234 483 234 483 235 483 236 483 237 483 239 483 241 483 243 483 246 483 248 483 248 483 247 483 246 483 245 483 244 483 243 483 242 483 240 483 237 483 236 483 234 
10 2 0 1 0 1 441 234 -1 -1 1 6810 95 338 22 338 21 338 20 338 14 338 9 338 3 338 0 338 0 338 0 338 1 338 3 338 11 338 22 338 37 338 53 338 85 338 100 338 126 338 139 338 149 338 165 338 173 338 181 338 198 338 208 338 220 338 247 338 263 338 295 338 309 338 321 338 341 338 352 338 364 338 388 338 400 338 421 338 430 338 436 338 442 338 443 338 444 338 443 338 441 338 441 339 441 340 441 341 441 344 441 348 441 353 441 359 441 368 441 371 441 375 441 374 441 372 441 366 441 355 441 342 441 328 441 298 441 283 441 258 441 248 441 240 441 230 441 226 441 224 441 218 441 216 441 215 441 215 441 216 441 217 441 219 441 220 441 222 441 224 441 226 441 227 441 228 441 229 441 230 441 231 441 232 441 233 441 234 
10 2 0 1 0 1 265 233 -1 -1 1 7170 168 82 169 82 170 82 171 82 174 82 182 82 193 82 218 82 227 82 246 82 256 82 269 82 293 82 304 82 314 82 334 82 345 82 354 82 363 82 364 82 365 82 364 82 359 82 347 82 329 82 306 82 276 82 209 82 178 82 125 82 107 82 95 82 87 82 84 82 85 82 88 82 94 82 104 82 116 82 131 82 161 82 176 82 202 82 211 82 217 82 224 82 226 82 227 82 236 82 243 82 251 82 262 82 264 82 265 82 265 82 265 79 265 70 265 58 265 41 265 20 265 0 265 0 265 0 265 0 265 0 265 0 265 0 265 0 265 3 265 11 265 27 265 48 265 72 265 96 265 146 265 170 265 210 265 225 265 238 265 260 265 269 265 274 265 276 265 275 265 274 265 271 265 268 265 264 265 260 265 254 265 252 265 250 265 249 265 248 265 245 265 244 265 243 265 242 265 241 265 240 265 239 265 238 265 237 265 236 265 235 265 234 265 233 
10 2 0 1 0 1 101 231 -1 -1 0 6738 247 100 248 100 249 100 250 100 251 100 252 100 254 100 255 100 256 100 257 100 258 100 262 100 265 100 268 100 273 100 275 100 274 100 272 100 268 100 263 100 255 100 247 100 233 100 228 100 219 100 214 100 208 100 194 100 187 100 179 100 164 100 156 100 148 100 132 100 125 100 115 100 112 100 109 100 107 100 105 100 104 100 103 100 102 100 101 100 101 101 101 102 101 105 101 111 101 119 101 126 101 143 101 150 101 166 101 171 101 176 101 182 101 186 101 190 101 201 101 208 101 215 101 226 101 230 101 231 101 232 101 233 101 234 101 235 101 236 101 237 101 238 101 237 101 236 101 235 101 234 101 233 101 232 101 231 
10 2 0 1 0 2 416 549 0 3135 4 
10 2 0 1 0 2 416 383 0 2906 4 
10 2 0 1 0 2 316 83 0 814 4 
10 2 0 1 0 2 549 249 1 2328 5 
10 2 0 1 0 2 416 283 1 2765 4 
10 2 0 1 0 2 516 83 0 2242 4 
10 2 0 1 0 2 449 283 1 1709 4 
10 2 0 1 0 2 516 416 1 1180 5 
10 2 0 1 0 2 516 316 1 2078 5 
10 2 0 1 0 2 449 249 1 1650 5 
10 2 0 1 0 2 116 183 0 3564 4 
10 2 0 1 0 2 216 516 0 3257 5 
10 2 0 1 0 2 116 349 0 892 4 
10 2 0 1 0 2 149 416 0 900 4 
10 2 0 1 0 2 349 50 0 1179 4 
10 2 0 1 0 2 83 383 0 819 4 
10 2 0 1 0 2 383 249 1 2197 3 
10 2 0 1 0 2 549 549 1 1228 4 
10 2 0 1 0 2 83 249 0 2799 4 
10 2 0 1 0 2 516 516 0 2531 4 
10 2 0 1 0 2 149 449 0 1508 4 
10 2 0 1 0 2 283 316 0 1373 4 
10 2 0 1 0 2 283 516 0 1018 4 
10 2 0 1 0 2 383 482 0 780 4 
10 2 0 1 0 2 249 383 0 788 4 
10 2 0 1 0 2 216 216 0 1481 4 
10 2 0 1 0 2 216 249 0 1600 3 
10 2 0 1 0 2 283 283 0 1176 5 
10 2 0 1 0 2 216 116 0 3816 4 
10 2 0 1 0 2 83 216 0 2269 5 
10 2 0 1 0 2 183 149 0 1288 3 
10 2 0 1 0 2 449 482 1 1852 4 
10 2 0 1 0 1 370 450 -1 -1 0 6092 370 314 370 312 370 307 370 300 370 292 370 282 370 273 370 251 370 240 370 220 370 212 370 206 370 194 370 187 370 181 370 173 370 170 370 169 370 171 370 179 370 191 370 205 370 220 370 236 370 270 370 287 370 319 370 334 370 347 370 373 370 385 370 395 370 411 370 419 370 426 370 438 370 443 370 448 370 450 
10 2 0 1 0 1 385 392 -1 -1 0 3178 385 453 385 452 385 450 385 448 385 446 385 441 385 436 385 424 385 419 385 410 385 406 385 402 385 395 385 393 385 392 
10 2 0 1 0 1 430 254 -1 -1 1 3096 430 323 430 322 430 322 430 321 430 320 430 317 430 315 430 313 430 311 430 307 430 305 430 304 430 303 430 302 430 299 430 298 430 297 430 296 430 294 430 293 430 290 430 288 430 286 430 282 430 281 430 280 430 279 430 278 430 276 430 271 430 267 430 262 430 255 430 254 
10 2 0 1 0 1 423 168 -1 -1 1 7276 593 498 599 498 597 498 593 498 591 498 587 498 582 498 567 498 558 498 537 498 528 498 520 498 504 498 497 498 490 498 485 498 483 498 481 498 479 498 477 498 473 498 467 498 461 498 445 498 438 498 429 498 427 498 426 498 424 498 423 498 423 498 423 501 423 504 423 509 423 515 423 524 423 543 423 553 423 570 423 580 423 590 423 599 423 599 423 599 423 599 423 599 423 599 423 599 423 598 423 594 423 589 423 580 423 568 423 553 423 513 423 490 423 446 423 428 423 413 423 391 423 382 423 376 423 363 423 356 423 339 423 329 423 319 423 306 423 301 423 298 423 296 423 294 423 293 423 292 423 291 423 288 423 286 423 281 423 269 423 261 423 253 423 238 423 231 423 227 423 224 423 222 423 218 423 217 423 216 423 216 423 215 423 214 423 213 423 213 423 213 423 215 423 219 423 222 423 224 423 226 423 227 423 225 423 221 423 215 423 208 423 200 423 191 423 176 423 172 423 169 423 168 
10 2 0 1 0 1 455 72 -1 -1 1 3934 455 14 455 12 455 10 455 8 455 6 455 2 455 0 455 0 455 0 455 0 455 0 455 0 455 0 455 1 455 2 455 3 455 5 455 8 455 12 455 17 455 26 455 31 455 42 455 49 455 54 455 60 455 60 455 62 455 63 455 64 455 65 455 69 455 71 455 72 
10 2 0 1 0 1 17 42 -1 -1 0 3329 17 93 17 91 17 87 17 82 17 79 17 76 17 71 17 62 17 57 17 50 17 47 17 43 17 34 17 32 17 33 17 34 17 36 17 37 17 39 17 40 17 41 17 42 
10 2 0 1 0 1 141 363 -1 -1 0 4124 141 427 141 427 141 425 141 420 141 415 141 409 141 401 141 382 141 373 141 354 141 343 141 332 141 316 141 309 141 302 141 293 141 289 141 284 141 272 141 267 141 265 141 264 141 263 141 262 141 261 141 260 141 261 141 263 141 266 141 271 141 278 141 287 141 309 141 319 141 340 141 348 141 356 141 361 141 361 141 363 
10 2 0 1 0 1 164 234 -1 -1 0 3938 164 223 164 218 164 217 164 216 164 216 164 217 164 220 164 221 164 223 164 224 164 225 164 226 164 227 164 228 164 229 164 230 164 231 164 232 164 233 164 234 164 234 
10 2 0 1 0 1 404 318 -1 -1 1 3329 404 442 404 441 404 439 404 438 404 437 404 436 404 435 404 434 404 433 404 432 404 430 404 429 404 428 404 427 404 425 404 422 404 420 404 413 404 407 404 401 404 387 404 380 404 372 404 360 404 356 404 353 404 345 404 340 404 329 404 325 404 322 404 319 404 318 
10 2 0 1 0 1 286 290 -1 -1 0 4522 286 317 286 321 286 320 286 318 286 315 286 312 286 308 286 304 286 297 286 294 286 286 286 282 286 278 286 271 286 268 286 267 286 263 286 260 286 257 286 251 286 249 286 244 286 243 286 242 286 241 286 240 286 240 286 238 286 237 286 236 286 236 286 237 286 238 286 241 286 247 286 252 286 257 286 265 286 268 286 274 286 276 286 278 286 281 286 283 286 284 286 285 286 286 286 287 286 288 286 289 286 290 
10 2 0 1 0 1 147 233 -1 -1 0 6977 147 57 147 63 147 62 147 60 147 58 147 55 147 51 147 39 147 31 147 16 147 8 147 1 147 0 147 0 147 0 147 0 147 0 147 0 147 0 147 0 147 0 147 0 147 0 147 3 147 11 147 24 147 41 147 62 147 111 147 138 147 188 147 211 147 232 147 264 147 275 147 281 147 283 147 282 147 281 147 278 147 274 147 270 147 263 147 250 147 243 147 233 147 230 147 228 147 225 147 224 147 224 147 222 147 223 147 223 147 225 147 226 147 227 147 228 147 229 147 230 147 231 147 232 147 233 147 234 147 234 147 233 
10 2 0 1 0 1 564 18 -1 -1 1 7595 564 1 564 0 564 0 564 0 564 0 564 0 564 0 564 0 564 0 564 0 564 0 564 0 564 0 564 0 564 0 564 0 564 0 564 0 564 0 564 0 564 0 564 0 564 0 564 0 564 1 564 7 564 18 564 33 564 51 564 69 564 109 564 130 564 165 564 176 564 188 564 208 564 217 564 224 564 233 564 232 564 231 564 225 564 217 564 205 564 192 564 168 564 159 564 144 564 139 564 131 564 117 564 111 564 106 564 103 564 102 564 100 564 98 564 93 564 86 564 82 564 78 564 69 564 65 564 58 564 48 564 46 564 44 564 42 564 38 564 30 564 27 564 23 564 19 564 18 
10 2 0 1 0 1 566 574 -1 -1 0 4961 566 335 566 337 566 333 566 327 566 320 566 312 566 302 566 280 566 267 566 243 566 232 566 221 566 201 566 190 566 180 566 157 566 146 566 134 566 113 566 104 566 89 566 86 566 87 566 91 566 99 566 111 566 128 566 178 566 208 566 245 566 317 566 355 566 394 566 495 566 536 566 565 566 599 566 599 566 599 566 599 566 599 566 599 566 586 566 585 566 584 566 584 566 583 566 582 566 581 566 580 566 580 566 578 566 577 566 577 566 575 566 574 
10 2 0 1 0 1 599 536 -1 -1 1 7227 146 563 146 562 146 561 146 560 146 558 146 557 146 556 146 557 146 559 146 560 146 562 146 564 146 568 146 571 146 570 146 568 146 564 146 559 146 553 146 548 146 537 146 530 146 517 146 511 146 506 146 499 146 496 146 493 146 486 146 483 146 481 146 479 145 479 139 479 129 479 112 479 86 479 52 479 0 479 0 479 0 479 0 479 0 479 0 479 0 479 0 479 2 479 11 479 26 479 51 479 87 479 139 479 279 479 364 479 566 479 599 479 599 479 599 479 599 479 599 479 599 479 599 479 599 479 599 479 599 479 599 478 599 476 599 474 599 471 599 469 599 466 599 457 599 451 599 443 599 439 599 436 599 428 599 425 599 422 599 415 599 412 599 410 599 409 599 411 599 419 599 430 599 445 599 461 599 477 599 506 599 518 599 535 599 543 599 551 599 562 599 566 599 568 599 569 599 569 599 568 599 566 599 562 599 558 599 555 599 551 599 547 599 546 599 545 599 545 599 544 599 543 599 542 599 540 599 537 599 536 
10 2 0 1 0 1 487 504 -1 -1 0 6160 487 130 487 129 487 125 487 118 487 109 487 99 487 85 487 61 487 50 487 26 487 14 487 2 487 0 487 0 487 0 487 0 487 0 487 0 487 0 487 0 487 0 487 0 487 0 487 0 487 1 487 9 487 23 487 42 487 65 487 89 487 140 487 167 487 235 487 272 487 306 487 353 487 368 487 380 487 398 487 404 487 409 487 418 487 423 487 429 487 430 487 431 487 432 487 439 487 452 487 471 487 493 487 537 487 557 487 584 487 591 487 593 487 594 487 596 487 599 487 599 487 599 487 599 487 599 487 599 487 599 487 598 487 593 487 588 487 581 487 576 487 571 487 559 487 554 487 544 487 538 487 532 487 519 487 513 487 508 487 504 
10 2 0 1 0 1 556 417 -1 -1 1 4055 556 572 556 571 556 569 556 566 556 560 556 552 556 541 556 516 556 502 556 482 556 476 556 471 556 465 556 463 556 462 556 461 556 459 556 456 556 451 556 447 556 434 556 430 556 428 556 427 556 426 556 424 556 421 556 419 556 418 556 417 
10 2 0 1 0 2 149 50 0 3453 3 
10 2 0 1 0 2 416 216 1 2612 1 
10 2 0 1 0 2 349 116 0 1695 3 
10 2 0 1 0 2 516 549 0 1942 3 
10 2 0 1 0 2 50 249 0 2724 5 
10 2 0 1 0 2 416 183 1 3435 3 
10 2 0 1 0 2 216 482 0 3516 4 
10 2 0 1 0 2 449 549 0 1879 3 
10 2 0 1 0 2 283 116 1 3514 1 
10 2 0 1 0 2 482 249 1 2997 3 
10 2 0 1 0 2 216 416 0 2798 4 
10 2 0 1 0 2 416 449 0 1410 3 
10 2 0 1 0 2 50 482 0 2444 4 
10 2 0 1 0 2 383 183 1 2794 5 
10 2 0 1 0 2 249 149 1 1842 4 
10 2 0 1 0 2 383 216 1 3671 5 
10 2 0 1 0 2 316 216 1 1976 4 
10 2 0 1 0 2 316 316 1 1714 4 
10 2 0 1 0 2 149 316 1 2159 5 
10 2 0 1 0 2 249 349 1 1646 4 
10 2 0 1 0 2 516 183 1 2420 3 
10 2 0 1 0 2 516 482 0 2038 5 
10 2 0 1 0 2 149 516 0 1525 5 
10 2 0 1 0 2 50 316 0 2697 4 
10 2 0 1 0 2 283 249 1 1766 5 
10 2 0 1 0 2 183 50 0 1557 5 
10 2 0 1 0 2 249 516 0 1280 5 
10 2 0 1 0 2 316 349 0 1683 5 
10 2 0 1 0 2 183 116 0 1678 4 
10 2 0 1 0 2 216 50 0 1579 4 
10 2 0 1 0 2 416 516 0 2063 3 
10 2 0 1 0 2 482 516 0 1995 4 
10 2 0 1 0 1 0 235 -1 -1 0 14941 500 250 599 250 597 250 595 250 590 250 584 250 576 250 552 250 535 250 490 250 466 250 442 250 401 250 382 250 363 250 327 250 310 250 295 250 263 250 246 250 204 250 177 250 149 250 93 250 69 250 46 250 3 250 0 250 0 250 0 250 0 250 0 250 0 250 0 250 0 250 0 250 0 250 0 250 0 250 0 250 0 250 0 250 0 250 0 250 1 250 8 250 21 250 17 250 5 250 0 250 0 250 0 250 0 250 0 250 0 250 0 250 0 250 0 250 0 250 0 250 0 250 0 250 0 250 0 250 0 250 0 250 0 250 0 250 0 245 0 244 0 243 0 242 0 241 0 240 0 238 0 237 0 236 0 236 0 235 0 234 0 233 0 233 0 234 0 235 0 236 0 235 0 234 0 233 0 232 0 231 0 230 0 229 0 228 0 227 0 227 0 226 0 225 0 226 0 227 0 228 0 229 0 230 0 230 0 232 0 233 0 234 0 235 
10 2 0 1 0 1 0 272 -1 -1 0 6857 134 291 137 291 125 291 108 291 79 291 39 291 0 291 0 291 0 291 0 291 0 291 0 291 0 291 0 291 0 291 0 291 0 291 0 291 0 291 0 291 0 291 0 291 0 291 0 292 0 293 0 294 0 295 0 297 0 302 0 310 0 313 0 319 0 323 0 326 0 330 0 331 0 332 0 335 0 337 0 338 0 337 0 332 0 324 0 314 0 304 0 295 0 274 0 262 0 245 0 238 0 234 0 229 0 229 0 228 0 227 0 226 0 225 0 225 0 223 0 222 0 222 0 221 0 221 0 220 0 219 0 219 0 220 0 224 0 230 0 235 0 240 0 244 0 247 0 248 0 249 0 250 0 251 0 252 0 253 0 254 0 255 0 256 0 257 0 258 0 259 0 260 0 261 0 262 0 263 0 264 0 266 0 268 0 269 0 270 0 270 0 271 0 272 
10 2 0 1 0 1 0 599 -1 -1 1 7553 501 578 502 578 504 578 509 578 516 578 526 578 541 578 579 578 598 578 599 578 599 578 599 578 599 578 599 578 599 578 599 578 599 578 599 578 599 578 599 578 599 578 599 578 599 578 599 578 599 578 593 578 574 578 519 578 488 578 456 578 385 578 340 578 232 578 171 578 114 578 20 578 0 578 0 578 0 578 0 578 0 578 0 578 0 578 0 578 0 578 0 578 0 578 0 578 0 578 0 578 0 578 0 578 0 579 0 581 0 587 0 595 0 599 0 599 0 599 0 599 0 599 0 599 0 599 0 599 0 599 0 599 0 599 0 599 0 599 0 599 0 599 0 599 0 599 0 599 0 599 0 598 0 592 0 560 0 529 0 438 0 377 0 311 0 170 0 116 0 75 0 14 0 0 0 0 0 0 0 1 0 8 0 18 0 29 0 40 0 53 0 83 0 102 0 143 0 162 0 180 0 210 0 223 0 233 0 242 0 244 0 245 0 249 0 254 0 265 0 268 0 271 0 274 0 279 0 283 0 293 0 296 0 306 0 309 0 311 0 312 0 313 0 315 0 318 0 323 0 328 0 335 0 359 0 376 0 406 0 416 0 423 0 431 0 438 0 448 0 476 0 493 0 511 0 542 0 556 0 580 0 590 0 598 0 599 0 599 0 599 0 599 0 599 0 599 0 599 0 599 
10 2 0 1 0 1 0 552 -1 -1 0 6903 395 568 395 347 395 345 395 340 395 329 395 314 395 293 395 231 395 199 395 136 395 104 395 70 395 10 395 0 395 0 395 0 395 0 395 0 395 0 395 0 395 3 395 9 395 18 395 34 395 55 395 78 395 131 395 161 395 225 395 258 395 288 395 342 395 366 395 392 395 453 395 483 395 510 395 558 395 578 395 599 395 599 395 599 395 599 395 599 395 599 395 599 395 599 395 599 395 599 395 599 395 599 395 599 395 599 395 599 395 599 395 599 395 599 395 599 388 599 374 599 352 599 326 599 298 599 220 599 158 599 18 599 0 599 0 599 0 599 0 599 0 599 0 599 0 599 0 599 0 599 0 599 0 599 0 599 0 599 0 599 0 599 0 599 0 599 0 599 0 599 0 599 0 599 0 599 0 599 0 599 0 599 0 599 0 599 0 599 0 599 0 599 0 599 0 599 0 599 0 597 0 593 0 583 0 570 0 552 0 552 0 552 0 552 
10 2 0 1 0 1 462 526 -1 -1 0 6475 382 547 384 547 383 547 382 547 381 547 379 547 378 547 375 547 371 547 367 547 358 547 352 547 343 547 336 547 330 547 316 547 311 547 307 547 301 547 299 547 297 547 295 547 295 547 297 547 299 547 308 547 323 547 343 547 386 547 406 547 429 547 435 547 437 547 438 547 439 547 440 547 441 547 445 547 449 547 457 547 461 547 462 547 462 546 462 540 462 533 462 523 462 510 462 498 462 473 462 462 462 448 462 444 462 441 462 431 462 427 462 424 462 423 462 424 462 424 462 426 462 429 462 435 462 441 462 452 462 456 462 459 462 460 462 461 462 462 462 463 462 466 462 473 462 478 462 482 462 488 462 489 462 494 462 495 462 498 462 502 462 504 462 507 462 510 462 511 462 513 462 514 462 516 462 518 462 519 462 520 462 522 462 525 462 526 
10 2 0 1 0 1 335 438 -1 -1 0 7705 143 247 142 247 140 247 135 247 127 247 115 247 98 247 51 247 25 247 0 247 0 247 0 247 0 247 0 247 0 247 0 247 2 247 10 247 21 247 40 247 66 247 98 247 173 247 213 247 278 247 309 247 339 247 382 247 395 247 405 247 419 247 424 247 428 247 434 247 435 247 436 247 439 247 443 247 450 247 461 247 498 247 518 247 544 247 547 247 546 247 544 247 541 247 537 247 533 247 528 247 516 247 509 247 503 247 501 247 499 247 491 247 488 247 486 247 483 247 482 247 480 247 474 247 469 247 462 247 461 247 460 247 460 246 460 244 460 242 460 236 460 229 460 221 460 202 460 192 460 173 460 163 460 156 460 151 460 152 460 153 460 158 460 165 460 175 460 187 460 219 460 236 460 265 460 274 460 279 460 284 460 285 460 286 460 287 503 287 501 287 495 287 488 287 477 287 465 287 442 287 432 287 415 287 407 287 399 287 389 287 386 287 384 287 382 287 381 287 379 287 376 287 370 287 355 287 347 287 341 287 337 287 335 287 335 288 335 290 335 296 335 304 335 316 335 331 335 366 335 384 335 408 335 418 335 426 335 443 335 450 335 454 335 457 335 459 335 462 335 466 335 465 335 464 335 460 335 456 335 451 335 447 335 442 335 440 335 438 
10 2 0 1 0 1 288 364 -1 -1 0 5976 595 429 594 429 590 429 587 429 583 429 577 429 569 429 552 429 540 429 516 429 506 429 495 429 471 429 458 429 448 429 433 429 427 429 420 429 398 429 387 429 375 429 373 429 372 429 369 429 364 429 356 429 347 429 337 429 322 429 317 429 310 429 307 429 306 429 303 429 302 429 301 429 300 429 298 429 296 429 294 429 293 429 292 429 291 429 290 429 289 429 288 429 288 430 288 432 288 436 288 439 288 443 288 447 288 455 288 458 288 464 288 465 288 463 288 457 288 451 288 443 288 434 288 426 288 410 288 405 288 397 288 394 288 391 288 387 288 386 288 385 288 384 288 381 288 377 288 372 288 369 288 367 288 365 288 364 
10 2 0 1 0 1 314 233 -1 -1 1 7450 20 334 28 334 26 334 22 334 25 334 31 334 40 334 52 334 67 334 84 334 119 334 136 334 171 334 188 334 205 334 231 334 239 334 241 334 243 334 244 334 246 334 247 334 248 334 249 334 250 334 251 334 253 334 258 334 264 334 271 334 281 334 298 334 306 334 314 334 314 331 314 329 314 326 314 322 314 316 314 307 314 285 314 274 314 257 314 249 314 241 314 221 314 208 314 197 314 177 314 169 314 163 314 157 314 155 314 154 314 156 314 160 314 167 314 175 314 184 314 194 314 211 314 217 314 224 314 225 314 226 314 228 314 233 314 239 314 245 314 249 314 252 314 252 314 251 314 250 314 249 314 248 314 247 314 246 314 245 314 244 314 243 314 242 314 241 314 240 314 239 314 239 314 238 314 237 314 237 314 236 314 235 314 235 314 234 314 233 
10 2 0 1 0 1 304 297 -1 -1 1 4432 454 138 454 138 446 138 436 138 426 138 419 138 412 138 397 138 391 138 379 138 375 138 369 138 357 138 349 138 340 138 323 138 316 138 310 138 304 138 304 141 304 142 304 144 304 148 304 155 304 164 304 186 304 198 304 220 304 230 304 238 304 256 304 262 304 267 304 270 304 272 304 275 304 285 304 293 304 305 304 309 304 311 304 310 304 309 304 308 304 307 304 306 304 305 304 303 304 302 304 301 304 301 304 299 304 298 304 297 
10 2 0 1 0 1 304 345 -1 -1 0 8034 60 215 60 214 60 213 60 212 60 211 60 210 60 209 60 207 60 206 60 205 60 204 60 203 60 204 60 206 60 209 60 214 60 221 60 227 60 234 60 236 60 237 60 239 60 239 60 238 60 237 60 236 60 235 60 234 60 234 60 232 59 232 59 232 56 232 52 232 49 232 47 232 43 232 41 232 38 232 36 232 34 232 34 232 35 232 36 232 38 232 40 232 44 232 48 232 59 232 63 232 72 232 78 232 83 232 93 232 99 232 104 232 115 232 120 232 124 232 133 232 138 232 152 232 159 232 163 232 172 232 179 232 186 232 199 232 204 232 213 232 219 232 230 232 248 232 256 232 261 232 268 232 270 232 273 232 282 232 288 232 298 232 301 232 302 232 304 232 304 230 304 229 304 225 304 221 304 217 304 214 304 204 304 198 304 192 304 189 304 188 304 184 304 183 304 182 304 181 304 180 304 179 304 180 304 182 304 187 304 196 304 207 304 217 304 228 304 231 304 238 304 242 304 246 304 252 304 254 304 255 304 256 304 257 304 258 304 259 304 260 304 261 304 262 304 264 304 268 304 273 304 278 304 287 304 288 304 289 304 290 304 291 304 293 304 294 304 296 304 298 304 301 304 303 304 310 304 311 304 313 304 314 304 316 304 321 304 322 304 323 304 324 304 325 304 326 304 326 304 328 304 330 304 330 304 332 304 333 304 335 304 338 304 341 304 344 304 345 
10 2 0 1 0 1 303 283 -1 -1 1 6770 274 593 267 593 266 593 265 593 263 593 260 593 255 593 251 593 243 593 237 593 226 593 221 593 217 593 213 593 214 593 219 593 228 593 241 593 257 593 274 593 306 593 318 593 335 593 341 593 345 593 351 593 353 593 351 593 349 593 343 593 335 593 325 593 315 593 300 593 296 593 295 593 296 593 297 593 298 593 299 593 301 593 302 593 303 593 303 592 303 591 303 590 303 589 303 588 303 586 303 583 303 577 303 573 303 565 303 560 303 554 303 543 303 535 303 526 303 503 303 489 303 474 303 449 303 438 303 418 303 408 303 397 303 365 303 346 303 324 303 282 303 263 303 245 303 216 303 207 303 199 303 200 303 201 303 204 303 208 303 216 303 227 303 253 303 265 303 279 303 281 303 282 303 283 
10 2 0 1 0 1 455 55 -1 -1 1 5208 455 65 455 70 455 71 455 75 455 80 455 88 455 96 455 118 455 130 455 151 455 157 455 159 455 161 455 161 455 162 455 163 455 168 455 178 455 208 455 225 455 254 455 269 455 284 455 307 455 311 455 312 455 311 455 310 455 308 455 303 455 296 455 285 455 268 455 250 455 230 455 209 455 191 455 156 455 138 455 118 455 99 455 81 455 53 455 42 455 33 455 24 455 16 455 9 455 0 455 0 455 0 455 0 455 0 455 0 455 2 455 4 455 6 455 9 455 14 455 26 455 32 455 42 455 45 455 48 455 52 455 53 455 53 455 54 455 55 
10 2 0 1 0 1 567 482 -1 -1 1 3689 567 424 567 425 567 427 567 430 567 434 567 439 567 443 567 448 567 451 567 458 567 463 567 468 567 477 567 478 567 478 567 479 567 480 567 481 567 481 567 482 
10 2 0 1 0 1 599 599 -1 -1 1 4243 339 291 339 291 340 291 341 291 345 291 352 291 361 291 374 291 387 291 422 291 446 291 499 291 521 291 537 291 553 291 559 291 566 291 590 291 599 291 599 291 599 291 599 291 599 291 599 291 599 291 599 291 599 291 599 291 599 291 599 309 599 313 599 318 599 329 599 347 599 368 599 415 599 437 599 474 599 490 599 503 599 530 599 542 599 552 599 573 599 582 599 593 599 599 599 599 599 599 599 599 599 599 599 599 599 599 599 599 599 599 599 599 599 599 599 599 599 599 599 599 599 599 599 599 599 599 599 599 
10 2 0 1 0 1 518 599 -1 -1 0 5129 490 332 440 332 446 332 454 332 465 332 476 332 487 332 515 332 526 332 542 332 546 332 550 332 556 332 560 332 565 332 566 332 567 332 569 332 568 332 565 332 564 332 563 332 562 332 561 332 560 332 559 332 555 332 550 332 544 332 536 332 523 332 520 332 519 332 519 332 518 332 518 333 518 336 518 343 518 350 518 359 518 370 518 393 518 408 518 437 518 451 518 465 518 496 518 515 518 534 518 566 518 580 518 590 518 599 518 599 518 599 518 599 518 599 518 599 518 599 518 599 518 599 518 599 518 599 518 599 
10 2 0 1 0 1 490 533 -1 -1 0 6010 488 398 431 398 430 398 428 398 427 398 423 398 421 398 417 398 416 398 414 398 413 398 414 398 418 398 426 398 437 398 448 398 458 398 472 398 475 398 478 398 479 398 480 398 481 398 482 398 483 398 484 398 486 398 487 398 489 398 490 398 490 397 490 391 490 386 490 381 490 377 490 375 490 374 490 373 490 372 490 371 490 370 490 372 490 382 490 400 490 423 490 450 490 479 490 525 490 543 490 569 490 577 490 582 490 591 490 597 490 599 490 599 490 598 490 594 490 588 490 582 490 574 490 567 490 558 490 555 490 549 490 546 490 543 490 536 490 534 490 533 
10 2 0 1 0 2 482 482 0 5060 3 
10 2 0 1 0 2 416 50 0 1885 3 
10 2 0 1 0 2 316 50 0 1167 4 
10 2 0 1 0 2 183 416 0 4236 5 
10 2 0 1 0 2 183 183 0 7225 3 
10 2 0 1 0 2 482 83 1 4625 3 
10 2 0 1 0 2 249 83 0 2036 4 
10 2 0 1 0 2 116 283 0 2037 4 
10 2 0 1 0 2 416 316 1 2515 3 
10 2 0 1 0 2 349 349 1 3781 3 
10 2 0 1 0 2 216 183 0 2005 4 
10 2 0 1 0 2 316 416 0 21939 4 
10 2 0 1 0 2 449 383 1 9435 4 
10 2 0 1 0 2 449 183 1 2703 5 
10 2 0 1 0 2 183 549 0 2518 4 
10 2 0 1 0 2 316 383 0 1300 5 
10 2 0 1 0 2 416 83 0 3004 4 
10 2 0 1 0 2 183 316 0 1546 5 
10 2 0 1 0 2 116 216 1 2064 4 
10 2 0 1 0 2 116 249 1 1291 5 
10 2 0 1 0 2 83 116 0 1840 4 
10 2 0 1 0 2 383 383 1 4117 3 
10 2 0 1 0 2 183 516 0 1914 4 
10 2 0 1 0 2 116 516 0 1443 4 
10 2 0 1 0 2 549 116 1 3062 5 
10 2 0 1 0 2 449 149 1 1010 4 
10 2 0 1 0 2 449 516 1 1803 3 
10 2 0 1 0 2 216 316 0 2152 4 
10 2 0 1 0 2 549 283 1 2452 4 
10 2 0 1 0 2 50 549 0 2907 3 
10 2 0 1 0 2 283 449 1 3102 4 
10 2 0 1 0 2 249 249 0 5817 4 
10 2 0 1 0 1 105 232 -1 -1 0 15620 66 221 0 221 0 221 0 221 0 221 0 221 0 221 0 221 0 221 0 221 1 221 3 221 7 221 11 221 20 221 24 221 34 221 41 221 49 221 60 221 64 221 69 221 80 221 84 221 85 221 87 221 89 221 99 221 105 221 108 221 109 221 108 221 107 221 106 221 105 221 105 218 105 217 105 216 105 215 105 213 105 209 105 203 105 195 105 193 105 188 105 187 105 186 105 185 105 185 105 183 105 183 105 185 105 189 105 203 105 212 105 229 105 238 105 247 105 262 105 269 105 273 105 275 105 276 105 277 105 276 105 275 105 273 105 272 105 270 105 268 105 265 105 263 105 258 105 256 105 252 105 246 105 243 105 242 105 240 105 239 105 238 105 237 105 236 105 235 105 235 105 234 105 233 105 232 
10 2 0 1 0 1 371 96 -1 -1 1 7307 535 55 532 55 530 55 529 55 528 55 527 55 526 55 522 55 514 55 507 55 494 55 484 55 465 55 416 55 393 55 376 55 357 55 352 55 350 55 348 55 347 55 346 55 344 55 338 55 321 55 313 55 306 55 295 55 292 55 288 55 279 55 275 55 273 55 273 55 274 55 278 55 283 55 290 55 299 55 317 55 325 55 334 55 337 55 339 55 349 55 354 55 359 55 365 55 367 55 368 55 370 55 371 55 371 52 371 47 371 38 371 27 371 12 371 0 371 0 371 0 371 0 371 0 371 1 371 2 371 4 371 11 371 20 371 30 371 39 371 54 371 60 371 76 371 87 371 97 371 109 371 113 371 114 371 117 371 119 371 120 371 119 371 118 371 117 371 116 371 114 371 111 371 108 371 104 371 102 371 99 371 98 371 97 371 96 
10 2 0 1 0 1 337 177 -1 -1 1 5081 264 250 263 250 262 250 261 250 260 250 259 250 259 250 258 250 257 250 256 250 253 250 250 250 243 250 240 250 239 250 241 250 251 250 265 250 279 250 292 250 303 250 321 250 327 250 332 250 333 250 334 250 334 250 335 250 336 250 337 250 337 249 337 248 337 246 337 242 337 236 337 230 337 225 337 217 337 213 337 204 337 199 337 196 337 194 337 192 337 191 337 190 337 189 337 187 337 186 337 184 337 183 337 182 337 181 337 180 337 179 337 178 337 177 
10 2 0 1 0 1 336 145 -1 -1 1 4555 460 85 458 85 450 85 445 85 442 85 440 85 439 85 436 85 428 85 419 85 410 85 393 85 387 85 383 85 375 85 374 85 372 85 370 85 368 85 365 85 362 85 361 85 360 85 359 85 358 85 356 85 352 85 349 85 346 85 343 85 339 85 337 85 336 85 336 86 336 88 336 92 336 99 336 106 336 114 336 131 336 140 336 154 336 160 336 166 336 175 336 179 336 181 336 180 336 179 336 178 336 177 336 176 336 174 336 171 336 167 336 158 336 152 336 145 
10 2 0 1 0 1 308 399 -1 -1 0 6337 310 584 309 584 311 584 312 584 314 584 316 584 320 584 332 584 338 584 343 584 342 584 341 584 339 584 336 584 331 584 325 584 317 584 315 584 312 584 310 584 309 584 308 584 308 584 308 585 308 587 308 589 308 590 308 591 308 592 308 593 308 594 308 596 308 598 308 599 308 599 308 599 308 599 308 599 308 599 308 599 308 599 308 599 308 599 308 599 308 599 308 599 308 599 308 599 308 599 308 599 308 599 308 599 308 599 308 599 308 599 308 599 308 599 308 599 308 599 308 599 308 599 308 599 308 598 308 596 308 593 308 585 308 574 308 559 308 518 308 496 308 450 308 428 308 408 308 375 308 363 308 353 308 343 308 338 308 332 308 313 308 303 308 283 308 272 308 262 308 241 308 231 308 220 308 199 308 186 308 175 308 160 308 158 308 159 308 160 308 164 308 170 308 177 308 184 308 200 308 209 308 230 308 240 308 250 308 271 308 279 308 285 308 291 308 293 308 298 308 316 308 328 308 351 308 363 308 374 308 397 308 408 308 415 308 424 308 425 308 426 308 425 308 424 308 423 308 422 308 420 308 417 308 413 308 410 308 409 308 406 308 404 308 402 308 399 
10 2 0 1 0 1 296 368 -1 -1 0 4705 376 378 375 378 374 378 372 378 370 378 369 378 366 378 359 378 356 378 351 378 348 378 346 378 341 378 339 378 337 378 334 378 330 378 327 378 317 378 314 378 308 378 306 378 303 378 298 378 297 378 296 378 296 378 296 378 296 380 296 383 296 386 296 390 296 394 296 398 296 407 296 409 296 411 296 411 296 413 296 412 296 408 296 403 296 397 296 392 296 388 296 380 296 378 296 375 296 374 296 373 296 370 296 369 296 368 296 368 
10 2 0 1 0 1 273 307 -1 -1 0 4011 273 270 273 272 273 278 273 287 273 298 273 310 273 320 273 330 273 329 273 329 273 328 273 327 273 326 273 324 273 322 273 319 273 311 273 309 273 308 273 307 273 307 
10 2 0 1 0 1 216 231 -1 -1 0 7887 350 197 349 197 348 197 347 197 346 197 342 197 339 197 335 197 331 197 323 197 321 197 315 197 311 197 308 197 298 197 293 197 288 197 281 197 278 197 274 197 272 197 267 197 257 197 253 197 249 197 243 197 240 197 235 197 227 197 221 197 217 197 216 197 216 198 216 199 216 199 216 200 216 201 216 202 216 205 216 211 216 224 216 228 216 232 216 239 216 241 216 243 216 248 216 249 216 251 216 253 216 254 216 255 216 254 216 252 216 248 216 246 216 244 216 243 216 242 216 241 216 240 216 239 216 238 216 237 216 236 216 235 216 234 216 232 216 231 216 230 216 229 216 230 216 231 216 232 216 233 216 232 216 231 
10 2 0 1 0 1 234 231 -1 -1 1 8724 308 252 309 252 307 252 304 252 298 252 287 252 266 252 185 252 146 252 72 252 36 252 3 252 0 252 0 252 0 252 0 252 0 252 2 252 4 252 3 252 1 252 0 252 0 252 0 252 0 252 0 252 0 252 0 252 0 252 0 252 0 252 0 252 0 252 0 252 0 252 0 252 1 252 3 252 7 252 17 252 34 252 56 252 93 252 104 252 114 252 119 252 128 252 156 252 172 252 190 252 226 252 245 252 264 252 301 252 317 252 343 252 354 252 366 252 386 252 395 252 401 252 402 252 402 252 401 252 397 252 388 252 376 252 362 252 347 252 311 252 297 252 271 252 262 252 254 252 248 252 246 252 244 252 238 252 237 252 235 252 234 252 234 253 234 255 234 259 234 265 234 272 234 279 234 289 234 291 234 293 234 294 234 295 234 295 234 294 234 291 234 286 234 280 234 274 234 271 234 264 234 262 234 260 234 259 234 259 234 257 234 255 234 254 234 251 234 249 234 248 234 247 234 246 234 245 234 245 234 243 234 242 234 241 234 240 234 239 234 238 234 237 234 236 234 235 234 234 234 233 234 232 234 231 
10 2 0 1 0 1 206 232 -1 -1 0 8449 182 488 198 488 194 488 179 488 176 488 175 488 174 488 170 488 167 488 156 488 145 488 135 488 115 488 109 488 104 488 104 488 106 488 110 488 117 488 125 488 136 488 155 488 162 488 169 488 172 488 173 488 174 488 175 488 177 488 179 488 185 488 189 488 194 488 206 488 206 497 206 493 206 483 206 472 206 459 206 445 206 414 206 398 206 361 206 341 206 322 206 287 206 269 206 253 206 225 206 214 206 202 206 182 206 175 206 170 206 171 206 172 206 176 206 181 206 187 206 193 206 205 206 210 206 220 206 225 206 229 206 233 206 235 206 237 206 240 206 241 206 242 206 243 206 242 206 241 206 240 206 239 206 238 206 237 206 236 206 235 206 234 206 233 206 232 
10 2 0 1 0 1 150 232 -1 -1 0 7873 245 205 245 205 243 205 239 205 231 205 222 205 212 205 196 205 192 205 187 205 185 205 182 205 174 205 170 205 165 205 156 205 153 205 151 205 150 205 150 207 150 208 150 210 150 214 150 219 150 229 150 257 150 272 150 297 150 306 150 314 150 318 150 320 150 319 150 317 150 315 150 312 150 308 150 305 150 298 150 294 150 287 150 283 150 279 150 273 150 271 150 269 150 266 150 265 150 264 150 261 150 260 150 257 150 255 150 254 150 252 150 251 150 247 150 240 150 237 150 235 150 233 150 232 150 231 150 230 150 229 150 228 150 227 150 226 150 225 150 226 150 227 150 229 150 232 150 233 150 234 150 235 150 236 150 237 150 238 150 239 150 238 150 237 150 236 150 235 150 234 150 233 150 232 
10 2 0 1 0 1 148 230 -1 -1 0 8323 160 391 162 391 161 391 160 391 159 391 158 391 157 391 156 391 154 391 152 391 151 391 150 391 149 391 148 391 148 400 148 404 148 409 148 415 148 421 148 427 148 442 148 448 148 460 148 465 148 468 148 472 148 473 148 474 148 477 148 482 148 489 148 511 148 524 148 552 148 567 148 583 148 599 148 599 148 599 148 599 148 599 148 599 148 599 148 599 148 599 148 598 148 596 148 591 148 585 148 578 148 567 148 545 148 533 148 511 148 500 148 487 148 455 148 440 148 421 148 388 148 370 148 352 148 309 148 288 148 252 148 237 148 223 148 207 148 205 148 204 148 206 148 210 148 217 148 225 148 235 148 245 148 260 148 265 148 268 148 269 148 270 148 270 148 269 148 267 148 264 148 260 148 256 148 252 148 247 148 246 148 245 148 243 148 242 148 239 148 238 148 237 148 237 148 236 148 235 148 235 148 234 148 233 148 232 148 231 148 230 148 230 148 229 148 228 148 229 148 230 
10 2 0 1 0 1 361 234 -1 -1 1 5352 361 164 361 163 361 162 361 160 361 158 361 157 361 155 361 151 361 150 361 146 361 142 361 138 361 132 361 130 361 128 361 124 361 119 361 118 361 119 361 121 361 123 361 128 361 135 361 143 361 159 361 164 361 173 361 176 361 178 361 181 361 182 361 184 361 190 361 192 361 193 361 195 361 196 361 197 361 198 361 200 361 203 361 207 361 209 361 212 361 218 361 221 361 227 361 229 361 232 361 235 361 236 361 237 361 240 361 241 361 242 361 243 361 244 361 245 361 246 361 245 361 244 361 243 361 241 361 239 361 238 361 237 361 236 361 235 361 234 
10 2 0 1 0 1 346 159 -1 -1 1 5828 278 284 186 284 192 284 197 284 199 284 200 284 199 284 193 284 185 284 178 284 172 284 167 284 165 284 164 284 166 284 170 284 180 284 195 284 212 284 248 284 267 284 304 284 319 284 330 284 342 284 344 284 346 284 346 282 346 278 346 272 346 264 346 254 346 242 346 215 346 203 346 187 346 183 346 181 346 178 346 177 346 176 346 175 346 174 346 173 346 172 346 169 346 167 346 163 346 161 346 160 346 159 
10 2 0 1 0 1 370 108 -1 -1 1 4567 370 279 370 278 370 277 370 276 370 273 370 268 370 260 370 246 370 240 370 232 370 228 370 223 370 211 370 205 370 200 370 194 370 193 370 192 370 191 370 190 370 189 370 188 370 187 370 186 370 183 370 179 370 175 370 171 370 168 370 166 370 165 370 164 370 163 370 161 370 159 370 155 370 150 370 137 370 130 370 124 370 113 370 110 370 109 370 108 
10 2 0 1 0 1 370 447 -1 -1 0 3552 370 438 370 455 370 454 370 452 370 446 370 438 370 428 370 408 370 400 370 383 370 374 370 365 370 356 370 358 370 363 370 371 370 379 370 387 370 394 370 407 370 414 370 430 370 437 370 443 370 447 
10 2 0 1 0 2 383 549 0 6351 4 
10 2 0 1 0 2 349 416 0 1289 3 
10 2 0 1 0 2 283 50 0 1465 3 
10 2 0 1 0 2 416 116 1 2257 5 
10 2 0 1 0 2 116 149 0 2177 4 
10 2 0 1 0 2 482 183 1 1128 4 
10 2 0 1 0 2 482 449 1 3439 5 
10 2 0 1 0 2 316 549 0 2057 4 
10 2 0 1 0 2 482 116 1 4869 4 
10 2 0 1 0 2 216 383 0 7043 4 
10 2 0 1 0 2 83 516 0 1251 4 
10 2 0 1 0 2 183 283 1 4460 4 
10 2 0 1 0 2 249 116 1 5227 3 
10 2 0 1 0 2 83 316 0 1724 4 
10 2 0 1 0 2 116 83 0 1838 5 
10 2 0 1 0 2 249 283 1 5681 4 
10 2 0 1 0 2 516 50 1 3526 5 
10 2 0 1 0 2 83 416 0 4526 5 
10 2 0 1 0 2 216 549 0 1642 5 
10 2 0 1 0 2 449 349 1 2461 4 
10 2 0 1 0 2 416 149 1 2744 4 
10 2 0 1 0 2 482 316 1 1280 5 
10 2 0 1 0 2 516 283 1 1244 5 
10 2 0 1 0 2 316 516 0 3231 4 
10 2 0 1 0 2 83 482 0 2091 5 
10 2 0 1 0 2 283 183 1 2438 4 
10 2 0 1 0 2 416 416 1 2645 5 
10 2 0 1 0 2 183 216 1 3185 3 
10 2 0 1 0 2 83 549 0 3214 4 
10 2 0 1 0 2 316 249 1 1926 4 
10 2 0 1 0 2 50 449 0 2802 2 
10 2 0 1 0 2 549 216 1 1783 5 
10 2 0 1 0 1 428 233 -1 -1 1 7900 398 369 599 369 599 369 598 369 596 369 595 369 593 369 592 369 591 369 590 369 589 369 588 369 587 369 586 369 584 369 581 369 580 369 579 369 578 369 577 369 577 369 571 369 564 369 556 369 533 369 521 369 488 369 471 369 456 369 437 369 430 369 425 369 422 369 422 369 422 369 424 369 425 369 426 369 426 369 426 369 426 369 426 369 426 369 427 369 428 369 428 370 428 374 428 381 428 380 428 378 428 376 428 371 428 359 428 345 428 317 428 299 428 266 428 255 428 246 428 229 428 220 428 212 428 197 428 193 428 192 428 193 428 195 428 198 428 200 428 202 428 210 428 214 428 224 428 226 428 227 428 230 428 234 428 238 428 242 428 243 428 242 428 241 428 239 428 237 428 236 428 235 428 233 428 233 
10 2 0 1 0 1 547 599 -1 -1 0 3578 547 528 547 530 547 538 547 547 547 559 547 569 547 574 547 583 547 592 547 599 547 599 547 599 547 599 547 599 
10 2 0 1 0 1 68 228 -1 -1 0 5849 31 161 29 161 30 161 30 161 32 161 36 161 42 161 60 161 69 161 88 161 99 161 109 161 137 161 152 161 165 161 187 161 193 161 192 161 190 161 184 161 176 161 165 161 152 161 121 161 107 161 82 161 74 161 70 161 68 161 68 160 68 158 68 154 68 149 68 142 68 133 68 113 68 102 68 82 68 74 68 66 68 50 68 43 68 35 68 18 68 10 68 3 68 0 68 0 68 1 68 9 68 20 68 37 68 57 68 79 68 119 68 138 68 178 68 196 68 212 68 233 68 240 68 243 68 244 68 245 68 244 68 243 68 241 68 239 68 238 68 237 68 236 68 233 68 232 68 231 68 230 68 229 68 228 
10 2 0 1 0 1 49 599 -1 -1 0 9867 49 584 49 599 49 582 49 565 49 548 49 532 49 517 49 487 49 473 49 441 49 425 49 410 49 397 49 396 49 397 49 400 49 407 49 417 49 428 49 439 49 457 49 463 49 470 49 473 49 477 49 482 49 484 49 485 49 487 49 491 49 500 49 521 49 532 49 558 49 570 49 581 49 596 49 599 49 599 49 599 49 599 49 599 49 599 
10 2 0 1 0 1 218 236 -1 -1 0 5345 218 69 218 68 218 62 218 49 218 36 218 21 218 7 218 0 218 0 218 0 218 0 218 0 218 0 218 0 218 0 218 0 218 3 218 17 218 33 218 55 218 79 218 102 218 133 218 142 218 152 218 159 218 166 218 184 218 195 218 209 218 237 218 250 218 256 218 257 218 260 218 267 218 275 218 286 218 292 218 291 218 289 218 287 218 283 218 279 218 273 218 263 218 257 218 247 218 242 218 237 218 225 218 221 218 219 218 219 218 220 218 222 218 225 218 229 218 233 218 236 218 238 218 239 218 240 218 239 218 238 218 237 218 236 
10 2 0 1 0 1 222 281 -1 -1 0 11610 100 515 100 516 100 517 100 519 100 521 100 524 100 528 100 533 100 534 100 541 100 543 100 545 100 543 100 535 100 527 100 517 100 506 100 490 100 453 100 433 100 404 100 394 100 386 100 377 100 374 100 372 100 371 100 369 100 368 100 366 100 364 100 362 100 361 100 360 100 358 100 355 100 350 100 339 100 332 86 332 80 332 71 332 59 332 45 332 33 332 11 332 3 332 0 332 0 332 0 332 0 332 0 332 0 332 0 332 0 332 0 332 0 332 0 332 0 332 1 332 6 332 15 332 31 332 49 332 73 332 119 332 137 332 172 332 186 332 202 332 227 332 239 332 250 332 271 332 279 332 284 332 293 332 296 332 299 332 300 332 302 332 309 332 314 332 321 332 335 332 339 332 341 332 343 332 345 332 349 332 351 332 354 332 366 332 372 332 377 332 381 332 382 332 385 332 388 332 390 332 394 332 395 332 397 332 400 332 402 332 403 332 404 332 404 331 404 330 404 329 404 327 404 324 404 320 404 314 404 312 404 308 404 306 404 304 404 299 404 298 404 296 404 292 404 289 404 287 404 284 404 283 404 281 404 279 404 276 404 271 404 268 404 264 404 256 404 253 404 251 404 246 404 244 404 242 404 241 405 241 406 241 408 241 410 241 413 241 415 241 418 241 426 241 431 241 441 241 445 241 451 241 468 241 476 241 482 241 484 241 483 241 480 241 472 241 457 241 440 241 420 241 385 241 372 241 352 241 343 241 334 241 319 241 312 241 305 241 288 241 282 241 277 241 273 241 273 241 272 241 271 241 270 241 268 241 264 241 260 241 257 241 253 241 252 241 251 241 250 241 249 241 248 241 247 241 246 241 245 241 243 241 240 241 237 241 227 241 224 241 223 241 222 241 222 260 222 263 222 266 222 268 222 269 222 270 222 271 222 270 222 268 222 264 222 259 222 252 222 247 222 242 222 239 222 238 222 239 222 244 222 252 222 262 222 272 222 282 222 296 222 300 222 301 222 302 222 284 222 282 222 280 222 278 222 276 222 275 222 274 222 273 222 272 222 271 222 270 222 269 222 270 222 271 222 272 222 274 222 276 222 277 222 278 222 279 222 280 222 281 
10 2 0 1 0 1 215 319 -1 -1 0 7626 474 586 474 584 474 574 474 559 474 540 474 515 474 487 474 449 474 430 474 392 474 376 474 362 474 346 474 342 474 340 474 338 474 335 474 328 474 319 474 307 474 279 474 267 474 250 474 248 474 249 474 251 474 253 474 257 474 263 474 270 474 290 474 301 474 317 474 321 474 323 474 322 474 321 474 320 474 319 471 319 468 319 463 319 458 319 451 319 444 319 426 319 416 319 400 319 392 319 381 319 362 319 355 319 350 319 342 319 338 319 332 319 322 319 316 319 304 319 298 319 291 319 282 319 277 319 274 319 264 319 260 319 257 319 251 319 248 319 243 319 241 319 239 319 234 319 230 319 228 319 224 319 222 319 221 319 219 319 218 319 217 319 216 319 215 319 
10 2 0 1 0 1 362 180 -1 -1 1 4819 432 120 431 120 429 120 426 120 423 120 417 120 410 120 390 120 379 120 360 120 352 120 345 120 332 120 326 120 322 120 313 120 309 120 306 120 302 120 300 120 299 120 299 120 300 120 302 120 304 120 308 120 314 120 324 120 327 120 330 120 332 120 335 120 346 120 350 120 351 120 353 120 354 120 356 120 357 120 358 120 359 120 360 120 361 120 362 120 362 121 362 122 362 124 362 128 362 134 362 141 362 155 362 162 362 174 362 178 362 180 
10 2 0 1 0 1 335 128 -1 -1 1 4145 437 96 437 98 437 99 437 102 437 105 437 109 437 114 437 119 437 120 437 120 437 122 437 123 437 125 437 127 437 128 436 128 434 128 430 128 424 128 416 128 407 128 390 128 383 128 373 128 370 128 367 128 362 128 360 128 358 128 355 128 353 128 352 128 348 128 346 128 344 128 343 128 342 128 341 128 340 128 339 128 337 128 336 128 335 128 
10 2 0 1 0 1 206 328 -1 -1 0 5186 383 293 383 294 383 295 383 297 383 301 383 306 383 311 383 316 383 323 383 325 383 327 383 327 383 329 383 330 383 331 383 330 383 328 383 326 383 323 383 321 383 319 383 317 383 316 383 315 383 316 383 318 383 320 383 323 383 324 383 326 383 327 383 328 383 328 382 328 378 328 372 328 363 328 352 328 341 328 321 328 314 328 303 328 300 328 298 328 296 328 294 328 293 328 291 328 290 328 286 328 278 328 272 328 259 328 252 328 243 328 228 328 223 328 219 328 211 328 209 328 207 328 206 328 
10 2 0 1 0 1 280 345 -1 -1 0 4826 479 367 479 367 478 367 476 367 475 367 471 367 465 367 453 367 448 367 434 367 424 367 412 367 383 367 371 367 363 367 353 367 349 367 345 367 333 367 328 367 316 367 312 367 308 367 299 367 295 367 292 367 287 367 284 367 282 367 280 367 280 368 280 369 280 370 280 371 280 372 280 373 280 375 280 378 280 380 280 382 280 383 280 384 280 384 280 382 280 378 280 373 280 368 280 363 280 359 280 354 280 353 280 352 280 351 280 349 280 347 280 346 280 346 280 345 
10 2 0 1 0 1 136 319 -1 -1 0 3403 341 319 343 319 341 319 340 319 336 319 331 319 325 319 317 319 295 319 285 319 266 319 257 319 250 319 235 319 226 319 218 319 203 319 193 319 185 319 170 319 163 319 155 319 153 319 151 319 150 319 149 319 148 319 147 319 146 319 145 319 144 319 142 319 138 319 136 319 
10 2 0 1 0 1 389 293 -1 -1 1 7729 16 228 16 228 12 228 3 228 0 228 0 228 0 228 0 228 0 228 0 228 0 228 0 228 0 228 0 228 0 228 0 228 0 228 0 228 0 228 0 228 0 229 0 231 0 235 0 241 0 248 0 254 0 264 0 269 0 274 0 277 0 281 0 286 0 289 0 290 0 291 0 292 0 293 0 293 0 293 0 293 0 293 0 293 0 293 0 293 0 293 0 293 0 293 0 293 0 293 0 293 0 293 0 293 0 293 0 293 0 293 0 293 0 293 0 293 0 293 3 293 8 293 18 293 28 293 42 293 54 293 78 293 90 293 111 293 118 293 123 293 130 293 132 293 135 293 142 293 147 293 151 293 164 293 172 293 188 293 196 293 202 293 213 293 217 293 222 293 238 293 246 293 255 293 266 293 270 293 280 293 288 293 295 293 309 293 315 293 320 293 332 293 338 293 347 293 348 293 349 293 350 293 351 293 352 293 354 293 357 293 362 293 368 293 381 293 388 293 396 293 395 293 394 293 392 293 391 293 391 293 390 293 389 293 
10 2 0 1 0 1 518 491 -1 -1 1 5594 525 491 530 491 528 491 526 491 524 491 522 491 521 491 520 491 519 491 518 491 
10 2 0 1 0 1 535 544 -1 -1 0 7307 404 225 404 227 404 227 404 228 404 229 404 230 404 231 404 233 404 234 404 239 404 242 404 244 404 247 404 247 404 248 404 253 404 262 404 273 404 285 404 306 404 314 404 326 404 330 404 334 404 337 404 339 404 342 404 352 404 356 404 363 404 376 404 385 404 404 404 412 404 421 404 448 404 465 404 481 404 505 404 514 404 522 404 535 404 540 404 544 209 544 205 544 200 544 192 544 180 544 167 544 133 544 118 544 92 544 82 544 73 544 64 544 62 544 61 544 61 544 63 544 70 544 83 544 98 544 117 544 162 544 190 544 242 544 264 544 283 544 313 544 325 544 336 544 347 544 349 544 350 544 352 544 357 544 363 544 372 544 393 544 405 544 431 544 448 544 464 544 495 544 508 544 518 544 531 544 534 544 535 544 
10 2 0 1 0 1 84 491 -1 -1 0 5866 238 491 198 491 196 491 194 491 191 491 186 491 180 491 163 491 148 491 131 491 103 491 93 491 85 491 84 491 
10 2 0 1 0 2 549 416 1 4322 5 
10 2 0 1 0 2 283 482 0 4986 4 
10 2 0 1 0 2 383 149 1 1710 5 
10 2 0 1 0 2 116 383 0 1939 5 
10 2 0 1 0 2 383 416 1 4754 5 
10 2 0 1 0 2 482 349 1 1152 4 
10 2 0 1 0 2 149 149 0 1428 5 
10 2 0 1 0 2 50 416 0 1565 5 
10 2 0 1 0 2 149 283 0 1087 5 
10 2 0 1 0 2 349 216 1 1748 5 
10 2 0 1 0 2 383 516 0 1800 4 
10 2 0 1 0 2 50 50 0 1798 4 
10 2 0 1 0 2 516 149 1 1239 5 
10 2 0 1 0 2 283 416 0 3268 4 
10 2 0 1 0 2 449 316 1 2011 5 
10 2 0 1 0 2 183 449 0 1676 4 
10 2 0 1 0 2 249 549 0 1956 3 
10 2 0 1 0 2 316 449 0 1158 4 
10 2 0 1 0 2 283 83 0 1338 3 
10 2 0 1 0 2 83 183 0 1312 4 
10 2 0 1 0 2 449 50 1 1529 5 
10 2 0 1 0 2 449 216 1 1085 4 
10 2 0 1 0 2 216 83 1 1541 5 
10 2 0 1 0 2 183 83 0 1174 4 
10 2 0 1 0 2 149 482 0 1258 3 
10 2 0 1 0 2 383 50 0 1070 4 
10 2 0 1 0 2 383 449 1 1701 4 
10 2 0 1 0 2 549 83 1 1811 5 
10 2 0 1 0 2 283 149 1 1243 4 
10 2 0 1 0 2 549 183 1 1031 5 
10 2 0 1 0 2 50 516 0 2575 4 
10 2 0 1 0 2 349 482 0 2350 3 
