Subject 106 in condition 2
Training Condition: 0
Task: 1
Rule: [[[250, 350], [[4538, 4463], [4463, 4538]]], [[350, 250], [[4538, 4463], [4463, 4538]]]]
Noise: 0
CATA=0
CATB=1
Sample keys: 122 120
Resp keys: 309 307
Dim direction: 0 0
Dim minimum: 82 80
Test order: [4, 3, 0, 6, 2, 1, 5, 7]
106 2 0 1 0 1 522 407 -1 -1 1 11180 522 347 522 364 522 364 522 365 522 366 522 368 522 370 522 374 522 376 522 384 522 389 522 393 522 399 522 401 522 401 522 401 522 401 522 402 522 402 522 404 522 404 522 404 522 405 522 405 522 407 522 408 522 409 522 410 522 410 522 410 522 410 522 410 522 409 522 409 522 408 522 407 522 407 522 407 522 407 522 407 522 407 522 407 522 407 522 407 522 407 522 407 522 407 522 407 522 407 522 407 522 407 522 407 522 407 522 407 522 407 522 407 522 407 522 407 522 407 522 407 522 407 522 407 
106 2 0 1 0 1 178 400 -1 -1 0 23435 589 539 589 599 589 599 589 599 589 599 589 599 589 599 589 599 589 599 589 599 589 599 589 599 589 599 589 599 589 599 589 599 589 599 589 599 589 599 589 599 589 599 589 599 589 599 589 599 589 599 589 599 589 599 589 599 589 599 589 599 589 599 589 599 589 599 589 598 589 594 589 581 589 581 589 582 589 584 589 588 589 594 589 599 589 599 589 599 589 599 589 599 589 599 589 599 589 599 589 599 589 599 589 598 589 593 589 586 589 578 589 570 589 562 589 544 589 533 589 509 589 496 589 480 589 446 589 429 589 411 589 383 589 371 589 363 589 349 589 343 589 328 589 321 589 314 589 305 589 304 589 306 589 308 589 312 589 315 589 320 589 324 589 332 589 335 589 340 589 341 589 342 589 343 589 343 589 344 589 345 589 345 589 345 589 346 589 346 589 347 589 347 589 347 589 347 589 348 589 348 589 348 589 347 589 344 589 340 589 336 589 325 589 320 589 315 589 299 589 290 589 282 589 269 589 265 589 254 589 248 589 244 589 238 589 236 589 236 589 244 589 252 589 281 589 300 589 316 589 346 589 361 589 374 589 388 589 394 589 399 589 404 589 405 589 405 589 405 589 405 589 405 589 406 589 407 589 407 589 408 589 408 589 408 589 408 589 408 589 408 589 408 589 407 589 407 589 407 589 407 589 407 589 407 589 407 589 407 589 407 589 407 589 407 589 407 589 407 589 407 589 407 589 407 589 407 589 407 589 407 589 407 589 405 589 405 589 404 589 404 589 404 589 406 589 411 589 418 589 424 589 427 589 432 589 434 589 435 589 435 589 436 589 437 589 437 589 437 589 438 589 438 589 439 589 439 589 441 589 442 589 443 589 443 589 443 589 441 589 433 589 428 589 423 589 410 589 406 589 402 589 394 589 390 589 387 589 386 589 385 589 384 589 383 589 380 589 377 589 374 589 368 589 367 589 368 589 369 589 371 589 372 589 373 589 375 589 376 589 377 589 379 589 380 589 381 589 382 589 382 589 382 589 382 589 383 589 383 589 383 589 385 589 385 589 385 589 386 589 386 589 386 589 386 589 386 589 386 589 386 589 386 589 386 589 388 589 388 589 388 589 389 589 390 589 391 589 393 589 393 589 394 589 394 589 394 589 394 589 394 589 394 589 394 589 394 589 394 589 394 589 394 589 394 589 394 589 394 589 394 589 394 589 394 589 394 589 394 589 394 589 394 589 394 589 394 589 395 589 396 589 397 589 398 589 398 589 400 589 402 589 405 589 410 589 413 589 414 589 414 589 412 589 409 589 405 589 402 589 398 589 393 589 391 589 385 589 384 589 382 589 381 589 382 589 383 589 383 589 383 589 383 589 383 589 383 589 383 589 383 589 381 589 381 589 381 589 380 589 380 589 379 589 379 589 378 589 377 589 377 589 379 589 380 589 381 589 382 589 383 589 383 589 384 589 385 589 385 589 385 589 386 589 388 589 391 589 392 589 394 589 395 589 396 589 396 589 396 589 396 589 397 589 397 589 397 589 397 589 398 589 398 589 398 589 399 589 399 589 399 589 400 589 400 590 400 590 400 590 400 590 400 589 400 589 400 588 400 587 400 588 400 590 400 591 400 592 400 591 400 589 400 584 400 580 400 575 400 570 400 562 400 560 400 554 400 553 400 552 400 551 400 551 400 550 400 549 400 548 400 547 400 545 400 540 400 535 400 530 400 517 400 511 400 499 400 493 400 486 400 472 400 464 400 454 400 431 400 421 400 411 400 396 400 390 400 377 400 372 400 367 400 355 400 349 400 343 400 333 400 328 400 317 400 312 400 309 400 301 400 299 400 297 400 294 400 293 400 292 400 291 400 290 400 286 400 283 400 280 400 274 400 269 400 260 400 256 400 250 400 238 400 232 400 225 400 210 400 203 400 197 400 191 400 187 400 184 400 184 400 182 400 181 400 180 400 179 400 178 400 178 400 
106 2 0 1 0 1 271 0 -1 -1 1 16641 271 127 271 222 271 223 271 224 271 226 271 227 271 228 271 230 271 231 271 240 271 245 271 257 271 262 271 266 271 276 271 280 271 285 271 297 271 306 271 315 271 333 271 342 271 361 271 369 271 376 271 390 271 397 271 404 271 415 271 420 271 426 271 428 271 429 271 430 271 430 271 430 271 425 271 422 271 418 271 410 271 406 271 396 271 392 271 387 271 380 271 378 271 377 271 378 271 378 271 380 271 381 271 381 271 381 271 383 271 383 271 382 271 380 271 376 271 365 271 360 271 356 271 350 271 349 271 348 271 346 271 346 271 346 271 346 271 346 271 346 271 344 271 343 271 339 271 337 271 336 271 336 271 337 271 339 271 343 271 346 271 348 271 353 271 354 271 356 271 356 271 356 271 356 271 355 271 354 271 353 271 353 271 353 271 353 271 353 271 351 271 349 271 346 271 340 271 336 271 332 271 325 271 321 271 314 271 312 271 311 271 309 271 307 271 306 271 303 271 299 271 298 271 286 271 270 271 255 271 238 271 219 271 181 271 162 271 126 271 109 271 93 271 58 271 41 271 24 271 0 271 0 271 0 271 0 271 0 271 0 271 0 271 0 271 0 271 0 271 0 271 0 271 0 271 0 271 0 271 0 271 0 271 0 271 0 271 0 271 0 271 0 271 0 271 0 271 0 271 0 
106 2 0 1 0 1 591 599 -1 -1 0 9739 591 493 591 579 591 580 591 581 591 584 591 588 591 593 591 599 591 599 591 599 591 599 591 599 591 599 591 599 591 599 591 599 591 599 591 599 591 599 591 599 591 599 591 599 591 599 591 599 591 599 591 599 591 599 591 599 591 599 591 599 591 599 591 599 591 599 591 599 591 599 591 599 591 599 591 599 591 599 591 599 591 599 591 599 591 599 591 599 591 599 591 599 591 599 591 599 591 599 591 599 591 599 591 599 591 599 591 599 591 599 591 599 591 599 591 599 591 599 591 599 591 599 591 599 591 599 591 599 591 599 591 599 591 599 
106 2 0 1 0 1 178 41 -1 -1 1 13079 178 225 178 203 178 203 178 204 178 205 178 206 178 207 178 207 178 209 178 210 178 211 178 211 178 212 178 213 178 213 178 214 178 215 178 216 178 218 178 220 178 221 178 224 178 226 178 229 178 234 178 236 178 238 178 239 178 241 178 251 178 257 178 263 178 270 178 272 178 273 178 271 178 266 178 258 178 248 178 234 178 204 178 188 178 173 178 151 178 143 178 134 178 131 178 127 178 115 178 108 178 101 178 84 178 75 178 69 178 62 178 60 178 54 178 50 178 45 178 34 178 29 178 24 178 18 178 17 178 16 178 17 178 18 178 19 178 21 178 24 178 27 178 31 178 32 178 33 178 34 178 35 178 37 178 38 178 39 178 40 178 40 178 41 178 42 178 41 178 40 178 38 178 36 178 37 178 38 178 40 178 41 178 42 178 43 178 44 178 43 178 42 178 41 178 40 178 39 178 38 178 39 178 40 178 41 
106 2 0 1 0 1 0 79 -1 -1 0 9210 40 79 74 79 73 79 70 79 65 79 61 79 56 79 53 79 44 79 38 79 28 79 23 79 16 79 8 79 5 79 2 79 0 79 0 79 0 79 0 79 0 79 0 79 0 79 0 79 0 79 0 79 0 79 0 79 0 79 0 79 0 79 
106 2 0 1 0 1 599 54 -1 -1 1 13059 135 54 136 54 137 54 138 54 141 54 144 54 147 54 158 54 163 54 175 54 182 54 190 54 204 54 211 54 217 54 229 54 235 54 241 54 254 54 259 54 270 54 275 54 279 54 287 54 290 54 293 54 299 54 302 54 305 54 307 54 308 54 309 54 309 54 309 54 307 54 307 54 306 54 305 54 304 54 304 54 304 54 303 54 303 54 303 54 303 54 303 54 303 54 308 54 311 54 314 54 323 54 328 54 333 54 343 54 348 54 356 54 358 54 361 54 366 54 369 54 371 54 375 54 377 54 380 54 382 54 384 54 386 54 387 54 387 54 389 54 390 54 391 54 392 54 393 54 395 54 396 54 398 54 400 54 402 54 404 54 408 54 410 54 414 54 415 54 417 54 420 54 421 54 423 54 426 54 428 54 431 54 435 54 437 54 440 54 441 54 442 54 445 54 446 54 447 54 450 54 451 54 451 54 453 54 454 54 455 54 456 54 456 54 457 54 458 54 458 54 459 54 459 54 461 54 462 54 462 54 463 54 463 54 464 54 466 54 467 54 467 54 468 54 469 54 470 54 470 54 471 54 473 54 474 54 474 54 476 54 476 54 477 54 478 54 479 54 480 54 481 54 483 54 485 54 486 54 487 54 489 54 489 54 491 54 491 54 491 54 491 54 490 54 489 54 483 54 482 54 481 54 482 54 482 54 482 54 483 54 483 54 483 54 486 54 487 54 491 54 493 54 495 54 499 54 502 54 504 54 509 54 511 54 517 54 519 54 522 54 526 54 528 54 529 54 532 54 533 54 534 54 535 54 536 54 537 54 537 54 537 54 538 54 538 54 538 54 538 54 538 54 538 54 538 54 538 54 539 54 540 54 540 54 543 54 543 54 544 54 546 54 547 54 548 54 548 54 548 54 548 54 548 54 548 54 548 54 548 54 548 54 548 54 547 54 547 54 547 54 547 54 547 54 547 54 550 54 550 54 551 54 554 54 556 54 556 54 559 54 561 54 565 54 567 54 568 54 569 54 570 54 570 54 570 54 570 54 571 54 571 54 572 54 573 54 574 54 574 54 575 54 575 54 576 54 576 54 576 54 577 54 577 54 577 54 577 54 577 54 577 54 578 54 577 54 575 54 572 54 569 54 567 54 566 54 563 54 560 54 559 54 555 54 553 54 551 54 549 54 545 54 544 54 544 54 544 54 544 54 547 54 550 54 553 54 559 54 562 54 565 54 570 54 573 54 578 54 581 54 583 54 587 54 589 54 591 54 594 54 595 54 597 54 598 54 599 54 599 54 599 54 599 54 599 54 599 54 599 54 599 54 599 54 599 54 599 54 599 54 599 54 599 54 599 54 599 54 599 54 599 54 599 54 599 54 599 54 
106 2 0 1 0 1 0 251 -1 -1 0 11770 220 251 217 251 217 251 216 251 216 251 214 251 211 251 208 251 205 251 202 251 202 251 201 251 200 251 199 251 197 251 196 251 195 251 194 251 193 251 192 251 191 251 191 251 190 251 189 251 189 251 190 251 191 251 193 251 195 251 197 251 199 251 201 251 202 251 205 251 206 251 207 251 210 251 212 251 214 251 216 251 216 251 218 251 219 251 219 251 220 251 221 251 220 251 216 251 209 251 199 251 189 251 176 251 151 251 141 251 121 251 113 251 107 251 104 251 104 251 104 251 101 251 99 251 96 251 95 251 94 251 93 251 91 251 89 251 81 251 76 251 65 251 57 251 49 251 29 251 20 251 12 251 0 251 0 251 0 251 0 251 0 251 0 251 0 251 0 251 0 251 0 251 0 251 0 251 0 251 0 251 0 251 0 251 
106 2 0 1 0 1 546 100 -1 -1 1 12121 327 100 326 100 326 100 327 100 327 100 328 100 329 100 330 100 330 100 334 100 335 100 336 100 339 100 340 100 340 100 341 100 342 100 346 100 348 100 350 100 354 100 356 100 358 100 362 100 365 100 366 100 370 100 371 100 374 100 376 100 377 100 382 100 385 100 388 100 394 100 397 100 402 100 403 100 405 100 406 100 406 100 406 100 407 100 407 100 407 100 408 100 408 100 410 100 410 100 413 100 415 100 422 100 426 100 436 100 442 100 447 100 456 100 460 100 463 100 470 100 474 100 478 100 486 100 490 100 499 100 504 100 508 100 517 100 521 100 526 100 532 100 535 100 538 100 543 100 545 100 550 100 552 100 554 100 558 100 560 100 562 100 566 100 568 100 572 100 574 100 576 100 579 100 580 100 582 100 585 100 586 100 588 100 589 100 590 100 591 100 591 100 592 100 594 100 594 100 595 100 595 100 595 100 595 100 593 100 589 100 585 100 587 100 588 100 590 100 593 100 596 100 598 100 599 100 599 100 599 100 599 100 599 100 599 100 599 100 599 100 599 100 599 100 599 100 599 100 599 100 599 100 599 100 599 100 599 100 599 100 599 100 599 100 599 100 598 100 597 100 596 100 596 100 594 100 592 100 590 100 588 100 587 100 586 100 586 100 584 100 582 100 581 100 578 100 578 100 578 100 577 100 576 100 576 100 575 100 574 100 574 100 572 100 572 100 571 100 570 100 569 100 567 100 566 100 563 100 562 100 561 100 558 100 557 100 555 100 553 100 552 100 549 100 547 100 547 100 546 100 
106 2 0 1 0 1 0 537 -1 -1 0 17057 4 293 13 293 10 293 5 293 0 293 0 293 0 293 0 293 0 293 0 293 0 293 0 293 0 293 0 293 0 293 0 293 0 293 0 293 0 293 0 293 0 293 0 293 0 293 0 293 0 293 0 293 0 293 0 293 0 293 0 293 0 293 0 293 0 293 0 293 0 293 0 293 0 293 0 293 0 293 0 294 0 294 0 295 0 296 0 297 0 298 0 300 0 305 0 309 0 315 0 327 0 334 0 350 0 357 0 363 0 379 0 388 0 398 0 415 0 421 0 428 0 447 0 456 0 474 0 481 0 486 0 492 0 494 0 495 0 496 0 497 0 499 0 503 0 507 0 510 0 515 0 528 0 533 0 537 
106 2 0 1 0 1 0 214 -1 -1 0 7961 203 1 203 1 204 1 206 1 209 1 213 1 219 1 224 1 232 1 236 1 243 1 246 1 250 1 254 1 254 1 250 1 245 1 236 1 222 1 209 1 187 1 176 1 160 1 151 1 142 1 124 1 112 1 101 1 77 1 63 1 52 1 33 1 24 1 9 1 1 1 0 1 0 1 0 1 0 1 0 1 0 1 0 1 0 1 0 1 0 1 0 1 0 1 0 1 0 1 0 1 0 1 0 1 0 1 0 1 0 1 0 1 0 1 0 1 0 1 0 2 0 6 0 10 0 15 0 23 0 30 0 45 0 52 0 66 0 71 0 77 0 93 0 100 0 108 0 126 0 135 0 146 0 166 0 175 0 189 0 193 0 196 0 197 0 198 0 199 0 200 0 201 0 205 0 207 0 209 0 212 0 213 0 214 0 214 
106 2 0 1 0 1 575 4 -1 -1 1 8105 575 265 575 256 575 257 575 258 575 260 575 266 575 273 575 292 575 302 575 313 575 318 575 320 575 324 575 326 575 326 575 328 575 329 575 329 575 329 575 330 575 330 575 330 575 330 575 330 575 330 575 330 575 330 575 327 575 326 575 325 575 323 575 323 575 323 575 322 575 322 575 321 575 315 575 306 575 294 575 262 575 241 575 205 575 189 575 173 575 140 575 124 575 108 575 75 575 63 575 40 575 29 575 20 575 8 575 5 575 3 575 4 
106 2 0 1 0 1 599 91 -1 -1 1 5522 187 91 189 91 189 91 190 91 192 91 194 91 196 91 208 91 217 91 240 91 255 91 270 91 304 91 320 91 335 91 362 91 374 91 384 91 402 91 411 91 427 91 434 91 443 91 458 91 467 91 478 91 501 91 514 91 534 91 544 91 552 91 567 91 574 91 582 91 595 91 599 91 599 91 599 91 599 91 599 91 599 91 599 91 599 91 599 91 599 91 599 91 599 91 599 91 599 91 599 91 599 91 599 91 599 91 599 91 
106 2 0 1 0 1 599 256 -1 -1 1 8697 456 224 457 224 459 224 461 224 465 224 471 224 480 224 504 224 519 224 554 224 571 224 587 224 599 224 599 224 599 224 599 224 599 224 599 224 599 224 599 224 599 224 599 224 599 224 599 224 599 224 599 224 599 224 599 224 599 224 599 120 599 121 599 122 599 123 599 126 599 132 599 141 599 150 599 167 599 173 599 176 599 176 599 177 599 178 599 182 599 185 599 189 599 200 599 206 599 218 599 225 599 232 599 247 599 255 599 261 599 273 599 278 599 281 599 285 599 286 599 285 599 283 599 281 599 280 599 280 599 281 599 283 599 286 599 289 599 294 599 304 599 309 599 317 599 321 599 323 599 325 599 325 599 325 599 318 599 313 599 304 599 300 599 295 599 286 599 282 599 279 599 272 599 270 599 268 599 264 599 262 599 261 599 260 599 260 599 259 599 258 599 256 
106 2 0 1 0 1 0 219 -1 -1 0 10012 57 219 56 219 52 219 49 219 45 219 41 219 38 219 25 219 18 219 0 219 0 219 0 219 0 219 0 219 0 219 0 219 0 219 0 219 0 219 0 219 0 219 0 219 0 219 0 219 0 219 0 219 0 219 0 219 0 219 0 219 0 219 0 219 0 219 0 219 
106 2 0 1 0 1 360 78 -1 -1 1 7634 360 27 360 26 360 30 360 37 360 46 360 55 360 65 360 76 360 78 
106 2 0 1 0 2 83 249 0 5575 4 
106 2 0 1 0 2 216 249 0 5480 3 
106 2 0 1 0 2 516 316 1 4083 4 
106 2 0 1 0 2 249 383 0 5649 3 
106 2 0 1 0 2 383 249 1 2229 4 
106 2 0 1 0 2 449 249 1 2084 4 
106 2 0 1 0 2 116 183 0 2941 4 
106 2 0 1 0 2 283 516 0 2710 3 
106 2 0 1 0 2 116 349 0 4180 4 
106 2 0 1 0 2 516 516 1 6249 4 
106 2 0 1 0 2 416 383 1 2496 4 
106 2 0 1 0 2 83 216 0 1951 4 
106 2 0 1 0 2 416 549 1 5061 4 
106 2 0 1 0 2 149 416 0 5459 4 
106 2 0 1 0 2 549 549 1 2690 5 
106 2 0 1 0 2 183 149 0 2394 4 
106 2 0 1 0 2 383 482 1 4260 3 
106 2 0 1 0 2 216 216 0 2888 4 
106 2 0 1 0 2 516 416 1 3121 5 
106 2 0 1 0 2 283 316 0 3500 3 
106 2 0 1 0 2 216 116 0 2807 3 
106 2 0 1 0 2 283 283 1 4207 3 
106 2 0 1 0 2 216 516 0 1988 4 
106 2 0 1 0 2 349 50 1 3405 4 
106 2 0 1 0 2 516 83 1 2318 5 
106 2 0 1 0 2 449 482 1 3085 5 
106 2 0 1 0 2 449 283 1 2561 5 
106 2 0 1 0 2 416 283 1 4092 5 
106 2 0 1 0 2 149 449 0 3193 4 
106 2 0 1 0 2 549 249 1 1937 5 
106 2 0 1 0 2 316 83 1 2798 3 
106 2 0 1 0 2 83 383 0 3545 5 
106 2 0 1 0 1 0 398 -1 -1 0 22956 436 376 364 376 363 376 359 376 355 376 351 376 345 376 334 376 328 376 317 376 313 376 308 376 300 376 296 376 292 376 281 376 273 376 265 376 258 376 254 376 253 376 252 376 250 376 249 376 248 376 246 376 243 376 239 376 235 376 222 376 214 376 195 376 185 376 177 376 161 376 152 376 145 376 132 376 126 376 119 376 104 376 94 376 75 376 66 376 57 376 41 376 34 376 28 376 18 376 14 376 9 376 7 376 5 376 2 376 0 376 0 376 0 376 0 376 0 376 0 376 0 376 0 376 0 376 0 376 0 376 0 376 0 376 0 376 0 376 0 376 0 376 0 376 0 376 0 376 0 376 0 376 0 376 0 376 0 376 0 376 0 378 0 379 0 382 0 384 0 387 0 390 0 390 0 390 0 391 0 391 0 392 0 392 0 393 0 394 0 395 0 395 0 395 0 396 0 396 0 397 0 398 0 399 0 400 0 400 0 402 0 402 0 402 0 402 0 403 0 404 0 404 0 405 0 406 0 406 0 407 0 407 0 408 0 408 0 408 0 408 0 408 0 408 0 408 0 408 0 408 0 408 0 408 0 408 0 408 0 408 0 408 0 408 0 408 0 408 0 408 0 408 0 408 0 408 0 408 0 408 0 408 0 408 0 408 0 408 0 408 0 408 0 408 0 408 0 409 0 410 0 411 0 413 0 415 0 416 0 418 0 421 0 427 0 440 0 445 0 450 0 458 0 459 0 459 0 459 0 459 0 459 0 458 0 457 0 451 0 449 0 443 0 441 0 438 0 433 0 430 0 426 0 414 0 409 0 405 0 403 0 402 0 400 0 399 0 398 0 394 0 393 0 392 0 391 0 392 0 393 0 394 0 395 0 396 0 397 0 398 0 398 0 399 0 400 0 400 0 401 0 401 0 400 0 399 0 399 0 398 0 399 0 399 0 400 0 400 0 399 0 398 
106 2 0 1 0 1 0 38 -1 -1 0 11987 218 99 214 99 212 99 211 99 208 99 203 99 196 99 183 99 177 99 167 99 164 99 160 99 151 99 146 99 140 99 130 99 126 99 122 99 121 99 120 99 119 99 119 99 119 99 118 99 110 99 104 99 90 99 81 99 71 99 52 99 42 99 33 99 17 99 11 99 5 99 0 99 0 99 0 99 0 99 0 99 0 99 0 99 0 99 0 99 0 99 0 99 0 99 0 99 0 99 0 99 0 99 0 99 0 100 0 101 0 103 0 105 0 107 0 110 0 121 0 128 0 143 0 147 0 151 0 155 0 154 0 153 0 151 0 147 0 138 0 126 0 101 0 90 0 78 0 76 0 75 0 74 0 73 0 72 0 69 0 67 0 66 0 65 0 64 0 63 0 62 0 61 0 60 0 58 0 57 0 56 0 54 0 50 0 45 0 40 0 37 0 36 0 35 0 34 0 33 0 32 0 31 0 30 0 29 0 28 0 29 0 30 0 31 0 33 0 34 0 34 0 36 0 37 0 38 0 39 0 40 0 39 0 38 
106 2 0 1 0 1 599 399 -1 -1 1 21826 476 295 555 295 550 295 543 295 533 295 523 295 511 295 489 295 482 295 474 295 473 295 473 295 471 295 470 295 468 295 467 295 466 295 464 295 463 295 461 295 457 295 448 295 441 295 425 295 417 295 410 295 397 295 392 295 387 295 378 295 374 295 371 295 363 295 360 295 359 295 360 295 365 295 375 295 388 295 403 295 420 295 453 295 470 295 499 295 510 295 522 295 541 295 551 295 560 295 581 295 592 295 599 295 599 295 599 295 599 295 599 295 599 295 599 295 599 295 599 295 599 295 599 295 599 295 599 295 599 295 599 295 599 295 599 225 599 225 599 222 599 217 599 212 599 210 599 211 599 213 599 214 599 215 599 216 599 218 599 223 599 231 599 247 599 256 599 262 599 271 599 274 599 284 599 290 599 300 599 325 599 336 599 346 599 362 599 368 599 372 599 374 599 374 599 373 599 371 599 371 599 370 599 370 599 371 599 371 599 371 599 373 599 376 599 379 599 380 599 381 599 381 599 382 599 383 599 385 599 387 599 389 599 390 599 391 599 391 599 391 599 391 599 391 599 389 599 389 599 387 599 387 599 386 599 385 599 385 599 385 599 385 599 385 599 384 599 383 599 382 599 380 599 379 599 379 599 379 599 379 599 380 599 381 599 382 599 382 599 382 599 382 599 382 599 382 599 381 599 381 599 378 599 375 599 372 599 371 599 369 599 368 599 364 599 359 599 358 599 357 599 356 599 355 599 354 599 351 599 347 599 343 599 332 599 327 599 323 599 317 599 314 599 313 599 311 599 311 599 311 599 313 599 317 599 341 599 354 599 368 599 392 599 403 599 413 599 427 599 431 599 437 599 439 599 443 599 447 599 449 599 450 599 452 599 452 599 452 599 451 599 449 599 446 599 443 599 439 599 438 599 435 599 434 599 433 599 431 599 429 599 427 599 426 599 426 599 424 599 423 599 423 599 422 599 421 599 420 599 419 599 419 599 418 599 418 599 418 599 417 599 417 599 416 599 416 599 416 599 415 599 415 599 415 599 413 599 413 599 412 599 412 599 411 599 411 599 410 599 410 599 409 599 409 599 407 599 407 599 406 599 406 599 404 599 404 599 403 599 403 599 402 599 402 599 401 599 401 599 400 599 399 599 398 599 398 599 398 599 399 
106 2 0 1 0 1 599 40 -1 -1 1 14275 456 427 456 427 455 427 449 427 440 427 430 427 419 427 408 427 390 427 383 427 374 427 372 427 370 427 365 427 363 427 364 427 365 427 368 427 372 427 381 427 395 427 431 427 450 427 495 427 516 427 539 427 581 427 599 427 599 427 599 427 599 427 599 427 599 427 599 427 599 427 599 427 599 427 599 427 599 427 599 427 599 427 599 427 599 427 599 426 599 425 599 425 599 422 599 417 599 412 599 408 599 400 599 397 599 389 599 386 599 384 599 383 599 384 599 385 599 386 599 386 599 387 599 388 599 392 599 393 599 394 599 395 599 396 599 397 599 398 599 399 599 400 599 400 599 399 599 398 599 396 599 394 599 387 599 379 599 356 599 340 599 299 599 278 599 257 599 225 599 213 599 202 599 184 599 175 599 165 599 147 599 139 599 124 599 121 599 123 599 127 599 129 599 131 599 130 599 128 599 123 599 116 599 108 599 97 599 76 599 66 599 49 599 41 599 35 599 30 599 28 599 27 599 23 599 22 599 21 599 20 599 21 599 22 599 23 599 24 599 25 599 27 599 28 599 29 599 29 599 30 599 31 599 32 599 33 599 34 599 35 599 36 599 36 599 37 599 38 599 39 599 39 599 40 
106 2 0 1 0 1 68 178 -1 -1 0 8999 48 178 64 178 60 178 53 178 44 178 32 178 20 178 0 178 0 178 0 178 0 178 0 178 0 178 0 178 0 178 0 178 0 178 0 178 0 178 0 178 0 178 0 178 0 178 0 178 1 178 2 178 3 178 4 178 5 178 6 178 7 178 8 178 9 178 10 178 10 178 12 178 13 178 14 178 15 178 16 178 17 178 18 178 19 178 20 178 21 178 22 178 23 178 25 178 27 178 28 178 30 178 32 178 33 178 34 178 35 178 36 178 37 178 38 178 39 178 40 178 40 178 41 178 42 178 43 178 44 178 45 178 46 178 47 178 48 178 49 178 50 178 51 178 52 178 53 178 54 178 55 178 56 178 57 178 58 178 59 178 60 178 61 178 62 178 62 178 63 178 64 178 65 178 66 178 67 178 68 178 
106 2 0 1 0 1 478 181 -1 -1 1 10625 311 181 428 181 427 181 426 181 424 181 423 181 422 181 421 181 418 181 415 181 410 181 404 181 391 181 386 181 379 181 377 181 373 181 372 181 373 181 377 181 386 181 397 181 409 181 423 181 456 181 473 181 506 181 521 181 536 181 559 181 569 181 579 181 597 181 599 181 599 181 599 181 599 181 599 181 599 181 599 181 599 181 599 181 599 181 599 181 599 181 599 181 598 181 597 181 596 181 595 181 595 181 593 181 592 181 586 181 583 181 577 181 576 181 575 181 573 181 572 181 570 181 567 181 566 181 566 181 563 181 562 181 560 181 558 181 556 181 554 181 552 181 551 181 550 181 549 181 548 181 547 181 546 181 545 181 543 181 542 181 539 181 538 181 537 181 536 181 535 181 535 181 533 181 531 181 530 181 529 181 528 181 527 181 526 181 525 181 524 181 522 181 521 181 520 181 519 181 518 181 517 181 516 181 514 181 513 181 512 181 510 181 509 181 508 181 507 181 506 181 505 181 504 181 503 181 502 181 500 181 499 181 498 181 497 181 496 181 495 181 494 181 493 181 492 181 490 181 489 181 488 181 487 181 485 181 484 181 483 181 482 181 481 181 480 181 479 181 478 181 
106 2 0 1 0 1 315 489 -1 -1 0 8129 563 489 564 489 563 489 562 489 560 489 558 489 554 489 543 489 536 489 520 489 512 489 505 489 492 489 484 489 478 489 470 489 468 489 467 489 466 489 465 489 464 489 464 489 463 489 462 489 461 489 460 489 459 489 458 489 458 489 457 489 456 489 455 489 455 489 454 489 453 489 452 489 451 489 450 489 448 489 446 489 444 489 441 489 438 489 433 489 428 489 419 489 415 489 411 489 402 489 398 489 395 489 392 489 390 489 385 489 382 489 378 489 371 489 367 489 365 489 363 489 363 489 362 489 359 489 357 489 350 489 348 489 346 489 343 489 341 489 340 489 338 489 337 489 334 489 332 489 330 489 325 489 324 489 322 489 321 489 320 489 319 489 318 489 317 489 316 489 315 489 315 489 
106 2 0 1 0 1 353 530 -1 -1 0 4691 322 530 323 530 325 530 327 530 330 530 332 530 333 530 337 530 339 530 340 530 341 530 342 530 343 530 344 530 345 530 346 530 347 530 347 530 349 530 350 530 351 530 352 530 353 530 
106 2 0 1 0 1 340 353 -1 -1 0 5786 308 353 309 353 310 353 311 353 312 353 313 353 315 353 317 353 318 353 320 353 321 353 324 353 325 353 326 353 327 353 328 353 329 353 330 353 331 353 332 353 334 353 335 353 336 353 338 353 339 353 340 353 
106 2 0 1 0 1 363 75 -1 -1 1 7065 492 75 489 75 490 75 493 75 496 75 500 75 504 75 516 75 522 75 535 75 540 75 545 75 553 75 556 75 558 75 563 75 566 75 569 75 577 75 581 75 591 75 595 75 599 75 599 75 599 75 599 75 599 75 599 75 599 75 599 75 599 75 599 75 599 75 599 75 599 75 599 75 599 75 599 75 599 75 597 75 595 75 593 75 590 75 587 75 578 75 575 75 567 75 564 75 562 75 558 75 556 75 553 75 547 75 545 75 541 75 538 75 536 75 532 75 531 75 529 75 526 75 525 75 524 75 520 75 516 75 510 75 507 75 503 75 494 75 489 75 484 75 472 75 466 75 460 75 450 75 445 75 437 75 434 75 432 75 427 75 424 75 421 75 413 75 408 75 404 75 398 75 395 75 388 75 385 75 383 75 379 75 377 75 376 75 374 75 373 75 371 75 369 75 368 75 366 75 365 75 364 75 363 75 
106 2 0 1 0 1 281 313 -1 -1 0 5577 425 313 428 313 427 313 426 313 426 313 425 313 424 313 422 313 419 313 417 313 414 313 409 313 407 313 404 313 396 313 393 313 390 313 385 313 382 313 378 313 377 313 375 313 367 313 362 313 358 313 350 313 348 313 346 313 345 313 344 313 343 313 341 313 338 313 334 313 328 313 316 313 309 313 300 313 297 313 295 313 294 313 292 313 292 313 290 313 290 313 288 313 287 313 286 313 285 313 285 313 284 313 283 313 281 313 
106 2 0 1 0 1 360 222 -1 -1 1 5754 111 222 111 222 112 222 113 222 114 222 114 222 115 222 117 222 119 222 123 222 124 222 126 222 127 222 129 222 131 222 133 222 135 222 136 222 140 222 141 222 146 222 148 222 151 222 159 222 163 222 168 222 178 222 183 222 195 222 199 222 204 222 212 222 217 222 221 222 230 222 234 222 239 222 248 222 253 222 259 222 262 222 265 222 272 222 274 222 276 222 279 222 280 222 281 222 282 222 283 222 284 222 285 222 285 222 286 222 287 222 290 222 292 222 295 222 297 222 299 222 303 222 304 222 306 222 308 222 309 222 310 222 311 222 311 222 312 222 313 222 314 222 315 222 317 222 320 222 322 222 324 222 327 222 332 222 335 222 344 222 348 222 351 222 357 222 359 222 360 222 
106 2 0 1 0 1 297 46 -1 -1 1 6591 80 46 79 46 78 46 78 46 77 46 76 46 75 46 73 46 71 46 69 46 63 46 60 46 57 46 53 46 52 46 52 46 52 46 51 46 49 46 47 46 47 46 47 46 48 46 50 46 57 46 65 46 75 46 85 46 103 46 109 46 119 46 122 46 126 46 131 46 135 46 136 46 140 46 141 46 142 46 144 46 145 46 147 46 148 46 148 46 150 46 151 46 153 46 160 46 163 46 168 46 176 46 180 46 187 46 191 46 196 46 205 46 211 46 217 46 230 46 236 46 248 46 254 46 261 46 271 46 276 46 280 46 287 46 289 46 293 46 295 46 296 46 297 46 297 46 297 46 
106 2 0 1 0 1 173 439 -1 -1 0 6116 57 439 57 439 57 439 57 439 56 439 56 439 54 439 54 439 53 439 52 439 49 439 46 439 42 439 39 439 35 439 31 439 26 439 20 439 14 439 3 439 0 439 0 439 0 439 4 439 7 439 14 439 23 439 34 439 60 439 74 439 102 439 114 439 123 439 131 439 132 439 133 439 136 439 137 439 139 439 140 439 140 439 140 439 142 439 142 439 140 439 141 439 144 439 148 439 151 439 153 439 153 439 154 439 156 439 159 439 161 439 164 439 166 439 166 439 167 439 169 439 169 439 171 439 172 439 172 439 173 439 
106 2 0 1 0 1 241 590 -1 -1 0 4817 61 590 61 590 62 590 63 590 65 590 67 590 70 590 75 590 85 590 91 590 102 590 109 590 115 590 130 590 136 590 142 590 154 590 160 590 166 590 177 590 183 590 189 590 191 590 191 590 192 590 193 590 193 590 195 590 196 590 196 590 198 590 201 590 209 590 214 590 222 590 224 590 226 590 230 590 232 590 234 590 236 590 237 590 238 590 240 590 241 590 242 590 241 590 
106 2 0 1 0 1 375 445 -1 -1 0 4842 486 445 487 445 487 445 485 445 482 445 477 445 470 445 462 445 445 445 437 445 424 445 419 445 415 445 407 445 403 445 398 445 388 445 383 445 380 445 375 445 
106 2 0 1 0 2 283 149 0 6276 3 
106 2 0 1 0 2 383 416 0 6815 2 
106 2 0 1 0 2 349 216 0 2311 3 
106 2 0 1 0 2 449 216 1 5502 3 
106 2 0 1 0 2 383 449 0 4972 3 
106 2 0 1 0 2 482 349 1 5026 4 
106 2 0 1 0 2 50 416 0 2554 5 
106 2 0 1 0 2 449 316 1 11319 4 
106 2 0 1 0 2 149 283 0 1892 4 
106 2 0 1 0 2 283 83 0 5355 4 
106 2 0 1 0 2 283 416 0 2377 4 
106 2 0 1 0 2 549 83 1 1947 4 
106 2 0 1 0 2 316 449 0 3509 4 
106 2 0 1 0 2 549 416 1 2850 4 
106 2 0 1 0 2 516 149 1 2155 4 
106 2 0 1 0 2 149 149 0 2265 5 
106 2 0 1 0 2 549 183 1 2549 4 
106 2 0 1 0 2 50 516 0 1750 5 
106 2 0 1 0 2 116 383 0 1367 5 
106 2 0 1 0 2 383 516 0 4112 4 
106 2 0 1 0 2 83 183 0 2963 5 
106 2 0 1 0 2 349 482 0 2106 4 
106 2 0 1 0 2 449 50 0 5874 2 
106 2 0 1 0 2 50 50 0 1833 5 
106 2 0 1 0 2 249 549 0 4028 5 
106 2 0 1 0 2 383 50 0 3163 3 
106 2 0 1 0 2 383 149 0 9513 3 
106 2 0 1 0 2 183 83 0 2330 4 
106 2 0 1 0 2 216 83 0 2216 4 
106 2 0 1 0 2 149 482 0 1716 5 
106 2 0 1 0 2 183 449 0 3104 5 
106 2 0 1 0 2 283 482 0 2412 4 
106 2 0 1 0 1 438 173 -1 -1 1 14723 438 124 438 321 438 325 438 336 438 349 438 361 438 373 438 399 438 410 438 434 438 443 438 452 438 464 438 466 438 468 438 469 438 470 438 471 438 476 438 477 438 476 438 473 438 466 438 454 438 439 438 423 438 400 438 392 438 378 438 372 438 367 438 361 438 359 438 358 438 358 438 359 438 361 438 365 438 371 438 379 438 387 438 400 438 402 438 403 438 404 438 405 438 406 438 407 438 407 438 408 438 407 438 407 438 404 438 399 438 390 438 376 438 360 438 324 438 309 438 293 438 289 438 287 438 282 438 276 438 268 438 249 438 237 438 226 438 211 438 211 438 211 438 213 438 212 438 210 438 207 438 202 438 196 438 191 438 180 438 176 438 174 438 173 
106 2 0 1 0 1 289 599 -1 -1 0 8682 289 236 289 304 289 303 289 304 289 305 289 306 289 308 289 309 289 311 289 312 289 313 289 323 289 331 289 338 289 349 289 355 289 361 289 375 289 378 289 383 289 396 289 400 289 407 289 410 289 413 289 417 289 419 289 420 289 423 289 424 289 425 289 425 289 425 289 425 289 423 289 421 289 418 289 415 289 408 289 406 289 399 289 396 289 393 289 386 289 383 289 381 289 380 289 380 289 381 289 383 289 385 289 392 289 398 289 404 289 419 289 427 289 434 289 443 289 444 289 443 289 442 289 440 289 433 289 427 289 422 289 412 289 409 289 406 289 399 289 395 289 385 289 381 289 377 289 375 289 375 289 375 289 378 289 383 289 392 289 395 289 397 289 396 289 390 289 380 289 344 289 321 289 296 289 250 289 230 289 195 289 181 289 167 289 148 289 145 289 143 289 141 289 142 289 146 289 150 289 148 289 144 289 139 289 137 289 134 289 130 289 114 289 103 289 70 289 52 289 35 289 8 289 0 289 0 289 0 289 0 289 0 289 0 289 0 289 0 289 2 289 6 289 11 289 20 289 33 289 47 289 83 289 103 289 143 289 161 289 180 289 216 289 232 289 247 289 280 289 299 289 318 289 359 289 377 289 411 289 424 289 436 289 458 289 469 289 478 289 499 289 513 289 545 289 559 289 572 289 599 289 599 289 599 289 599 289 599 289 599 289 599 
106 2 0 1 0 1 0 526 -1 -1 0 8110 84 526 0 526 0 526 0 526 0 526 0 526 0 526 0 526 0 526 0 526 0 526 0 526 0 526 0 526 0 526 0 526 0 526 0 526 0 526 0 526 0 526 
106 2 0 1 0 1 599 526 -1 -1 1 8130 183 357 183 373 183 374 183 374 183 376 183 380 183 386 183 405 183 418 183 444 183 456 183 467 183 484 183 493 183 502 183 525 183 537 183 550 183 578 183 592 183 599 183 599 183 599 183 599 183 599 183 598 183 595 183 591 183 585 183 576 183 568 183 554 183 552 183 550 183 549 183 548 183 547 183 546 183 545 183 544 183 543 183 541 183 539 183 536 183 534 183 533 183 532 183 530 183 529 183 528 183 527 183 526 178 526 181 526 187 526 196 526 205 526 218 526 248 526 264 526 298 526 314 526 331 526 360 526 373 526 387 526 417 526 433 526 448 526 478 526 491 526 519 526 533 526 548 526 575 526 587 526 598 526 599 526 599 526 599 526 599 526 599 526 599 526 599 526 599 526 599 526 599 526 599 526 599 526 599 526 599 526 599 526 599 526 599 526 599 526 
106 2 0 1 0 1 596 221 -1 -1 1 12970 596 142 596 140 596 140 596 142 596 144 596 147 596 151 596 159 596 161 596 165 596 167 596 169 596 172 596 173 596 174 596 175 596 180 596 186 596 193 596 208 596 214 596 221 596 222 596 223 596 224 596 226 596 230 596 240 596 245 596 250 596 258 596 261 596 266 596 268 596 270 596 269 596 267 596 263 596 258 596 253 596 247 596 241 596 239 596 238 596 237 596 236 596 235 596 234 596 232 596 231 596 230 596 229 596 229 596 227 596 225 596 223 596 221 
106 2 0 1 0 1 0 201 -1 -1 0 9081 589 317 589 312 589 312 589 315 589 318 589 323 589 329 589 340 589 345 589 350 589 353 589 354 589 357 589 358 589 358 589 358 589 358 589 358 589 357 589 357 589 358 589 358 589 358 589 357 589 352 589 342 589 310 589 293 589 265 589 257 589 254 589 253 589 251 589 249 589 246 589 241 589 235 589 224 589 220 589 217 589 214 589 214 589 212 589 210 589 208 589 205 589 203 589 201 591 201 595 201 598 201 599 201 599 201 599 201 598 201 597 201 595 201 592 201 588 201 583 201 572 201 566 201 552 201 545 201 538 201 523 201 516 201 508 201 491 201 483 201 473 201 451 201 437 201 415 201 412 201 410 201 409 201 407 201 402 201 393 201 363 201 345 201 303 201 281 201 260 201 227 201 214 201 204 201 196 201 181 201 174 201 165 201 156 201 146 201 134 201 120 201 119 201 119 201 118 201 116 201 114 201 112 201 109 201 104 201 93 201 83 201 57 201 42 201 24 201 0 201 0 201 0 201 0 201 0 201 0 201 0 201 0 201 0 201 0 201 0 201 0 201 0 201 0 201 0 201 0 201 
106 2 0 1 0 1 377 204 -1 -1 1 14656 599 510 599 516 599 517 599 519 599 524 599 530 599 537 599 558 599 573 599 599 599 599 599 599 599 599 599 599 599 599 599 599 599 599 599 599 599 599 599 599 599 599 599 599 599 599 599 599 599 599 599 599 599 599 599 598 599 594 599 588 599 576 599 554 599 524 599 439 599 383 599 263 599 215 599 168 599 84 599 45 599 10 599 0 599 0 599 0 599 0 599 0 599 1 599 3 599 4 599 8 599 14 599 24 599 47 599 63 599 100 599 121 599 142 599 177 599 190 599 202 599 222 599 231 599 240 599 255 599 263 599 277 599 282 599 285 599 290 599 293 599 294 599 297 599 296 599 294 599 291 599 286 599 278 599 268 599 254 599 250 599 246 599 244 599 243 599 242 599 240 599 237 599 233 599 229 599 227 599 225 599 224 599 223 599 221 599 220 599 217 599 215 599 214 599 212 599 211 599 210 599 209 599 208 599 207 599 206 599 205 599 204 599 204 599 204 599 204 599 204 599 204 599 204 599 204 599 204 599 204 599 204 599 204 599 204 599 204 599 204 599 204 599 204 599 204 599 204 599 204 599 204 599 204 599 204 599 204 598 204 597 204 596 204 593 204 588 204 584 204 576 204 572 204 568 204 566 204 564 204 556 204 549 204 538 204 508 204 488 204 464 204 420 204 403 204 375 204 367 204 361 204 355 204 353 204 351 204 347 204 345 204 344 204 345 204 352 204 364 204 382 204 402 204 424 204 480 204 507 204 555 204 576 204 596 204 599 204 599 204 599 204 599 204 599 204 599 204 599 204 599 204 599 204 599 204 599 204 599 204 598 204 597 204 596 204 594 204 591 204 588 204 582 204 567 204 560 204 546 204 539 204 533 204 524 204 520 204 513 204 500 204 489 204 478 204 453 204 441 204 411 204 390 204 370 204 331 204 307 204 283 204 232 204 208 204 157 204 124 204 91 204 34 204 11 204 0 204 0 204 0 204 0 204 0 204 0 204 0 204 0 204 0 204 0 204 0 204 0 204 0 204 0 204 1 204 5 204 12 204 20 204 29 204 38 204 69 204 86 204 121 204 139 204 157 204 183 204 191 204 197 204 206 204 212 204 222 204 237 204 241 204 245 204 245 204 246 204 247 204 248 204 252 204 254 204 256 204 257 204 258 204 260 204 266 204 274 204 281 204 291 204 293 204 294 204 295 204 297 204 299 204 300 204 302 204 303 204 307 204 309 204 309 204 310 204 311 204 312 204 314 204 315 204 316 204 317 204 318 204 320 204 322 204 324 204 330 204 333 204 337 204 352 204 360 204 373 204 376 204 377 204 
106 2 0 1 0 1 238 243 -1 -1 0 7583 575 583 570 583 564 583 555 583 545 583 534 583 522 583 500 583 493 583 488 583 487 583 485 583 481 583 476 583 467 583 456 583 427 583 415 583 402 583 399 583 397 583 391 583 386 583 382 583 370 583 364 583 358 583 349 583 347 583 343 583 341 583 338 583 330 583 325 583 321 583 315 583 311 583 308 583 307 583 306 583 306 583 305 583 304 583 303 583 299 583 287 583 279 583 265 583 260 583 256 583 251 583 246 583 243 583 238 583 238 585 238 593 238 599 238 599 238 599 238 599 238 599 238 599 238 599 238 599 238 599 238 599 238 599 238 599 238 599 238 599 238 599 238 599 238 597 238 588 238 574 238 556 238 499 238 461 238 419 238 353 238 329 238 309 238 284 238 274 238 252 238 240 238 229 238 210 238 204 238 201 238 202 238 203 238 206 238 212 238 220 238 229 238 237 238 242 238 242 238 243 
106 2 0 1 0 1 599 458 -1 -1 1 20876 390 366 420 366 421 366 421 366 423 366 425 366 429 366 434 366 446 366 452 366 461 366 465 366 468 366 473 366 475 366 478 366 482 366 483 366 484 366 483 366 482 366 481 366 480 366 479 366 478 366 477 366 474 366 469 366 463 366 453 366 451 366 452 366 453 366 456 366 460 366 466 366 472 366 485 366 492 366 506 366 512 366 517 366 525 366 527 366 529 366 530 366 532 366 531 366 527 366 519 366 506 366 490 366 473 366 433 366 414 366 385 366 375 366 366 366 357 366 355 366 355 366 356 366 358 366 360 366 363 366 364 366 364 366 364 366 364 366 365 366 365 366 366 366 367 366 369 366 372 366 376 366 382 366 397 366 406 366 414 366 432 366 441 366 458 366 463 366 469 366 477 366 480 366 481 366 482 366 483 366 486 366 495 366 509 366 525 366 541 366 571 366 582 366 595 366 599 366 599 366 599 366 599 366 599 366 599 366 599 366 599 366 599 366 599 366 599 366 599 366 599 366 599 366 598 366 597 366 595 366 592 366 588 366 586 366 581 366 578 366 571 366 568 366 566 366 564 366 564 366 563 366 562 366 560 366 559 366 556 366 553 366 545 366 543 366 541 366 534 366 530 366 525 366 516 366 511 366 506 366 494 366 489 366 479 366 475 366 471 366 461 366 457 366 453 366 444 366 438 366 424 366 416 366 409 366 396 366 390 366 384 366 369 366 363 366 358 366 349 366 345 366 342 366 340 366 339 366 338 366 337 366 336 366 335 366 336 366 339 366 343 366 349 366 359 366 374 366 410 366 432 366 474 366 493 366 511 366 543 366 558 366 571 366 593 366 599 366 599 366 599 366 599 366 599 366 599 366 599 366 599 366 599 366 599 366 599 366 599 366 599 366 599 366 598 366 597 366 596 366 596 343 596 342 596 341 596 340 596 339 596 338 596 338 596 337 596 336 596 332 596 323 596 317 596 312 596 303 596 296 596 289 596 275 596 269 596 263 596 256 596 254 596 254 596 255 596 257 596 259 596 262 596 264 596 267 596 268 596 272 596 274 596 278 596 279 596 281 596 284 596 284 596 284 596 284 596 284 596 284 596 285 596 285 596 288 596 288 596 289 596 289 596 287 596 285 596 279 596 277 596 276 596 273 596 271 596 266 596 263 596 260 596 256 596 252 596 248 596 239 596 236 596 234 596 234 596 234 596 232 596 232 596 234 596 234 596 235 596 235 596 235 596 234 596 234 596 232 596 233 596 238 596 245 596 256 596 268 596 280 596 304 596 317 596 353 596 374 596 394 596 435 596 455 596 473 596 508 596 521 596 533 596 547 596 551 596 552 596 551 596 547 596 540 596 530 596 518 596 505 596 480 596 471 596 458 596 452 596 447 596 441 596 439 596 438 596 432 596 430 596 430 596 428 596 427 596 426 596 425 596 424 596 423 596 423 596 424 596 425 596 426 596 427 596 428 596 429 596 430 596 430 596 432 596 437 596 440 596 444 596 455 596 461 596 466 596 473 596 476 596 477 596 477 596 478 596 479 596 480 596 480 596 481 596 481 596 481 596 482 596 482 596 483 596 483 596 484 596 485 596 486 596 486 596 489 596 491 596 492 596 497 596 500 596 503 596 503 596 504 596 506 596 507 596 507 596 507 596 507 596 507 596 507 596 507 596 505 596 504 596 501 596 495 596 491 596 486 596 475 596 470 596 459 596 454 596 448 596 436 596 431 596 426 596 420 596 418 596 417 596 417 596 416 596 416 596 416 596 414 596 413 596 411 596 401 596 394 596 385 596 379 596 381 596 385 596 390 596 396 596 402 596 409 596 422 596 427 596 439 596 445 596 455 596 484 596 502 596 522 596 560 596 574 596 585 596 596 596 599 596 599 596 597 596 590 596 580 596 565 596 549 596 530 596 501 596 488 596 470 596 465 596 462 596 460 596 459 596 458 596 458 597 458 598 458 599 458 599 458 599 458 599 458 599 458 599 458 599 458 599 458 599 458 599 458 599 458 599 458 599 458 599 458 599 458 599 458 599 458 599 458 599 458 599 458 
106 2 0 1 0 1 599 84 -1 -1 1 8494 388 177 344 177 336 177 327 177 315 177 303 177 291 177 265 177 254 177 240 177 239 177 242 177 250 177 265 177 284 177 330 177 357 177 383 177 425 177 442 177 471 177 483 177 495 177 517 177 528 177 539 177 562 177 577 177 599 177 599 177 599 177 599 177 599 177 599 177 599 177 599 177 599 177 599 177 599 177 599 177 599 177 599 177 599 177 599 177 599 0 599 1 599 5 599 12 599 23 599 36 599 53 599 94 599 119 599 164 599 181 599 195 599 209 599 210 599 212 599 214 599 216 599 219 599 226 599 239 599 273 599 291 599 324 599 340 599 352 599 371 599 379 599 386 599 396 599 400 599 403 599 404 599 405 599 405 599 406 599 406 599 405 599 401 599 395 599 386 599 377 599 370 599 358 599 355 599 353 599 353 599 351 599 345 599 340 599 334 599 315 599 303 599 290 599 264 599 252 599 231 599 220 599 209 599 187 599 176 599 167 599 148 599 137 599 120 599 112 599 105 599 95 599 91 599 88 599 86 599 84 
106 2 0 1 0 1 598 599 -1 -1 0 9476 479 299 479 299 481 299 488 299 499 299 514 299 535 299 591 299 599 299 599 299 599 299 599 299 599 299 599 299 599 299 599 299 599 299 599 299 599 299 599 299 599 299 599 299 599 299 599 299 599 299 599 299 599 299 599 299 598 299 598 271 598 261 598 251 598 241 598 231 598 219 598 196 598 181 598 148 598 128 598 107 598 57 598 31 598 1 598 0 598 0 598 0 598 0 598 0 598 0 598 0 598 0 598 0 598 0 598 0 598 0 598 0 598 0 598 0 598 0 598 1 598 5 598 11 598 10 598 7 598 2 598 0 598 0 598 0 598 0 598 0 598 0 598 0 598 0 598 0 598 0 598 0 598 0 598 0 598 0 598 0 598 1 598 5 598 14 598 30 598 55 598 92 598 213 598 278 598 373 598 406 598 429 598 459 598 468 598 475 598 485 598 490 598 496 598 507 598 511 598 518 598 522 598 523 598 524 598 524 598 524 598 523 598 522 598 520 598 512 598 507 598 494 598 486 598 478 598 462 598 453 598 443 598 427 598 419 598 407 598 402 598 399 598 392 598 390 598 389 598 391 598 396 598 403 598 413 598 424 598 434 598 449 598 457 598 470 598 474 598 475 598 465 598 456 598 442 598 405 598 385 598 363 598 310 598 282 598 242 598 227 598 211 598 192 598 191 598 193 598 202 598 217 598 237 598 262 598 316 598 342 598 364 598 394 598 404 598 411 598 426 598 433 598 453 598 467 598 480 598 509 598 522 598 532 598 549 598 555 598 560 598 566 598 570 598 580 598 588 598 595 598 599 598 599 598 599 598 599 598 599 
106 2 0 1 0 1 599 0 -1 -1 0 9577 167 575 167 575 167 578 167 583 167 589 167 597 167 599 167 599 167 599 167 599 167 599 167 599 167 599 167 599 167 599 167 599 167 599 167 599 167 599 167 599 147 599 144 599 141 599 140 599 141 599 147 599 154 599 167 599 185 599 206 599 251 599 274 599 319 599 340 599 361 599 395 599 411 599 425 599 449 599 461 599 492 599 510 599 528 599 561 599 576 599 589 599 599 599 599 599 599 599 599 599 599 599 599 599 599 599 599 599 599 599 599 599 599 599 599 599 599 599 599 599 599 599 599 599 599 599 599 599 599 599 599 599 599 599 599 599 599 502 599 504 599 505 599 507 599 510 599 515 599 532 599 543 599 574 599 591 599 599 599 599 599 599 599 599 599 599 599 599 599 599 599 599 599 599 599 599 599 599 599 599 599 599 599 599 599 599 599 599 599 599 599 599 599 599 599 599 599 599 599 599 599 599 599 599 599 599 599 599 599 599 599 599 599 599 599 599 599 599 599 598 599 597 599 595 599 592 599 584 599 574 599 548 599 533 599 502 599 490 599 482 599 472 599 467 599 463 599 451 599 442 599 431 599 403 599 385 599 340 599 310 599 277 599 202 599 152 599 102 599 14 599 0 599 0 599 0 599 0 599 0 599 0 599 0 599 0 599 0 599 0 599 0 599 0 599 0 599 0 599 0 
106 2 0 1 0 1 1 599 -1 -1 0 8912 289 86 541 86 544 86 551 86 560 86 571 86 585 86 599 86 599 86 599 86 599 86 599 86 599 86 599 86 599 86 599 86 599 86 599 86 599 86 599 86 599 86 599 86 599 86 599 86 599 86 599 86 599 86 599 86 599 86 599 86 599 86 599 86 599 86 599 86 599 86 599 86 599 86 599 86 599 86 599 86 599 86 599 86 599 86 599 86 599 86 599 86 599 86 599 86 599 86 599 86 597 86 594 86 588 86 579 86 565 86 547 86 507 86 485 86 435 86 407 86 379 86 335 86 316 86 298 86 265 86 252 86 240 86 216 86 205 86 179 86 167 86 156 86 135 86 125 86 117 86 96 86 85 86 64 86 52 86 41 86 22 86 14 86 6 86 0 86 0 86 0 86 0 86 0 86 0 86 0 86 0 86 0 86 0 86 0 86 0 86 0 86 0 86 0 86 0 86 0 86 0 86 1 86 1 88 1 91 1 92 1 92 1 91 1 90 1 88 1 83 1 77 1 67 1 45 1 33 1 11 1 0 1 0 1 0 1 0 1 0 1 0 1 0 1 0 1 0 1 0 1 0 1 0 1 0 1 0 1 0 1 0 1 0 1 0 1 0 1 0 1 0 1 0 1 0 1 0 1 0 1 1 1 5 1 13 1 26 1 41 1 60 1 109 1 137 1 190 1 219 1 246 1 292 1 312 1 333 1 370 1 386 1 400 1 426 1 437 1 456 1 463 1 469 1 475 1 476 1 476 1 476 1 476 1 476 1 476 1 477 1 477 1 478 1 479 1 482 1 485 1 489 1 498 1 502 1 512 1 518 1 525 1 541 1 549 1 556 1 574 1 586 1 595 1 599 1 599 1 599 1 599 1 599 1 599 1 599 1 599 
106 2 0 1 0 1 0 190 -1 -1 0 8553 84 308 33 308 32 308 28 308 21 308 13 308 2 308 0 308 0 308 0 308 0 308 0 308 0 308 0 308 0 308 0 308 0 308 0 308 0 308 0 308 0 308 0 308 0 308 0 308 0 308 0 307 0 307 0 306 0 305 0 305 0 304 0 302 0 301 0 300 0 300 0 299 0 298 0 297 0 296 0 292 0 279 0 273 0 270 0 270 0 269 0 269 0 269 0 269 0 267 0 263 0 262 0 261 0 259 0 257 0 251 0 247 0 236 0 229 0 222 0 210 0 206 0 202 0 201 0 200 0 199 0 197 0 196 0 193 0 191 0 190 
106 2 0 1 0 1 599 170 -1 -1 1 9344 202 21 197 21 199 21 203 21 210 21 218 21 229 21 256 21 270 21 301 21 316 21 332 21 359 21 375 21 393 21 430 21 450 21 472 21 519 21 542 21 588 21 599 21 599 21 599 21 599 21 599 21 599 21 599 21 599 21 599 21 599 21 599 21 599 21 599 21 599 21 599 21 599 21 599 21 599 21 599 21 599 0 599 1 599 2 599 4 599 7 599 10 599 16 599 23 599 45 599 60 599 91 599 106 599 122 599 155 599 171 599 187 599 225 599 247 599 271 599 313 599 328 599 343 599 342 599 340 599 334 599 322 599 307 599 289 599 252 599 236 599 212 599 205 599 199 599 195 599 194 599 192 599 185 599 182 599 180 599 177 599 176 599 175 599 174 599 173 599 172 599 171 599 170 
106 2 0 1 0 1 0 599 -1 -1 1 8945 463 189 462 189 460 189 458 189 453 189 444 189 435 189 412 189 397 189 372 189 360 189 349 189 328 189 321 189 314 189 305 189 301 189 299 189 298 189 295 189 292 189 288 189 281 189 259 189 245 189 210 189 193 189 176 189 147 189 134 189 121 189 95 189 81 189 65 189 34 189 22 189 2 189 0 189 0 189 0 189 0 189 0 189 0 189 0 189 0 189 0 189 0 189 0 189 0 189 0 189 0 189 0 189 0 189 0 189 0 204 0 207 0 216 0 228 0 243 0 259 0 296 0 317 0 355 0 370 0 385 0 411 0 423 0 434 0 457 0 469 0 482 0 501 0 508 0 519 0 523 0 527 0 534 0 538 0 542 0 548 0 550 0 552 0 552 0 552 0 552 0 551 0 550 0 550 0 548 0 546 0 542 0 537 0 531 0 528 0 525 0 525 0 523 0 520 0 518 0 516 0 513 0 512 0 512 0 512 0 513 0 515 0 518 0 523 0 530 0 536 0 552 0 561 0 580 0 591 0 599 0 599 0 599 0 599 0 599 0 599 0 599 0 599 
106 2 0 1 0 2 482 449 0 11970 3 
106 2 0 1 0 2 316 549 0 2575 3 
106 2 0 1 0 2 482 116 0 14670 2 
106 2 0 1 0 2 183 283 1 3379 3 
106 2 0 1 0 2 383 549 0 4394 3 
106 2 0 1 0 2 249 116 1 7759 3 
106 2 0 1 0 2 349 416 0 4017 3 
106 2 0 1 0 2 283 50 1 4216 3 
106 2 0 1 0 2 416 116 1 5305 2 
106 2 0 1 0 2 249 283 1 2875 3 
106 2 0 1 0 2 516 50 0 3829 2 
106 2 0 1 0 2 449 349 1 3860 3 
106 2 0 1 0 2 283 183 1 1899 3 
106 2 0 1 0 2 482 183 1 3217 3 
106 2 0 1 0 2 416 149 1 2878 3 
106 2 0 1 0 2 83 482 0 8908 2 
106 2 0 1 0 2 50 449 1 3394 3 
106 2 0 1 0 2 83 416 1 2517 3 
106 2 0 1 0 2 83 549 1 1454 3 
106 2 0 1 0 2 83 316 1 5510 3 
106 2 0 1 0 2 549 216 0 2175 3 
106 2 0 1 0 2 216 383 1 2685 3 
106 2 0 1 0 2 116 83 1 3333 3 
106 2 0 1 0 2 482 316 1 2155 3 
106 2 0 1 0 2 416 416 0 3002 3 
106 2 0 1 0 2 183 216 1 2692 3 
106 2 0 1 0 2 516 283 0 2896 3 
106 2 0 1 0 2 83 516 1 4595 3 
106 2 0 1 0 2 116 149 1 5668 3 
106 2 0 1 0 2 216 549 0 6573 3 
106 2 0 1 0 2 316 249 1 1871 3 
106 2 0 1 0 2 316 516 0 4474 3 
106 2 0 1 0 1 0 193 -1 -1 0 17677 31 374 12 374 9 374 3 374 0 374 0 374 0 374 0 374 0 374 0 374 0 374 0 374 0 374 0 374 0 374 0 374 0 374 0 374 0 374 0 374 0 374 0 374 0 374 0 374 0 374 0 374 0 374 0 374 0 374 0 374 0 374 0 374 2 374 8 374 15 374 25 374 36 374 45 374 63 374 68 374 71 374 73 374 74 374 75 374 74 374 70 374 63 374 51 374 36 374 16 374 0 374 0 374 0 374 0 374 0 374 0 374 0 374 0 374 0 374 0 374 0 374 0 374 1 374 2 374 1 374 1 374 0 374 0 374 0 374 0 374 0 374 0 374 0 374 0 374 0 374 0 374 0 374 0 374 0 374 0 374 0 374 0 374 0 374 0 374 0 374 0 373 0 371 0 369 0 367 0 361 0 358 0 355 0 350 0 349 0 347 0 344 0 343 0 342 0 341 0 340 0 339 0 339 0 337 0 336 0 335 0 333 0 329 0 322 0 301 0 290 0 277 0 256 0 246 0 240 0 233 0 230 0 220 0 215 0 210 0 202 0 198 0 194 0 193 
106 2 0 1 0 1 0 479 -1 -1 0 7439 513 333 512 333 511 333 509 333 503 333 494 333 487 333 484 333 484 333 477 333 474 333 473 333 470 333 465 333 457 333 445 333 430 333 385 333 355 333 288 333 257 333 224 333 166 333 144 333 126 333 98 333 87 333 79 333 67 333 63 333 53 333 46 333 40 333 33 333 25 333 18 333 4 333 0 333 0 333 0 333 0 333 0 333 0 333 0 333 0 333 0 333 0 333 0 333 0 333 0 333 0 333 0 333 0 333 0 333 0 333 0 333 0 333 0 333 0 333 0 333 0 333 0 333 0 333 0 334 0 335 0 335 0 338 0 345 0 355 0 367 0 394 0 409 0 424 0 446 0 454 0 460 0 471 0 475 0 489 0 497 0 502 0 513 0 517 0 521 0 522 0 523 0 522 0 521 0 516 0 510 0 504 0 499 0 488 0 484 0 481 0 480 0 480 0 479 
106 2 0 1 0 1 599 595 -1 -1 1 16649 457 344 459 344 458 344 454 344 449 344 439 344 428 344 394 344 377 344 344 344 331 344 321 344 310 344 309 344 308 344 307 344 307 344 303 344 301 344 297 344 292 344 279 344 272 344 259 344 252 344 243 344 216 344 199 344 181 344 140 344 119 344 98 344 60 344 44 344 16 344 5 344 0 344 0 344 0 344 0 344 0 344 0 344 0 344 0 344 0 344 0 344 0 344 0 344 0 344 0 344 0 344 0 344 0 343 0 343 0 343 0 343 0 343 0 343 0 344 0 344 0 344 0 346 0 350 0 357 0 368 0 380 0 396 0 428 0 445 0 475 0 486 0 493 0 498 0 499 0 499 0 506 0 517 0 533 0 577 0 599 0 599 0 599 0 598 0 598 0 597 0 596 0 595 0 595 0 595 0 595 0 595 0 595 0 595 0 595 0 595 0 595 0 595 0 595 0 595 0 595 0 595 0 595 0 595 0 595 1 595 0 595 0 595 0 595 0 595 0 595 0 595 0 595 0 595 0 595 0 595 0 595 0 595 0 595 0 595 0 595 0 595 0 595 0 595 0 595 0 595 1 595 5 595 12 595 25 595 43 595 63 595 123 595 161 595 251 595 295 595 336 595 407 595 437 595 467 595 511 595 528 595 546 595 585 595 599 595 599 595 599 595 599 595 599 595 599 595 599 595 599 595 599 595 599 595 599 595 599 595 599 595 599 595 599 595 599 595 599 595 
106 2 0 1 0 1 599 273 -1 -1 1 6889 531 387 526 387 524 387 522 387 520 387 517 387 511 387 497 387 487 387 467 387 458 387 450 387 435 387 429 387 424 387 418 387 414 387 412 387 416 387 426 387 445 387 475 387 510 387 548 387 599 387 599 387 599 387 599 387 599 387 599 387 599 387 599 387 599 387 599 387 599 387 599 387 599 387 599 387 599 385 599 384 599 383 599 382 599 378 599 372 599 363 599 337 599 320 599 282 599 261 599 239 599 192 599 170 599 148 599 108 599 92 599 82 599 76 599 77 599 80 599 85 599 92 599 103 599 118 599 147 599 162 599 190 599 198 599 202 599 210 599 212 599 215 599 219 599 223 599 225 599 228 599 229 599 230 599 232 599 235 599 236 599 239 599 245 599 249 599 253 599 256 599 257 599 258 599 259 599 260 599 263 599 267 599 270 599 273 
106 2 0 1 0 1 226 509 -1 -1 0 15568 517 104 522 104 521 104 521 104 520 104 518 104 516 104 514 104 509 104 502 104 485 104 476 104 461 104 455 104 450 104 441 104 437 104 432 104 424 104 420 104 416 104 408 104 403 104 392 104 386 104 379 104 361 104 354 104 352 104 352 104 350 104 348 104 348 104 346 104 345 104 344 104 341 104 339 104 336 104 330 104 326 104 322 104 315 104 312 104 308 104 300 104 296 104 287 104 282 104 277 104 270 104 268 104 265 104 257 104 251 104 240 104 235 104 232 104 228 104 227 104 226 104 226 105 226 106 226 108 226 110 226 116 226 124 226 144 226 154 226 176 226 187 226 197 226 207 226 209 226 210 226 212 226 215 226 217 226 221 226 227 226 235 226 236 226 238 226 238 226 241 226 247 226 254 226 263 226 272 226 291 226 299 226 312 226 317 226 321 226 330 226 334 226 337 226 342 226 345 226 347 226 352 226 355 226 363 226 366 226 369 226 374 226 376 226 377 226 379 226 381 226 381 226 381 226 382 226 382 226 382 226 382 226 382 226 382 226 382 226 382 226 382 226 381 226 380 226 380 226 379 226 379 226 379 226 379 226 379 226 379 226 379 226 379 226 376 226 368 226 360 226 349 226 335 226 300 226 281 226 242 226 222 226 201 226 157 226 134 226 112 226 70 226 49 226 30 226 0 226 0 226 0 226 0 226 0 226 0 226 0 226 0 226 0 226 0 226 0 226 0 226 0 226 0 226 0 226 0 226 0 226 0 226 0 226 0 226 1 226 4 226 9 226 14 226 22 226 26 226 29 226 37 226 47 226 56 226 69 226 102 226 123 226 168 226 193 226 222 226 273 226 298 226 322 226 370 226 390 226 413 226 453 226 471 226 503 226 519 226 532 226 552 226 562 226 569 226 580 226 581 226 583 226 582 226 581 226 580 226 579 226 578 226 575 226 564 226 559 226 550 226 546 226 544 226 543 226 542 226 541 226 537 226 533 226 529 226 527 226 526 226 525 226 525 226 524 226 523 226 521 226 519 226 517 226 514 226 512 226 510 226 509 226 509 
106 2 0 1 0 1 241 124 -1 -1 1 11211 353 124 352 124 354 124 359 124 367 124 379 124 393 124 422 124 436 124 463 124 474 124 484 124 495 124 497 124 499 124 506 124 510 124 512 124 513 124 514 124 515 124 516 124 518 124 519 124 521 124 522 124 523 124 525 124 530 124 538 124 550 124 587 124 599 124 599 124 599 124 599 124 599 124 599 124 599 124 599 124 599 124 599 124 599 124 599 124 599 124 598 124 597 124 596 124 595 124 593 124 590 124 586 124 576 124 571 124 557 124 549 124 540 124 521 124 511 124 501 124 481 124 472 124 463 124 444 124 435 124 418 124 410 124 400 124 377 124 365 124 352 124 327 124 315 124 289 124 278 124 269 124 254 124 247 124 241 124 229 124 223 124 216 124 207 124 204 124 202 124 200 124 200 124 198 124 196 124 194 124 191 124 191 124 193 124 195 124 199 124 204 124 211 124 218 124 232 124 236 124 240 124 241 124 
106 2 0 1 0 1 276 303 -1 -1 0 8720 142 213 142 216 142 217 142 217 142 218 142 219 142 221 142 231 142 240 142 261 142 270 142 286 142 303 142 308 142 309 142 310 142 311 142 310 142 308 142 303 142 296 142 284 142 271 142 242 142 230 142 221 142 222 142 224 142 230 142 237 142 247 142 258 142 281 142 290 142 299 142 301 142 302 142 303 141 303 138 303 135 303 130 303 124 303 116 303 98 303 89 303 78 303 76 303 77 303 82 303 89 303 99 303 111 303 123 303 148 303 160 303 179 303 187 303 195 303 211 303 217 303 223 303 227 303 228 303 229 303 230 303 231 303 232 303 233 303 235 303 237 303 241 303 245 303 250 303 261 303 265 303 273 303 275 303 276 303 
106 2 0 1 0 1 354 0 -1 -1 1 6579 520 28 519 28 521 28 525 28 532 28 541 28 553 28 566 28 596 28 599 28 599 28 599 28 599 28 599 28 599 28 599 28 599 28 598 28 597 28 595 28 592 28 588 28 584 28 574 28 568 28 549 28 538 28 526 28 501 28 492 28 484 28 475 28 473 28 472 28 471 28 469 28 463 28 459 28 455 28 450 28 449 28 447 28 445 28 444 28 443 28 441 28 439 28 433 28 429 28 422 28 410 28 402 28 395 28 384 28 380 28 377 28 375 28 374 28 373 28 372 28 371 28 369 28 367 28 365 28 363 28 359 28 358 28 357 28 356 28 355 28 354 28 354 28 354 29 354 31 354 33 354 32 354 30 354 27 354 23 354 17 354 9 354 0 354 0 354 0 354 0 354 0 354 0 354 0 354 0 354 0 354 0 354 0 354 0 354 0 354 0 354 0 354 0 354 0 354 0 354 0 354 0 354 0 354 0 
106 2 0 1 0 1 347 261 -1 -1 1 7642 138 404 133 404 132 404 133 404 136 404 143 404 153 404 168 404 185 404 223 404 241 404 272 404 284 404 293 404 310 404 319 404 325 404 335 404 338 404 340 404 343 404 344 404 345 404 346 404 347 404 347 405 347 406 347 408 347 411 347 417 347 426 347 453 347 467 347 500 347 518 347 534 347 565 347 579 347 590 347 599 347 599 347 599 347 599 347 594 347 583 347 565 347 541 347 512 347 448 347 417 347 367 347 349 347 336 347 323 347 319 347 317 347 315 347 312 347 308 347 300 347 297 347 293 347 293 347 291 347 290 347 288 347 285 347 279 347 274 347 269 347 262 347 261 
106 2 0 1 0 1 249 599 -1 -1 0 4946 523 420 523 423 523 427 523 435 523 447 523 461 523 477 523 513 523 531 523 565 523 579 523 592 523 599 523 599 523 599 523 599 523 599 523 599 523 599 523 599 522 599 520 599 516 599 509 599 498 599 485 599 448 599 428 599 392 599 379 599 367 599 351 599 345 599 339 599 331 599 327 599 322 599 312 599 308 599 305 599 304 599 303 599 301 599 297 599 291 599 283 599 267 599 261 599 251 599 249 599 
106 2 0 1 0 1 382 552 -1 -1 0 8114 521 552 528 552 530 552 537 552 552 552 578 552 599 552 599 552 599 552 599 552 599 552 599 552 599 552 599 552 599 552 599 552 599 552 599 552 599 552 599 552 599 552 599 552 599 552 599 552 599 552 599 552 598 552 595 552 588 552 577 552 565 552 551 552 525 552 514 552 500 552 498 552 496 552 495 552 494 552 493 552 490 552 482 552 470 552 453 552 437 552 403 552 391 552 382 552 
106 2 0 1 0 1 296 528 -1 -1 0 10283 507 42 512 42 523 42 537 42 554 42 572 42 592 42 599 42 599 42 599 42 599 42 599 42 599 42 599 42 599 42 599 42 599 42 599 42 599 42 599 42 599 42 599 42 599 42 599 42 599 42 599 42 599 42 599 40 599 35 599 26 599 14 599 0 599 0 599 0 599 0 599 0 599 0 599 0 599 0 599 0 599 0 599 0 599 0 599 0 599 0 599 0 599 0 599 0 599 1 599 5 599 14 599 28 599 47 599 77 599 187 599 262 599 393 599 437 599 466 599 493 599 497 599 501 599 514 599 520 599 527 599 543 599 554 599 579 599 590 599 599 599 599 599 599 599 599 599 599 599 599 599 599 599 599 599 598 599 597 599 593 599 587 599 576 599 564 599 547 599 541 599 532 599 530 599 529 599 528 597 528 596 528 595 528 594 528 587 528 572 528 554 528 534 528 494 528 476 528 450 528 441 528 436 528 433 528 432 528 429 528 421 528 407 528 388 528 365 528 321 528 306 528 296 528 
106 2 0 1 0 1 129 298 -1 -1 0 7995 401 271 401 269 401 271 401 276 401 285 401 301 401 322 401 378 401 408 401 453 401 469 401 481 401 492 401 495 401 497 401 500 401 498 401 492 401 480 401 458 401 427 401 390 401 314 401 283 401 237 401 224 401 219 401 219 401 219 401 220 401 221 401 222 401 224 401 231 401 238 401 248 401 268 401 277 401 290 401 295 401 297 401 298 401 298 399 298 393 298 385 298 373 298 357 298 339 298 303 298 287 298 268 298 263 298 261 298 259 298 258 298 257 298 253 298 245 298 229 298 212 298 170 298 151 298 120 298 110 298 105 298 99 298 96 298 93 298 88 298 84 298 85 298 84 298 83 298 80 298 76 298 70 298 61 298 50 298 25 298 10 298 0 298 0 298 0 298 0 298 0 298 0 298 0 298 0 298 0 298 0 298 0 298 0 298 2 298 8 298 17 298 28 298 43 298 60 298 93 298 106 298 125 298 128 298 129 298 
106 2 0 1 0 1 294 257 -1 -1 1 6426 179 409 178 409 173 409 167 409 160 409 153 409 147 409 133 409 127 409 118 409 116 409 115 409 112 409 110 409 111 409 117 409 127 409 138 409 149 409 160 409 177 409 180 409 182 409 183 409 184 409 187 409 194 409 205 409 221 409 239 409 269 409 278 409 285 409 286 409 287 409 288 409 289 409 290 409 291 409 292 409 293 409 294 409 294 408 294 404 294 396 294 383 294 366 294 349 294 319 294 307 294 288 294 282 294 277 294 271 294 269 294 267 294 263 294 262 294 261 294 259 294 258 294 258 294 257 
106 2 0 1 0 1 172 345 -1 -1 0 5377 7 345 10 345 11 345 13 345 20 345 28 345 35 345 43 345 57 345 63 345 71 345 74 345 76 345 78 345 79 345 80 345 82 345 83 345 84 345 85 345 86 345 88 345 89 345 91 345 98 345 102 345 109 345 121 345 126 345 136 345 139 345 140 345 142 345 143 345 145 345 148 345 152 345 156 345 159 345 165 345 168 345 171 345 172 345 
106 2 0 1 0 1 599 483 -1 -1 1 14337 400 280 404 280 408 280 416 280 428 280 452 280 486 280 557 280 591 280 599 280 599 280 599 280 599 280 599 280 599 280 599 280 598 280 597 280 596 280 594 280 591 280 587 280 584 280 576 280 571 280 557 280 548 280 538 280 515 280 503 280 491 280 467 280 457 280 444 280 440 280 438 280 437 280 436 280 435 280 427 280 422 280 416 280 400 280 388 280 365 280 352 280 338 280 315 280 307 280 300 280 291 280 288 280 287 280 285 280 283 280 282 280 280 280 279 280 277 280 277 280 279 280 285 280 296 280 295 280 294 280 293 280 292 280 291 280 288 280 286 280 283 280 279 280 276 280 275 280 275 281 275 283 275 288 275 296 275 306 275 320 275 354 275 370 275 394 275 405 275 413 275 428 275 433 275 438 275 449 275 455 275 461 275 468 275 473 275 476 275 479 275 480 275 481 275 482 275 483 273 483 274 483 278 483 285 483 296 483 312 483 355 483 382 483 444 483 474 483 500 483 536 483 547 483 555 483 575 483 585 483 596 483 599 483 599 483 599 483 599 483 599 483 599 483 599 483 599 483 599 483 599 483 599 483 599 483 599 483 
106 2 0 1 0 2 183 482 0 5627 3 
106 2 0 1 0 2 316 183 1 5232 2 
106 2 0 1 0 2 549 349 1 4522 3 
106 2 0 1 0 2 349 549 0 3129 2 
106 2 0 1 0 2 482 416 1 2954 2 
106 2 0 1 0 2 349 183 1 6530 3 
106 2 0 1 0 2 50 183 0 3464 3 
106 2 0 1 0 2 316 482 0 4646 3 
106 2 0 1 0 2 482 549 0 4621 2 
106 2 0 1 0 2 482 283 1 2683 3 
106 2 0 1 0 2 116 449 0 3561 3 
106 2 0 1 0 2 349 316 0 5710 2 
106 2 0 1 0 2 283 549 0 7729 3 
106 2 0 1 0 2 349 249 1 2310 2 
106 2 0 1 0 2 116 50 0 3737 2 
106 2 0 1 0 2 50 116 0 5166 2 
106 2 0 1 0 2 116 549 0 2203 3 
106 2 0 1 0 2 83 50 0 2532 3 
106 2 0 1 0 2 50 349 0 5280 3 
106 2 0 1 0 2 50 383 0 1387 3 
106 2 0 1 0 2 249 482 0 2761 3 
106 2 0 1 0 2 216 283 0 2650 3 
106 2 0 1 0 2 349 283 1 1885 2 
106 2 0 1 0 2 249 449 0 1521 3 
106 2 0 1 0 2 449 416 0 2801 3 
106 2 0 1 0 2 549 482 1 4793 3 
106 2 0 1 0 2 149 216 0 4111 3 
106 2 0 1 0 2 549 149 1 3546 3 
106 2 0 1 0 2 50 216 0 1592 3 
106 2 0 1 0 2 516 116 1 3259 3 
106 2 0 1 0 2 383 283 0 1813 3 
106 2 0 1 0 2 83 283 0 5967 3 
106 2 0 1 0 1 599 194 -1 -1 1 13948 522 412 513 412 521 412 531 412 545 412 559 412 574 412 588 412 599 412 599 412 599 412 599 412 599 412 599 412 599 412 599 412 599 412 599 412 599 412 597 412 598 412 599 412 599 412 599 412 599 412 599 412 599 412 599 412 599 412 599 412 599 412 597 412 596 412 599 412 599 412 599 412 599 412 599 412 599 412 599 412 599 412 599 412 599 412 599 412 599 412 599 412 599 412 599 412 599 412 599 412 599 356 599 360 599 365 599 371 599 378 599 387 599 411 599 430 599 470 599 490 599 508 599 531 599 534 599 535 599 536 599 536 599 538 599 538 599 538 599 537 599 534 599 527 599 518 599 508 599 494 599 460 599 440 599 395 599 375 599 357 599 335 599 329 599 325 599 312 599 303 599 295 599 270 599 259 599 245 599 241 599 240 599 239 599 238 599 237 599 236 599 232 599 228 599 226 599 224 599 220 599 219 599 216 599 215 599 214 599 213 599 212 599 211 599 210 599 212 599 216 599 220 599 227 599 238 599 252 599 281 599 296 599 333 599 353 599 374 599 411 599 429 599 445 599 472 599 483 599 495 599 517 599 526 599 543 599 551 599 557 599 566 599 567 599 568 599 568 599 569 599 569 599 567 599 561 599 546 599 521 599 481 599 433 599 348 599 317 599 278 599 270 599 268 599 269 599 269 599 268 599 267 599 265 599 262 599 257 599 248 599 228 599 217 599 201 599 197 599 195 599 195 599 194 
106 2 0 1 0 1 382 192 -1 -1 1 8712 337 100 337 76 337 77 337 82 337 89 337 101 337 115 337 131 337 161 337 174 337 189 337 191 337 191 337 192 339 192 341 192 346 192 353 192 361 192 372 192 394 192 404 192 421 192 426 192 431 192 439 192 442 192 445 192 450 192 454 192 458 192 464 192 467 192 476 192 481 192 488 192 509 192 523 192 538 192 568 192 581 192 599 192 599 192 599 192 599 192 599 192 599 192 599 192 599 192 599 192 599 192 599 192 599 192 599 192 599 192 599 192 599 192 598 192 598 192 596 192 596 192 594 192 592 192 588 192 576 192 568 192 559 192 538 192 526 192 515 192 499 192 493 192 489 192 485 192 485 192 484 192 482 192 479 192 469 192 465 192 459 192 448 192 443 192 432 192 427 192 421 192 407 192 399 192 393 192 387 192 385 192 385 192 384 192 383 192 383 192 382 192 
106 2 0 1 0 1 470 177 -1 -1 1 6117 246 57 239 57 243 57 248 57 254 57 261 57 269 57 286 57 294 57 309 57 317 57 325 57 340 57 344 57 348 57 349 57 351 57 352 57 351 57 349 57 346 57 343 57 339 57 335 57 327 57 324 57 321 57 320 57 320 58 320 63 320 76 320 91 320 108 320 124 320 149 320 155 320 157 320 158 320 158 320 159 320 160 320 161 320 163 320 164 320 166 320 167 320 169 320 170 320 171 320 172 320 174 320 175 320 177 319 177 319 177 317 177 316 177 316 177 314 177 313 177 312 177 311 177 315 177 323 177 336 177 355 177 380 177 411 177 470 177 
106 2 0 1 0 1 316 212 -1 -1 1 9401 410 212 401 212 403 212 406 212 410 212 415 212 420 212 434 212 442 212 459 212 467 212 476 212 493 212 502 212 509 212 524 212 533 212 541 212 559 212 567 212 582 212 588 212 595 212 599 212 599 212 599 212 599 212 599 212 599 212 599 212 599 212 599 212 599 212 599 212 599 212 599 212 599 212 599 212 598 212 597 212 596 212 595 212 593 212 588 212 582 212 565 212 552 212 526 212 514 212 503 212 489 212 485 212 483 212 482 212 482 212 480 212 478 212 476 212 473 212 472 212 470 212 463 212 453 212 441 212 427 212 412 212 384 212 374 212 363 212 359 212 357 212 356 212 355 212 355 212 354 212 353 212 353 212 351 212 348 212 343 212 335 212 322 212 318 212 316 212 
106 2 0 1 0 1 185 227 -1 -1 0 4506 366 227 366 227 365 227 363 227 360 227 354 227 348 227 340 227 324 227 314 227 297 227 289 227 281 227 265 227 260 227 257 227 255 227 254 227 252 227 248 227 246 227 243 227 242 227 241 227 240 227 237 227 232 227 226 227 219 227 211 227 197 227 191 227 186 227 185 227 
106 2 0 1 0 1 117 599 -1 -1 0 4999 117 572 117 574 117 576 117 582 117 590 117 599 117 599 117 599 117 599 117 599 117 599 117 599 117 599 117 599 
106 2 0 1 0 1 228 231 -1 -1 0 10676 144 536 144 599 144 597 144 592 144 584 144 572 144 560 144 532 144 519 144 496 144 488 144 480 144 471 144 466 144 464 144 460 144 459 144 458 144 456 144 453 144 444 144 437 144 429 144 409 144 398 144 388 144 375 144 372 144 370 144 369 144 369 144 368 144 366 144 361 144 353 144 340 144 325 144 286 144 265 144 223 144 205 144 188 144 165 144 160 144 158 144 157 144 156 144 156 144 155 144 156 144 158 144 162 144 168 144 176 144 184 144 201 144 207 144 217 144 221 144 225 144 227 144 229 144 230 144 231 144 231 145 231 148 231 154 231 160 231 169 231 178 231 198 231 206 231 219 231 225 231 229 231 233 231 234 231 235 231 236 231 235 231 234 231 232 231 230 231 229 231 228 231 
106 2 0 1 0 1 279 136 -1 -1 1 9761 12 136 189 136 191 136 193 136 197 136 203 136 210 136 223 136 234 136 271 136 296 136 325 136 377 136 394 136 407 136 414 136 415 136 416 136 417 136 418 136 418 136 417 136 416 136 414 136 412 136 407 136 400 136 384 136 376 136 361 136 358 136 357 136 356 136 356 136 357 136 358 136 359 136 360 136 362 136 363 136 364 136 366 136 366 136 365 136 364 136 360 136 356 136 349 136 342 136 329 136 324 136 314 136 310 136 306 136 298 136 294 136 291 136 290 136 288 136 288 136 287 136 286 136 285 136 284 136 283 136 282 136 281 136 279 136 277 136 273 136 268 136 263 136 248 136 242 136 234 136 232 136 231 136 230 136 229 136 228 136 227 136 226 136 225 136 224 136 222 136 220 136 216 136 210 136 208 136 205 136 203 136 201 136 197 136 196 136 195 136 194 136 193 136 192 136 191 136 190 136 187 136 186 136 184 136 182 136 180 136 179 136 178 136 179 136 181 136 184 136 188 136 194 136 201 136 217 136 226 136 246 136 255 136 264 136 275 136 277 136 278 136 279 136 279 136 
106 2 0 1 0 1 599 564 -1 -1 1 14130 35 200 36 200 38 200 42 200 48 200 56 200 64 200 80 200 88 200 108 200 119 200 131 200 150 200 156 200 159 200 160 200 159 200 158 200 157 200 156 200 155 200 154 200 153 200 144 200 137 200 122 200 114 200 108 200 103 200 102 200 101 200 100 200 100 201 100 203 100 206 100 209 100 213 100 219 100 233 100 241 100 255 100 262 100 269 100 284 100 294 100 305 100 327 100 337 100 348 100 366 100 372 100 384 100 390 100 395 100 406 100 411 100 416 100 428 100 434 100 445 100 451 100 454 100 461 100 463 100 464 100 467 100 467 100 467 100 467 100 467 100 466 100 464 100 462 100 457 100 454 100 453 100 450 100 446 100 443 100 436 100 433 100 426 100 423 100 421 100 419 100 418 100 417 100 416 100 415 100 413 100 413 100 411 100 411 100 410 100 410 100 408 100 405 100 402 100 403 100 409 100 414 100 418 100 423 100 427 100 433 100 436 100 450 100 461 100 474 100 502 100 516 100 531 100 559 100 570 100 578 100 595 100 599 100 599 100 599 100 599 100 599 100 599 100 599 100 598 100 597 100 596 100 595 100 591 100 587 100 574 100 568 100 556 100 552 100 549 100 548 100 547 100 545 100 544 100 543 100 542 100 543 100 544 100 545 100 546 100 550 100 554 100 561 100 563 100 564 101 564 102 564 103 564 107 564 109 564 111 564 118 564 122 564 128 564 132 564 135 564 141 564 144 564 145 564 147 564 148 564 149 564 151 564 154 564 158 564 162 564 175 564 184 564 201 564 210 564 218 564 236 564 245 564 252 564 266 564 270 564 274 564 276 564 277 564 281 564 283 564 285 564 291 564 295 564 300 564 305 564 306 564 307 564 308 564 309 564 310 564 311 564 311 564 313 564 314 564 315 564 319 564 322 564 329 564 339 564 360 564 371 564 393 564 405 564 417 564 444 564 457 564 472 564 508 564 527 564 545 564 577 564 591 564 599 564 599 564 599 564 599 564 599 564 599 564 599 564 599 564 599 564 599 564 599 564 599 564 599 564 599 564 599 564 599 564 
106 2 0 1 0 1 431 513 -1 -1 0 4306 544 513 543 513 542 513 539 513 535 513 530 513 525 513 511 513 501 513 482 513 475 513 468 513 455 513 449 513 446 513 445 513 444 513 443 513 441 513 439 513 438 513 436 513 433 513 432 513 431 513 
106 2 0 1 0 1 151 509 -1 -1 0 5252 248 402 248 404 248 408 248 418 248 435 248 453 248 471 248 494 248 500 248 503 248 504 248 505 248 506 248 507 248 508 248 508 248 509 247 509 246 509 243 509 237 509 231 509 219 509 195 509 182 509 160 509 156 509 154 509 153 509 151 509 
106 2 0 1 0 1 0 520 -1 -1 0 5432 152 520 150 520 146 520 139 520 127 520 113 520 96 520 59 520 42 520 15 520 5 520 0 520 0 520 0 520 0 520 0 520 0 520 0 520 0 520 0 520 0 520 0 520 0 520 0 520 0 520 0 520 
106 2 0 1 0 1 0 268 -1 -1 0 4522 38 268 37 268 33 268 29 268 24 268 17 268 10 268 0 268 0 268 0 268 0 268 0 268 0 268 0 268 0 268 0 268 0 268 0 268 0 268 0 268 0 268 
106 2 0 1 0 1 166 349 -1 -1 0 8425 30 349 30 349 31 349 33 349 37 349 42 349 49 349 57 349 73 349 80 349 91 349 95 349 96 349 100 349 102 349 105 349 112 349 116 349 120 349 132 349 140 349 154 349 159 349 162 349 165 349 166 349 
106 2 0 1 0 1 421 430 -1 -1 0 7001 421 430 422 430 423 430 424 430 423 430 422 430 421 430 421 430 
106 2 0 1 0 1 492 379 -1 -1 1 7939 492 366 492 365 492 364 492 360 492 357 492 353 492 349 492 338 492 334 492 328 492 326 492 324 492 323 492 322 492 321 492 319 492 318 492 316 492 315 492 311 492 305 492 291 492 283 492 276 492 266 492 263 492 262 492 260 492 259 492 256 492 255 492 251 492 249 492 248 492 248 492 250 492 254 492 259 492 266 492 272 492 283 492 287 492 289 492 290 492 291 492 295 492 297 492 298 492 300 492 301 492 302 492 303 492 305 492 307 492 309 492 311 492 316 492 319 492 324 492 328 492 328 492 329 492 330 492 331 492 331 492 333 492 334 492 336 492 338 492 340 492 342 492 343 492 344 492 345 492 346 492 347 492 347 492 348 492 350 492 351 492 353 492 353 492 354 492 356 492 357 492 357 492 359 492 361 492 363 492 365 492 367 492 369 492 370 492 371 492 372 492 373 492 374 492 375 492 375 492 378 492 378 492 379 
106 2 0 1 0 2 549 316 1 4284 3 
106 2 0 1 0 2 83 83 0 2371 3 
106 2 0 1 0 2 416 482 0 1604 3 
106 2 0 1 0 2 349 83 1 5385 3 
106 2 0 1 0 2 283 383 1 5746 2 
106 2 0 1 0 2 449 116 1 3271 4 
106 2 0 1 0 2 50 149 0 2862 3 
106 2 0 1 0 2 149 249 0 3387 3 
106 2 0 1 0 2 149 83 0 2499 3 
106 2 0 1 0 2 183 383 0 2507 3 
106 2 0 1 0 2 116 316 0 1305 3 
106 2 0 1 0 2 383 83 1 2721 3 
106 2 0 1 0 2 449 449 0 5100 3 
106 2 0 1 0 2 549 383 1 2148 3 
106 2 0 1 0 2 416 249 1 5672 3 
106 2 0 1 0 2 216 349 0 7605 2 
106 2 0 1 0 2 482 149 1 8635 4 
106 2 0 1 0 2 316 283 1 3527 2 
106 2 0 1 0 2 482 50 1 2426 4 
106 2 0 1 0 2 83 449 0 3093 4 
106 2 0 1 0 2 83 349 0 2536 2 
106 2 0 1 0 2 349 383 1 4616 3 
106 2 0 1 0 2 349 516 0 2261 3 
106 2 0 1 0 2 283 216 1 10770 3 
106 2 0 1 0 2 183 349 0 3949 2 
106 2 0 1 0 2 249 183 1 3699 2 
106 2 0 1 0 2 449 83 1 6489 3 
106 2 0 1 0 2 516 383 1 3465 3 
106 2 0 1 0 2 83 149 0 3736 3 
106 2 0 1 0 2 149 116 0 3642 3 
106 2 0 1 0 2 216 449 0 3523 3 
106 2 0 1 0 2 416 349 1 3012 3 
106 2 0 1 0 1 239 115 -1 -1 1 7461 577 115 599 115 599 115 599 115 599 115 599 115 599 115 599 115 599 115 599 115 599 115 599 115 599 115 599 115 599 115 599 115 598 115 594 115 584 115 568 115 544 115 513 115 439 115 399 115 331 115 303 115 278 115 240 115 227 115 217 115 207 115 208 115 212 115 216 115 220 115 224 115 229 115 236 115 237 115 237 115 239 115 239 115 241 115 242 115 243 115 244 115 244 115 246 115 245 115 244 115 242 115 242 115 242 115 242 115 241 115 241 115 241 115 240 115 239 115 
106 2 0 1 0 1 126 328 -1 -1 0 6872 61 328 62 328 61 328 59 328 53 328 47 328 42 328 33 328 29 328 24 328 22 328 23 328 28 328 38 328 50 328 64 328 77 328 99 328 106 328 112 328 113 328 113 328 116 328 117 328 118 328 119 328 120 328 120 328 123 328 125 328 126 328 
106 2 0 1 0 1 218 231 -1 -1 0 6006 218 496 218 503 218 501 218 500 218 499 218 498 218 497 218 494 218 492 218 488 218 485 218 482 218 474 218 471 218 469 218 468 218 467 218 466 218 465 218 463 218 461 218 459 218 454 218 446 218 421 218 405 218 367 218 349 218 332 218 305 218 296 218 290 218 277 218 269 218 259 218 242 218 236 218 231 
106 2 0 1 0 1 228 45 -1 -1 1 5936 188 45 235 45 234 45 233 45 231 45 229 45 228 45 
106 2 0 1 0 1 236 273 -1 -1 0 10160 557 532 557 531 557 532 557 535 557 544 557 560 557 577 557 598 557 599 557 599 557 599 557 599 557 599 557 599 557 599 557 599 557 599 557 599 557 599 557 599 557 599 557 599 557 599 557 599 557 599 557 599 557 599 557 598 557 592 557 581 557 565 557 542 557 512 557 480 557 447 557 413 557 381 557 329 557 309 557 291 557 279 557 268 557 255 557 252 557 251 557 251 557 252 557 254 557 257 557 260 557 264 557 267 557 272 557 273 558 273 567 273 580 273 599 273 599 273 599 273 599 273 599 273 599 273 599 273 599 273 599 273 599 273 598 273 592 273 584 273 569 273 547 273 488 273 457 273 425 273 373 273 355 273 338 273 312 273 304 273 296 273 282 273 281 273 281 273 280 273 279 273 278 273 277 273 277 273 276 273 275 273 274 273 273 273 272 273 271 273 270 273 268 273 264 273 256 273 245 273 222 273 210 273 189 273 182 273 176 273 168 273 165 273 163 273 160 273 159 273 157 273 155 273 154 273 153 273 152 273 153 273 154 273 157 273 162 273 167 273 174 273 189 273 197 273 201 273 204 273 205 273 208 273 212 273 218 273 223 273 228 273 234 273 235 273 236 273 236 273 
106 2 0 1 0 1 261 270 -1 -1 0 7745 515 27 510 27 527 27 551 27 575 27 598 27 599 27 599 27 599 27 599 27 599 27 599 27 599 27 599 27 598 27 597 27 595 27 594 27 593 27 592 27 591 27 590 27 589 27 588 27 585 27 577 27 564 27 548 27 531 27 492 27 471 27 432 27 416 27 404 27 384 27 375 27 367 27 350 27 341 27 325 27 320 27 318 27 317 27 316 27 315 27 313 27 309 27 305 27 301 27 288 27 281 27 272 27 271 27 270 27 267 27 260 27 250 27 243 27 234 27 224 27 223 27 223 28 223 30 223 34 223 43 223 58 223 77 223 136 223 169 223 227 223 248 223 262 223 273 223 274 223 276 223 279 223 283 223 284 223 283 223 282 223 280 223 279 223 277 223 275 223 274 223 273 223 272 223 271 223 270 224 270 227 270 232 270 237 270 242 270 247 270 256 270 259 270 260 270 261 270 261 270 
106 2 0 1 0 1 320 247 -1 -1 1 6624 138 415 138 405 138 395 138 383 138 373 138 361 138 349 138 330 138 323 138 318 138 317 138 316 138 315 138 314 138 312 138 310 138 309 138 307 138 306 138 304 138 299 138 294 138 288 138 278 138 274 138 268 138 264 138 261 138 256 138 253 138 251 138 249 138 248 138 247 139 247 140 247 142 247 143 247 144 247 148 247 158 247 168 247 193 247 208 247 223 247 250 247 262 247 274 247 297 247 309 247 320 247 339 247 345 247 349 247 348 247 347 247 346 247 345 247 344 247 342 247 341 247 340 247 339 247 339 247 337 247 336 247 336 247 335 247 334 247 333 247 332 247 331 247 330 247 329 247 329 247 327 247 326 247 325 247 324 247 324 247 323 247 322 247 321 247 320 247 
106 2 0 1 0 1 324 255 -1 -1 1 16609 501 302 499 302 498 302 496 302 491 302 486 302 479 302 466 302 463 302 462 302 461 302 460 302 459 302 458 302 457 302 456 302 454 302 452 302 448 302 442 302 437 302 430 302 429 302 428 302 427 302 425 302 423 302 422 302 420 302 418 302 417 302 416 302 416 302 414 302 413 302 412 302 410 302 409 302 408 302 407 302 406 302 405 302 404 302 403 302 402 302 401 302 400 302 399 302 399 302 399 305 399 310 399 317 399 325 399 336 399 358 399 366 399 380 399 382 399 383 399 384 399 385 399 384 399 380 399 374 399 365 399 352 399 335 399 300 399 283 399 258 399 253 399 252 399 251 399 250 562 250 561 250 560 250 560 247 560 246 560 245 560 242 560 238 560 229 560 218 560 205 560 175 560 165 560 159 564 159 566 159 568 159 569 159 571 159 574 159 578 159 579 159 578 159 576 159 571 159 565 159 562 159 556 159 552 159 545 159 539 159 532 159 517 159 508 159 498 159 479 159 470 159 461 159 441 159 430 159 406 159 401 159 401 159 400 159 399 159 396 159 394 159 392 159 391 159 389 159 387 159 383 159 378 159 362 159 351 159 330 159 324 159 324 161 324 167 324 175 324 185 324 195 324 204 324 211 324 212 324 213 324 214 324 214 324 215 324 216 324 217 324 217 324 219 324 220 324 221 324 222 324 223 324 223 324 229 324 232 324 240 324 244 324 246 324 248 324 251 324 252 324 253 324 254 324 255 
106 2 0 1 0 1 335 0 -1 -1 1 6690 276 146 279 146 288 146 302 146 316 146 333 146 348 146 376 146 388 146 408 146 417 146 427 146 452 146 464 146 473 146 481 146 480 146 479 146 477 146 474 146 470 146 465 146 455 146 451 146 443 146 437 146 430 146 415 146 406 146 400 146 394 146 393 146 391 146 388 146 387 146 386 146 385 146 384 146 381 146 380 146 379 146 377 146 375 146 374 146 372 146 371 146 370 146 370 146 369 146 368 146 367 146 367 146 365 146 364 146 363 146 362 146 361 146 360 146 358 146 356 146 354 146 350 146 348 146 347 146 346 146 345 146 344 146 343 146 342 146 341 146 340 146 339 146 338 146 337 146 336 146 335 146 335 139 335 138 335 137 335 136 335 134 335 131 335 126 335 117 335 106 335 76 335 60 335 29 335 16 335 6 335 0 335 0 335 1 335 3 335 2 335 0 335 0 335 0 335 0 335 0 335 0 335 0 335 0 335 0 335 0 335 0 335 0 
106 2 0 1 0 1 292 53 -1 -1 1 8108 288 378 291 378 292 378 292 380 292 381 292 385 292 390 292 399 292 415 292 456 292 477 292 515 292 528 292 535 292 537 292 536 292 535 292 533 292 529 292 520 292 506 292 457 292 425 292 363 292 338 292 320 292 306 292 302 292 302 292 301 292 301 292 302 292 301 292 299 292 293 292 283 292 270 292 250 292 198 292 165 292 98 292 67 292 44 292 18 292 11 292 8 292 6 292 5 292 3 292 0 292 0 292 0 292 0 292 0 292 0 292 0 292 0 292 0 292 0 292 1 292 2 292 2 292 3 292 4 292 6 292 11 292 19 292 29 292 39 292 51 292 54 292 56 292 55 292 54 292 54 292 53 
106 2 0 1 0 1 380 186 -1 -1 1 16955 509 323 508 323 504 323 499 323 495 323 491 323 488 323 486 323 485 323 485 323 484 323 483 323 482 323 480 323 477 323 470 323 459 323 434 323 422 323 403 323 398 323 394 323 390 323 389 323 388 323 387 323 386 323 384 323 382 323 381 323 380 323 380 324 380 327 380 333 380 340 380 347 380 352 380 357 380 358 380 359 380 360 380 361 380 362 380 361 380 358 380 350 380 337 380 320 380 305 380 282 380 276 380 272 380 266 380 256 380 239 380 221 380 195 380 145 380 123 380 86 380 74 380 67 380 63 380 62 380 61 380 60 380 58 380 55 380 51 380 47 380 38 380 34 380 28 380 26 380 22 380 21 380 20 380 16 380 13 380 10 380 6 380 2 380 0 380 0 380 0 380 0 380 0 380 0 380 0 380 0 380 0 380 0 380 0 380 1 380 2 380 3 380 4 380 8 380 13 380 18 380 31 380 36 380 44 380 46 380 47 380 48 380 49 380 50 380 53 380 55 380 57 380 62 380 63 380 64 380 64 380 62 380 56 380 47 380 35 380 21 380 6 380 0 380 0 380 0 380 0 380 0 380 0 380 1 380 2 380 3 380 6 380 8 380 11 380 16 380 26 380 31 380 43 380 49 380 57 380 74 380 84 380 96 380 119 380 129 380 144 380 147 380 150 380 152 380 156 380 161 380 167 380 172 380 180 380 182 380 183 380 185 380 185 380 186 
106 2 0 1 0 1 316 404 -1 -1 0 20274 316 283 316 307 316 305 316 303 316 299 316 294 316 288 316 282 316 275 316 273 316 274 316 276 316 278 316 283 316 289 316 295 316 307 316 310 316 314 316 315 316 315 316 315 316 314 316 314 316 314 316 316 316 319 316 324 316 325 316 327 316 331 316 332 316 336 316 339 316 344 316 353 316 356 316 358 316 359 316 361 316 364 316 367 316 371 316 375 316 384 316 387 316 396 316 399 316 402 316 406 316 406 316 408 316 409 316 411 316 413 316 416 316 417 316 417 316 417 316 415 316 413 316 410 316 408 316 407 316 405 316 405 316 404 316 403 316 402 316 401 316 401 316 400 316 400 316 399 316 399 316 399 316 399 316 398 316 397 316 396 316 395 316 395 316 396 316 397 316 398 316 399 316 400 316 400 316 401 316 402 316 403 316 403 316 404 316 405 316 405 316 406 316 407 316 407 316 407 316 409 316 409 316 408 316 408 316 407 316 407 316 407 316 406 316 406 316 406 316 406 316 404 316 404 316 404 316 404 316 403 316 403 316 403 316 403 316 403 316 402 316 402 316 401 316 401 316 400 316 400 316 399 316 399 316 400 316 401 316 401 316 402 316 403 316 404 
106 2 0 1 0 1 105 347 -1 -1 0 12626 105 7 105 7 105 5 105 3 105 0 105 0 105 0 105 0 105 0 105 0 105 0 105 0 105 0 105 0 105 0 105 0 105 0 105 0 105 0 105 0 105 0 105 0 105 0 105 0 105 1 105 4 105 9 105 16 105 24 105 35 105 60 105 72 105 95 105 106 105 116 105 135 105 145 105 154 105 173 105 183 105 195 105 215 105 222 105 224 105 224 105 223 105 222 105 221 105 221 105 220 105 219 105 220 105 221 105 222 105 223 105 222 105 220 105 216 105 209 105 199 105 186 105 159 105 146 105 124 105 116 105 107 105 89 105 81 105 74 105 66 105 63 105 59 105 49 105 46 105 44 105 44 105 44 105 43 105 42 105 41 105 39 105 37 105 33 105 23 105 18 105 7 105 2 105 0 105 0 105 0 105 0 105 0 105 0 105 0 105 0 105 0 105 0 105 0 105 0 105 0 105 0 105 0 105 0 105 1 105 2 105 3 105 5 105 7 105 10 105 19 105 24 105 37 105 43 105 49 105 63 105 69 105 76 105 90 105 99 105 108 105 127 105 138 105 158 105 168 105 178 105 197 105 205 105 212 105 225 105 230 105 236 105 249 105 255 105 267 105 273 105 278 105 290 105 299 105 306 105 317 105 320 105 321 105 322 105 324 105 327 105 330 105 333 105 339 105 340 105 341 105 342 105 343 105 344 105 345 105 346 105 346 105 347 105 347 
106 2 0 1 0 1 416 342 -1 -1 1 9512 46 55 46 38 46 39 46 43 46 54 46 72 46 91 46 114 46 171 46 198 46 244 46 263 46 279 46 303 46 308 46 310 46 315 46 318 46 320 46 325 46 327 46 329 46 330 46 331 46 332 46 333 46 334 46 335 46 336 46 337 46 338 46 339 46 340 46 341 46 342 47 342 48 342 50 342 56 342 69 342 89 342 133 342 154 342 186 342 195 342 203 342 216 342 223 342 230 342 244 342 252 342 260 342 280 342 292 342 315 342 327 342 337 342 350 342 350 342 351 342 352 342 353 342 355 342 359 342 365 342 374 342 396 342 412 342 448 342 466 342 483 342 517 342 530 342 540 342 558 342 565 342 576 342 581 342 583 342 592 342 597 342 599 342 599 342 599 342 599 342 599 342 599 342 599 342 599 342 599 342 599 342 599 342 599 342 599 342 599 342 547 342 546 342 545 342 544 342 543 342 540 342 534 342 526 342 502 342 489 342 471 342 467 342 465 342 463 342 459 342 455 342 441 342 433 342 425 342 418 342 417 342 416 342 
106 2 0 1 0 1 448 410 -1 -1 1 12098 448 583 448 584 448 586 448 591 448 599 448 599 448 599 448 599 448 599 448 599 448 599 448 599 448 599 448 599 448 598 448 593 448 582 448 564 448 544 448 519 448 456 448 426 448 390 448 380 448 376 448 375 448 374 448 373 448 372 448 371 448 370 448 369 448 367 448 362 448 361 448 360 448 358 448 353 448 345 448 335 448 325 448 304 448 290 448 255 448 236 448 217 448 183 448 170 448 160 448 152 448 150 448 151 448 157 448 169 448 187 448 207 448 226 448 263 448 281 448 309 448 319 448 326 448 337 448 341 448 347 448 358 448 364 448 369 448 374 448 376 448 377 448 377 448 370 448 358 448 338 448 315 448 287 448 222 448 186 448 132 448 112 448 93 448 66 448 58 448 52 448 40 448 34 448 29 448 17 448 17 448 17 448 17 448 17 448 15 448 11 448 7 448 3 448 0 448 0 448 0 448 0 448 0 448 0 448 0 448 0 448 0 448 0 448 0 448 0 448 0 448 0 448 0 448 1 448 6 448 14 448 25 448 38 448 51 448 81 448 99 448 127 448 138 448 149 448 169 448 178 448 187 448 203 448 211 448 220 448 237 448 244 448 255 448 256 448 256 448 255 448 254 448 253 448 254 448 255 448 257 448 260 448 264 448 269 448 286 448 300 448 328 448 341 448 351 448 359 448 359 448 360 448 362 448 366 448 369 448 372 448 374 448 375 448 375 448 376 448 376 448 377 448 377 448 378 448 379 448 379 448 380 448 381 448 384 448 387 448 390 448 391 448 391 448 393 448 393 448 394 448 395 448 396 448 397 448 398 448 399 448 400 448 402 448 405 448 406 448 408 448 408 448 410 
106 2 0 1 0 1 381 469 -1 -1 0 6337 381 154 381 155 381 161 381 168 381 174 381 183 381 195 381 225 381 241 381 273 381 288 381 300 381 312 381 323 381 341 381 352 381 363 381 375 381 389 381 402 381 423 381 433 381 436 381 438 381 439 381 440 381 441 381 443 381 445 381 448 381 449 381 450 381 451 381 453 381 456 381 460 381 465 381 468 381 469 
106 2 0 1 0 2 383 216 1 4735 3 
106 2 0 1 0 2 216 50 1 8374 3 
106 2 0 1 0 2 482 516 0 3757 3 
106 2 0 1 0 2 149 316 0 4127 3 
106 2 0 1 0 2 50 482 0 2844 3 
106 2 0 1 0 2 283 116 1 4510 3 
106 2 0 1 0 2 283 249 1 3923 3 
106 2 0 1 0 2 249 516 0 1556 3 
106 2 0 1 0 2 183 50 0 3991 3 
106 2 0 1 0 2 482 249 1 3728 3 
106 2 0 1 0 2 416 183 1 2239 3 
106 2 0 1 0 2 316 349 1 8878 3 
106 2 0 1 0 2 149 516 0 2597 3 
106 2 0 1 0 2 183 116 0 3606 3 
106 2 0 1 0 2 50 316 0 1587 3 
106 2 0 1 0 2 249 349 1 4645 3 
106 2 0 1 0 2 216 482 0 19671 3 
106 2 0 1 0 2 149 50 0 3585 3 
106 2 0 1 0 2 249 149 1 5113 3 
106 2 0 1 0 2 449 549 0 2779 3 
106 2 0 1 0 2 516 482 0 3140 3 
106 2 0 1 0 2 50 249 1 3186 1 
106 2 0 1 0 2 516 549 0 6600 3 
106 2 0 1 0 2 416 216 1 3335 3 
106 2 0 1 0 2 416 449 0 6633 2 
106 2 0 1 0 2 316 316 1 2213 3 
106 2 0 1 0 2 316 216 1 2375 3 
106 2 0 1 0 2 383 183 1 1363 3 
106 2 0 1 0 2 349 116 1 1351 3 
106 2 0 1 0 2 216 416 0 12573 2 
106 2 0 1 0 2 516 183 1 2668 4 
106 2 0 1 0 2 416 516 0 4386 3 
106 2 0 1 0 1 293 532 -1 -1 0 6348 415 532 414 532 413 532 412 532 411 532 409 532 407 532 402 532 385 532 373 532 347 532 334 532 323 532 304 532 299 532 296 532 295 532 294 532 293 532 
106 2 0 1 0 1 339 500 -1 -1 0 3472 339 260 339 261 339 274 339 291 339 313 339 340 339 369 339 420 339 441 339 472 339 483 339 490 339 497 339 499 339 500 
106 2 0 1 0 1 421 343 -1 -1 1 4482 531 343 525 343 524 343 518 343 510 343 498 343 484 343 453 343 440 343 423 343 421 343 
106 2 0 1 0 1 479 413 -1 -1 1 6329 479 462 479 460 479 454 479 444 479 432 479 418 479 402 479 366 479 348 479 312 479 295 479 282 479 272 479 270 479 269 479 269 479 270 479 275 479 285 479 296 479 310 479 325 479 357 479 372 479 405 479 418 479 430 479 444 479 446 479 448 479 449 479 450 479 453 479 467 479 475 479 484 479 483 479 482 479 479 479 474 479 465 479 455 479 432 479 422 479 411 479 408 479 406 479 405 479 405 479 404 479 400 479 398 479 397 479 394 479 395 479 396 479 397 479 399 479 400 479 401 479 401 479 403 479 404 479 404 479 406 479 407 479 408 479 409 479 410 479 411 479 411 479 412 479 413 479 413 
106 2 0 1 0 1 563 437 -1 -1 1 6267 563 119 563 114 563 115 563 117 563 122 563 132 563 147 563 170 563 246 563 300 563 406 563 444 563 468 563 493 563 500 563 506 563 521 563 534 563 549 563 574 563 584 563 589 563 588 563 587 563 584 563 575 563 559 563 543 563 528 563 506 563 499 563 492 563 492 563 492 563 491 563 489 563 487 563 484 563 477 563 463 563 458 563 450 563 448 563 448 563 447 563 445 563 440 563 420 563 411 563 402 563 386 563 384 563 383 563 384 563 385 563 387 563 390 563 393 563 397 563 406 563 409 563 410 563 412 563 414 563 414 563 416 563 417 563 418 563 419 563 419 563 420 563 421 563 421 563 422 563 425 563 430 563 434 563 436 563 437 
106 2 0 1 0 1 539 471 -1 -1 1 4993 539 371 539 372 539 375 539 380 539 385 539 391 539 397 539 408 539 414 539 427 539 431 539 436 539 445 539 448 539 450 539 451 539 453 539 455 539 456 539 458 539 458 539 459 539 459 539 460 539 460 539 461 539 462 539 462 539 463 539 463 539 464 539 464 539 464 539 465 539 465 539 465 539 466 539 466 539 467 539 468 539 469 539 470 539 470 539 471 
106 2 0 1 0 1 416 531 -1 -1 0 5698 428 531 409 531 410 531 412 531 413 531 414 531 416 531 
106 2 0 1 0 1 140 508 -1 -1 0 10828 87 50 86 50 84 50 82 50 77 50 71 50 64 50 43 50 33 50 15 50 8 50 1 50 0 50 0 50 0 50 0 50 0 50 0 50 1 50 3 50 5 50 10 50 17 50 25 50 44 50 56 50 78 50 87 50 95 50 109 50 115 50 121 50 128 50 131 50 133 50 136 50 137 50 139 50 140 50 140 49 140 46 140 40 140 33 140 24 140 12 140 0 140 0 140 0 140 0 140 0 140 0 140 0 140 0 140 0 140 0 140 0 140 0 140 0 140 0 140 0 140 0 140 0 140 0 140 0 140 0 140 1 140 0 140 0 140 0 140 0 140 0 140 0 140 0 140 0 140 0 140 0 140 0 140 0 140 0 140 0 140 0 140 0 140 0 140 0 140 1 140 5 140 16 140 32 140 52 140 75 140 131 140 161 140 210 140 231 140 248 140 274 140 284 140 291 140 310 140 321 140 331 140 345 140 350 140 362 140 370 140 379 140 397 140 406 140 416 140 433 140 439 140 450 140 456 140 462 140 475 140 485 140 494 140 509 140 518 140 524 140 530 140 530 140 528 140 526 140 524 140 523 140 522 140 521 140 520 140 518 140 514 140 512 140 508 140 502 140 501 140 499 140 498 140 497 140 498 140 499 140 500 140 501 140 503 140 504 140 509 140 512 140 514 140 515 140 514 140 512 140 510 140 505 140 500 140 494 140 485 140 481 140 480 140 480 140 478 140 479 140 481 140 486 140 492 140 498 140 502 140 504 140 506 140 507 140 507 140 508 
106 2 0 1 0 1 89 467 -1 -1 0 3465 89 407 89 408 89 411 89 418 89 425 89 435 89 444 89 457 89 459 89 461 89 463 89 464 89 465 89 465 89 467 89 467 
106 2 0 1 0 1 260 490 -1 -1 0 3580 260 513 260 511 260 510 260 510 260 508 260 505 260 502 260 498 260 497 260 497 260 497 260 496 260 495 260 495 260 494 260 494 260 493 260 493 260 492 260 491 260 491 260 490 
106 2 0 1 0 1 423 442 -1 -1 0 4202 423 464 423 468 423 468 423 468 423 468 423 468 423 468 423 466 423 465 423 463 423 463 423 463 423 462 423 462 423 461 423 459 423 457 423 451 423 449 423 444 423 441 423 438 423 434 423 433 423 432 423 431 423 429 423 429 423 429 423 429 423 431 423 431 423 432 423 433 423 434 423 434 423 436 423 437 423 437 423 439 423 441 423 442 
106 2 0 1 0 1 408 168 -1 -1 1 4155 408 454 408 455 408 461 408 472 408 489 408 509 408 529 408 560 408 572 408 592 408 597 408 599 408 594 408 587 408 577 408 550 408 534 408 518 408 489 408 477 408 454 408 443 408 433 408 415 408 406 408 399 408 385 408 378 408 359 408 347 408 333 408 301 408 284 408 266 408 237 408 226 408 217 408 203 408 197 408 189 408 185 408 181 408 171 408 167 408 167 408 167 408 167 408 167 408 167 408 167 408 167 408 167 408 167 408 167 408 167 408 167 408 168 408 168 
106 2 0 1 0 1 561 383 -1 -1 1 5329 561 184 561 251 561 258 561 269 561 287 561 308 561 326 561 357 561 371 561 393 561 402 561 411 561 428 561 439 561 449 561 463 561 465 561 466 561 465 561 465 561 463 561 459 561 448 561 435 561 426 561 403 561 389 561 370 561 363 561 359 561 355 561 354 561 354 561 354 561 354 561 354 561 354 561 354 561 354 561 354 561 355 561 355 561 356 561 356 561 357 561 357 561 357 561 358 561 358 561 359 561 359 561 360 561 361 561 363 561 364 561 368 561 370 561 374 561 376 561 377 561 378 561 379 561 381 561 381 561 382 561 383 
106 2 0 1 0 1 226 451 -1 -1 0 3352 226 328 226 324 226 325 226 328 226 333 226 339 226 347 226 356 226 378 226 389 226 406 226 413 226 420 226 431 226 434 226 438 226 444 226 447 226 449 226 450 226 450 226 451 
106 2 0 1 0 1 212 376 -1 -1 0 3675 212 62 212 63 212 67 212 75 212 85 212 98 212 113 212 146 212 162 212 189 212 202 212 214 212 236 212 244 212 253 212 271 212 281 212 290 212 306 212 311 212 316 212 320 212 324 212 334 212 339 212 342 212 351 212 353 212 355 212 360 212 363 212 367 212 369 212 372 212 375 212 375 212 376 212 376 
106 2 0 1 0 1 37 375 -1 -1 0 3260 37 4 37 0 37 4 37 17 37 38 37 68 37 107 37 198 37 239 37 291 37 304 37 313 37 319 37 321 37 322 37 328 37 331 37 335 37 343 37 347 37 354 37 357 37 361 37 366 37 368 37 370 37 372 37 374 37 375 
106 2 0 1 0 2 116 249 0 4288 3 
106 2 0 1 0 2 449 149 1 1190 3 
106 2 0 1 0 2 482 83 1 1146 3 
106 2 0 1 0 2 449 383 1 1165 3 
106 2 0 1 0 2 216 316 1 912 3 
106 2 0 1 0 2 316 383 1 1164 3 
106 2 0 1 0 2 416 50 1 952 3 
106 2 0 1 0 2 116 283 0 1901 2 
106 2 0 1 0 2 283 449 0 2109 2 
106 2 0 1 0 2 216 183 1 7492 2 
106 2 0 1 0 2 183 416 1 2352 2 
106 2 0 1 0 2 316 50 1 2909 3 
106 2 0 1 0 2 416 83 1 1031 3 
106 2 0 1 0 2 449 516 0 1335 3 
106 2 0 1 0 2 183 183 1 1032 3 
106 2 0 1 0 2 183 316 1 1245 3 
106 2 0 1 0 2 183 549 0 1076 3 
106 2 0 1 0 2 549 283 1 994 3 
106 2 0 1 0 2 549 116 1 1695 3 
106 2 0 1 0 2 316 416 1 2129 3 
106 2 0 1 0 2 116 516 0 1171 3 
106 2 0 1 0 2 249 83 1 2409 3 
106 2 0 1 0 2 116 216 1 3134 2 
106 2 0 1 0 2 183 516 0 3772 3 
106 2 0 1 0 2 482 482 0 2010 3 
106 2 0 1 0 2 383 383 1 2931 3 
106 2 0 1 0 2 249 249 1 1013 3 
106 2 0 1 0 2 449 183 1 796 3 
106 2 0 1 0 2 50 549 0 1300 3 
106 2 0 1 0 2 83 116 0 1779 3 
106 2 0 1 0 2 416 316 1 2733 3 
106 2 0 1 0 2 349 349 1 1162 3 
106 2 0 1 0 1 0 73 -1 -1 0 6171 540 73 543 73 555 73 573 73 592 73 599 73 599 73 599 73 599 73 599 73 599 73 599 73 599 73 599 73 599 73 599 73 599 73 599 73 599 73 599 73 595 73 588 73 576 73 558 73 510 73 478 73 410 73 371 73 332 73 252 73 217 73 188 73 139 73 120 73 104 73 78 73 67 73 56 73 52 73 48 73 40 73 37 73 33 73 27 73 25 73 23 73 28 73 25 73 19 73 8 73 0 73 0 73 0 73 0 73 0 73 0 73 0 73 0 73 0 73 0 73 0 73 0 73 0 73 0 73 0 73 0 73 
106 2 0 1 0 1 599 342 -1 -1 1 3347 483 342 484 342 490 342 499 342 513 342 532 342 558 342 599 342 599 342 599 342 599 342 599 342 599 342 599 342 599 342 599 342 599 342 599 342 599 342 599 342 599 342 
106 2 0 1 0 1 599 486 -1 -1 1 3763 460 486 466 486 465 486 464 486 463 486 462 486 463 486 473 486 490 486 513 486 540 486 573 486 599 486 599 486 599 486 599 486 599 486 599 486 599 486 599 486 599 486 599 486 599 486 599 486 599 486 599 486 599 486 599 486 599 486 599 486 599 486 599 486 
106 2 0 1 0 1 0 399 -1 -1 0 4290 525 399 309 399 308 399 304 399 298 399 287 399 270 399 221 399 188 399 110 399 73 399 37 399 0 399 0 399 0 399 0 399 0 399 0 399 0 399 0 399 0 399 0 399 0 399 0 399 0 399 0 399 0 399 
106 2 0 1 0 1 0 27 -1 -1 0 4281 338 27 337 27 335 27 329 27 317 27 302 27 302 27 302 27 300 27 300 27 300 27 299 27 297 27 293 27 292 27 286 27 275 27 260 27 241 27 183 27 148 27 78 27 45 27 14 27 0 27 0 27 0 27 0 27 0 27 0 27 0 27 0 27 0 27 0 27 0 27 0 27 0 27 
106 2 0 1 0 1 0 135 -1 -1 0 4770 373 135 371 135 363 135 347 135 323 135 295 135 266 135 185 135 133 135 34 135 0 135 0 135 0 135 0 135 0 135 0 135 0 135 0 135 0 135 0 135 0 135 0 135 0 135 0 135 0 135 0 135 0 135 0 135 0 135 0 135 0 135 
106 2 0 1 0 1 0 450 -1 -1 0 4627 444 450 442 450 441 450 440 450 439 450 436 450 430 450 419 450 402 450 341 450 295 450 169 450 103 450 43 450 0 450 0 450 0 450 0 450 
106 2 0 1 0 1 599 548 -1 -1 1 3932 80 548 124 548 129 548 132 548 134 548 133 548 128 548 117 548 99 548 70 548 22 548 0 548 0 548 0 548 0 548 0 548 0 548 0 548 0 548 0 548 2 548 10 548 25 548 48 548 79 548 124 548 273 548 355 548 503 548 560 548 599 548 599 548 599 548 599 548 599 548 599 548 599 548 599 548 599 548 599 548 599 548 599 548 599 548 599 548 599 548 599 548 
106 2 0 1 0 1 343 599 -1 -1 0 4938 343 145 343 0 343 2 343 10 343 25 343 50 343 86 343 212 343 305 343 507 343 589 343 599 343 599 343 599 343 599 343 599 343 599 343 599 343 599 343 599 343 599 
106 2 0 1 0 1 0 263 -1 -1 0 4923 0 182 0 180 0 187 0 206 0 232 0 262 0 288 0 331 0 349 0 380 0 392 0 403 0 419 0 424 0 423 0 417 0 406 0 390 0 370 0 349 0 311 0 295 0 274 0 269 0 268 0 267 0 265 0 263 
106 2 0 1 0 1 158 270 -1 -1 0 3546 158 113 158 127 158 151 158 180 158 205 158 230 158 250 158 270 
106 2 0 1 0 1 171 274 -1 -1 0 3722 171 81 171 70 171 71 171 79 171 94 171 114 171 136 171 157 171 186 171 194 171 201 171 202 171 203 171 204 171 207 171 213 171 220 171 227 171 231 171 234 171 235 171 237 171 240 171 243 171 248 171 254 171 262 171 263 171 264 171 265 171 265 171 269 171 270 171 272 171 274 
106 2 0 1 0 1 388 290 -1 -1 1 6115 29 531 29 426 29 426 29 490 29 564 29 599 29 599 29 599 29 599 29 599 29 599 29 599 29 599 29 599 29 598 29 597 29 595 29 593 29 589 29 585 29 571 29 564 29 539 29 523 29 499 29 441 29 408 29 375 29 320 29 306 29 298 29 295 29 294 29 293 29 292 29 291 29 290 28 290 24 290 18 290 8 290 0 290 0 290 0 290 0 290 0 290 0 290 0 290 1 290 10 290 31 290 66 290 127 290 219 290 461 290 587 290 599 290 599 290 599 290 598 290 597 290 596 290 595 290 594 290 593 290 592 290 591 290 590 290 587 290 580 290 568 290 550 290 495 290 463 290 433 290 395 290 388 290 
106 2 0 1 0 1 508 599 -1 -1 0 7617 168 510 168 503 168 515 168 535 168 565 168 599 168 599 168 599 168 599 168 599 168 599 168 599 168 599 168 599 168 599 168 599 168 599 168 599 168 599 168 599 168 599 168 599 168 599 168 599 168 599 168 599 168 599 168 599 168 599 168 599 168 599 168 599 168 599 168 599 167 599 166 599 160 599 148 599 132 599 108 599 51 599 18 599 0 599 0 599 0 599 0 599 0 599 0 599 0 599 0 599 0 599 0 599 0 599 1 599 7 599 17 599 32 599 51 599 73 599 120 599 143 599 184 599 202 599 220 599 260 599 280 599 300 599 338 599 354 599 371 599 401 599 412 599 428 599 433 599 437 599 448 599 452 599 457 599 461 599 462 599 466 599 470 599 473 599 480 599 483 599 488 599 507 599 519 599 534 599 568 599 584 599 599 599 599 599 599 599 599 599 599 599 599 599 599 599 599 599 599 599 599 599 599 599 599 599 599 599 599 599 599 599 594 599 593 599 591 599 587 599 579 599 569 599 543 599 529 599 512 599 509 599 508 599 
106 2 0 1 0 1 343 381 -1 -1 0 6466 136 381 29 381 34 381 42 381 55 381 72 381 88 381 123 381 140 381 167 381 177 381 185 381 196 381 199 381 202 381 203 381 204 381 205 381 205 381 204 381 202 381 199 381 193 381 183 381 169 381 136 381 118 381 78 381 58 381 38 381 4 381 0 381 0 381 0 381 0 381 0 381 0 381 0 381 0 381 0 381 0 381 0 381 0 381 0 381 0 381 0 381 0 381 0 381 0 381 1 381 7 381 16 381 30 381 49 381 71 381 125 381 154 381 202 381 217 381 228 381 240 381 241 381 243 381 244 381 245 381 247 381 255 381 259 381 265 381 269 381 276 381 291 381 299 381 309 381 330 381 336 381 342 381 343 381 
106 2 0 1 0 1 372 293 -1 -1 1 9587 250 12 239 12 235 12 229 12 221 12 212 12 203 12 181 12 169 12 142 12 131 12 122 12 110 12 108 12 107 12 104 12 102 12 100 12 99 12 98 12 99 12 99 13 99 18 99 28 99 44 99 62 99 84 99 140 99 171 99 226 99 245 99 264 99 292 99 301 99 307 99 324 99 335 99 349 99 389 99 410 99 438 99 444 99 445 99 445 99 444 99 440 99 432 99 421 99 405 99 386 99 346 99 328 99 303 99 297 99 294 99 293 98 293 96 293 93 293 85 293 75 293 61 293 25 293 5 293 0 293 0 293 0 293 0 293 0 293 1 293 13 293 40 293 73 293 112 293 160 293 258 293 301 293 362 293 382 293 397 293 406 293 407 293 408 293 407 293 405 293 400 293 397 293 394 293 391 293 389 293 388 293 387 293 386 293 384 293 383 293 381 293 380 293 379 293 377 293 376 293 375 293 374 293 373 293 372 293 
106 2 0 1 0 2 249 316 0 5334 3 
106 2 0 1 0 2 482 216 1 1128 3 
106 2 0 1 0 2 383 349 1 928 3 
106 2 0 1 0 2 549 449 0 1872 3 
106 2 0 1 0 2 383 316 1 1726 3 
106 2 0 1 0 2 383 116 1 1075 3 
106 2 0 1 0 2 216 149 0 3010 3 
106 2 0 1 0 2 516 449 0 1238 3 
106 2 0 1 0 2 249 50 1 4381 2 
106 2 0 1 0 2 316 149 1 1850 3 
106 2 0 1 0 2 549 516 0 1240 3 
106 2 0 1 0 2 149 349 0 3960 3 
106 2 0 1 0 2 116 482 0 975 3 
106 2 0 1 0 2 516 349 1 2628 3 
106 2 0 1 0 2 316 116 1 2149 2 
106 2 0 1 0 2 149 383 0 2635 3 
106 2 0 1 0 2 149 183 0 1209 3 
106 2 0 1 0 2 516 216 1 2238 3 
106 2 0 1 0 2 549 50 1 1337 3 
106 2 0 1 0 2 116 416 0 1562 3 
106 2 0 1 0 2 482 383 1 2452 3 
106 2 0 1 0 2 50 83 0 2089 3 
106 2 0 1 0 2 116 116 0 1034 3 
106 2 0 1 0 2 283 349 1 2881 2 
106 2 0 1 0 2 249 216 1 1490 3 
106 2 0 1 0 2 149 549 0 3563 3 
106 2 0 1 0 2 349 149 1 1408 3 
106 2 0 1 0 2 516 249 1 1010 3 
106 2 0 1 0 2 349 449 0 999 3 
106 2 0 1 0 2 50 283 1 815 3 
106 2 0 1 0 2 183 249 1 1259 3 
106 2 0 1 0 2 249 416 1 1106 3 
