Subject 114 in condition 2
Training Condition: 0
Task: 1
Rule: [[[250, 350], [[4538, 4463], [4463, 4538]]], [[350, 250], [[4538, 4463], [4463, 4538]]]]
Noise: 0
CATA=0
CATB=1
Sample keys: 120 122
Resp keys: 309 307
Dim direction: 0 1
Dim minimum: 66 72
Test order: [0, 3, 5, 2, 6, 7, 1, 4]
114 2 0 1 0 1 138 169 -1 -1 0 24836 41 583 41 583 41 583 41 584 41 586 41 587 41 589 41 591 41 592 41 593 41 594 41 595 41 596 41 597 41 598 41 599 41 599 41 599 41 599 41 599 41 599 41 599 41 599 41 599 41 599 41 599 41 599 41 599 41 599 41 599 41 599 41 599 41 599 41 599 41 599 41 599 41 599 41 599 41 599 41 599 41 599 41 599 41 599 41 599 41 599 41 599 41 599 41 599 41 599 41 599 41 599 41 599 41 599 41 599 41 599 41 599 41 599 41 599 41 599 41 599 41 599 41 599 41 599 41 596 41 590 41 580 41 569 41 541 41 525 41 509 41 472 41 454 41 438 41 407 41 390 41 354 41 337 41 320 41 290 41 276 41 262 41 238 41 227 41 207 41 197 41 187 41 169 41 162 41 155 41 148 41 146 41 145 41 143 41 142 41 139 41 137 41 136 41 135 41 136 41 136 41 137 41 139 41 141 41 145 41 148 41 154 41 156 41 159 41 160 41 161 41 163 41 164 41 164 41 165 41 165 41 166 41 166 41 167 41 167 41 167 41 167 41 167 41 167 41 167 41 167 41 167 41 167 41 167 41 168 41 168 41 168 41 170 41 170 41 171 41 171 41 170 41 170 41 170 41 170 41 170 41 171 41 172 41 171 41 171 41 170 41 170 41 170 41 170 41 170 41 170 41 170 41 170 41 169 41 169 41 169 41 169 41 169 41 169 41 168 41 168 41 168 41 168 41 168 41 168 41 168 41 168 41 168 41 168 41 168 41 168 41 168 41 168 41 168 41 168 41 168 41 168 41 166 41 166 41 166 41 167 41 167 41 169 41 169 41 170 41 170 41 170 41 171 41 171 41 171 41 170 41 169 41 169 42 169 43 169 44 169 45 169 46 169 48 169 50 169 55 169 60 169 70 169 75 169 87 169 93 169 100 169 115 169 122 169 128 169 134 169 136 169 138 169 138 169 
114 2 0 1 0 1 599 167 -1 -1 1 16233 413 346 413 341 413 340 413 336 413 332 413 328 413 320 413 293 413 278 413 248 413 236 413 227 413 220 413 217 413 216 413 213 413 212 413 211 413 208 413 207 413 205 413 204 413 204 413 203 413 202 413 201 413 200 413 199 413 196 413 196 413 194 413 191 413 190 413 188 413 184 413 183 413 182 413 182 413 182 413 182 413 182 413 182 413 182 413 182 413 183 413 183 413 185 413 187 413 189 413 191 413 195 413 197 413 200 413 200 413 201 413 201 413 201 413 199 413 197 413 193 413 189 413 184 413 173 413 169 413 160 413 156 413 151 413 143 413 139 413 135 413 128 413 125 413 124 413 121 413 120 413 120 413 120 413 120 413 120 413 120 413 120 413 120 413 120 413 120 413 120 413 120 413 120 413 120 413 120 413 120 413 120 413 120 413 120 413 121 413 121 413 123 413 124 413 126 413 129 413 131 413 133 413 134 413 134 413 135 413 136 413 136 413 138 413 138 413 138 413 139 413 141 413 144 413 145 413 150 413 155 413 159 413 167 413 170 413 173 413 175 413 175 413 174 413 173 413 172 413 171 413 170 413 169 413 168 413 167 413 167 413 166 413 166 413 166 413 165 413 165 413 166 413 166 413 166 413 166 413 166 413 166 413 166 413 166 413 167 413 167 413 167 414 167 416 167 420 167 427 167 439 167 454 167 493 167 513 167 552 167 571 167 587 167 599 167 599 167 599 167 599 167 599 167 599 167 599 167 599 167 599 167 599 167 599 167 599 167 599 167 599 167 599 167 599 167 599 167 599 167 599 167 599 167 
114 2 0 1 0 1 0 171 -1 -1 0 13936 39 369 34 369 35 369 36 369 38 369 42 369 46 369 58 369 64 369 77 369 86 369 96 369 114 369 122 369 127 369 133 369 134 369 136 369 144 369 152 369 162 369 165 369 166 369 165 369 163 369 159 369 155 369 152 369 149 369 145 369 141 369 124 369 114 369 104 369 84 369 79 369 78 369 76 369 74 369 72 369 71 369 70 369 69 369 67 369 63 369 60 369 56 369 45 369 35 369 5 369 0 369 0 369 0 369 0 369 0 369 0 369 0 369 0 369 0 369 0 369 0 369 0 369 0 369 0 369 0 369 0 369 0 369 0 369 0 369 0 369 0 369 0 369 0 369 0 368 0 367 0 365 0 361 0 354 0 346 0 338 0 323 0 317 0 310 0 307 0 306 0 303 0 302 0 302 0 302 0 302 0 302 0 302 0 302 0 302 0 301 0 300 0 299 0 295 0 292 0 284 0 283 0 283 0 284 0 285 0 286 0 286 0 288 0 290 0 291 0 291 0 291 0 292 0 294 0 300 0 302 0 304 0 309 0 310 0 313 0 314 0 315 0 316 0 318 0 319 0 319 0 319 0 321 0 331 0 336 0 349 0 360 0 372 0 392 0 399 0 406 0 424 0 437 0 462 0 474 0 487 0 518 0 540 0 562 0 599 0 599 0 599 0 599 0 599 0 598 0 596 0 592 0 572 0 553 0 530 0 470 0 441 0 413 0 371 0 353 0 322 0 309 0 295 0 264 0 249 0 233 0 203 0 192 0 184 0 183 0 183 0 183 0 183 0 183 0 186 0 190 0 193 0 193 0 192 0 189 0 189 0 189 0 189 0 189 0 189 0 190 0 193 0 202 0 205 0 209 0 210 0 211 0 211 0 211 0 213 0 213 0 214 0 216 0 223 0 225 0 227 0 227 0 223 0 216 0 210 0 209 0 208 0 207 0 207 0 206 0 205 0 204 0 203 0 202 0 201 0 200 0 199 0 198 0 197 0 196 0 195 0 194 0 192 0 189 0 182 0 179 0 175 0 173 0 171 0 167 0 165 0 165 0 164 0 164 0 163 0 162 0 162 0 162 0 161 0 161 0 160 0 160 0 160 0 160 0 160 0 160 0 161 0 161 0 162 0 163 0 164 0 165 0 166 0 167 0 168 0 169 0 170 0 170 0 171 0 171 
114 2 0 1 0 1 0 526 -1 -1 0 12193 444 53 444 52 444 45 444 36 444 25 444 11 444 0 444 0 444 0 444 0 444 0 444 0 444 0 444 0 444 0 444 0 444 0 444 0 444 0 444 0 444 0 444 0 444 0 444 0 444 0 444 0 444 0 444 0 444 0 444 0 444 0 444 1 444 4 444 11 444 19 444 29 444 61 444 82 444 137 444 162 444 189 444 238 444 268 444 301 444 373 444 406 444 436 444 490 444 515 444 552 444 562 444 568 444 571 444 573 444 574 444 575 444 577 444 581 444 586 444 593 444 599 444 599 444 599 444 599 444 599 444 599 444 599 444 599 444 599 444 599 444 599 444 599 444 598 444 595 444 593 444 592 444 591 444 590 444 587 444 582 444 577 444 568 444 548 444 536 444 507 444 490 444 474 444 453 444 450 444 447 444 444 444 442 444 442 444 440 444 439 444 439 444 439 444 439 444 440 444 441 444 443 444 447 444 456 444 460 444 465 444 473 444 476 444 478 444 482 444 486 444 490 444 497 444 499 444 501 444 502 444 503 444 505 444 506 444 507 444 512 444 515 444 519 444 520 444 521 444 524 444 526 444 528 444 531 444 532 444 533 444 534 444 533 444 533 444 532 444 531 444 529 444 528 444 527 444 526 443 526 436 526 422 526 403 526 379 526 347 526 251 526 203 526 133 526 104 526 80 526 46 526 36 526 29 526 26 526 25 526 23 526 18 526 10 526 0 526 0 526 0 526 0 526 0 526 0 526 0 526 0 526 0 526 0 526 0 526 0 526 0 526 0 526 0 526 0 526 0 526 0 526 0 526 
114 2 0 1 0 1 599 527 -1 -1 1 9552 323 258 323 258 323 260 323 264 323 271 323 277 323 283 323 304 323 320 323 363 323 388 323 413 323 453 323 470 323 485 323 508 323 515 323 520 323 530 323 538 323 551 323 554 323 553 323 551 323 548 323 544 323 542 323 541 323 539 323 538 323 537 323 535 323 533 323 532 323 531 323 530 323 529 323 528 323 527 323 526 323 525 323 525 323 525 323 525 323 526 323 527 323 527 323 528 323 527 325 527 327 527 329 527 331 527 334 527 340 527 348 527 361 527 393 527 410 527 427 527 465 527 493 527 517 527 554 527 571 527 589 527 599 527 599 527 599 527 599 527 599 527 599 527 599 527 599 527 599 527 599 527 599 527 599 527 599 527 599 527 599 527 599 527 599 527 
114 2 0 1 0 1 0 352 -1 -1 0 9050 48 286 0 286 0 286 0 286 0 286 1 286 5 286 12 286 20 286 27 286 32 286 32 286 33 286 34 286 36 286 39 286 40 286 40 287 40 288 40 288 40 289 40 290 40 291 40 292 40 293 40 296 40 298 40 301 40 305 40 307 40 309 40 315 40 319 40 322 40 326 40 327 40 327 40 329 40 330 40 332 40 333 40 333 40 335 40 336 40 338 40 340 40 343 40 349 40 349 40 351 40 352 40 352 41 352 42 352 42 352 44 352 45 352 46 352 48 352 55 352 58 352 73 352 83 352 96 352 120 352 130 352 138 352 153 352 160 352 176 352 185 352 195 352 206 352 205 352 208 352 214 352 225 352 238 352 251 352 267 352 301 352 319 352 349 352 358 352 361 352 358 352 350 352 338 352 321 352 296 352 214 352 162 352 121 352 34 352 0 352 0 352 0 352 0 352 0 352 0 352 0 352 0 352 0 352 0 352 0 352 0 352 0 352 0 352 
114 2 0 1 0 1 599 367 -1 -1 1 8473 571 214 573 214 575 214 581 214 587 214 592 214 596 214 599 214 599 214 599 214 599 214 599 214 599 214 599 214 599 214 599 214 599 214 599 213 599 213 599 213 599 211 599 211 599 211 599 211 599 211 599 211 599 212 599 213 599 214 599 219 599 224 599 230 599 242 599 246 599 255 599 262 599 271 599 289 599 300 599 311 599 336 599 346 599 353 599 362 599 364 599 365 599 366 599 367 599 367 599 367 599 367 599 367 599 367 599 367 599 367 599 367 596 367 594 367 593 367 592 367 591 367 590 367 585 367 577 367 566 367 543 367 530 367 501 367 483 367 466 367 429 367 410 367 394 367 385 367 386 367 392 367 403 367 424 367 493 367 530 367 565 367 599 367 599 367 599 367 599 367 599 367 599 367 599 367 599 367 599 367 599 367 599 367 599 367 599 367 599 367 599 367 
114 2 0 1 0 1 599 0 -1 -1 1 6090 128 145 128 85 128 79 128 68 128 54 128 39 128 23 128 0 128 0 128 0 128 0 128 0 128 0 128 0 128 0 128 0 128 0 130 0 133 0 138 0 146 0 158 0 186 0 200 0 230 0 247 0 266 0 300 0 320 0 343 0 404 0 436 0 467 0 533 0 572 0 599 0 599 0 599 0 599 0 599 0 599 0 599 0 599 0 599 0 599 0 599 0 599 0 599 0 599 0 599 0 599 0 599 0 599 0 
114 2 0 1 0 1 0 383 -1 -1 0 8962 418 555 418 485 418 485 418 489 418 494 418 499 418 501 418 503 418 504 418 506 418 513 418 524 418 552 418 564 418 575 418 584 418 585 418 590 418 599 418 599 418 599 418 599 418 599 418 599 418 599 418 599 418 599 418 599 418 599 418 599 418 599 418 599 418 599 418 599 418 599 418 599 418 599 418 599 418 599 418 599 418 599 418 599 418 598 418 594 418 587 418 578 418 570 418 558 418 521 418 497 418 450 418 422 418 391 418 338 418 319 418 304 418 278 418 268 418 259 418 248 418 245 418 247 418 248 418 251 418 255 418 259 418 266 418 283 418 291 418 306 418 314 418 322 418 337 418 343 418 347 418 356 418 360 418 363 418 371 418 374 418 379 418 380 418 380 418 382 418 382 418 383 419 383 419 383 419 383 421 383 423 383 427 383 431 383 432 383 433 383 433 383 433 383 432 383 430 383 429 383 423 383 420 383 416 383 408 383 406 383 405 383 404 383 399 383 393 383 381 383 363 383 314 383 293 383 249 383 224 383 192 383 144 383 125 383 106 383 86 383 82 383 80 383 72 383 66 383 49 383 39 383 29 383 9 383 3 383 0 383 0 383 0 383 0 383 0 383 0 383 0 383 0 383 0 383 0 383 0 383 0 383 0 383 0 383 0 383 0 383 0 383 0 383 0 383 0 383 0 383 
114 2 0 1 0 1 0 599 -1 -1 1 14859 573 438 573 501 573 502 573 503 573 504 573 506 573 507 573 507 573 508 573 510 573 511 573 512 573 510 573 504 573 495 573 482 573 465 573 448 573 422 573 413 573 403 573 399 573 395 573 385 573 379 573 373 573 366 573 364 573 361 573 360 573 359 573 358 573 358 573 358 573 359 573 361 573 364 573 368 573 376 573 380 573 387 573 393 573 400 573 412 573 417 573 420 573 433 573 440 573 443 573 445 573 444 573 442 573 441 573 440 573 439 573 438 573 437 573 435 573 433 573 430 573 427 573 425 573 417 573 410 573 402 573 386 573 379 573 372 573 360 573 356 573 352 573 347 573 346 573 343 573 339 573 336 573 329 573 326 573 325 573 323 573 320 573 313 573 306 573 298 573 288 573 285 573 284 573 286 573 290 573 293 573 300 573 303 573 309 573 312 573 317 573 338 573 354 573 368 573 390 573 396 573 403 573 406 573 408 573 408 573 409 573 410 573 411 573 411 573 413 573 414 573 417 573 435 573 449 573 488 573 518 573 555 573 599 573 599 573 599 573 599 573 599 573 599 573 599 573 599 573 599 573 599 573 599 573 599 573 599 573 599 573 599 573 599 573 599 572 599 570 599 566 599 560 599 549 599 533 599 504 599 496 599 483 599 477 599 470 599 445 599 429 599 410 599 362 599 331 599 296 599 208 599 170 599 115 599 96 599 78 599 49 599 37 599 29 599 16 599 9 599 2 599 0 599 0 599 0 599 0 599 0 599 0 599 0 599 0 599 0 599 0 599 0 599 0 599 0 599 0 599 0 599 0 599 0 599 0 599 
114 2 0 1 0 1 599 599 -1 -1 0 7721 15 430 15 470 15 474 15 479 15 487 15 495 15 506 15 533 15 548 15 577 15 590 15 599 15 599 15 599 15 599 15 599 15 599 15 599 15 599 15 599 14 599 10 599 3 599 0 599 0 599 0 599 0 599 0 599 0 599 0 599 0 599 0 599 0 599 0 599 3 599 9 599 24 599 50 599 93 599 138 599 228 599 270 599 336 599 361 599 384 599 427 599 447 599 468 599 534 599 571 599 599 599 599 599 599 599 599 599 599 599 599 599 599 599 599 599 599 599 599 599 599 599 599 599 599 599 
114 2 0 1 0 1 0 440 -1 -1 0 12050 97 172 97 0 97 0 97 0 97 0 97 0 97 0 97 0 97 0 97 0 97 0 97 0 97 0 97 0 97 0 97 0 97 0 97 0 97 0 97 0 97 0 97 0 97 0 97 0 97 0 97 0 97 0 97 0 97 0 97 0 97 0 97 0 97 0 97 0 97 0 97 0 97 0 97 0 97 0 97 0 97 0 97 0 97 0 97 0 97 0 97 0 97 0 97 0 97 0 97 0 97 0 97 0 97 0 97 0 97 0 97 0 97 0 97 0 97 1 97 9 97 16 97 32 97 56 97 88 97 163 97 204 97 288 97 325 97 351 97 376 97 380 97 382 97 389 97 398 97 409 97 428 97 434 97 444 97 448 97 451 97 453 97 453 97 454 97 454 97 455 97 455 97 455 97 455 97 455 97 455 97 454 97 452 97 442 97 436 97 426 97 424 97 423 97 422 97 421 97 421 97 420 97 420 97 420 97 420 97 420 97 420 97 420 97 420 97 421 97 421 97 421 97 421 97 423 97 423 97 424 97 425 97 425 97 426 97 427 97 428 97 429 97 429 97 429 97 430 97 430 97 430 97 431 97 431 97 432 97 433 97 434 97 436 97 440 98 440 99 440 101 440 105 440 111 440 118 440 139 440 148 440 154 440 152 440 147 440 137 440 132 440 130 440 127 440 126 440 125 440 121 440 113 440 86 440 64 440 37 440 0 440 0 440 0 440 0 440 0 440 0 440 0 440 0 440 0 440 0 440 0 440 0 440 0 440 0 440 
114 2 0 1 0 1 599 461 -1 -1 1 7006 188 387 188 599 188 598 188 596 188 590 188 584 188 576 188 568 188 557 188 541 188 539 188 538 188 535 188 530 188 525 188 520 188 506 188 495 188 472 188 461 188 452 188 442 188 437 188 429 188 416 188 409 188 405 188 398 188 397 188 398 188 400 188 404 188 409 188 415 188 422 188 425 188 431 188 434 188 436 188 441 188 445 188 447 188 456 188 459 188 461 188 461 190 461 193 461 199 461 207 461 215 461 225 461 230 461 240 461 245 461 250 461 258 461 263 461 268 461 282 461 290 461 297 461 310 461 316 461 324 461 326 461 330 461 337 461 342 461 346 461 357 461 362 461 377 461 389 461 405 461 437 461 452 461 465 461 492 461 504 461 514 461 534 461 540 461 547 461 549 461 551 461 553 461 554 461 555 461 555 461 557 461 559 461 561 461 565 461 576 461 583 461 598 461 599 461 599 461 599 461 599 461 599 461 599 461 599 461 599 461 599 461 599 461 599 461 599 461 599 461 599 461 599 461 599 461 599 461 599 461 599 461 599 461 599 461 599 461 599 461 
114 2 0 1 0 1 0 246 -1 -1 0 9818 49 142 181 142 180 142 179 142 177 142 174 142 168 142 161 142 152 142 132 142 124 142 112 142 110 142 111 142 112 142 112 141 112 140 112 139 112 137 112 134 112 126 112 105 112 94 112 79 112 73 112 71 112 71 112 73 112 74 112 78 112 79 112 79 112 74 112 71 112 69 112 69 112 69 112 70 112 71 112 72 112 74 112 81 112 93 112 126 112 145 112 193 112 220 112 245 112 278 112 287 112 291 112 299 112 302 112 303 112 297 112 290 112 276 112 270 112 266 112 263 112 262 112 261 112 260 112 258 112 253 112 247 112 239 112 219 112 208 112 198 112 184 112 179 112 174 112 173 112 173 112 169 112 166 112 165 112 163 112 162 112 162 112 160 112 160 112 159 112 160 112 162 112 168 112 178 112 192 112 209 112 243 112 251 112 254 112 253 112 249 112 241 112 237 112 234 112 231 112 230 112 229 112 228 112 229 112 233 112 237 112 242 112 245 112 249 112 255 112 259 112 264 112 267 112 270 112 271 112 270 112 268 112 260 112 255 112 250 112 240 112 238 112 236 112 234 112 234 112 234 112 234 112 234 112 232 112 231 112 231 112 233 112 234 112 236 112 236 112 236 112 236 112 235 112 236 112 241 112 242 112 245 112 246 109 246 108 246 107 246 102 246 92 246 79 246 64 246 49 246 8 246 0 246 0 246 0 246 0 246 0 246 0 246 0 246 0 246 0 246 0 246 0 246 0 246 0 246 0 246 
114 2 0 1 0 1 599 282 -1 -1 1 10625 137 63 137 79 137 80 137 81 137 83 137 87 137 93 137 99 137 113 137 121 137 137 137 143 137 149 137 166 137 177 137 190 137 217 137 230 137 241 137 256 137 261 137 264 137 265 137 265 137 265 137 264 137 261 137 254 137 248 137 236 137 230 137 224 137 214 137 210 137 204 137 193 137 188 137 183 137 178 137 178 137 178 137 179 137 180 137 182 137 185 137 187 137 191 137 194 137 198 137 203 137 209 137 231 137 246 137 262 137 295 137 308 137 319 137 338 137 347 137 364 137 370 137 377 137 390 137 395 137 400 137 407 137 409 137 408 137 404 137 402 137 398 137 395 137 390 137 374 137 365 137 350 137 343 137 339 137 335 137 334 137 333 137 332 137 331 137 329 137 326 137 324 137 319 137 318 137 318 137 317 137 317 137 316 137 316 137 315 137 315 137 314 137 312 137 312 137 310 137 309 137 308 137 307 137 306 137 305 137 305 137 304 137 302 137 301 137 297 137 295 137 292 137 289 137 288 137 287 137 285 137 285 137 284 137 283 137 283 137 282 137 282 141 282 148 282 156 282 164 282 169 282 174 282 174 282 178 282 179 282 182 282 190 282 196 282 202 282 213 282 217 282 222 282 232 282 236 282 243 282 248 282 252 282 263 282 268 282 274 282 283 282 287 282 289 282 295 282 297 282 299 282 299 282 299 282 296 282 294 282 294 282 293 282 291 282 286 282 283 282 280 282 276 282 275 282 275 282 277 282 280 282 282 282 288 282 290 282 296 282 298 282 300 282 304 282 309 282 312 282 314 282 316 282 324 282 326 282 330 282 336 282 344 282 360 282 367 282 374 282 392 282 401 282 412 282 436 282 449 282 471 282 481 282 491 282 504 282 509 282 512 282 519 282 524 282 539 282 550 282 563 282 592 282 599 282 599 282 599 282 599 282 599 282 599 282 599 282 599 282 599 282 599 282 599 282 599 282 599 282 599 282 599 282 599 282 
114 2 0 1 0 1 0 92 -1 -1 0 15777 24 256 24 6 24 3 24 2 24 3 24 4 24 5 24 6 24 7 24 8 24 8 24 10 24 11 24 13 24 19 24 30 24 45 24 78 24 93 24 123 24 139 24 158 24 196 24 212 24 222 24 239 24 252 24 272 24 312 24 327 24 344 24 353 24 362 24 371 24 372 24 372 24 367 24 362 24 340 24 325 24 308 24 278 24 265 24 252 24 234 24 229 24 224 24 216 24 211 24 204 24 202 24 202 24 202 24 201 24 201 24 201 24 201 24 201 24 202 24 203 24 207 24 217 24 229 24 259 24 273 24 292 24 297 24 301 24 307 24 309 24 312 24 317 24 321 24 325 24 333 24 336 24 339 24 339 24 339 24 339 24 339 24 340 24 341 24 342 24 345 24 347 24 352 24 356 24 363 24 367 24 373 24 376 24 379 24 382 24 383 24 383 24 383 24 383 24 383 24 384 24 384 24 384 24 385 24 385 24 386 24 387 24 387 24 387 24 387 24 385 24 384 24 383 24 380 24 379 24 378 24 378 24 377 24 377 24 376 24 376 24 376 24 375 24 373 24 370 24 369 24 367 24 366 24 364 24 362 24 360 24 356 24 352 24 348 24 341 24 337 24 332 24 317 24 308 24 288 24 278 24 266 24 248 24 243 24 238 24 230 24 228 24 227 24 223 24 220 24 213 24 209 24 204 24 191 24 180 24 165 24 131 24 109 24 64 24 38 24 10 24 0 24 0 24 0 24 0 24 0 24 0 24 0 24 0 24 0 24 0 24 0 24 0 24 0 24 0 24 0 24 0 24 0 24 0 24 0 24 0 24 0 24 1 24 6 24 13 24 23 24 33 24 41 24 53 24 58 24 66 24 69 24 72 24 73 24 73 24 75 24 76 24 77 24 78 24 78 24 79 24 79 24 80 24 81 24 83 24 84 24 85 24 85 24 85 24 86 24 86 24 87 24 88 24 89 24 89 24 91 24 91 24 92 25 92 30 92 36 92 43 92 49 92 56 92 73 92 82 92 108 92 120 92 131 92 149 92 155 92 159 92 157 92 153 92 146 92 138 92 130 92 121 92 95 92 76 92 17 92 0 92 0 92 0 92 0 92 0 92 0 92 0 92 0 92 0 92 0 92 0 92 0 92 0 92 0 92 
114 2 0 1 0 2 316 249 1 5653 3 
114 2 0 1 0 2 216 549 1 9477 2 
114 2 0 1 0 2 183 283 1 5270 2 
114 2 0 1 0 2 83 316 0 3779 4 
114 2 0 1 0 2 482 183 1 3191 5 
114 2 0 1 0 2 283 50 1 2092 4 
114 2 0 1 0 2 316 549 0 4845 3 
114 2 0 1 0 2 482 316 1 2537 5 
114 2 0 1 0 2 116 149 0 3815 2 
114 2 0 1 0 2 216 383 1 4045 3 
114 2 0 1 0 2 83 516 0 3326 3 
114 2 0 1 0 2 349 416 1 2659 4 
114 2 0 1 0 2 283 183 1 2720 4 
114 2 0 1 0 2 50 449 0 2299 2 
114 2 0 1 0 2 116 83 0 2071 2 
114 2 0 1 0 2 249 283 1 2180 3 
114 2 0 1 0 2 416 149 1 4168 3 
114 2 0 1 0 2 416 116 1 1936 4 
114 2 0 1 0 2 383 549 0 5436 3 
114 2 0 1 0 2 516 283 1 3037 4 
114 2 0 1 0 2 316 516 1 1780 4 
114 2 0 1 0 2 549 216 1 1388 4 
114 2 0 1 0 2 516 50 1 1647 4 
114 2 0 1 0 2 482 116 1 1012 4 
114 2 0 1 0 2 83 416 0 1556 3 
114 2 0 1 0 2 449 349 1 1759 4 
114 2 0 1 0 2 183 216 1 2986 3 
114 2 0 1 0 2 83 549 0 2348 2 
114 2 0 1 0 2 416 416 1 1739 3 
114 2 0 1 0 2 83 482 0 3759 2 
114 2 0 1 0 2 482 449 1 2036 4 
114 2 0 1 0 2 249 116 1 5752 3 
114 2 0 1 0 1 196 24 -1 -1 1 13268 352 170 352 188 352 187 352 185 352 182 352 177 352 169 352 140 352 120 352 83 352 69 352 56 352 38 352 35 352 34 352 35 352 34 352 33 352 32 352 31 352 31 352 30 352 29 352 29 352 28 352 28 352 27 352 26 352 25 352 25 352 24 353 24 356 24 361 24 367 24 372 24 379 24 395 24 405 24 421 24 428 24 435 24 448 24 453 24 456 24 459 24 460 24 461 24 463 24 466 24 480 24 486 24 492 24 511 24 526 24 549 24 599 24 599 24 599 24 599 24 599 24 599 24 599 24 599 24 599 24 599 24 599 24 599 24 599 24 599 24 599 24 599 24 599 24 599 24 598 24 597 24 596 24 594 24 591 24 590 24 588 24 580 24 573 24 566 24 552 24 546 24 534 24 527 24 520 24 509 24 506 24 503 24 497 24 492 24 485 24 469 24 461 24 449 24 444 24 440 24 435 24 433 24 431 24 425 24 420 24 416 24 409 24 406 24 398 24 394 24 389 24 377 24 370 24 364 24 351 24 344 24 331 24 325 24 320 24 311 24 304 24 295 24 279 24 271 24 266 24 259 24 257 24 256 24 255 24 253 24 251 24 247 24 239 24 235 24 233 24 229 24 228 24 220 24 215 24 210 24 200 24 198 24 196 24 
114 2 0 1 0 1 0 7 -1 -1 0 8796 590 137 590 140 590 140 590 140 590 138 590 138 590 136 590 135 590 134 590 132 590 130 590 127 590 123 590 122 590 121 590 119 590 118 590 116 590 115 590 113 590 112 590 110 590 105 590 102 590 98 590 91 590 89 590 84 590 82 590 79 590 74 590 72 590 71 590 70 590 69 590 67 590 65 590 64 590 63 590 60 590 58 590 55 590 53 590 53 590 52 590 51 590 50 590 49 590 47 590 45 590 42 590 34 590 28 590 24 590 15 590 12 590 10 590 7 593 7 593 7 593 7 593 7 589 7 585 7 578 7 562 7 550 7 523 7 512 7 502 7 495 7 497 7 505 7 531 7 541 7 549 7 557 7 559 7 560 7 558 7 550 7 525 7 510 7 496 7 496 7 495 7 492 7 488 7 488 7 478 7 468 7 460 7 448 7 432 7 399 7 384 7 345 7 322 7 295 7 237 7 207 7 177 7 121 7 100 7 82 7 59 7 53 7 44 7 39 7 35 7 28 7 25 7 22 7 12 7 7 7 2 7 0 7 0 7 0 7 0 7 0 7 0 7 0 7 0 7 0 7 0 7 0 7 0 7 0 7 0 7 0 7 0 7 0 7 0 7 
114 2 0 1 0 1 187 3 -1 -1 1 8336 23 331 23 353 23 353 23 353 23 353 23 353 23 353 23 346 23 340 23 329 23 324 23 318 23 306 23 301 23 298 23 293 23 292 23 292 23 296 23 302 23 310 23 310 23 310 23 287 23 275 23 268 23 260 23 258 23 258 23 263 23 275 23 316 23 336 23 349 23 372 23 387 23 402 23 426 23 439 23 483 23 518 23 552 23 594 23 599 23 599 23 599 23 599 23 599 23 599 23 599 23 599 23 599 23 599 23 599 23 599 23 599 23 599 23 599 23 599 23 599 23 599 23 599 23 599 23 599 23 599 23 599 23 599 23 599 23 599 23 599 23 599 23 599 23 599 23 599 23 599 23 599 23 599 23 599 23 599 23 599 23 599 23 592 23 577 23 533 23 503 23 466 23 366 23 312 23 251 23 116 23 53 23 0 23 0 23 0 23 0 23 0 23 0 23 2 23 3 23 3 23 3 23 3 23 3 23 3 23 3 23 3 24 3 26 3 28 3 34 3 43 3 51 3 75 3 86 3 105 3 112 3 117 3 120 3 122 3 123 3 128 3 131 3 136 3 152 3 162 3 179 3 185 3 189 3 193 3 195 3 194 3 193 3 192 3 190 3 189 3 188 3 187 3 
114 2 0 1 0 1 128 0 -1 -1 1 6915 317 6 317 0 317 4 317 10 317 17 317 23 317 29 317 31 317 30 317 29 317 28 317 24 317 20 317 14 317 9 317 0 317 0 317 0 317 0 316 0 314 0 312 0 310 0 309 0 306 0 297 0 290 0 272 0 267 0 262 0 254 0 249 0 243 0 235 0 234 0 233 0 233 0 233 0 232 0 232 0 230 0 223 0 216 0 209 0 200 0 197 0 196 0 193 0 191 0 184 0 177 0 171 0 156 0 149 0 144 0 137 0 135 0 133 0 133 0 133 0 131 0 131 0 131 0 129 0 129 0 128 0 128 0 128 0 128 0 128 0 128 0 
114 2 0 1 0 1 50 10 -1 -1 1 7010 328 188 328 172 328 172 328 173 328 173 328 173 328 173 328 170 328 168 328 160 328 156 328 153 328 147 328 145 328 143 328 140 328 140 328 140 328 140 328 140 328 141 328 141 328 141 328 136 328 132 328 123 328 105 328 101 328 96 328 93 328 91 328 89 328 89 328 85 328 79 328 75 328 70 328 61 328 56 328 47 328 40 328 33 328 19 328 14 328 10 328 10 328 10 327 10 326 10 323 10 320 10 316 10 309 10 290 10 278 10 259 10 254 10 250 10 244 10 241 10 239 10 233 10 228 10 224 10 212 10 210 10 208 10 208 10 212 10 211 10 205 10 203 10 201 10 198 10 193 10 183 10 178 10 155 10 145 10 133 10 110 10 100 10 89 10 73 10 67 10 61 10 56 10 55 10 54 10 53 10 52 10 51 10 51 10 50 10 
114 2 0 1 0 1 17 2 -1 -1 1 7625 388 363 388 366 388 366 388 366 388 366 388 365 388 360 388 348 388 339 388 318 388 308 388 298 388 278 388 264 388 250 388 220 388 208 388 197 388 167 388 148 388 110 388 90 388 70 388 35 388 21 388 10 388 0 388 0 388 0 388 0 388 0 388 0 388 0 388 0 388 0 388 0 388 0 388 0 388 1 388 1 388 2 388 2 388 2 388 2 388 2 388 2 390 2 394 2 399 2 405 2 406 2 408 2 409 2 409 2 409 2 415 2 416 2 412 2 395 2 367 2 322 2 268 2 208 2 90 2 41 2 0 2 0 2 0 2 0 2 0 2 0 2 0 2 0 2 0 2 0 2 0 2 0 2 0 2 0 2 0 2 0 2 0 2 0 2 0 2 0 2 0 2 0 2 0 2 0 2 1 2 1 2 1 2 2 2 2 2 2 2 3 2 4 2 5 2 5 2 6 2 7 2 9 2 11 2 15 2 16 2 17 2 
114 2 0 1 0 1 0 18 -1 -1 0 6521 264 155 264 175 264 175 264 175 264 175 264 176 264 177 264 177 264 177 264 176 264 168 264 163 264 158 264 152 264 149 264 145 264 135 264 132 264 130 264 126 264 124 264 117 264 111 264 105 264 81 264 65 264 48 264 13 264 0 264 0 264 0 264 0 264 0 264 0 264 0 264 1 264 2 264 4 264 6 264 8 264 9 264 11 264 16 264 18 264 18 263 18 258 18 252 18 249 18 247 18 241 18 237 18 223 18 212 18 199 18 173 18 162 18 153 18 142 18 138 18 133 18 125 18 122 18 114 18 110 18 106 18 101 18 98 18 95 18 98 18 105 18 111 18 120 18 123 18 132 18 136 18 139 18 143 18 146 18 146 18 145 18 141 18 130 18 113 18 93 18 56 18 32 18 0 18 0 18 0 18 0 18 0 18 0 18 0 18 0 18 0 18 0 18 0 18 0 18 0 18 0 18 0 18 0 18 0 18 0 18 0 18 
114 2 0 1 0 1 0 165 -1 -1 0 10441 276 217 277 217 278 217 279 217 279 217 280 217 281 217 281 217 281 217 281 217 281 217 281 217 280 217 280 217 280 217 280 217 281 217 282 217 291 217 296 217 302 217 311 217 314 217 316 217 316 217 316 217 317 217 317 217 317 217 318 217 320 217 328 217 336 217 344 217 355 217 396 217 425 217 471 217 491 217 511 217 547 217 566 217 585 217 599 217 599 217 599 217 599 217 599 217 599 217 599 217 599 217 599 217 599 217 599 217 599 217 599 217 599 217 599 217 599 217 599 217 599 217 594 217 581 217 565 217 546 217 521 217 426 217 341 217 157 217 69 217 0 217 0 217 0 217 0 217 0 217 0 217 0 217 0 217 0 217 0 217 0 217 0 217 0 217 0 217 0 217 0 217 0 217 0 217 0 225 0 225 0 225 0 226 0 228 0 232 0 236 0 246 0 249 0 253 0 253 0 253 0 253 0 253 0 253 0 253 0 253 0 255 0 262 0 266 0 271 0 272 0 272 0 272 0 273 0 273 0 273 0 273 0 273 0 271 0 269 0 257 0 249 0 241 0 228 0 224 0 221 0 215 0 212 0 207 0 199 0 193 0 176 0 167 0 160 0 150 0 148 0 145 0 132 0 124 0 109 0 103 0 97 0 92 0 93 0 95 0 96 0 98 0 99 0 101 0 103 0 104 0 105 0 106 0 107 0 107 0 108 0 109 0 109 0 110 0 111 0 112 0 114 0 119 0 121 0 127 0 131 0 136 0 148 0 153 0 157 0 164 0 165 0 165 0 165 0 165 
114 2 0 1 0 1 69 165 -1 -1 0 9554 342 427 342 428 342 431 342 436 342 444 342 454 342 467 342 495 342 507 342 522 342 527 342 533 342 541 342 544 342 546 342 547 342 547 342 545 342 544 342 543 342 542 342 541 342 539 342 536 342 527 342 513 342 477 342 455 342 413 342 393 342 374 342 339 342 321 342 304 342 272 342 257 342 245 342 229 342 225 342 222 342 221 342 221 342 221 342 221 342 221 342 221 342 220 342 218 342 215 342 205 342 200 342 198 342 196 342 196 342 196 342 198 342 202 342 206 342 211 342 218 342 221 342 223 342 223 342 223 342 223 342 224 342 225 342 226 342 227 342 228 342 229 342 231 342 235 342 238 342 239 342 240 342 240 342 237 342 230 342 226 342 218 342 210 342 201 342 180 342 171 342 160 342 137 342 126 342 119 342 112 342 113 342 114 342 118 342 121 342 123 342 124 342 126 342 127 342 129 342 130 342 130 342 131 342 132 342 133 342 135 342 138 342 141 342 143 342 145 342 147 342 148 342 152 342 155 342 158 342 164 342 165 342 165 341 165 342 165 343 165 344 165 346 165 348 165 348 165 350 165 350 165 350 165 352 165 353 165 354 165 354 165 354 165 359 165 361 165 364 165 368 165 377 165 392 165 396 165 397 165 395 165 388 165 374 165 337 165 316 165 268 165 245 165 225 165 195 165 185 165 176 165 162 165 157 165 152 165 137 165 129 165 117 165 114 165 111 165 106 165 105 165 103 165 100 165 98 165 93 165 90 165 86 165 76 165 72 165 69 165 
114 2 0 1 0 1 168 168 -1 -1 0 8096 442 35 442 41 442 42 442 43 442 45 442 49 442 56 442 69 442 100 442 115 442 145 442 155 442 164 442 176 442 180 442 181 442 181 442 183 442 184 442 186 442 186 442 185 442 184 442 184 442 183 442 183 442 182 442 181 442 180 442 178 442 177 442 175 442 175 442 174 442 174 442 174 442 173 442 172 442 172 442 172 442 171 442 171 442 171 442 170 442 170 442 170 442 170 442 169 442 169 442 169 442 168 442 168 442 168 441 168 441 168 440 168 439 168 439 168 439 168 438 168 439 168 441 168 445 168 448 168 452 168 454 168 457 168 458 168 462 168 463 168 465 168 465 168 465 168 464 168 459 168 456 168 454 168 452 168 451 168 451 168 449 168 444 168 435 168 422 168 406 168 368 168 348 168 330 168 296 168 280 168 245 168 230 168 220 168 211 168 208 168 204 168 202 168 200 168 199 168 199 168 197 168 196 168 195 168 195 168 194 168 194 168 192 168 190 168 187 168 183 168 180 168 178 168 176 168 173 168 172 168 168 168 
114 2 0 1 0 1 179 168 -1 -1 1 7762 178 386 178 402 178 407 178 415 178 426 178 437 178 442 178 442 178 439 178 429 178 420 178 411 178 393 178 386 178 378 178 359 178 344 178 326 178 286 178 265 178 232 178 217 178 205 178 182 178 172 178 163 178 151 178 148 178 142 178 140 178 139 178 139 178 139 178 139 178 139 178 139 178 139 178 139 178 140 178 140 178 141 178 143 178 144 178 145 178 148 178 149 178 150 178 154 178 156 178 159 178 166 178 169 178 170 178 171 178 170 178 169 178 169 178 168 178 168 178 168 176 168 176 168 175 168 174 168 173 168 171 168 170 168 170 168 168 168 168 168 168 168 168 168 168 168 168 168 170 168 171 168 172 168 176 168 177 168 178 168 178 168 179 168 179 168 179 168 
114 2 0 1 0 1 0 328 -1 -1 0 7050 95 159 79 159 80 159 81 159 81 159 82 159 83 159 84 159 85 159 85 159 87 159 87 159 90 159 103 159 111 159 122 159 148 159 161 159 172 159 190 159 198 159 215 159 221 159 225 159 227 159 226 159 225 159 224 159 223 159 222 159 221 159 221 159 225 159 232 159 242 159 259 159 283 159 342 159 365 159 396 159 402 159 403 159 369 159 328 159 281 159 187 159 155 159 132 159 95 159 81 159 58 159 46 159 32 159 8 159 0 159 0 159 0 159 0 159 0 159 0 159 0 159 0 159 0 159 0 159 0 159 0 159 0 159 0 159 0 159 0 159 0 159 0 159 0 159 0 159 0 159 0 161 0 161 0 162 0 164 0 166 0 169 0 174 0 193 0 204 0 222 0 231 0 240 0 256 0 263 0 269 0 273 0 273 0 273 0 275 0 275 0 276 0 276 0 276 0 277 0 278 0 280 0 283 0 294 0 299 0 309 0 312 0 314 0 317 0 319 0 320 0 321 0 321 0 325 0 326 0 328 
114 2 0 1 0 1 0 332 -1 -1 0 8914 61 12 61 0 61 0 61 0 61 0 61 0 61 0 61 0 61 1 61 4 61 5 61 5 61 5 61 5 61 5 61 5 61 6 61 6 61 7 61 10 61 24 61 38 61 56 61 95 61 112 61 138 61 148 61 155 61 164 61 167 61 169 61 171 61 172 61 172 61 161 61 151 61 140 61 139 61 138 61 136 61 130 61 121 61 108 61 94 61 67 61 51 61 23 61 13 61 6 61 1 61 0 61 0 61 0 61 0 61 11 61 29 61 49 61 107 61 152 61 212 61 340 61 394 61 435 61 489 61 495 61 491 61 487 61 483 61 479 61 475 61 464 61 458 61 442 61 433 61 424 61 407 61 399 61 392 61 378 61 372 61 365 61 350 61 341 61 325 61 319 61 316 61 314 61 313 61 312 61 306 61 301 61 291 61 279 61 257 61 249 61 245 61 243 61 243 61 243 61 245 61 246 61 248 61 248 61 249 61 256 61 262 61 271 61 272 61 273 61 273 61 274 61 274 61 275 61 277 61 279 61 283 61 287 61 297 61 301 61 302 61 302 61 303 61 303 61 305 61 306 61 307 61 309 61 310 61 313 61 314 61 314 61 315 61 316 61 316 61 318 61 319 61 320 61 322 61 326 61 330 61 332 61 332 61 332 61 332 61 332 59 332 54 332 44 332 38 332 24 332 17 332 9 332 0 332 0 332 0 332 0 332 0 332 0 332 0 332 0 332 0 332 0 332 0 332 0 332 0 332 0 332 0 332 0 332 0 332 0 332 0 332 
114 2 0 1 0 1 59 341 -1 -1 0 5481 29 564 29 569 29 568 29 564 29 557 29 548 29 535 29 521 29 493 29 479 29 459 29 450 29 442 29 422 29 411 29 399 29 370 29 356 29 342 29 321 29 316 29 315 29 314 29 313 29 313 29 313 29 313 29 315 29 316 29 318 29 325 29 328 29 331 29 332 29 333 29 333 29 335 29 336 29 338 29 340 29 341 29 341 31 341 32 341 35 341 37 341 37 341 37 341 38 341 38 341 39 341 39 341 41 341 44 341 48 341 56 341 58 341 59 341 
114 2 0 1 0 1 150 355 -1 -1 0 7275 584 336 584 335 584 327 584 318 584 308 584 297 584 285 584 266 584 256 584 237 584 229 584 222 584 223 584 224 584 224 584 226 584 228 584 231 584 245 584 255 584 283 584 301 584 317 584 340 584 347 584 352 584 356 584 357 584 356 584 355 584 355 582 355 581 355 580 355 578 355 576 355 573 355 568 355 565 355 559 355 556 355 552 355 548 355 545 355 542 355 538 355 534 355 530 355 520 355 514 355 495 355 482 355 469 355 444 355 436 355 431 355 428 355 428 355 428 355 430 355 432 355 433 355 433 355 431 355 422 355 415 355 412 355 407 355 401 355 391 355 384 355 360 355 343 355 330 355 317 355 315 355 312 355 310 355 308 355 307 355 304 355 301 355 294 355 289 355 285 355 276 355 273 355 269 355 260 355 254 355 240 355 232 355 224 355 209 355 199 355 186 355 162 355 154 355 151 355 150 355 
114 2 0 1 0 1 314 316 -1 -1 0 6778 49 464 49 509 49 508 49 505 49 497 49 487 49 476 49 449 49 435 49 408 49 396 49 385 49 368 49 363 49 357 49 347 49 345 49 343 49 341 49 340 49 335 49 335 49 333 49 333 49 332 49 331 49 326 49 323 49 323 49 323 49 322 49 322 49 321 49 319 49 317 49 316 49 316 51 316 51 316 51 316 51 316 49 316 44 316 39 316 32 316 23 316 4 316 0 316 0 316 0 316 0 316 1 316 1 316 0 316 0 316 0 316 0 316 0 316 1 316 4 316 10 316 21 316 55 316 75 316 94 316 133 316 149 316 162 316 171 316 171 316 171 316 171 316 171 316 171 316 171 316 175 316 180 316 188 316 201 316 233 316 244 316 261 316 263 316 265 316 266 316 268 316 272 316 277 316 281 316 284 316 285 316 286 316 287 316 287 316 289 316 289 316 292 316 295 316 299 316 304 316 313 316 314 316 
114 2 0 1 0 2 549 83 1 3006 2 
114 2 0 1 0 2 283 482 1 3690 2 
114 2 0 1 0 2 283 416 1 1563 2 
114 2 0 1 0 2 149 149 0 3197 2 
114 2 0 1 0 2 449 216 1 2777 3 
114 2 0 1 0 2 549 416 1 2548 3 
114 2 0 1 0 2 482 349 1 1020 3 
114 2 0 1 0 2 349 482 1 1177 3 
114 2 0 1 0 2 283 149 1 3135 1 
114 2 0 1 0 2 383 416 1 2246 2 
114 2 0 1 0 2 349 216 1 2157 3 
114 2 0 1 0 2 383 449 1 3403 3 
114 2 0 1 0 2 183 449 1 1158 3 
114 2 0 1 0 2 216 83 1 3323 3 
114 2 0 1 0 2 449 316 1 1732 3 
114 2 0 1 0 2 383 50 1 1524 3 
114 2 0 1 0 2 249 549 1 2538 2 
114 2 0 1 0 2 50 516 0 2833 2 
114 2 0 1 0 2 50 50 0 1538 2 
114 2 0 1 0 2 516 149 1 1159 3 
114 2 0 1 0 2 449 50 1 1406 3 
114 2 0 1 0 2 83 183 1 2209 3 
114 2 0 1 0 2 383 516 1 1554 3 
114 2 0 1 0 2 383 149 1 1596 3 
114 2 0 1 0 2 149 482 1 1005 3 
114 2 0 1 0 2 316 449 1 1130 3 
114 2 0 1 0 2 116 383 0 1791 2 
114 2 0 1 0 2 149 283 1 1729 3 
114 2 0 1 0 2 549 183 1 1708 3 
114 2 0 1 0 2 283 83 1 897 3 
114 2 0 1 0 2 183 83 1 1131 3 
114 2 0 1 0 2 50 416 0 4708 2 
114 2 0 1 0 1 541 79 -1 -1 1 12171 541 11 541 0 541 0 541 0 541 4 541 7 541 11 541 25 541 39 541 79 
114 2 0 1 0 1 8 0 -1 -1 1 5028 8 14 8 0 8 0 8 0 8 0 8 0 8 0 8 0 8 0 8 0 8 0 8 2 8 3 8 4 8 1 8 0 8 0 8 0 8 0 8 0 8 0 8 0 8 0 8 0 8 0 8 0 8 0 8 0 8 0 8 0 8 0 8 0 8 0 8 0 8 2 8 6 8 12 8 21 8 34 8 51 8 87 8 96 8 98 8 98 8 95 8 87 8 76 8 62 8 46 8 10 8 0 8 0 8 0 8 0 8 0 8 0 8 0 
114 2 0 1 0 1 363 358 -1 -1 1 5139 363 362 363 418 363 418 363 416 363 416 363 414 363 413 363 407 363 399 363 391 363 385 363 381 363 380 363 379 363 376 363 372 363 367 363 360 363 358 
114 2 0 1 0 1 12 528 -1 -1 0 5913 12 583 12 586 12 585 12 584 12 583 12 580 12 577 12 570 12 567 12 563 12 561 12 559 12 556 12 554 12 551 12 549 12 548 12 547 12 546 12 545 12 544 12 543 12 541 12 539 12 534 12 527 12 526 12 525 12 526 12 526 12 526 12 528 
114 2 0 1 0 1 366 529 -1 -1 0 6596 366 312 366 312 366 314 366 318 366 326 366 338 366 352 366 368 366 392 366 399 366 405 366 408 366 410 366 414 366 415 366 417 366 431 366 447 366 467 366 512 366 530 366 568 366 591 366 599 366 599 366 599 366 599 366 599 366 599 366 598 366 596 366 594 366 592 366 587 366 582 366 568 366 560 366 546 366 540 366 535 366 525 366 521 366 516 366 508 366 502 366 497 366 495 366 494 366 494 366 494 366 494 366 495 366 497 366 498 366 499 366 501 366 503 366 505 366 506 366 507 366 507 366 508 366 510 366 512 366 513 366 515 366 516 366 517 366 518 366 520 366 521 366 523 366 525 366 526 366 527 366 528 366 529 
114 2 0 1 0 1 223 168 -1 -1 1 4554 223 115 223 109 223 110 223 113 223 117 223 125 223 133 223 143 223 151 223 152 223 152 223 153 223 153 223 155 223 158 223 162 223 165 223 166 223 167 223 169 223 169 223 171 223 171 223 172 223 173 223 172 223 171 223 170 223 169 223 168 
114 2 0 1 0 1 48 377 -1 -1 0 4786 48 379 48 376 48 375 48 376 48 377 
114 2 0 1 0 1 394 144 -1 -1 1 3467 394 145 394 144 
114 2 0 1 0 1 197 599 -1 -1 0 3819 197 573 197 572 197 573 197 575 197 581 197 589 197 595 197 599 197 599 197 599 197 599 197 599 197 599 197 599 197 599 197 599 197 599 197 599 197 599 197 599 197 599 197 599 197 599 197 599 197 599 197 599 197 599 197 599 197 599 197 599 197 599 197 599 197 599 
114 2 0 1 0 1 515 409 -1 -1 1 3313 515 426 515 409 
114 2 0 1 0 1 545 79 -1 -1 1 3275 545 148 545 146 545 145 545 143 545 140 545 135 545 131 545 126 545 113 545 102 545 89 545 84 545 81 545 80 545 80 545 79 
114 2 0 1 0 1 199 47 -1 -1 1 5027 199 547 199 547 199 550 199 556 199 568 199 583 199 596 199 599 199 599 199 599 199 599 199 599 199 599 199 599 199 599 199 599 199 599 199 599 199 599 199 599 199 585 199 570 199 557 199 550 199 549 199 549 199 551 199 550 199 545 199 535 199 522 199 505 199 485 199 436 199 406 199 343 199 309 199 279 199 233 199 216 199 200 199 178 199 170 199 160 199 141 199 131 199 120 199 119 199 118 199 117 199 116 199 112 199 110 199 105 199 97 199 79 199 70 199 54 199 49 199 47 
114 2 0 1 0 1 216 561 -1 -1 0 3491 216 578 216 598 216 599 216 599 216 599 216 599 216 599 216 599 216 599 216 599 216 598 216 597 216 595 216 594 216 594 216 592 216 591 216 591 216 589 216 588 216 587 216 586 216 583 216 580 216 575 216 574 216 573 216 572 216 569 216 565 216 562 216 561 
114 2 0 1 0 1 323 481 -1 -1 0 5528 323 52 323 54 323 57 323 61 323 66 323 71 323 76 323 86 323 93 323 112 323 121 323 129 323 151 323 167 323 185 323 211 323 218 323 224 323 238 323 244 323 245 323 244 323 238 323 229 323 218 323 208 323 196 323 195 323 193 323 191 323 186 323 172 323 163 323 155 323 132 323 115 323 95 323 54 323 34 323 0 323 0 323 0 323 0 323 0 323 0 323 0 323 0 323 0 323 0 323 0 323 0 323 0 323 0 323 0 323 0 323 0 323 2 323 10 323 25 323 49 323 82 323 167 323 214 323 253 323 301 323 315 323 334 323 342 323 349 323 352 323 352 323 350 323 340 323 332 323 323 323 315 323 308 323 300 323 297 323 292 323 283 323 272 323 240 323 221 323 199 323 176 323 153 323 132 323 103 323 96 323 91 323 90 323 92 323 116 323 147 323 196 323 261 323 330 323 390 323 453 323 468 323 477 323 481 
114 2 0 1 0 1 89 145 -1 -1 0 3730 89 151 89 147 89 145 
114 2 0 1 0 1 456 0 -1 -1 1 4164 456 250 456 250 456 250 456 251 456 253 456 253 456 253 456 241 456 230 456 206 456 194 456 184 456 167 456 161 456 156 456 144 456 136 456 129 456 110 456 98 456 73 456 61 456 47 456 16 456 0 456 0 456 0 456 0 456 0 456 0 456 0 456 0 456 0 456 0 456 0 456 0 456 0 456 0 456 0 456 0 456 0 456 0 
114 2 0 1 0 2 183 549 0 4583 2 
114 2 0 1 0 2 416 50 1 2812 2 
114 2 0 1 0 2 449 383 1 3062 2 
114 2 0 1 0 2 283 449 0 2908 2 
114 2 0 1 0 2 316 383 1 3190 1 
114 2 0 1 0 2 549 116 1 2323 1 
114 2 0 1 0 2 449 516 0 2466 2 
114 2 0 1 0 2 183 516 0 1413 1 
114 2 0 1 0 2 83 116 1 1199 1 
114 2 0 1 0 2 183 416 0 2338 2 
114 2 0 1 0 2 383 383 1 2067 1 
114 2 0 1 0 2 349 349 1 1392 1 
114 2 0 1 0 2 416 316 1 856 1 
114 2 0 1 0 2 316 416 1 3904 1 
114 2 0 1 0 2 216 316 0 3425 1 
114 2 0 1 0 2 216 183 1 1595 1 
114 2 0 1 0 2 116 216 1 1059 1 
114 2 0 1 0 2 316 50 1 1120 1 
114 2 0 1 0 2 482 482 0 1249 1 
114 2 0 1 0 2 249 249 1 1283 1 
114 2 0 1 0 2 482 83 1 1447 1 
114 2 0 1 0 2 116 249 1 961 1 
114 2 0 1 0 2 549 283 1 1150 1 
114 2 0 1 0 2 449 183 1 2051 2 
114 2 0 1 0 2 449 149 1 997 2 
114 2 0 1 0 2 416 83 1 885 2 
114 2 0 1 0 2 116 283 1 864 2 
114 2 0 1 0 2 183 183 1 1739 2 
114 2 0 1 0 2 50 549 0 1828 1 
114 2 0 1 0 2 249 83 1 1318 2 
114 2 0 1 0 2 183 316 1 1023 2 
114 2 0 1 0 2 116 516 0 1348 2 
114 2 0 1 0 1 452 306 -1 -1 1 6749 452 305 452 304 452 304 452 304 452 304 452 304 452 304 452 304 452 305 452 306 
114 2 0 1 0 1 546 527 -1 -1 1 6546 546 477 546 477 546 477 546 478 546 478 546 479 546 479 546 480 546 484 546 488 546 493 546 495 546 497 546 498 546 499 546 500 546 501 546 501 546 502 546 505 546 506 546 509 546 511 546 512 546 512 546 514 546 515 546 515 546 518 546 527 546 532 546 534 546 532 546 529 546 526 546 524 546 523 546 523 546 523 546 525 546 525 546 526 546 526 546 527 
114 2 0 1 0 1 596 167 -1 -1 1 9801 596 355 596 356 596 357 596 360 596 366 596 373 596 382 596 398 596 404 596 414 596 417 596 419 596 419 596 418 596 415 596 408 596 403 596 397 596 383 596 376 596 356 596 345 596 333 596 298 596 274 596 246 596 184 596 156 596 106 596 87 596 73 596 59 596 57 596 57 596 57 596 58 596 59 596 61 596 64 596 69 596 74 596 87 596 95 596 112 596 123 596 136 596 163 596 175 596 187 596 204 596 211 596 216 596 222 596 223 596 221 596 219 596 216 596 214 596 212 596 211 596 207 596 203 596 191 596 185 596 179 596 174 596 172 596 171 596 170 596 167 596 163 596 162 596 163 596 164 596 165 596 166 596 167 596 168 596 168 596 169 596 169 596 169 596 168 596 167 596 167 596 167 
114 2 0 1 0 1 226 165 -1 -1 1 7683 226 85 226 86 226 90 226 94 226 99 226 107 226 116 226 133 226 141 226 155 226 164 226 172 226 184 226 187 226 186 226 185 226 183 226 180 226 176 226 173 226 169 226 164 226 163 226 162 226 161 226 162 226 162 226 162 226 163 226 163 226 164 226 164 226 165 
114 2 0 1 0 1 0 160 -1 -1 0 7641 350 523 350 520 350 512 350 497 350 475 350 446 350 417 350 363 350 342 350 313 350 306 350 302 350 301 350 298 350 296 350 292 350 285 350 275 350 262 350 232 350 219 350 201 350 193 350 186 350 177 350 176 350 176 350 177 350 179 350 180 350 181 350 182 350 182 350 182 350 183 350 184 350 185 350 185 350 186 350 186 350 183 350 179 350 176 350 175 350 173 350 172 350 171 350 169 350 167 350 162 350 160 350 156 350 154 350 153 350 154 350 154 350 155 350 156 350 157 350 157 350 159 350 159 350 160 350 160 368 160 369 160 368 160 369 160 375 160 382 160 391 160 404 160 418 160 452 160 469 160 507 160 527 160 544 160 568 160 575 160 575 160 571 160 565 160 555 160 516 160 487 160 419 160 386 160 353 160 300 160 272 160 247 160 201 160 181 160 149 160 138 160 129 160 117 160 113 160 110 160 106 160 105 160 101 160 92 160 87 160 72 160 62 160 51 160 25 160 11 160 0 160 0 160 0 160 0 160 0 160 0 160 0 160 0 160 0 160 0 160 0 160 
114 2 0 1 0 1 0 585 -1 -1 0 5296 521 585 528 585 528 585 529 585 533 585 540 585 550 585 565 585 583 585 599 585 599 585 599 585 599 585 599 585 599 585 599 585 599 585 599 585 598 585 594 585 584 585 562 585 517 585 445 585 264 585 164 585 0 585 0 585 0 585 0 585 0 585 0 585 0 585 0 585 0 585 0 585 0 585 0 585 0 585 0 585 0 585 
114 2 0 1 0 1 0 541 -1 -1 0 4794 146 541 190 541 184 541 172 541 157 541 139 541 118 541 69 541 47 541 5 541 0 541 0 541 0 541 0 541 0 541 0 541 0 541 0 541 0 541 0 541 0 541 0 541 0 541 
114 2 0 1 0 1 0 55 -1 -1 0 3842 4 55 53 55 45 55 34 55 17 55 0 55 0 55 0 55 0 55 0 55 0 55 0 55 0 55 0 55 0 55 0 55 0 55 0 55 0 55 0 55 0 55 0 55 0 55 
114 2 0 1 0 1 0 295 -1 -1 0 3570 437 295 464 295 462 295 459 295 448 295 428 295 401 295 333 295 289 295 196 295 148 295 106 295 47 295 27 295 14 295 0 295 0 295 0 295 0 295 0 295 0 295 0 295 0 295 0 295 0 295 0 295 0 295 0 295 0 295 0 295 0 295 0 295 0 295 0 295 
114 2 0 1 0 1 0 174 -1 -1 0 3544 223 174 304 174 302 174 297 174 287 174 273 174 256 174 213 174 184 174 117 174 82 174 49 174 0 174 0 174 0 174 0 174 0 174 0 174 0 174 0 174 0 174 0 174 0 174 0 174 0 174 0 174 
114 2 0 1 0 1 599 204 -1 -1 1 3659 441 204 442 204 444 204 448 204 454 204 463 204 473 204 489 204 494 204 497 204 498 204 499 204 502 204 504 204 506 204 507 204 508 204 509 204 510 204 512 204 522 204 530 204 538 204 561 204 578 204 597 204 599 204 599 204 599 204 599 204 599 204 599 204 599 204 599 204 599 204 599 204 599 204 599 204 599 204 599 204 
114 2 0 1 0 1 51 488 -1 -1 0 5562 345 488 342 488 341 488 339 488 335 488 330 488 323 488 303 488 290 488 263 488 249 488 237 488 220 488 210 488 200 488 177 488 164 488 149 488 117 488 101 488 87 488 69 488 64 488 63 488 63 488 65 488 69 488 75 488 82 488 88 488 92 488 93 488 94 488 97 488 102 488 109 488 116 488 123 488 125 488 121 488 82 488 49 488 15 488 0 488 0 488 0 488 0 488 0 488 0 488 0 488 0 488 0 488 0 488 0 488 0 488 0 488 0 488 0 488 0 488 0 488 1 488 2 488 3 488 5 488 7 488 12 488 26 488 33 488 44 488 45 488 46 488 46 488 48 488 49 488 50 488 50 488 51 488 
114 2 0 1 0 1 161 271 -1 -1 0 4633 228 271 260 271 258 271 252 271 242 271 230 271 216 271 197 271 152 271 130 271 94 271 79 271 64 271 41 271 33 271 25 271 10 271 2 271 0 271 0 271 0 271 0 271 0 271 0 271 0 271 0 271 0 271 0 271 0 271 0 271 1 271 2 271 3 271 5 271 7 271 11 271 15 271 22 271 25 271 31 271 34 271 38 271 41 271 44 271 49 271 62 271 67 271 70 271 73 271 74 271 75 271 77 271 81 271 93 271 100 271 111 271 120 271 121 271 122 271 123 271 124 271 125 271 128 271 132 271 136 271 139 271 140 271 143 271 149 271 156 271 161 271 
114 2 0 1 0 1 249 479 -1 -1 0 5018 248 479 249 479 247 479 245 479 243 479 244 479 246 479 247 479 248 479 249 479 
114 2 0 1 0 1 457 495 -1 -1 0 3402 442 495 443 495 443 495 445 495 446 495 447 495 449 495 450 495 451 495 453 495 454 495 455 495 456 495 457 495 
114 2 0 1 0 1 343 107 -1 -1 1 4025 309 107 310 107 311 107 312 107 314 107 315 107 318 107 320 107 321 107 324 107 326 107 330 107 331 107 332 107 333 107 334 107 335 107 336 107 337 107 338 107 340 107 341 107 343 107 
114 2 0 1 0 2 83 449 0 4629 1 
114 2 0 1 0 2 449 116 1 2578 1 
114 2 0 1 0 2 183 349 0 4006 1 
114 2 0 1 0 2 549 383 1 1142 1 
114 2 0 1 0 2 349 383 1 4392 2 
114 2 0 1 0 2 216 349 1 2467 1 
114 2 0 1 0 2 83 149 1 3795 1 
114 2 0 1 0 2 416 249 1 1936 1 
114 2 0 1 0 2 83 83 1 856 1 
114 2 0 1 0 2 183 383 1 1179 1 
114 2 0 1 0 2 149 249 1 1077 1 
114 2 0 1 0 2 216 449 1 2234 1 
114 2 0 1 0 2 482 149 1 1353 1 
114 2 0 1 0 2 383 83 1 766 1 
114 2 0 1 0 2 50 149 1 864 1 
114 2 0 1 0 2 149 116 1 1208 1 
114 2 0 1 0 2 449 83 1 834 1 
114 2 0 1 0 2 83 349 0 1823 1 
114 2 0 1 0 2 482 50 1 4692 1 
114 2 0 1 0 2 116 316 0 1178 1 
114 2 0 1 0 2 416 349 1 1427 1 
114 2 0 1 0 2 349 516 0 1130 1 
114 2 0 1 0 2 283 383 0 926 1 
114 2 0 1 0 2 516 383 0 803 1 
114 2 0 1 0 2 249 183 1 991 1 
114 2 0 1 0 2 449 449 0 1520 1 
114 2 0 1 0 2 149 83 1 1806 1 
114 2 0 1 0 2 283 216 1 825 1 
114 2 0 1 0 2 349 83 1 629 1 
114 2 0 1 0 2 549 316 1 739 1 
114 2 0 1 0 2 416 482 0 891 1 
114 2 0 1 0 2 316 283 1 1424 1 
114 2 0 1 0 1 0 528 -1 -1 0 13108 183 427 183 558 183 557 183 555 183 551 183 545 183 537 183 528 183 520 183 508 183 506 183 505 183 504 183 503 183 501 183 500 183 500 183 500 183 501 183 502 183 503 183 504 183 506 183 508 183 510 183 511 183 515 183 523 183 525 183 526 183 528 183 528 179 528 171 528 158 528 138 528 113 528 43 528 5 528 0 528 0 528 0 528 0 528 0 528 0 528 0 528 0 528 0 528 0 528 0 528 
114 2 0 1 0 1 239 528 -1 -1 0 5370 239 397 239 431 239 432 239 437 239 444 239 452 239 461 239 474 239 479 239 486 239 489 239 491 239 492 239 493 239 493 239 494 239 495 239 496 239 497 239 497 239 501 239 505 239 515 239 520 239 523 239 528 239 532 239 538 239 543 239 545 239 544 239 543 239 542 239 540 239 537 239 535 239 533 239 532 239 531 239 531 239 529 239 528 239 527 239 526 239 525 239 525 239 527 239 528 
114 2 0 1 0 1 479 526 -1 -1 0 6891 196 225 196 224 196 224 196 224 196 228 196 234 196 242 196 253 196 287 196 306 196 340 196 351 196 362 196 381 196 391 196 399 196 416 196 427 196 442 196 470 196 478 196 486 196 489 196 494 196 509 196 515 196 519 196 529 196 537 196 552 196 558 196 561 196 564 196 564 196 564 196 563 196 563 196 561 196 559 196 556 196 553 196 550 196 546 196 536 196 532 196 527 196 520 196 518 196 516 196 515 196 515 196 514 196 514 196 513 196 513 196 514 196 515 196 516 196 516 196 517 196 518 196 519 196 520 196 521 196 522 196 522 196 523 196 524 196 524 196 525 196 526 187 526 183 526 182 526 177 526 173 526 174 526 178 526 183 526 191 526 201 526 215 526 253 526 273 526 310 526 324 526 337 526 363 526 376 526 386 526 407 526 420 526 432 526 451 526 458 526 471 526 474 526 476 526 477 526 478 526 479 526 
114 2 0 1 0 1 508 168 -1 -1 1 5851 508 367 508 17 508 16 508 16 508 15 508 15 508 15 508 15 508 15 508 14 508 13 508 12 508 11 508 10 508 10 508 10 508 10 508 10 508 10 508 11 508 12 508 13 508 13 508 15 508 15 508 16 508 22 508 32 508 45 508 61 508 82 508 139 508 166 508 201 508 210 508 212 508 213 508 213 508 213 508 206 508 202 508 197 508 194 508 194 508 194 508 193 508 191 508 188 508 184 508 180 508 178 508 175 508 174 508 172 508 170 508 168 508 163 508 161 508 160 508 160 508 158 508 157 508 158 508 158 508 159 508 160 508 160 508 161 508 162 508 163 508 164 508 164 508 165 508 166 508 167 508 168 508 168 
114 2 0 1 0 1 55 166 -1 -1 0 5146 55 78 55 77 55 76 55 74 55 74 55 74 55 74 55 75 55 81 55 100 55 110 55 118 55 132 55 137 55 142 55 155 55 161 55 167 55 176 55 180 55 182 55 181 55 180 55 179 55 178 55 177 55 176 55 175 55 173 55 170 55 169 55 168 55 167 55 167 55 166 
114 2 0 1 0 1 0 167 -1 -1 0 6642 400 374 400 371 400 369 400 369 400 369 400 369 400 369 400 369 400 371 400 374 400 376 400 377 400 379 400 379 400 378 400 376 400 375 400 370 400 367 400 363 400 356 400 354 400 353 400 352 400 353 400 354 400 354 400 354 400 350 400 345 400 336 400 314 400 304 400 277 400 261 400 243 400 201 400 178 400 158 400 118 400 98 400 79 400 67 400 68 400 74 400 78 400 81 400 81 400 82 400 85 400 91 400 100 400 109 400 117 400 128 400 131 400 136 400 140 400 145 400 154 400 158 400 162 400 163 400 164 400 165 400 166 400 167 399 167 396 167 387 167 373 167 357 167 340 167 302 167 284 167 244 167 226 167 210 167 177 167 160 167 144 167 116 167 103 167 90 167 66 167 54 167 31 167 20 167 9 167 0 167 0 167 0 167 0 167 0 167 0 167 0 167 0 167 0 167 0 167 0 167 0 167 0 167 0 167 0 167 0 167 0 167 0 167 0 167 0 167 0 167 0 167 0 167 0 167 0 167 0 167 
114 2 0 1 0 1 0 366 -1 -1 0 6786 581 254 581 289 581 289 581 289 581 289 581 289 581 289 581 289 581 285 581 282 581 279 581 279 581 279 581 278 581 278 581 277 581 277 581 277 581 278 581 280 581 282 581 286 581 294 581 306 581 341 581 356 581 368 581 368 581 367 581 367 581 367 581 367 581 367 581 366 581 366 581 366 578 366 575 366 566 366 552 366 533 366 507 366 452 366 417 366 339 366 301 366 268 366 212 366 189 366 169 366 137 366 123 366 112 366 95 366 88 366 78 366 75 366 73 366 72 366 71 366 70 366 68 366 62 366 56 366 49 366 42 366 40 366 34 366 27 366 20 366 9 366 7 366 6 366 4 366 1 366 0 366 0 366 0 366 0 366 0 366 0 366 0 366 0 366 0 366 0 366 0 366 0 366 
114 2 0 1 0 1 597 405 -1 -1 1 5857 553 572 553 599 553 599 553 599 553 599 553 599 553 599 553 599 553 599 553 599 553 599 553 598 553 578 553 564 553 547 553 503 553 475 553 447 553 386 553 357 553 300 553 277 553 256 553 221 553 208 553 200 553 198 553 199 553 201 553 203 553 207 553 212 553 220 553 241 553 254 553 286 553 308 553 331 553 374 553 392 553 406 553 419 553 420 553 420 553 419 553 418 553 417 553 416 553 414 553 413 553 412 553 411 553 410 553 409 553 408 553 407 553 406 553 405 553 405 554 405 555 405 559 405 566 405 577 405 599 405 599 405 599 405 599 405 599 405 599 405 599 405 599 405 599 405 599 405 599 405 599 405 599 405 599 405 599 405 599 405 599 405 599 405 599 405 599 405 598 405 597 405 
114 2 0 1 0 1 240 354 -1 -1 0 10001 98 96 98 39 98 37 98 33 98 27 98 19 98 11 98 0 98 0 98 0 98 0 98 0 98 0 98 0 98 0 98 0 98 0 98 0 98 0 98 1 98 9 98 19 98 37 98 63 98 93 98 160 98 191 98 236 98 247 98 252 98 249 98 244 98 240 98 233 98 229 98 225 98 224 98 223 98 224 98 226 98 232 98 242 98 254 98 268 98 301 98 315 98 341 98 351 98 359 98 363 98 362 98 360 98 357 98 356 98 355 98 355 98 354 98 354 98 354 98 354 98 354 98 354 98 354 98 354 97 354 97 354 95 354 94 354 93 354 92 354 89 354 85 354 69 354 61 354 47 354 41 354 34 354 20 354 13 354 9 354 0 354 0 354 0 354 0 354 0 354 0 354 1 354 5 354 25 354 39 354 54 354 74 354 74 354 64 354 54 354 41 354 5 354 0 354 0 354 0 354 0 354 0 354 0 354 0 354 0 354 0 354 0 354 0 354 0 354 0 354 0 354 0 354 0 354 1 354 5 354 8 354 13 354 19 354 26 354 44 354 60 354 101 354 121 354 138 354 156 354 162 354 165 354 171 354 176 354 182 354 201 354 212 354 235 354 243 354 249 354 255 354 259 354 264 354 278 354 289 354 318 354 338 354 363 354 413 354 442 354 473 354 525 354 543 354 559 354 586 354 598 354 599 354 599 354 599 354 599 354 599 354 599 354 599 354 599 354 599 354 599 354 599 354 599 354 599 354 599 354 599 354 598 354 597 354 597 354 595 354 593 354 588 354 583 354 572 354 565 354 552 354 545 354 539 354 529 354 524 354 518 354 508 354 502 354 496 354 479 354 471 354 459 354 455 354 452 354 445 354 437 354 427 354 408 354 400 354 384 354 376 354 369 354 358 354 352 354 346 354 334 354 329 354 323 354 312 354 308 354 301 354 297 354 295 354 293 354 292 354 292 354 290 354 288 354 287 354 285 354 283 354 280 354 276 354 272 354 263 354 260 354 258 354 254 354 252 354 251 354 250 354 249 354 248 354 246 354 245 354 245 354 244 354 243 354 242 354 241 354 240 354 
114 2 0 1 0 1 484 365 -1 -1 1 5427 265 100 265 63 265 66 265 72 265 81 265 93 265 108 265 130 265 186 265 216 265 270 265 288 265 304 265 334 265 345 265 355 265 369 265 373 265 374 265 372 265 369 265 367 265 367 265 366 265 366 265 366 265 365 255 365 253 365 253 365 249 365 249 365 249 365 256 365 262 365 279 365 288 365 300 365 320 365 329 365 337 365 351 365 358 365 364 365 379 365 387 365 405 365 413 365 419 365 426 365 428 365 429 365 430 365 434 365 441 365 451 365 460 365 468 365 479 365 482 365 484 365 
114 2 0 1 0 1 421 0 -1 -1 1 5601 421 346 421 334 421 334 421 334 421 334 421 334 421 334 421 343 421 349 421 355 421 355 421 355 421 353 421 347 421 341 421 331 421 326 421 321 421 313 421 311 421 309 421 307 421 301 421 278 421 269 421 261 421 249 421 248 421 248 421 248 421 247 421 242 421 237 421 232 421 224 421 203 421 192 421 181 421 164 421 148 421 131 421 101 421 86 421 69 421 55 421 40 421 13 421 0 421 0 421 0 
114 2 0 1 0 1 0 0 -1 -1 1 6091 316 229 316 271 316 271 316 271 316 271 316 271 316 271 316 271 316 268 316 258 316 252 316 247 316 241 316 238 316 236 316 232 316 226 316 218 316 200 316 194 316 178 316 164 316 147 316 107 316 87 316 63 316 5 316 0 316 0 316 0 316 0 316 0 316 0 316 0 318 0 321 0 328 0 341 0 375 0 386 0 398 0 402 0 407 0 414 0 418 0 421 0 422 0 422 0 422 0 412 0 407 0 398 0 393 0 390 0 390 0 390 0 390 0 389 0 387 0 388 0 416 0 439 0 516 0 583 0 599 0 599 0 599 0 599 0 599 0 599 0 599 0 599 0 599 0 599 0 599 0 599 0 599 0 597 0 587 0 550 0 526 0 494 0 405 0 347 0 215 0 139 0 59 0 0 0 0 0 0 0 0 0 0 0 0 0 0 0 0 0 0 0 0 0 0 0 0 0 0 0 0 0 0 0 0 0 
114 2 0 1 0 1 0 531 -1 -1 0 5857 501 531 526 531 524 531 520 531 515 531 507 531 494 531 457 531 436 531 388 531 365 531 343 531 303 531 284 531 268 531 246 531 240 531 238 531 236 531 234 531 235 531 237 531 240 531 243 531 244 531 246 531 245 531 243 531 238 531 233 531 224 531 213 531 182 531 165 531 136 531 124 531 114 531 101 531 96 531 90 531 77 531 70 531 66 531 55 531 50 531 39 531 34 531 28 531 17 531 12 531 10 531 10 531 9 531 8 531 6 531 6 531 5 531 5 531 3 531 3 531 1 531 0 531 0 531 0 531 0 531 0 531 0 531 0 531 0 531 0 531 0 531 0 531 0 531 0 531 0 531 0 531 0 531 0 531 0 531 0 531 0 531 0 531 0 531 0 531 0 531 0 531 0 531 0 531 0 531 0 531 
114 2 0 1 0 1 272 364 -1 -1 0 4186 272 29 272 516 272 516 272 509 272 496 272 477 272 452 272 391 272 360 272 295 272 264 272 239 272 207 272 196 272 189 272 183 272 182 272 181 272 182 272 183 272 186 272 192 272 198 272 208 272 235 272 250 272 279 272 293 272 306 272 328 272 337 272 343 272 351 272 355 272 358 272 362 272 363 272 364 
114 2 0 1 0 1 265 3 -1 -1 1 3440 265 151 265 168 265 169 265 170 265 174 265 181 265 192 265 203 265 217 265 218 265 209 265 198 265 184 265 147 265 125 265 98 265 36 265 5 265 0 265 0 265 0 265 0 265 0 265 0 265 0 265 0 265 0 265 1 265 2 265 3 
114 2 0 1 0 1 228 467 -1 -1 0 5244 228 530 228 599 228 599 228 599 228 596 228 592 228 588 228 578 228 570 228 551 228 544 228 536 228 526 228 521 228 518 228 511 228 508 228 504 228 493 228 486 228 471 228 464 228 457 228 442 228 435 228 429 228 417 228 413 228 407 228 399 228 398 228 398 228 399 228 400 228 401 228 402 228 403 228 404 228 404 228 404 228 406 228 407 228 409 228 416 228 430 228 454 228 460 228 464 228 464 228 465 228 465 228 467 
114 2 0 1 0 2 50 216 0 5501 1 
114 2 0 1 0 2 349 283 0 950 1 
114 2 0 1 0 2 549 482 0 885 1 
114 2 0 1 0 2 149 216 0 1267 1 
114 2 0 1 0 2 50 116 1 1302 2 
114 2 0 1 0 2 349 549 1 1385 1 
114 2 0 1 0 2 449 416 0 1134 1 
114 2 0 1 0 2 482 283 0 1382 1 
114 2 0 1 0 2 316 482 0 930 1 
114 2 0 1 0 2 549 349 0 795 1 
114 2 0 1 0 2 249 449 0 693 1 
114 2 0 1 0 2 283 549 1 911 1 
114 2 0 1 0 2 50 349 0 1152 1 
114 2 0 1 0 2 349 249 0 1308 1 
114 2 0 1 0 2 83 50 1 1117 1 
114 2 0 1 0 2 482 416 0 1159 1 
114 2 0 1 0 2 482 549 1 1004 1 
114 2 0 1 0 2 116 449 0 1085 1 
114 2 0 1 0 2 116 549 1 2144 1 
114 2 0 1 0 2 50 383 0 831 1 
114 2 0 1 0 2 249 482 0 1687 1 
114 2 0 1 0 2 83 283 0 999 1 
114 2 0 1 0 2 383 283 0 719 1 
114 2 0 1 0 2 349 183 0 1284 1 
114 2 0 1 0 2 183 482 0 1275 1 
114 2 0 1 0 2 516 116 1 905 1 
114 2 0 1 0 2 349 316 0 2986 1 
114 2 0 1 0 2 116 50 1 873 1 
114 2 0 1 0 2 216 283 0 767 1 
114 2 0 1 0 2 549 149 1 1921 1 
114 2 0 1 0 2 50 183 0 1038 1 
114 2 0 1 0 2 316 183 0 1000 1 
114 2 0 1 0 1 102 475 -1 -1 0 8532 102 418 102 444 102 445 102 446 102 450 102 452 102 453 102 455 102 455 102 453 102 449 102 444 102 441 102 438 102 437 102 439 102 444 102 451 102 458 102 464 102 472 102 492 102 501 102 514 102 521 102 532 102 558 102 570 102 579 102 598 102 599 102 599 102 599 102 599 102 598 102 595 102 588 102 579 102 569 102 557 102 536 102 525 102 507 102 500 102 495 102 491 102 490 102 489 102 488 102 486 102 485 102 484 102 483 102 482 102 481 102 480 102 479 102 478 102 477 102 476 102 475 
114 2 0 1 0 1 64 599 -1 -1 0 8858 64 23 64 22 64 22 64 21 64 20 64 19 64 18 64 18 64 17 64 16 64 14 64 12 64 7 64 0 64 0 64 0 64 0 64 0 64 0 64 0 64 0 64 0 64 0 64 0 64 0 64 0 64 0 64 0 64 0 64 0 64 0 64 0 64 0 64 0 64 0 64 0 64 0 64 0 64 0 64 0 64 0 64 0 64 0 64 2 64 13 64 12 64 12 64 12 64 15 64 15 64 14 64 0 64 0 64 0 64 0 64 0 64 0 64 0 64 0 64 0 64 0 64 0 64 0 64 0 64 0 64 0 64 0 64 0 64 0 64 0 64 0 64 2 64 8 64 19 64 41 64 72 64 108 64 190 64 227 64 282 64 305 64 326 64 342 64 339 64 324 64 281 64 258 64 238 64 199 64 184 64 161 64 155 64 150 64 139 64 128 64 115 64 82 64 64 64 34 64 25 64 20 64 18 64 22 64 28 64 61 64 85 64 126 64 274 64 359 64 500 64 559 64 599 64 599 64 598 64 571 64 450 64 360 64 191 64 159 64 160 64 166 64 174 64 188 64 200 64 212 64 222 64 242 64 252 64 260 64 252 64 239 64 209 64 195 64 179 64 144 64 127 64 110 64 73 64 54 64 18 64 2 64 0 64 0 64 0 64 1 64 12 64 17 64 28 64 30 64 30 64 27 64 22 64 15 64 0 64 0 64 0 64 0 64 0 64 0 64 3 64 11 64 41 64 65 64 99 64 181 64 233 64 375 64 462 64 548 64 599 64 599 64 599 64 599 64 599 64 599 64 568 64 551 64 522 64 504 64 489 64 470 64 468 64 469 64 470 64 475 64 482 64 492 64 505 64 535 64 552 64 597 64 599 64 599 64 599 64 599 64 599 64 599 64 599 64 599 64 599 64 599 64 599 64 599 64 599 64 599 
114 2 0 1 0 1 446 287 -1 -1 1 6977 504 60 447 60 447 60 446 60 446 60 446 59 446 58 446 57 446 55 446 51 446 46 446 43 446 42 446 39 446 36 446 33 446 32 446 30 446 26 446 21 446 17 446 9 446 6 446 3 446 0 446 0 446 0 446 0 446 0 446 0 446 0 446 0 446 0 446 0 446 0 446 0 446 0 446 0 446 0 446 0 446 0 446 0 446 0 446 0 446 0 446 0 446 0 446 0 446 0 446 0 446 0 446 0 446 0 446 1 446 4 446 9 446 16 446 18 446 20 446 20 446 26 446 34 446 47 446 63 446 100 446 121 446 163 446 182 446 198 446 230 446 247 446 264 446 286 446 291 446 293 446 293 446 295 446 295 446 296 446 296 446 296 446 297 446 299 446 299 446 297 446 291 446 288 446 287 
114 2 0 1 0 1 0 114 -1 -1 0 3634 518 114 511 114 510 114 510 114 509 114 505 114 495 114 476 114 452 114 402 114 380 114 344 114 327 114 309 114 267 114 244 114 220 114 172 114 152 114 134 114 107 114 99 114 85 114 78 114 71 114 49 114 36 114 22 114 0 114 0 114 0 114 0 114 0 114 0 114 0 114 0 114 0 114 0 114 0 114 0 114 0 114 0 114 0 114 
114 2 0 1 0 1 0 432 -1 -1 0 4706 533 432 599 432 597 432 595 432 591 432 581 432 564 432 512 432 481 432 408 432 372 432 337 432 276 432 243 432 212 432 147 432 113 432 78 432 6 432 0 432 0 432 0 432 0 432 0 432 0 432 0 432 0 432 0 432 0 432 0 432 0 432 0 432 0 432 0 432 0 432 
114 2 0 1 0 1 0 192 -1 -1 0 3330 18 192 407 192 406 192 404 192 397 192 377 192 346 192 267 192 219 192 120 192 66 192 11 192 0 192 0 192 0 192 0 192 0 192 0 192 0 192 0 192 0 192 0 192 0 192 0 192 0 192 0 192 0 192 
114 2 0 1 0 1 0 213 -1 -1 0 3882 86 213 599 213 598 213 594 213 587 213 576 213 561 213 524 213 509 213 489 213 486 213 485 213 484 213 480 213 470 213 454 213 429 213 398 213 301 213 235 213 99 213 33 213 0 213 0 213 0 213 0 213 0 213 0 213 0 213 0 213 0 213 0 213 0 213 
114 2 0 1 0 1 0 96 -1 -1 0 3314 33 96 60 96 58 96 51 96 41 96 26 96 8 96 0 96 0 96 0 96 0 96 0 96 0 96 0 96 0 96 0 96 0 96 0 96 0 96 0 96 0 96 0 96 0 96 0 96 0 96 0 96 0 96 0 96 0 96 
114 2 0 1 0 1 0 208 -1 -1 0 3546 582 208 599 208 598 208 588 208 570 208 544 208 513 208 446 208 412 208 342 208 302 208 260 208 176 208 142 208 110 208 53 208 24 208 0 208 0 208 0 208 0 208 0 208 0 208 0 208 0 208 0 208 0 208 0 208 0 208 0 208 0 208 0 208 0 208 0 208 0 208 
114 2 0 1 0 1 0 333 -1 -1 0 3416 86 333 599 333 598 333 596 333 589 333 577 333 561 333 542 333 492 333 465 333 405 333 373 333 338 333 250 333 203 333 164 333 94 333 63 333 34 333 0 333 0 333 0 333 0 333 0 333 0 333 0 333 0 333 0 333 0 333 0 333 0 333 
114 2 0 1 0 1 0 393 -1 -1 0 3512 335 393 565 393 556 393 543 393 524 393 499 393 465 393 366 393 303 393 176 393 123 393 67 393 0 393 0 393 0 393 0 393 0 393 0 393 0 393 0 393 0 393 0 393 0 393 
114 2 0 1 0 1 0 143 -1 -1 0 3308 122 143 201 143 201 143 200 143 198 143 190 143 175 143 126 143 97 143 36 143 1 143 0 143 0 143 0 143 0 143 0 143 0 143 0 143 0 143 0 143 0 143 0 143 0 143 
114 2 0 1 0 1 0 225 -1 -1 0 3189 570 225 576 225 574 225 566 225 553 225 533 225 504 225 419 225 356 225 213 225 134 225 61 225 0 225 0 225 0 225 0 225 0 225 0 225 0 225 0 225 0 225 0 225 
114 2 0 1 0 1 0 348 -1 -1 0 3940 493 348 599 348 598 348 596 348 586 348 569 348 545 348 473 348 422 348 310 348 249 348 191 348 97 348 63 348 33 348 0 348 0 348 0 348 0 348 0 348 0 348 0 348 0 348 0 348 0 348 0 348 0 348 0 348 0 348 0 348 0 348 0 348 0 348 0 348 0 348 0 348 0 348 0 348 0 348 
114 2 0 1 0 1 0 470 -1 -1 0 3410 591 470 599 470 593 470 583 470 566 470 543 470 512 470 426 470 357 470 201 470 123 470 55 470 0 470 0 470 0 470 0 470 0 470 0 470 0 470 0 470 0 470 0 470 
114 2 0 1 0 1 0 65 -1 -1 0 3259 552 65 599 65 595 65 586 65 571 65 551 65 522 65 447 65 392 65 228 65 146 65 75 65 0 65 0 65 0 65 0 65 0 65 0 65 0 65 0 65 0 65 0 65 0 65 
114 2 0 1 0 2 349 449 1 3313 1 
114 2 0 1 0 2 249 216 1 934 1 
114 2 0 1 0 2 383 349 1 602 1 
114 2 0 1 0 2 549 449 1 575 1 
114 2 0 1 0 2 316 149 1 554 1 
114 2 0 1 0 2 383 316 1 543 1 
114 2 0 1 0 2 116 116 1 1023 1 
114 2 0 1 0 2 183 249 1 747 1 
114 2 0 1 0 2 149 183 1 855 1 
114 2 0 1 0 2 149 383 1 651 1 
114 2 0 1 0 2 516 349 1 527 1 
114 2 0 1 0 2 549 516 1 499 1 
114 2 0 1 0 2 349 149 1 450 1 
114 2 0 1 0 2 516 449 1 566 1 
114 2 0 1 0 2 116 416 1 1570 1 
114 2 0 1 0 2 149 549 1 909 1 
114 2 0 1 0 2 149 349 0 997 1 
114 2 0 1 0 2 516 216 1 752 1 
114 2 0 1 0 2 516 249 1 560 1 
114 2 0 1 0 2 283 349 1 572 1 
114 2 0 1 0 2 216 149 1 554 1 
114 2 0 1 0 2 249 416 1 573 1 
114 2 0 1 0 2 316 116 1 490 1 
114 2 0 1 0 2 249 50 1 418 1 
114 2 0 1 0 2 249 316 1 544 1 
114 2 0 1 0 2 50 283 1 1395 1 
114 2 0 1 0 2 482 216 1 556 1 
114 2 0 1 0 2 50 83 0 636 1 
114 2 0 1 0 2 482 383 1 611 1 
114 2 0 1 0 2 383 116 1 515 1 
114 2 0 1 0 2 116 482 1 1112 1 
114 2 0 1 0 2 549 50 1 584 1 
114 2 0 1 0 1 599 158 -1 -1 1 11650 347 401 347 411 347 410 347 409 347 408 347 407 347 403 347 397 347 385 347 352 347 334 347 317 347 266 347 233 347 171 347 148 347 127 347 91 347 75 347 62 347 47 347 41 347 33 347 4 347 0 347 0 347 0 347 0 347 0 347 0 347 0 347 0 347 0 347 1 347 2 347 3 347 4 347 8 347 16 347 28 347 42 347 80 347 109 347 159 347 176 347 187 347 191 347 192 347 191 347 187 347 183 347 177 347 173 347 165 347 162 347 160 347 158 347 158 345 158 339 158 329 158 318 158 304 158 287 158 240 158 210 158 166 158 151 158 141 158 128 158 123 158 119 158 110 158 103 158 96 158 74 158 61 158 32 158 17 158 5 158 0 158 0 158 0 158 0 158 0 158 0 158 0 158 0 158 0 158 0 158 0 158 0 158 0 158 0 158 0 158 0 158 0 158 0 158 2 158 5 158 12 158 19 158 24 158 29 158 40 158 51 158 77 158 87 158 94 158 98 158 99 158 100 158 101 158 102 158 106 158 114 158 128 158 152 158 234 158 297 158 456 158 543 158 599 158 599 158 599 158 599 158 599 158 599 158 599 158 599 158 599 158 599 158 599 158 599 158 599 158 599 158 599 158 599 158 599 158 599 158 599 158 599 158 599 158 599 158 
114 2 0 1 0 1 599 61 -1 -1 1 3561 127 61 40 61 45 61 62 61 95 61 148 61 205 61 296 61 333 61 403 61 435 61 466 61 512 61 530 61 545 61 571 61 583 61 596 61 599 61 599 61 599 61 599 61 599 61 599 61 599 61 599 61 599 61 599 61 599 61 599 61 599 61 599 61 599 61 599 61 599 61 599 61 599 61 
114 2 0 1 0 1 599 172 -1 -1 1 3465 294 172 69 172 71 172 77 172 91 172 114 172 154 172 294 172 356 172 438 172 472 172 503 172 552 172 573 172 593 172 599 172 599 172 599 172 599 172 599 172 599 172 599 172 599 172 599 172 599 172 599 172 599 172 599 172 599 172 599 172 
114 2 0 1 0 1 598 281 -1 -1 1 3434 470 281 242 281 237 281 234 281 232 281 230 281 232 281 240 281 259 281 288 281 326 281 371 281 444 281 476 281 541 281 574 281 599 281 599 281 599 281 599 281 599 281 599 281 599 281 599 281 599 281 599 281 599 281 599 281 599 281 599 281 598 281 
114 2 0 1 0 1 599 489 -1 -1 1 3011 245 489 166 489 172 489 185 489 205 489 232 489 277 489 425 489 501 489 599 489 599 489 599 489 599 489 599 489 599 489 599 489 599 489 599 489 599 489 599 489 599 489 
114 2 0 1 0 1 599 451 -1 -1 1 2914 489 451 483 451 484 451 488 451 496 451 510 451 529 451 556 451 599 451 599 451 599 451 599 451 599 451 599 451 599 451 599 451 599 451 599 451 599 451 599 451 599 451 
114 2 0 1 0 1 599 66 -1 -1 1 3091 563 66 501 66 506 66 520 66 549 66 599 66 599 66 599 66 599 66 599 66 599 66 599 66 599 66 599 66 599 66 599 66 599 66 599 66 599 66 599 66 599 66 
114 2 0 1 0 1 599 273 -1 -1 1 3412 323 273 310 273 305 273 299 273 297 273 298 273 306 273 321 273 340 273 369 273 405 273 514 273 577 273 599 273 599 273 599 273 599 273 599 273 599 273 599 273 599 273 599 273 599 273 
114 2 0 1 0 1 599 143 -1 -1 1 3124 342 143 231 143 237 143 261 143 324 143 415 143 514 143 599 143 599 143 599 143 599 143 599 143 599 143 599 143 599 143 599 143 599 143 599 143 599 143 599 143 599 143 599 143 599 143 599 143 599 143 
114 2 0 1 0 1 599 390 -1 -1 1 3267 119 390 113 390 121 390 132 390 147 390 167 390 196 390 286 390 341 390 424 390 454 390 479 390 539 390 572 390 599 390 599 390 599 390 599 390 599 390 599 390 599 390 599 390 599 390 599 390 599 390 599 390 599 390 599 390 599 390 599 390 599 390 
114 2 0 1 0 1 599 208 -1 -1 1 3314 302 208 0 208 8 208 22 208 51 208 110 208 192 208 365 208 446 208 596 208 599 208 599 208 599 208 599 208 599 208 599 208 599 208 599 208 599 208 599 208 599 208 599 208 599 208 599 208 599 208 599 208 599 208 
114 2 0 1 0 1 599 175 -1 -1 1 3346 404 175 0 175 12 175 40 175 97 175 189 175 306 175 560 175 599 175 599 175 599 175 599 175 599 175 599 175 599 175 599 175 
114 2 0 1 0 1 599 291 -1 -1 1 3082 24 291 0 291 8 291 19 291 39 291 73 291 140 291 375 291 524 291 599 291 599 291 599 291 599 291 599 291 599 291 599 291 599 291 599 291 599 291 599 291 599 291 599 291 599 291 
114 2 0 1 0 1 599 473 -1 -1 1 3178 599 473 63 473 73 473 93 473 132 473 203 473 297 473 538 473 599 473 599 473 599 473 599 473 599 473 599 473 599 473 599 473 599 473 599 473 
114 2 0 1 0 1 599 280 -1 -1 1 3185 78 280 0 280 4 280 17 280 53 280 129 280 246 280 506 280 599 280 599 280 599 280 599 280 599 280 599 280 599 280 599 280 599 280 599 280 599 280 599 280 599 280 599 280 599 280 
114 2 0 1 0 1 599 265 -1 -1 1 3274 329 265 228 265 243 265 276 265 347 265 442 265 550 265 599 265 599 265 599 265 599 265 599 265 599 265 599 265 599 265 599 265 599 265 599 265 599 265 
114 2 0 1 0 2 383 216 1 2204 1 
114 2 0 1 0 2 249 149 1 1167 1 
114 2 0 1 0 2 183 116 1 1058 1 
114 2 0 1 0 2 316 316 1 739 1 
114 2 0 1 0 2 50 482 0 1357 1 
114 2 0 1 0 2 216 416 1 1058 1 
114 2 0 1 0 2 216 50 1 947 1 
114 2 0 1 0 2 416 449 1 665 1 
114 2 0 1 0 2 383 183 1 678 1 
114 2 0 1 0 2 149 50 1 1104 1 
114 2 0 1 0 2 482 516 1 780 1 
114 2 0 1 0 2 50 316 0 808 1 
114 2 0 1 0 2 416 516 1 825 1 
114 2 0 1 0 2 149 316 1 1414 1 
114 2 0 1 0 2 349 116 1 646 1 
114 2 0 1 0 2 183 50 1 638 1 
114 2 0 1 0 2 449 549 1 549 1 
114 2 0 1 0 2 283 249 1 804 1 
114 2 0 1 0 2 516 549 1 611 1 
114 2 0 1 0 2 249 349 1 891 1 
114 2 0 1 0 2 149 516 1 667 1 
114 2 0 1 0 2 482 249 1 626 1 
114 2 0 1 0 2 416 183 1 599 1 
114 2 0 1 0 2 516 482 1 485 1 
114 2 0 1 0 2 283 116 1 402 1 
114 2 0 1 0 2 316 349 1 501 1 
114 2 0 1 0 2 249 516 1 651 1 
114 2 0 1 0 2 316 216 1 476 1 
114 2 0 1 0 2 516 183 1 497 1 
114 2 0 1 0 2 216 482 1 580 1 
114 2 0 1 0 2 416 216 1 518 1 
114 2 0 1 0 2 50 249 1 1338 1 
114 2 0 1 0 1 218 111 -1 -1 1 9035 468 111 473 111 476 111 487 111 506 111 537 111 575 111 599 111 599 111 599 111 599 111 599 111 599 111 599 111 599 111 599 111 599 111 599 111 599 111 599 111 599 111 599 111 599 111 599 111 599 111 599 111 599 111 599 111 599 111 599 111 599 111 599 111 598 111 594 111 590 111 582 111 574 111 559 111 553 111 544 111 541 111 538 111 534 111 533 111 532 111 531 111 530 111 529 111 520 111 516 111 509 111 506 111 502 111 492 111 486 111 479 111 462 111 449 111 421 111 406 111 394 111 376 111 369 111 364 111 350 111 339 111 326 111 290 111 271 111 226 111 201 111 172 111 121 111 100 111 81 111 43 111 25 111 9 111 0 111 0 111 0 111 0 111 0 111 0 111 0 111 0 111 0 111 0 111 0 111 0 111 0 111 0 111 0 111 0 111 0 111 0 111 0 111 0 111 0 111 2 111 10 111 25 111 50 111 107 111 200 111 503 111 599 111 599 111 599 111 599 111 599 111 599 111 598 111 597 111 596 111 595 111 594 111 589 111 581 111 567 111 522 111 492 111 440 111 419 111 399 111 361 111 346 111 333 111 315 111 307 111 300 111 292 111 291 111 290 111 287 111 280 111 269 111 257 111 245 111 229 111 224 111 220 111 219 111 218 111 218 111 
114 2 0 1 0 1 255 177 -1 -1 1 4994 74 177 75 177 79 177 88 177 106 177 135 177 170 177 251 177 299 177 397 177 441 177 474 177 519 177 540 177 560 177 595 177 599 177 599 177 599 177 599 177 599 177 599 177 599 177 599 177 599 177 599 177 599 177 599 177 599 177 599 177 598 177 590 177 574 177 553 177 536 177 525 177 516 177 511 177 469 177 426 177 369 177 239 177 169 177 99 177 0 177 0 177 0 177 0 177 0 177 0 177 0 177 0 177 0 177 0 177 0 177 0 177 2 177 6 177 18 177 33 177 53 177 96 177 116 177 147 177 158 177 166 177 176 177 178 177 179 177 184 177 189 177 196 177 205 177 206 177 207 177 209 177 212 177 215 177 221 177 230 177 247 177 252 177 255 177 
114 2 0 1 0 1 113 404 -1 -1 0 5280 278 404 287 404 309 404 339 404 380 404 433 404 497 404 599 404 599 404 599 404 599 404 599 404 599 404 599 404 599 404 599 404 599 404 599 404 598 404 597 404 594 404 589 404 583 404 577 404 561 404 548 404 513 404 496 404 480 404 440 404 411 404 380 404 322 404 298 404 275 404 239 404 227 404 213 404 210 404 207 404 191 404 178 404 161 404 116 404 89 404 28 404 0 404 0 404 0 404 0 404 0 404 0 404 0 404 0 404 0 404 0 404 0 404 0 404 0 404 0 404 1 404 4 404 11 404 23 404 38 404 59 404 102 404 116 404 124 404 123 404 121 404 119 404 117 404 115 404 113 404 
114 2 0 1 0 1 111 356 -1 -1 0 4442 563 356 560 356 561 356 564 356 570 356 579 356 586 356 588 356 587 356 581 356 557 356 543 356 529 356 500 356 484 356 471 356 458 356 453 356 446 356 419 356 403 356 370 356 352 356 334 356 303 356 292 356 284 356 271 356 265 356 261 356 249 356 243 356 231 356 226 356 222 356 214 356 210 356 206 356 196 356 193 356 186 356 183 356 179 356 172 356 171 356 170 356 169 356 168 356 166 356 163 356 158 356 148 356 142 356 136 356 126 356 124 356 122 356 121 356 120 356 119 356 118 356 116 356 115 356 113 356 111 356 
114 2 0 1 0 1 269 552 -1 -1 0 3492 132 552 129 552 130 552 131 552 130 552 123 552 112 552 105 552 106 552 113 552 123 552 137 552 154 552 173 552 215 552 232 552 252 552 257 552 260 552 263 552 264 552 265 552 267 552 268 552 269 552 
114 2 0 1 0 1 189 284 -1 -1 0 3393 4 284 5 284 7 284 12 284 18 284 28 284 39 284 67 284 83 284 115 284 129 284 139 284 153 284 158 284 160 284 165 284 170 284 174 284 183 284 187 284 189 284 
114 2 0 1 0 1 348 45 -1 -1 1 3834 266 45 265 45 266 45 270 45 280 45 292 45 307 45 342 45 366 45 416 45 434 45 443 45 450 45 452 45 451 45 449 45 445 45 438 45 429 45 418 45 400 45 393 45 381 45 378 45 376 45 371 45 367 45 364 45 356 45 353 45 350 45 348 45 
114 2 0 1 0 1 174 457 -1 -1 0 4178 105 457 105 457 97 457 87 457 76 457 67 457 59 457 52 457 52 457 51 457 48 457 42 457 36 457 29 457 18 457 0 457 0 457 0 457 0 457 0 457 0 457 0 457 2 457 7 457 17 457 30 457 45 457 63 457 99 457 114 457 130 457 133 457 135 457 137 457 139 457 142 457 155 457 162 457 168 457 171 457 172 457 173 457 174 457 
114 2 0 1 0 1 198 546 -1 -1 0 3698 114 546 117 546 125 546 134 546 143 546 149 546 153 546 155 546 156 546 159 546 162 546 168 546 174 546 180 546 191 546 196 546 198 546 
114 2 0 1 0 1 183 421 -1 -1 0 4362 363 421 363 421 367 421 372 421 376 421 379 421 381 421 380 421 379 421 377 421 372 421 367 421 360 421 345 421 334 421 305 421 289 421 272 421 245 421 232 421 219 421 195 421 189 421 185 421 183 421 
114 2 0 1 0 1 229 195 -1 -1 1 3788 530 195 530 195 521 195 509 195 490 195 470 195 449 195 400 195 379 195 340 195 323 195 309 195 285 195 277 195 270 195 256 195 249 195 242 195 234 195 232 195 229 195 
114 2 0 1 0 1 154 173 -1 -1 0 3610 191 173 209 173 210 173 209 173 208 173 207 173 205 173 201 173 196 173 183 173 178 173 172 173 170 173 168 173 164 173 162 173 160 173 157 173 156 173 156 173 154 173 
114 2 0 1 0 1 237 330 -1 -1 0 3513 386 330 386 330 384 330 379 330 375 330 372 330 370 330 358 330 348 330 328 330 317 330 306 330 278 330 262 330 249 330 237 330 237 330 
114 2 0 1 0 1 231 182 -1 -1 1 4867 283 182 284 182 284 182 286 182 287 182 288 182 290 182 291 182 293 182 296 182 297 182 298 182 297 182 296 182 295 182 294 182 292 182 290 182 282 182 279 182 272 182 268 182 263 182 255 182 251 182 248 182 243 182 239 182 236 182 233 182 232 182 231 182 
114 2 0 1 0 1 186 63 -1 -1 1 3282 361 63 382 63 382 63 380 63 378 63 375 63 370 63 364 63 347 63 336 63 318 63 313 63 309 63 305 63 303 63 301 63 289 63 281 63 272 63 245 63 233 63 210 63 202 63 194 63 187 63 186 63 
114 2 0 1 0 1 279 98 -1 -1 1 3816 508 98 513 98 511 98 508 98 506 98 502 98 496 98 481 98 472 98 451 98 439 98 427 98 404 98 393 98 383 98 361 98 351 98 340 98 320 98 313 98 307 98 305 98 304 98 303 98 302 98 301 98 298 98 294 98 290 98 286 98 284 98 282 98 281 98 280 98 279 98 
114 2 0 1 0 2 516 516 0 3556 1 
114 2 0 1 0 2 416 549 0 921 1 
114 2 0 1 0 2 383 249 1 2182 1 
114 2 0 1 0 2 416 283 1 823 1 
114 2 0 1 0 2 449 482 1 2388 1 
114 2 0 1 0 2 416 383 1 772 1 
114 2 0 1 0 2 116 183 0 1761 1 
114 2 0 1 0 2 283 283 1 2888 1 
114 2 0 1 0 2 149 416 0 2421 1 
114 2 0 1 0 2 183 149 0 795 1 
114 2 0 1 0 2 349 50 1 1015 1 
114 2 0 1 0 2 516 416 1 1418 1 
114 2 0 1 0 2 116 349 0 1263 1 
114 2 0 1 0 2 283 516 0 1106 1 
114 2 0 1 0 2 549 249 1 1404 1 
114 2 0 1 0 2 83 249 0 1734 1 
114 2 0 1 0 2 316 83 0 2287 1 
114 2 0 1 0 2 216 516 0 1200 1 
114 2 0 1 0 2 216 249 0 3138 1 
114 2 0 1 0 2 549 549 1 600 1 
114 2 0 1 0 2 83 216 0 1536 1 
114 2 0 1 0 2 516 83 1 1209 1 
114 2 0 1 0 2 83 383 0 2073 1 
114 2 0 1 0 2 216 216 0 3231 1 
114 2 0 1 0 2 449 249 1 2319 1 
114 2 0 1 0 2 216 116 1 1717 1 
114 2 0 1 0 2 149 449 0 1106 1 
114 2 0 1 0 2 449 283 1 915 1 
114 2 0 1 0 2 249 383 1 2940 1 
114 2 0 1 0 2 516 316 1 623 1 
114 2 0 1 0 2 383 482 1 690 1 
114 2 0 1 0 2 283 316 1 927 1 
