Subject 59 in condition 3
Training Condition: 0
Task: 1
Rule: [[[250, 250], [[4538, -4463], [-4463, 4538]]], [[350, 350], [[4538, -4463], [-4463, 4538]]]]
Noise: 0
CATA=0
CATB=1
Sample keys: 120 122
Resp keys: 309 307
Dim direction: 0 0
Dim minimum: 74 76
Test order: [5, 6, 4, 0, 3, 7, 2, 1]
59 3 0 1 1 1 205 599 -1 -1 1 11331 205 499 205 599 205 598 205 595 205 591 205 586 205 580 205 570 205 566 205 560 205 557 205 555 205 552 205 551 205 550 205 549 205 548 205 548 205 547 205 545 205 542 205 541 205 538 205 537 205 536 205 534 205 533 205 533 205 533 205 533 205 534 205 536 205 538 205 541 205 551 205 556 205 566 205 568 205 570 205 572 205 574 205 575 205 576 205 577 205 578 205 579 205 580 205 581 205 582 205 584 205 585 205 587 205 588 205 593 205 594 205 596 205 597 205 598 205 599 205 599 205 599 205 599 205 599 205 599 
59 3 0 1 1 1 349 269 -1 -1 1 7859 349 481 349 380 349 382 349 385 349 394 349 407 349 422 349 448 349 466 349 508 349 540 349 566 349 599 349 599 349 599 349 599 349 599 349 599 349 599 349 599 349 599 349 599 349 599 349 599 349 599 349 599 349 599 349 599 349 599 349 599 349 599 349 599 349 599 349 599 349 599 349 597 349 585 349 570 349 553 349 533 349 511 349 443 349 411 349 365 349 343 349 320 349 279 349 261 349 245 349 215 349 202 349 192 349 181 349 179 349 179 349 180 349 181 349 182 349 184 349 186 349 190 349 196 349 200 349 211 349 217 349 224 349 236 349 240 349 244 349 248 349 254 349 259 349 266 349 269 
59 3 0 1 1 1 254 268 -1 -1 0 4035 254 266 254 268 
59 3 0 1 1 1 157 98 -1 -1 0 8636 387 98 293 98 295 98 298 98 303 98 310 98 316 98 327 98 332 98 341 98 345 98 349 98 354 98 355 98 355 98 354 98 351 98 346 98 338 98 332 98 324 98 309 98 302 98 292 98 288 98 284 98 274 98 269 98 266 98 263 98 261 98 257 98 243 98 235 98 222 98 215 98 211 98 205 98 204 98 203 98 200 98 199 98 197 98 194 98 193 98 189 98 188 98 187 98 184 98 182 98 180 98 179 98 179 98 177 98 176 98 175 98 171 98 170 98 169 98 166 98 163 98 160 98 159 98 158 98 157 98 157 98 
59 3 0 1 1 1 178 209 -1 -1 0 7631 350 209 264 209 264 209 263 209 262 209 261 209 260 209 259 209 258 209 256 209 255 209 253 209 250 209 248 209 247 209 244 209 240 209 236 209 228 209 222 209 211 209 209 209 208 209 207 209 206 209 205 209 204 209 203 209 202 209 201 209 200 209 198 209 197 209 191 209 190 209 188 209 185 209 184 209 183 209 182 209 181 209 180 209 179 209 178 209 
59 3 0 1 1 1 42 551 -1 -1 0 6181 32 551 32 551 32 551 32 551 32 551 33 551 33 551 33 551 34 551 34 551 34 551 35 551 35 551 36 551 36 551 37 551 37 551 38 551 38 551 39 551 40 551 41 551 41 551 41 551 42 551 
59 3 0 1 1 1 275 206 -1 -1 0 7250 275 342 275 342 275 341 275 338 275 332 275 324 275 314 275 294 275 284 275 269 275 263 275 257 275 247 275 243 275 237 275 231 275 220 275 217 275 217 275 216 275 215 275 214 275 213 275 211 275 209 275 208 275 206 
59 3 0 1 1 1 383 599 -1 -1 1 6042 383 570 383 592 383 594 383 597 383 599 383 599 383 599 383 599 383 599 383 599 383 599 383 599 383 599 383 599 383 599 383 599 383 599 383 599 383 599 383 599 383 599 383 599 383 599 383 599 383 599 383 599 383 599 383 599 383 599 383 599 383 599 383 599 383 599 383 599 
59 3 0 1 1 1 194 584 -1 -1 1 8019 194 89 194 90 194 94 194 100 194 109 194 119 194 132 194 159 194 170 194 188 194 197 194 206 194 223 194 230 194 238 194 249 194 252 194 254 194 253 194 250 194 246 194 244 194 242 194 241 194 240 194 239 194 238 194 237 194 235 194 234 194 233 194 232 194 231 194 229 194 223 194 211 194 195 194 155 194 134 194 96 194 79 194 65 194 43 194 33 194 22 194 0 194 0 194 0 194 0 194 0 194 0 194 0 194 0 194 0 194 0 194 0 194 0 194 0 194 0 194 0 194 0 194 0 194 0 194 0 194 0 194 0 194 1 194 7 194 21 194 38 194 56 194 75 194 125 194 157 194 208 194 229 194 248 194 278 194 292 194 304 194 328 194 342 194 359 194 393 194 408 194 430 194 436 194 438 194 438 194 438 194 438 194 438 194 438 194 439 194 440 194 441 194 443 194 444 194 447 194 449 194 453 194 461 194 464 194 468 194 481 194 489 194 498 194 524 194 538 194 561 194 570 194 576 194 580 194 581 194 582 194 582 194 582 194 583 194 583 194 583 194 584 194 584 194 584 
59 3 0 1 1 1 91 333 -1 -1 0 6146 30 333 0 333 2 333 7 333 15 333 24 333 34 333 51 333 59 333 73 333 78 333 81 333 85 333 85 333 86 333 86 333 88 333 89 333 90 333 91 333 
59 3 0 1 1 1 367 0 -1 -1 0 7501 367 160 367 158 367 160 367 164 367 170 367 178 367 185 367 202 367 210 367 229 367 240 367 253 367 282 367 297 367 308 367 320 367 327 367 332 367 342 367 347 367 352 367 353 367 353 367 344 367 341 367 341 367 341 367 340 367 334 367 331 367 327 367 320 367 318 367 315 367 313 367 313 367 313 367 323 367 329 367 340 367 343 367 346 367 347 367 348 367 350 367 352 367 353 367 353 367 353 367 353 367 353 367 352 367 349 367 335 367 324 367 312 367 284 367 267 367 233 367 215 367 194 367 148 367 123 367 100 367 50 367 28 367 7 367 0 367 0 367 0 367 0 367 0 367 0 367 0 367 0 367 0 367 0 367 0 367 0 367 0 367 0 367 0 367 0 367 0 367 0 367 0 367 0 367 0 367 0 367 0 367 0 367 0 367 0 367 0 367 0 367 0 367 0 367 2 367 7 367 13 367 19 367 26 367 37 367 43 367 51 367 66 367 71 367 77 367 79 367 82 367 88 367 94 367 100 367 105 367 105 367 103 367 95 367 64 367 44 367 5 367 0 367 0 367 0 367 0 367 0 367 0 367 0 367 0 367 0 367 0 367 0 367 0 367 0 367 0 367 0 367 0 367 0 367 0 367 0 367 0 367 0 367 0 
59 3 0 1 1 1 78 422 -1 -1 0 7016 369 422 416 422 414 422 413 422 411 422 405 422 395 422 368 422 356 422 329 422 316 422 304 422 288 422 281 422 277 422 276 422 276 422 277 422 276 422 269 422 259 422 244 422 228 422 211 422 176 422 158 422 124 422 107 422 91 422 60 422 48 422 38 422 19 422 10 422 6 422 6 422 5 422 6 422 10 422 15 422 24 422 33 422 41 422 57 422 62 422 67 422 68 422 70 422 74 422 76 422 77 422 78 422 
59 3 0 1 1 1 71 242 -1 -1 0 5435 71 173 71 224 71 228 71 231 71 234 71 236 71 237 71 239 71 240 71 241 71 241 71 241 71 242 
59 3 0 1 1 1 0 187 -1 -1 0 5301 313 187 314 187 315 187 317 187 318 187 318 187 319 187 320 187 321 187 323 187 327 187 332 187 340 187 355 187 361 187 365 187 364 187 360 187 353 187 340 187 323 187 303 187 268 187 255 187 233 187 221 187 211 187 191 187 182 187 173 187 159 187 152 187 147 187 140 187 134 187 120 187 114 187 106 187 91 187 85 187 78 187 67 187 60 187 53 187 38 187 31 187 15 187 8 187 2 187 0 187 0 187 0 187 0 187 0 187 0 187 0 187 
59 3 0 1 1 1 15 593 -1 -1 1 7137 15 11 15 14 15 9 15 2 15 0 15 0 15 0 15 0 15 0 15 0 15 0 15 0 15 0 15 0 15 0 15 0 15 0 15 0 15 0 15 0 15 0 15 0 15 0 15 0 15 0 15 0 15 0 15 0 15 0 15 0 15 0 15 0 15 0 15 0 15 0 15 2 15 13 15 34 15 58 15 90 15 124 15 189 15 214 15 254 15 270 15 284 15 306 15 316 15 327 15 349 15 357 15 362 15 365 15 363 15 359 15 353 15 347 15 341 15 333 15 314 15 301 15 270 15 256 15 242 15 218 15 208 15 201 15 192 15 188 15 183 15 173 15 171 15 171 15 173 15 177 15 183 15 195 15 210 15 226 15 267 15 288 15 323 15 337 15 352 15 366 15 379 15 393 15 427 15 448 15 471 15 497 15 524 15 549 15 591 15 599 15 599 15 599 15 599 15 599 15 599 15 599 15 599 15 599 15 599 15 599 15 598 15 593 
59 3 0 1 1 1 55 588 -1 -1 1 5151 394 588 367 588 367 588 365 588 362 588 356 588 350 588 346 588 338 588 331 588 319 588 315 588 311 588 298 588 290 588 282 588 269 588 259 588 250 588 227 588 213 588 177 588 162 588 149 588 124 588 113 588 102 588 87 588 82 588 71 588 64 588 60 588 55 588 55 588 
59 3 0 1 1 2 183 549 1 3861 4 
59 3 0 1 1 2 116 216 0 3218 4 
59 3 0 1 1 2 116 516 1 2092 3 
59 3 0 1 1 2 183 516 1 1750 5 
59 3 0 1 1 2 349 349 0 2512 4 
59 3 0 1 1 2 216 183 0 1406 4 
59 3 0 1 1 2 183 183 0 1125 4 
59 3 0 1 1 2 549 283 0 4858 2 
59 3 0 1 1 2 83 116 0 2220 4 
59 3 0 1 1 2 549 116 0 1636 2 
59 3 0 1 1 2 482 83 0 1123 1 
59 3 0 1 1 2 50 549 1 1442 5 
59 3 0 1 1 2 449 149 0 1702 3 
59 3 0 1 1 2 416 83 0 1469 2 
59 3 0 1 1 2 116 249 0 1243 4 
59 3 0 1 1 2 116 283 0 894 4 
59 3 0 1 1 2 316 50 1 4681 1 
59 3 0 1 1 2 249 83 0 1817 2 
59 3 0 1 1 2 183 316 0 1651 4 
59 3 0 1 1 2 249 249 0 715 4 
59 3 0 1 1 2 316 416 0 4769 3 
59 3 0 1 1 2 183 416 0 1668 3 
59 3 0 1 1 2 449 183 0 1235 4 
59 3 0 1 1 2 449 383 0 1346 3 
59 3 0 1 1 2 416 50 1 2957 3 
59 3 0 1 1 2 283 449 1 1887 3 
59 3 0 1 1 2 482 482 1 1148 3 
59 3 0 1 1 2 449 516 1 865 2 
59 3 0 1 1 2 416 316 0 1293 3 
59 3 0 1 1 2 216 316 0 679 3 
59 3 0 1 1 2 383 383 0 646 3 
59 3 0 1 1 2 316 383 0 656 3 
59 3 0 1 1 1 599 536 -1 -1 1 10876 596 536 599 536 599 536 599 536 599 536 599 536 599 536 599 536 599 536 599 536 599 536 599 536 599 536 599 536 599 536 599 536 599 536 599 536 599 536 599 536 599 536 599 536 
59 3 0 1 1 1 346 234 -1 -1 0 7578 226 234 252 234 256 234 262 234 270 234 281 234 291 234 313 234 321 234 332 234 338 234 342 234 345 234 346 234 
59 3 0 1 1 1 429 46 -1 -1 0 7969 429 277 429 276 429 274 429 272 429 267 429 262 429 255 429 240 429 233 429 215 429 206 429 196 429 173 429 158 429 142 429 106 429 89 429 74 429 43 429 31 429 10 429 0 429 0 429 0 429 0 429 0 429 1 429 2 429 3 429 5 429 8 429 10 429 11 429 12 429 13 429 16 429 19 429 21 429 26 429 27 429 28 429 29 429 30 429 31 429 32 429 36 429 44 429 46 429 46 
59 3 0 1 1 1 123 419 -1 -1 0 8251 123 470 123 481 123 481 123 481 123 481 123 481 123 481 123 481 123 481 123 480 123 478 123 476 123 474 123 472 123 469 123 465 123 463 123 463 123 465 123 469 123 482 123 492 123 506 123 521 123 536 123 548 123 568 123 572 123 575 123 577 123 578 123 578 123 578 123 578 123 579 123 580 123 581 123 582 123 583 123 584 123 585 123 589 123 593 123 595 123 598 123 598 123 598 123 598 123 598 123 596 123 590 123 587 123 584 123 576 123 571 123 564 123 548 123 537 123 513 123 500 123 488 123 470 123 462 123 452 123 427 123 414 123 403 123 385 123 382 123 380 123 381 123 382 123 384 123 386 123 387 123 388 123 389 123 390 123 391 123 393 123 394 123 394 123 395 123 396 123 396 123 398 123 399 123 399 123 401 123 403 123 411 123 415 123 420 123 423 123 425 123 429 123 430 123 431 123 431 123 430 123 429 123 428 123 427 123 426 123 425 123 424 123 423 123 422 123 421 123 420 123 420 123 419 
59 3 0 1 1 1 591 581 -1 -1 1 6232 321 581 320 581 323 581 329 581 337 581 347 581 359 581 390 581 408 581 444 581 460 581 475 581 508 581 524 581 539 581 565 581 573 581 576 581 575 581 574 581 572 581 568 581 563 581 553 581 527 581 513 581 481 581 466 581 453 581 426 581 409 581 391 581 357 581 342 581 330 581 307 581 297 581 278 581 265 581 250 581 216 581 195 581 172 581 128 581 112 581 81 581 64 581 48 581 17 581 2 581 0 581 0 581 0 581 0 581 0 581 0 581 0 581 0 581 0 581 0 581 0 581 0 581 0 581 0 581 0 581 0 581 2 581 15 581 37 581 67 581 102 581 142 581 260 581 336 581 501 581 593 581 599 581 599 581 599 581 599 581 599 581 599 581 599 581 599 581 599 581 599 581 599 581 598 581 597 581 591 581 
59 3 0 1 1 1 175 154 -1 -1 0 5196 175 293 175 154 
59 3 0 1 1 1 291 434 -1 -1 1 8515 291 28 291 285 291 284 291 283 291 281 291 279 291 275 291 259 291 248 291 226 291 219 291 212 291 205 291 204 291 205 291 210 291 218 291 227 291 237 291 248 291 277 291 293 291 326 291 341 291 358 291 394 291 409 291 422 291 447 291 458 291 468 291 482 291 487 291 488 291 487 291 485 291 483 291 481 291 478 291 477 291 469 291 462 291 445 291 435 291 427 291 416 291 412 291 410 291 406 291 404 291 400 291 394 291 391 291 389 291 389 291 390 291 391 291 392 291 393 291 394 291 395 291 396 291 396 291 397 291 397 291 399 291 400 291 401 291 401 291 403 291 404 291 408 291 410 291 413 291 418 291 420 291 420 291 421 291 422 291 423 291 423 291 424 291 424 291 425 291 425 291 426 291 426 291 426 291 428 291 428 291 429 291 429 291 431 291 433 291 434 291 434 
59 3 0 1 1 1 74 46 -1 -1 0 5787 74 49 74 0 74 1 74 3 74 8 74 14 74 23 74 37 74 43 74 46 74 46 
59 3 0 1 1 1 414 357 -1 -1 1 4554 414 499 414 499 414 498 414 495 414 490 414 482 414 473 414 450 414 435 414 409 414 397 414 386 414 368 414 363 414 360 414 358 414 357 
59 3 0 1 1 1 594 475 -1 -1 1 5595 594 317 594 319 594 319 594 321 594 322 594 325 594 327 594 332 594 335 594 342 594 346 594 350 594 356 594 361 594 366 594 379 594 388 594 398 594 423 594 436 594 467 594 484 594 504 594 543 594 563 594 582 594 599 594 599 594 599 594 599 594 599 594 599 594 599 594 599 594 598 594 596 594 591 594 581 594 570 594 560 594 550 594 548 594 545 594 544 594 541 594 535 594 531 594 528 594 521 594 517 594 513 594 504 594 499 594 491 594 487 594 484 594 480 594 478 594 477 594 476 594 475 594 475 
59 3 0 1 1 1 353 261 -1 -1 1 4450 353 481 353 480 353 480 353 481 353 481 353 482 353 482 353 482 353 480 353 477 353 472 353 467 353 462 353 449 353 440 353 430 353 410 353 398 353 385 353 354 353 336 353 298 353 276 353 255 353 213 353 192 353 172 353 136 353 129 353 128 353 128 353 128 353 131 353 134 353 136 353 139 353 145 353 154 353 178 353 186 353 201 353 211 353 220 353 234 353 238 353 241 353 249 353 252 353 256 353 259 353 261 
59 3 0 1 1 1 110 155 -1 -1 0 4372 110 54 110 55 110 60 110 70 110 82 110 99 110 115 110 147 110 159 110 178 110 184 110 192 110 209 110 215 110 220 110 222 110 221 110 218 110 213 110 206 110 197 110 190 110 179 110 174 110 163 110 160 110 157 110 156 110 155 110 155 
59 3 0 1 1 1 130 226 -1 -1 0 4178 130 494 130 494 130 494 130 494 130 493 130 492 130 490 130 484 130 478 130 461 130 450 130 439 130 405 130 387 130 372 130 347 130 337 130 327 130 307 130 300 130 286 130 281 130 280 130 279 130 278 130 277 130 275 130 274 130 272 130 269 130 262 130 260 130 256 130 253 130 251 130 246 130 244 130 241 130 234 130 232 130 230 130 228 130 227 130 227 130 226 
59 3 0 1 1 1 325 432 -1 -1 1 4060 325 514 325 518 325 518 325 518 325 518 325 518 325 518 325 514 325 510 325 495 325 485 325 475 325 461 325 454 325 445 325 429 325 423 325 417 325 404 325 393 325 372 325 369 325 367 325 367 325 368 325 369 325 371 325 377 325 382 325 389 325 401 325 405 325 414 325 419 325 423 325 428 325 430 325 432 
59 3 0 1 1 1 156 359 -1 -1 0 3546 156 146 156 152 156 153 156 154 156 158 156 162 156 168 156 176 156 195 156 204 156 223 156 231 156 238 156 251 156 258 156 268 156 292 156 305 156 319 156 342 156 351 156 359 
59 3 0 1 1 1 411 275 -1 -1 1 3900 411 475 411 475 411 475 411 475 411 475 411 475 411 475 411 469 411 462 411 440 411 426 411 409 411 366 411 343 411 322 411 278 411 258 411 243 411 222 411 218 411 216 411 215 411 216 411 217 411 219 411 225 411 232 411 241 411 247 411 261 411 268 411 274 411 275 
59 3 0 1 1 2 316 482 1 2490 3 
59 3 0 1 1 2 549 149 0 2796 4 
59 3 0 1 1 2 50 183 0 1000 4 
59 3 0 1 1 2 349 316 0 886 4 
59 3 0 1 1 2 116 50 1 2501 3 
59 3 0 1 1 2 283 549 1 1264 2 
59 3 0 1 1 2 549 349 0 2723 3 
59 3 0 1 1 2 349 283 0 3300 4 
59 3 0 1 1 2 50 383 1 5158 3 
59 3 0 1 1 2 83 283 0 1330 3 
59 3 0 1 1 2 50 216 0 2072 3 
59 3 0 1 1 2 516 116 0 1055 3 
59 3 0 1 1 2 349 549 1 2512 4 
59 3 0 1 1 2 482 416 1 3654 2 
59 3 0 1 1 2 482 549 1 3506 2 
59 3 0 1 1 2 216 283 0 1290 3 
59 3 0 1 1 2 149 216 0 1188 4 
59 3 0 1 1 2 50 116 0 1408 4 
59 3 0 1 1 2 549 482 1 1482 3 
59 3 0 1 1 2 316 183 0 1442 4 
59 3 0 1 1 2 249 449 1 1452 3 
59 3 0 1 1 2 50 349 0 1282 2 
59 3 0 1 1 2 383 283 0 1472 3 
59 3 0 1 1 2 249 482 1 1328 4 
59 3 0 1 1 2 116 549 1 1085 3 
59 3 0 1 1 2 349 183 0 930 3 
59 3 0 1 1 2 482 283 0 3102 3 
59 3 0 1 1 2 116 449 1 856 2 
59 3 0 1 1 2 183 482 1 862 2 
59 3 0 1 1 2 83 50 0 1162 3 
59 3 0 1 1 2 349 249 0 1472 4 
59 3 0 1 1 2 449 416 1 2127 3 
59 3 0 1 1 1 255 416 -1 -1 1 17341 255 277 255 599 255 598 255 596 255 594 255 593 255 591 255 583 255 578 255 572 255 569 255 568 255 567 255 567 255 569 255 574 255 582 255 593 255 599 255 599 255 599 255 599 255 599 255 599 255 599 255 599 255 599 255 599 255 599 255 599 255 599 255 599 255 599 255 599 255 597 255 584 255 546 255 524 255 499 255 438 255 409 255 368 255 355 255 342 255 316 255 307 255 308 255 310 255 314 255 318 255 322 255 326 255 335 255 341 255 355 255 362 255 369 255 386 255 395 255 401 255 415 255 423 255 432 255 452 255 461 255 476 255 479 255 482 255 483 255 483 255 482 255 481 255 479 255 475 255 474 255 473 255 472 255 471 255 470 255 469 255 468 255 467 255 465 255 464 255 462 255 461 255 460 255 460 255 458 255 458 255 456 255 455 255 454 255 454 255 453 255 452 255 452 255 448 255 446 255 444 255 443 255 442 255 441 255 441 255 440 255 438 255 436 255 436 255 434 255 433 255 433 255 432 255 431 255 429 255 428 255 426 255 424 255 420 255 419 255 418 255 417 255 416 255 416 255 415 255 414 255 413 255 412 255 411 255 412 255 413 255 414 255 415 255 416 255 417 255 418 255 419 255 418 255 417 255 416 255 415 255 416 255 417 255 418 255 417 255 416 
59 3 0 1 1 1 200 346 -1 -1 0 3971 200 555 200 551 200 549 200 542 200 530 200 518 200 506 200 479 200 463 200 433 200 418 200 402 200 372 200 359 200 351 200 346 200 346 200 346 
59 3 0 1 1 1 271 362 -1 -1 1 6076 271 49 271 48 271 42 271 34 271 23 271 11 271 0 271 0 271 0 271 0 271 0 271 0 271 0 271 0 271 0 271 0 271 0 271 0 271 0 271 0 271 0 271 0 271 0 271 0 271 0 271 0 271 3 271 11 271 42 271 61 271 82 271 130 271 161 271 190 271 236 271 252 271 261 271 264 271 256 271 223 271 197 271 164 271 97 271 63 271 25 271 0 271 0 271 0 271 0 271 0 271 0 271 0 271 0 271 0 271 0 271 0 271 0 271 0 271 0 271 0 271 0 271 0 271 1 271 7 271 15 271 25 271 40 271 59 271 118 271 159 271 245 271 287 271 325 271 401 271 430 271 451 271 489 271 505 271 519 271 526 271 525 271 523 271 519 271 513 271 504 271 493 271 468 271 453 271 423 271 409 271 395 271 365 271 350 271 337 271 316 271 308 271 304 271 300 271 299 271 298 271 297 271 296 271 297 271 298 271 300 271 301 271 303 271 306 271 309 271 313 271 317 271 319 271 327 271 329 271 331 271 334 271 335 271 337 271 341 271 342 271 343 271 347 271 351 271 356 271 359 271 360 271 361 271 361 271 362 
59 3 0 1 1 1 339 337 -1 -1 1 4113 339 257 339 255 339 259 339 264 339 276 339 288 339 300 339 327 339 338 339 351 339 355 339 361 339 371 339 375 339 381 339 395 339 400 339 401 339 401 339 400 339 399 339 397 339 394 339 390 339 386 339 375 339 368 339 357 339 351 339 345 339 338 339 337 339 337 
59 3 0 1 1 1 444 343 -1 -1 1 4274 444 206 444 294 444 299 444 303 444 306 444 308 444 309 444 310 444 311 444 312 444 313 444 315 444 318 444 322 444 337 444 344 444 351 444 363 444 367 444 370 444 374 444 373 444 370 444 366 444 362 444 358 444 354 444 348 444 345 444 344 444 343 
59 3 0 1 1 1 547 296 -1 -1 1 4059 547 334 547 325 547 321 547 318 547 315 547 313 547 310 547 305 547 301 547 299 547 297 547 296 
59 3 0 1 1 1 307 281 -1 -1 0 4293 307 475 307 476 307 477 307 478 307 479 307 479 307 479 307 477 307 473 307 466 307 444 307 432 307 402 307 387 307 373 307 352 307 341 307 329 307 306 307 297 307 289 307 283 307 281 
59 3 0 1 1 1 154 314 -1 -1 0 3234 154 383 154 386 154 386 154 384 154 382 154 377 154 372 154 365 154 358 154 345 154 339 154 332 154 328 154 325 154 318 154 316 154 315 154 314 154 314 
59 3 0 1 1 1 537 519 -1 -1 1 4042 537 358 537 365 537 366 537 368 537 373 537 381 537 390 537 415 537 428 537 449 537 457 537 462 537 465 537 466 537 467 537 468 537 469 537 469 537 470 537 473 537 477 537 482 537 493 537 497 537 508 537 513 537 517 537 519 
59 3 0 1 1 1 125 503 -1 -1 1 3827 125 525 125 508 125 508 125 507 125 507 125 506 125 506 125 504 125 504 125 503 
59 3 0 1 1 1 348 303 -1 -1 1 3732 348 458 348 458 348 458 348 459 348 459 348 459 348 459 348 459 348 452 348 446 348 432 348 421 348 409 348 385 348 371 348 357 348 334 348 326 348 319 348 307 348 305 348 303 
59 3 0 1 1 1 591 315 -1 -1 1 3786 591 172 591 316 591 320 591 329 591 340 591 352 591 367 591 394 591 403 591 417 591 424 591 429 591 432 591 431 591 427 591 424 591 420 591 416 591 411 591 397 591 391 591 379 591 375 591 371 591 359 591 349 591 341 591 327 591 323 591 317 591 315 591 315 
59 3 0 1 1 1 315 77 -1 -1 0 2767 315 79 315 77 
59 3 0 1 1 1 348 424 -1 -1 1 4187 194 424 348 424 348 424 
59 3 0 1 1 1 470 263 -1 -1 1 2972 470 222 470 224 470 229 470 238 470 246 470 253 470 259 470 263 470 263 
59 3 0 1 1 1 105 80 -1 -1 0 3634 105 428 105 428 105 428 105 428 105 428 105 427 105 425 105 414 105 405 105 380 105 366 105 352 105 325 105 307 105 288 105 255 105 243 105 234 105 214 105 203 105 186 105 179 105 172 105 157 105 143 105 127 105 106 105 98 105 93 105 84 105 81 105 81 105 80 
59 3 0 1 1 2 83 249 0 3774 3 
59 3 0 1 1 2 416 383 1 3538 3 
59 3 0 1 1 2 416 283 0 2436 1 
59 3 0 1 1 2 349 50 1 3682 3 
59 3 0 1 1 2 83 383 0 2064 4 
59 3 0 1 1 2 316 83 0 2282 3 
59 3 0 1 1 2 416 549 1 2008 3 
59 3 0 1 1 2 149 449 1 3108 4 
59 3 0 1 1 2 116 183 0 3224 4 
59 3 0 1 1 2 383 482 1 1103 3 
59 3 0 1 1 2 249 383 1 2801 3 
59 3 0 1 1 2 283 516 1 1348 3 
59 3 0 1 1 2 83 216 0 1509 4 
59 3 0 1 1 2 149 416 1 2550 3 
59 3 0 1 1 2 516 516 0 2150 1 
59 3 0 1 1 2 183 149 0 2697 3 
59 3 0 1 1 2 516 316 1 1492 4 
59 3 0 1 1 2 216 116 0 2051 2 
59 3 0 1 1 2 116 349 0 1841 2 
59 3 0 1 1 2 216 249 1 2346 3 
59 3 0 1 1 2 449 283 1 948 3 
59 3 0 1 1 2 449 249 1 862 4 
59 3 0 1 1 2 516 416 1 1439 3 
59 3 0 1 1 2 449 482 1 1791 2 
59 3 0 1 1 2 549 249 1 740 3 
59 3 0 1 1 2 216 216 0 1941 3 
59 3 0 1 1 2 383 249 1 913 2 
59 3 0 1 1 2 516 83 1 2006 3 
59 3 0 1 1 2 283 283 1 5709 3 
59 3 0 1 1 2 549 549 1 1540 2 
59 3 0 1 1 2 216 516 0 1386 3 
59 3 0 1 1 2 283 316 1 969 2 
59 3 0 1 1 1 422 356 -1 -1 1 5411 222 356 223 356 232 356 246 356 263 356 283 356 300 356 331 356 344 356 368 356 380 356 393 356 414 356 420 356 422 356 
59 3 0 1 1 1 122 539 -1 -1 1 3097 32 539 28 539 33 539 40 539 48 539 58 539 70 539 97 539 110 539 122 539 
59 3 0 1 1 1 294 52 -1 -1 0 3059 393 52 389 52 388 52 386 52 379 52 369 52 355 52 329 52 319 52 301 52 297 52 295 52 295 52 294 52 
59 3 0 1 1 1 52 154 -1 -1 0 2972 46 154 106 154 102 154 97 154 91 154 83 154 74 154 59 154 56 154 53 154 52 154 
59 3 0 1 1 1 240 105 -1 -1 0 2945 99 105 101 105 102 105 104 105 109 105 118 105 130 105 166 105 185 105 218 105 229 105 236 105 240 105 
59 3 0 1 1 1 339 182 -1 -1 0 2994 510 182 506 182 502 182 495 182 485 182 473 182 459 182 429 182 415 182 390 182 377 182 366 182 352 182 345 182 340 182 338 182 338 182 338 182 339 182 
59 3 0 1 1 1 405 98 -1 -1 0 2818 278 98 283 98 284 98 286 98 290 98 298 98 307 98 332 98 346 98 376 98 388 98 397 98 405 98 
59 3 0 1 1 1 1 81 -1 -1 0 3260 216 81 217 81 216 81 210 81 202 81 188 81 173 81 139 81 119 81 79 81 60 81 41 81 6 81 0 81 0 81 0 81 0 81 0 81 0 81 0 81 0 81 0 81 0 81 0 81 0 81 0 81 0 81 0 81 0 81 1 81 
59 3 0 1 1 1 526 407 -1 -1 1 2931 526 192 526 193 526 195 526 197 526 203 526 212 526 224 526 257 526 277 526 314 526 330 526 345 526 375 526 388 526 398 526 408 526 407 
59 3 0 1 1 1 327 599 -1 -1 1 3819 327 38 327 38 327 40 327 45 327 52 327 63 327 77 327 118 327 145 327 196 327 220 327 242 327 287 327 310 327 333 327 382 327 410 327 440 327 491 327 515 327 560 327 582 327 599 327 599 327 599 327 599 327 599 
59 3 0 1 1 1 504 315 -1 -1 1 3218 504 214 504 207 504 209 504 215 504 224 504 237 504 254 504 283 504 295 504 312 504 315 
59 3 0 1 1 1 261 245 -1 -1 0 3266 261 562 261 562 261 562 261 560 261 556 261 548 261 536 261 493 261 464 261 404 261 376 261 351 261 313 261 300 261 288 261 274 261 267 261 262 261 250 261 245 
59 3 0 1 1 1 546 228 -1 -1 1 3437 546 590 546 599 546 599 546 599 546 599 546 598 546 594 546 572 546 555 546 511 546 481 546 450 546 396 546 376 546 362 546 343 546 337 546 331 546 316 546 311 546 298 546 292 546 286 546 268 546 261 546 258 546 256 546 255 546 255 546 254 546 252 546 251 546 250 546 247 546 243 546 240 546 234 546 228 546 227 546 228 
59 3 0 1 1 1 399 286 -1 -1 1 3394 399 158 399 168 399 169 399 170 399 172 399 174 399 179 399 185 399 201 399 212 399 233 399 241 399 247 399 254 399 257 399 260 399 267 399 271 399 276 399 284 399 286 
59 3 0 1 1 1 295 249 -1 -1 0 3667 295 243 295 243 295 244 295 246 295 247 295 248 295 248 295 249 
59 3 0 1 1 1 357 241 -1 -1 0 3168 357 176 357 177 357 178 357 179 357 180 357 182 357 185 357 190 357 203 357 212 357 224 357 228 357 230 357 231 357 232 357 234 357 239 357 241 
59 3 0 1 1 2 482 183 1 4662 3 
59 3 0 1 1 2 316 249 1 2957 1 
59 3 0 1 1 2 83 549 1 2180 3 
59 3 0 1 1 2 50 449 1 2672 2 
59 3 0 1 1 2 116 83 0 1844 2 
59 3 0 1 1 2 283 50 1 2228 3 
59 3 0 1 1 2 116 149 0 1460 3 
59 3 0 1 1 2 249 116 0 902 4 
59 3 0 1 1 2 183 216 0 753 3 
59 3 0 1 1 2 416 416 1 2630 3 
59 3 0 1 1 2 416 116 0 915 3 
59 3 0 1 1 2 416 149 0 648 3 
59 3 0 1 1 2 283 183 0 642 3 
59 3 0 1 1 2 216 549 1 905 2 
59 3 0 1 1 2 482 449 1 4172 2 
59 3 0 1 1 2 216 383 0 2058 4 
59 3 0 1 1 2 83 482 1 1680 2 
59 3 0 1 1 2 482 116 0 1537 2 
59 3 0 1 1 2 482 316 1 6391 3 
59 3 0 1 1 2 316 549 1 1546 1 
59 3 0 1 1 2 383 549 1 800 1 
59 3 0 1 1 2 516 283 0 1495 1 
59 3 0 1 1 2 349 416 1 1765 2 
59 3 0 1 1 2 449 349 1 2387 2 
59 3 0 1 1 2 83 516 1 2973 2 
59 3 0 1 1 2 316 516 1 878 3 
59 3 0 1 1 2 83 416 1 4072 3 
59 3 0 1 1 2 183 283 0 3521 3 
59 3 0 1 1 2 249 283 0 717 3 
59 3 0 1 1 2 83 316 0 981 3 
59 3 0 1 1 2 549 216 1 2111 3 
59 3 0 1 1 2 516 50 1 3952 3 
59 3 0 1 1 1 501 40 -1 -1 0 9243 501 566 501 569 501 579 501 591 501 599 501 599 501 599 501 599 501 599 501 599 501 599 501 599 501 599 501 599 501 599 501 599 501 599 501 599 501 599 501 599 501 599 501 599 501 599 501 599 501 599 501 599 501 599 501 599 501 599 501 599 501 599 501 599 501 599 501 599 501 599 501 596 501 584 501 529 501 492 501 449 501 338 501 274 501 224 501 153 501 128 501 106 501 66 501 45 501 5 501 0 501 0 501 0 501 0 501 0 501 1 501 2 501 3 501 7 501 12 501 20 501 39 501 51 501 78 501 89 501 97 501 102 501 104 501 105 501 106 501 104 501 103 501 101 501 98 501 93 501 87 501 78 501 76 501 74 501 73 501 72 501 71 501 70 501 69 501 68 501 67 501 67 501 66 501 65 501 64 501 63 501 58 501 56 501 54 501 54 501 53 501 49 501 48 501 46 501 44 501 42 501 41 501 40 
59 3 0 1 1 1 86 0 -1 -1 0 3418 86 205 86 205 86 196 86 185 86 174 86 159 86 143 86 104 86 85 86 52 86 35 86 17 86 0 86 0 86 0 86 0 86 0 
59 3 0 1 1 1 470 60 -1 -1 0 4397 470 18 470 152 470 154 470 155 470 160 470 166 470 172 470 190 470 199 470 215 470 221 470 225 470 224 470 220 470 214 470 205 470 194 470 182 470 153 470 139 470 113 470 102 470 90 470 63 470 50 470 39 470 21 470 17 470 18 470 20 470 24 470 28 470 32 470 35 470 36 470 37 470 38 470 40 470 42 470 43 470 45 470 49 470 53 470 55 470 56 470 58 470 59 470 60 470 61 470 61 470 60 
59 3 0 1 1 1 414 599 -1 -1 1 6041 414 397 414 395 414 385 414 367 414 347 414 322 414 297 414 237 414 203 414 141 414 115 414 97 414 68 414 57 414 47 414 27 414 21 414 16 414 12 414 11 414 10 414 6 414 0 414 0 414 0 414 0 414 0 414 0 414 0 414 0 414 0 414 0 414 0 414 0 414 0 414 0 414 0 414 0 414 0 414 3 414 22 414 58 414 100 414 135 414 166 414 211 414 232 414 260 414 268 414 274 414 276 414 276 414 269 414 253 414 232 414 205 414 129 414 81 414 0 414 0 414 0 414 0 414 0 414 0 414 0 414 0 414 0 414 0 414 1 414 5 414 12 414 19 414 25 414 28 414 30 414 38 414 50 414 75 414 113 414 158 414 266 414 302 414 343 414 352 414 358 414 364 414 369 414 377 414 407 414 433 414 463 414 524 414 545 414 569 414 574 414 578 414 591 414 599 414 599 414 599 414 599 414 599 414 599 414 599 414 599 414 599 414 599 414 599 414 599 414 599 414 599 414 599 414 599 414 599 414 599 414 599 414 599 414 599 414 599 414 599 414 599 414 599 414 599 
59 3 0 1 1 1 585 0 -1 -1 0 3443 585 146 585 174 585 170 585 165 585 158 585 148 585 134 585 88 585 59 585 0 585 0 585 0 585 0 585 0 585 0 585 0 585 0 585 0 585 0 
59 3 0 1 1 1 218 0 -1 -1 0 3310 218 63 218 89 218 85 218 76 218 66 218 53 218 39 218 2 218 0 218 0 218 0 218 0 218 0 218 0 218 0 218 0 218 0 218 0 218 0 218 0 218 0 
59 3 0 1 1 1 463 239 -1 -1 1 3985 463 484 463 599 463 599 463 599 463 599 463 599 463 599 463 599 463 599 463 599 463 599 463 599 463 599 463 599 463 595 463 586 463 571 463 554 463 532 463 504 463 437 463 406 463 352 463 333 463 315 463 289 463 280 463 272 463 259 463 253 463 247 463 241 463 240 463 240 463 239 
59 3 0 1 1 1 457 269 -1 -1 1 3798 457 445 457 446 457 446 457 447 457 447 457 448 457 449 457 449 457 449 457 445 457 441 457 432 457 401 457 382 457 364 457 323 457 304 457 287 457 265 457 257 457 242 457 239 457 240 457 241 457 243 457 249 457 254 457 260 457 268 457 269 
59 3 0 1 1 1 502 158 -1 -1 1 4913 502 566 502 564 502 550 502 528 502 499 502 468 502 436 502 378 502 353 502 316 502 305 502 293 502 270 502 259 502 248 502 232 502 229 502 227 502 227 502 226 502 226 502 225 502 224 502 222 502 222 502 221 502 221 502 220 502 220 502 220 502 220 502 226 502 230 502 234 502 245 502 252 502 260 502 278 502 287 502 301 502 304 502 308 502 317 502 320 502 321 502 320 502 314 502 308 502 299 502 294 502 292 502 287 502 284 502 280 502 278 502 276 502 273 502 272 502 271 502 265 502 256 502 243 502 205 502 182 502 140 502 125 502 113 502 92 502 86 502 83 502 85 502 91 502 99 502 121 502 137 502 161 502 165 502 164 502 163 502 161 502 159 502 158 502 158 
59 3 0 1 1 1 558 217 -1 -1 1 4874 558 303 558 307 558 307 558 310 558 313 558 318 558 325 558 344 558 356 558 378 558 391 558 405 558 434 558 446 558 458 558 480 558 487 558 491 558 498 558 504 558 520 558 525 558 528 558 530 558 531 558 533 558 538 558 549 558 567 558 588 558 599 558 599 558 599 558 599 558 599 558 599 558 599 558 599 558 599 558 599 558 599 558 599 558 599 558 599 558 599 558 599 558 598 558 594 558 587 558 574 558 553 558 524 558 455 558 418 558 321 558 266 558 220 558 153 558 128 558 109 558 87 558 82 558 78 558 74 558 72 558 71 558 70 558 71 558 72 558 74 558 78 558 85 558 93 558 117 558 129 558 153 558 165 558 178 558 198 558 205 558 208 558 213 558 215 558 216 558 217 
59 3 0 1 1 1 343 3 -1 -1 0 3244 343 331 343 331 343 331 343 331 343 330 343 329 343 326 343 306 343 287 343 233 343 201 343 169 343 104 343 73 343 44 343 0 343 0 343 0 343 0 343 0 343 0 343 0 343 0 343 0 343 0 343 0 343 0 343 1 343 2 343 3 
59 3 0 1 1 1 364 116 -1 -1 0 3401 364 333 364 354 364 353 364 345 364 330 364 310 364 286 364 260 364 215 364 198 364 171 364 160 364 147 364 122 364 116 364 115 364 114 364 115 364 116 364 116 
59 3 0 1 1 1 347 174 -1 -1 0 4842 347 457 347 491 347 487 347 479 347 466 347 452 347 439 347 413 347 399 347 379 347 373 347 370 347 369 347 369 347 368 347 368 347 368 347 368 347 372 347 376 347 388 347 395 347 404 347 423 347 438 347 455 347 496 347 518 347 547 347 599 347 599 347 599 347 599 347 599 347 599 347 599 347 599 347 599 347 599 347 599 347 599 347 599 347 599 347 599 347 599 347 599 347 599 347 599 347 595 347 585 347 541 347 506 347 468 347 386 347 342 347 306 347 244 347 222 347 194 347 186 347 179 347 167 347 161 347 156 347 146 347 143 347 139 347 138 347 139 347 139 347 140 347 142 347 146 347 148 347 150 347 160 347 166 347 173 347 174 
59 3 0 1 1 1 520 203 -1 -1 1 3769 520 242 520 243 520 243 520 241 520 238 520 232 520 224 520 216 520 206 520 187 520 183 520 170 520 164 520 157 520 150 520 149 520 149 520 149 520 149 520 150 520 151 520 155 520 161 520 168 520 172 520 176 520 187 520 192 520 195 520 198 520 199 520 202 520 203 
59 3 0 1 1 1 144 203 -1 -1 0 6635 144 448 144 599 144 594 144 587 144 578 144 567 144 552 144 518 144 502 144 470 144 455 144 442 144 427 144 423 144 420 144 415 144 414 144 414 144 414 144 417 144 425 144 432 144 443 144 475 144 496 144 520 144 568 144 590 144 599 144 599 144 599 144 599 144 599 144 599 144 599 144 599 144 599 144 599 144 599 144 599 144 599 144 599 144 599 144 599 144 599 144 599 144 599 144 599 144 599 144 599 144 583 144 564 144 539 144 495 144 477 144 461 144 445 144 442 144 432 144 420 144 405 144 368 144 345 144 321 144 266 144 236 144 206 144 176 144 147 144 100 144 83 144 70 144 63 144 59 144 58 144 60 144 65 144 73 144 83 144 91 144 108 144 121 144 151 144 166 144 175 144 186 144 192 144 200 144 202 144 203 
59 3 0 1 1 1 25 210 -1 -1 0 4523 25 552 25 550 25 547 25 545 25 543 25 543 25 545 25 551 25 556 25 564 25 572 25 592 25 599 25 599 25 599 25 599 25 599 25 599 25 599 25 599 25 599 25 599 25 599 25 599 25 599 25 599 25 599 25 599 25 599 25 599 25 599 25 598 25 594 25 585 25 568 25 540 25 504 25 415 25 368 25 263 25 218 25 183 25 145 25 134 25 123 25 96 25 80 25 69 25 62 25 61 25 62 25 63 25 66 25 71 25 80 25 95 25 133 25 152 25 182 25 194 25 203 25 209 25 210 
59 3 0 1 1 2 116 383 0 7248 2 
59 3 0 1 1 2 383 149 0 3570 2 
59 3 0 1 1 2 549 183 0 1105 2 
59 3 0 1 1 2 549 416 1 2007 3 
59 3 0 1 1 2 50 416 0 1817 1 
59 3 0 1 1 2 216 83 0 1201 2 
59 3 0 1 1 2 383 50 0 1793 2 
59 3 0 1 1 2 383 449 1 1220 1 
59 3 0 1 1 2 283 83 0 1060 2 
59 3 0 1 1 2 349 482 1 1233 3 
59 3 0 1 1 2 449 216 0 1064 3 
59 3 0 1 1 2 349 216 1 2903 2 
59 3 0 1 1 2 516 149 0 1525 3 
59 3 0 1 1 2 449 316 0 958 3 
59 3 0 1 1 2 50 516 1 4450 3 
59 3 0 1 1 2 149 149 0 1197 2 
59 3 0 1 1 2 283 416 0 1857 2 
59 3 0 1 1 2 482 349 0 1025 2 
59 3 0 1 1 2 316 449 1 2353 3 
59 3 0 1 1 2 83 183 0 922 3 
59 3 0 1 1 2 283 482 1 1142 3 
59 3 0 1 1 2 183 449 1 723 3 
59 3 0 1 1 2 249 549 1 1985 2 
59 3 0 1 1 2 50 50 1 1811 2 
59 3 0 1 1 2 183 83 0 913 3 
59 3 0 1 1 2 449 50 0 903 3 
59 3 0 1 1 2 383 416 1 1290 2 
59 3 0 1 1 2 149 283 1 2080 2 
59 3 0 1 1 2 549 83 0 2450 3 
59 3 0 1 1 2 383 516 1 978 2 
59 3 0 1 1 2 283 149 1 937 2 
59 3 0 1 1 2 149 482 0 1020 3 
59 3 0 1 1 1 383 599 -1 -1 1 17636 383 582 383 599 383 599 383 599 383 599 383 599 383 599 383 599 383 599 383 599 383 597 383 593 383 586 383 577 383 565 383 550 383 521 383 508 383 484 383 473 383 460 383 437 383 428 383 421 383 414 383 413 383 414 383 416 383 420 383 425 383 434 383 444 383 469 383 482 383 502 383 510 383 519 383 539 383 550 383 559 383 577 383 585 383 593 383 599 383 599 383 599 383 599 383 599 383 599 
59 3 0 1 1 1 70 252 -1 -1 0 5233 70 57 70 0 70 6 70 17 70 32 70 49 70 64 70 95 70 109 70 136 70 148 70 159 70 172 70 175 70 176 70 176 70 177 70 178 70 183 70 193 70 209 70 238 70 248 70 252 
59 3 0 1 1 1 91 458 -1 -1 0 4717 91 88 91 90 91 98 91 113 91 131 91 149 91 164 91 195 91 212 91 241 91 252 91 262 91 280 91 286 91 291 91 300 91 303 91 306 91 310 91 312 91 313 91 315 91 316 91 318 91 320 91 322 91 328 91 332 91 336 91 343 91 347 91 359 91 366 91 373 91 386 91 392 91 398 91 411 91 416 91 423 91 424 91 424 91 425 91 425 91 425 91 427 91 429 91 432 91 439 91 442 91 448 91 450 91 452 91 453 91 454 91 454 91 454 91 455 91 455 91 456 91 456 91 457 91 458 91 458 
59 3 0 1 1 1 459 488 -1 -1 1 3465 459 328 459 335 459 336 459 339 459 343 459 348 459 355 459 370 459 379 459 394 459 400 459 408 459 420 459 425 459 430 459 439 459 443 459 447 459 455 459 459 459 464 459 466 459 468 459 472 459 474 459 477 459 482 459 484 459 485 459 487 459 488 
59 3 0 1 1 1 152 388 -1 -1 0 3302 152 105 152 104 152 114 152 130 152 149 152 172 152 197 152 244 152 264 152 293 152 304 152 312 152 328 152 336 152 344 152 360 152 368 152 375 152 384 152 387 152 388 
59 3 0 1 1 1 116 473 -1 -1 0 3250 116 353 116 321 116 324 116 330 116 342 116 355 116 369 116 394 116 406 116 424 116 432 116 440 116 451 116 454 116 457 116 461 116 463 116 465 116 471 116 473 116 473 
59 3 0 1 1 1 311 464 -1 -1 1 3699 311 64 311 69 311 71 311 76 311 86 311 104 311 129 311 199 311 236 311 294 311 318 311 341 311 377 311 391 311 406 311 437 311 447 311 456 311 464 311 467 311 466 311 465 311 464 
59 3 0 1 1 1 594 202 -1 -1 1 4139 594 539 594 537 594 536 594 536 594 535 594 534 594 531 594 519 594 509 594 484 594 470 594 456 594 427 594 415 594 402 594 377 594 366 594 356 594 350 594 349 594 348 594 346 594 343 594 337 594 330 594 308 594 295 594 266 594 252 594 238 594 216 594 209 594 206 594 203 594 203 594 202 
59 3 0 1 1 1 443 205 -1 -1 1 4019 443 595 443 596 443 599 443 599 443 599 443 599 443 599 443 599 443 599 443 595 443 589 443 580 443 551 443 530 443 508 443 454 443 424 443 393 443 321 443 281 443 185 443 141 443 102 443 54 443 45 443 41 443 38 443 39 443 40 443 42 443 45 443 51 443 58 443 78 443 89 443 112 443 130 443 148 443 175 443 183 443 190 443 201 443 203 443 205 
59 3 0 1 1 1 580 133 -1 -1 1 3187 580 362 580 362 580 362 580 362 580 362 580 362 580 360 580 345 580 331 580 293 580 273 580 251 580 208 580 188 580 171 580 149 580 142 580 137 580 133 
59 3 0 1 1 1 500 86 -1 -1 0 3923 500 524 500 526 500 526 500 525 500 523 500 520 500 517 500 504 500 492 500 465 500 449 500 434 500 403 500 390 500 379 500 363 500 357 500 353 500 347 500 345 500 342 500 341 500 340 500 338 500 337 500 335 500 331 500 329 500 324 500 318 500 311 500 289 500 274 500 259 500 226 500 210 500 194 500 160 500 143 500 117 500 107 500 99 500 88 500 86 500 86 
59 3 0 1 1 1 151 108 -1 -1 0 2858 151 102 151 108 
59 3 0 1 1 1 98 156 -1 -1 0 3378 98 228 98 227 98 225 98 222 98 215 98 208 98 200 98 187 98 180 98 167 98 162 98 158 98 157 98 156 
59 3 0 1 1 1 463 118 -1 -1 0 5155 463 545 463 543 463 543 463 541 463 535 463 521 463 504 463 460 463 438 463 399 463 381 463 361 463 328 463 319 463 316 463 312 463 311 463 309 463 292 463 278 463 251 463 243 463 238 463 233 463 232 463 232 463 232 463 232 463 232 463 232 463 232 463 232 463 232 463 230 463 221 463 219 463 218 463 222 463 225 463 230 463 246 463 259 463 269 463 279 463 282 463 287 463 289 463 292 463 300 463 305 463 313 463 332 463 340 463 356 463 360 463 359 463 357 463 351 463 341 463 330 463 316 463 290 463 280 463 260 463 249 463 234 463 197 463 179 463 158 463 121 463 105 463 81 463 74 463 68 463 59 463 55 463 53 463 52 463 53 463 55 463 59 463 64 463 68 463 74 463 92 463 102 463 113 463 115 463 116 463 117 463 118 
59 3 0 1 1 1 386 599 -1 -1 1 4530 386 237 386 329 386 325 386 317 386 305 386 290 386 272 386 226 386 197 386 149 386 128 386 103 386 51 386 29 386 13 386 0 386 0 386 0 386 1 386 4 386 10 386 23 386 40 386 61 386 114 386 143 386 195 386 215 386 234 386 266 386 281 386 295 386 324 386 339 386 349 386 370 386 379 386 397 386 405 386 414 386 432 386 443 386 453 386 474 386 485 386 508 386 520 386 531 386 552 386 564 386 577 386 599 386 599 386 599 386 599 386 599 386 599 386 599 386 599 386 599 386 599 386 599 386 599 386 599 386 599 386 599 386 599 386 599 386 599 386 599 386 599 386 599 386 599 386 599 386 599 386 599 386 599 386 599 386 599 386 599 
59 3 0 1 1 1 90 599 -1 -1 1 8979 90 495 90 424 90 428 90 435 90 448 90 464 90 483 90 527 90 554 90 599 90 599 90 599 90 599 90 599 90 599 90 599 90 599 90 599 90 599 90 599 90 599 90 599 90 599 90 599 90 599 90 599 90 599 90 599 90 599 90 599 90 599 90 599 90 599 90 599 90 599 90 599 90 599 90 599 90 599 90 599 90 599 90 599 90 599 90 599 90 599 90 599 90 599 90 599 90 599 90 599 90 599 90 597 90 592 90 591 90 591 90 590 90 589 90 590 90 596 90 599 90 599 90 599 90 599 90 599 90 599 90 599 90 599 90 599 90 599 90 599 90 599 90 599 90 599 90 599 90 599 90 599 90 599 90 599 90 599 90 599 90 599 90 599 90 599 90 599 90 599 90 599 90 599 90 599 90 598 90 592 90 584 90 571 90 554 90 513 90 487 90 427 90 395 90 361 90 304 90 280 90 261 90 232 90 223 90 215 90 199 90 194 90 187 90 184 90 182 90 182 90 183 90 187 90 200 90 208 90 231 90 247 90 265 90 309 90 334 90 357 90 397 90 413 90 428 90 451 90 460 90 476 90 481 90 482 90 482 90 482 90 482 90 479 90 474 90 462 90 432 90 413 90 363 90 321 90 271 90 138 90 62 90 0 90 0 90 0 90 0 90 0 90 0 90 0 90 0 90 0 90 0 90 0 90 0 90 0 90 0 90 0 90 0 90 1 90 1 90 1 90 0 90 0 90 0 90 0 90 0 90 15 90 30 90 77 90 111 90 152 90 234 90 280 90 323 90 397 90 429 90 460 90 516 90 538 90 575 90 589 90 599 90 599 90 599 90 599 90 599 90 599 90 599 90 599 90 599 90 599 90 599 90 599 90 599 90 599 90 599 
59 3 0 1 1 2 316 116 0 7300 1 
59 3 0 1 1 2 383 316 0 3290 1 
59 3 0 1 1 2 549 50 1 2850 2 
59 3 0 1 1 2 383 116 1 1059 2 
59 3 0 1 1 2 249 416 1 2090 2 
59 3 0 1 1 2 149 183 0 1074 1 
59 3 0 1 1 2 149 383 0 1656 1 
59 3 0 1 1 2 316 149 0 1738 2 
59 3 0 1 1 2 216 149 0 1222 1 
59 3 0 1 1 2 149 549 1 911 2 
59 3 0 1 1 2 549 516 1 1401 2 
59 3 0 1 1 2 249 316 0 4028 1 
59 3 0 1 1 2 516 349 1 1542 3 
59 3 0 1 1 2 50 283 0 3750 1 
59 3 0 1 1 2 383 349 1 1386 2 
59 3 0 1 1 2 349 449 1 1909 3 
59 3 0 1 1 2 183 249 0 1006 2 
59 3 0 1 1 2 116 416 1 1241 3 
59 3 0 1 1 2 149 349 1 757 2 
59 3 0 1 1 2 349 149 0 985 3 
59 3 0 1 1 2 249 216 1 730 2 
59 3 0 1 1 2 116 482 1 714 1 
59 3 0 1 1 2 283 349 1 1356 2 
59 3 0 1 1 2 549 449 0 902 1 
59 3 0 1 1 2 516 216 1 421 2 
59 3 0 1 1 2 116 116 0 397 2 
59 3 0 1 1 2 482 383 1 467 1 
59 3 0 1 1 2 249 50 0 479 2 
59 3 0 1 1 2 482 216 1 307 2 
59 3 0 1 1 2 516 449 1 892 3 
59 3 0 1 1 2 50 83 1 468 1 
59 3 0 1 1 2 516 249 1 798 1 
59 3 0 1 1 1 223 130 -1 -1 0 3900 223 256 223 255 223 251 223 246 223 236 223 223 223 209 223 181 223 166 223 144 223 137 223 132 223 130 
59 3 0 1 1 1 297 425 -1 -1 1 3027 2 425 9 425 10 425 16 425 28 425 44 425 65 425 89 425 142 425 174 425 228 425 250 425 270 425 293 425 297 425 
59 3 0 1 1 1 145 257 -1 -1 0 2898 588 257 586 257 584 257 578 257 562 257 537 257 503 257 434 257 393 257 300 257 258 257 224 257 169 257 153 257 144 257 143 257 144 257 145 257 
59 3 0 1 1 1 500 371 -1 -1 1 2692 258 371 405 371 409 371 420 371 433 371 448 371 464 371 493 371 500 371 
59 3 0 1 1 1 0 80 -1 -1 0 2764 117 80 117 80 113 80 102 80 85 80 64 80 38 80 0 80 0 80 0 80 0 80 0 80 0 80 0 80 0 80 
59 3 0 1 1 1 599 476 -1 -1 1 2346 418 476 599 476 599 476 599 476 
59 3 0 1 1 1 3 133 -1 -1 0 2868 392 133 449 133 448 133 444 133 430 133 410 133 385 133 356 133 321 133 230 133 180 133 107 133 75 133 46 133 0 133 0 133 0 133 0 133 0 133 0 133 0 133 0 133 1 133 3 133 
59 3 0 1 1 1 292 580 -1 -1 1 2861 2 580 189 580 194 580 205 580 220 580 240 580 259 580 287 580 292 580 
59 3 0 1 1 1 240 203 -1 -1 0 2668 475 203 474 203 473 203 471 203 461 203 443 203 417 203 386 203 323 203 293 203 256 203 245 203 241 203 240 203 239 203 239 203 239 203 240 203 
59 3 0 1 1 1 233 246 -1 -1 0 2705 47 246 48 246 61 246 83 246 111 246 140 246 170 246 213 246 227 246 233 246 
59 3 0 1 1 1 0 120 -1 -1 0 2739 97 120 89 120 88 120 84 120 73 120 56 120 31 120 0 120 0 120 0 120 0 120 0 120 0 120 0 120 
59 3 0 1 1 1 599 25 -1 -1 1 2261 519 25 599 25 
59 3 0 1 1 1 550 283 -1 -1 1 2292 392 283 550 283 
59 3 0 1 1 1 269 541 -1 -1 1 2129 308 541 269 541 
59 3 0 1 1 1 131 509 -1 -1 1 2748 67 509 0 509 4 509 13 509 24 509 38 509 55 509 90 509 105 509 127 509 131 509 
59 3 0 1 1 1 1 222 -1 -1 0 2722 128 222 128 222 127 222 123 222 117 222 104 222 85 222 36 222 13 222 0 222 0 222 0 222 0 222 0 222 0 222 1 222 
59 3 0 1 1 2 482 50 1 2982 1 
59 3 0 1 1 2 349 383 1 2207 1 
59 3 0 1 1 2 83 349 0 1066 1 
59 3 0 1 1 2 149 249 0 4117 1 
59 3 0 1 1 2 83 449 0 1630 1 
59 3 0 1 1 2 449 449 1 970 2 
59 3 0 1 1 2 349 83 1 1702 1 
59 3 0 1 1 2 549 316 1 858 1 
59 3 0 1 1 2 383 83 0 1428 1 
59 3 0 1 1 2 50 149 0 935 1 
59 3 0 1 1 2 283 216 1 1043 2 
59 3 0 1 1 2 516 383 1 1057 2 
59 3 0 1 1 2 449 83 1 1233 2 
59 3 0 1 1 2 149 83 0 1004 1 
59 3 0 1 1 2 316 283 1 601 2 
59 3 0 1 1 2 216 449 0 803 1 
59 3 0 1 1 2 116 316 1 434 2 
59 3 0 1 1 2 83 149 0 2217 1 
59 3 0 1 1 2 482 149 1 816 2 
59 3 0 1 1 2 83 83 0 1873 1 
59 3 0 1 1 2 416 249 1 770 1 
59 3 0 1 1 2 416 482 1 813 2 
59 3 0 1 1 2 349 516 0 1213 2 
59 3 0 1 1 2 149 116 0 961 1 
59 3 0 1 1 2 216 349 0 1028 1 
59 3 0 1 1 2 283 383 1 702 2 
59 3 0 1 1 2 183 349 0 1215 1 
59 3 0 1 1 2 416 349 0 1101 1 
59 3 0 1 1 2 183 383 1 417 2 
59 3 0 1 1 2 449 116 0 511 1 
59 3 0 1 1 2 249 183 1 461 2 
59 3 0 1 1 2 549 383 0 477 1 
59 3 0 1 1 1 137 599 -1 -1 1 4364 137 489 137 491 137 493 137 498 137 505 137 517 137 534 137 577 137 599 137 599 137 599 137 599 137 599 
59 3 0 1 1 1 399 465 -1 -1 1 2827 228 465 216 465 222 465 233 465 250 465 274 465 299 465 349 465 370 465 395 465 399 465 399 465 
59 3 0 1 1 1 322 323 -1 -1 1 2747 125 323 118 323 124 323 142 323 163 323 188 323 213 323 264 323 285 323 313 323 320 323 322 323 322 323 
59 3 0 1 1 1 413 86 -1 -1 0 2619 231 86 207 86 215 86 231 86 252 86 282 86 313 86 375 86 396 86 413 86 
59 3 0 1 1 1 112 439 -1 -1 0 2715 370 439 369 439 363 439 357 439 345 439 330 439 311 439 262 439 233 439 180 439 160 439 143 439 120 439 115 439 113 439 112 439 
59 3 0 1 1 1 237 585 -1 -1 1 2786 4 585 5 585 9 585 16 585 28 585 46 585 68 585 125 585 155 585 209 585 225 585 234 585 237 585 
59 3 0 1 1 1 224 536 -1 -1 1 2437 240 536 208 536 210 536 215 536 224 536 
59 3 0 1 1 1 483 442 -1 -1 1 2892 171 442 263 442 275 442 295 442 321 442 352 442 383 442 438 442 458 442 481 442 483 442 
59 3 0 1 1 1 506 305 -1 -1 1 2851 262 305 249 305 256 305 271 305 290 305 312 305 339 305 401 305 432 305 479 305 494 305 503 305 506 305 
59 3 0 1 1 1 300 33 -1 -1 0 2697 148 33 129 33 131 33 139 33 151 33 169 33 189 33 232 33 252 33 285 33 294 33 298 33 300 33 
59 3 0 1 1 1 599 223 -1 -1 1 2676 559 223 547 223 572 223 599 223 599 223 599 223 599 223 599 223 599 223 599 223 
59 3 0 1 1 1 261 352 -1 -1 1 2675 57 352 51 352 61 352 81 352 110 352 142 352 173 352 223 352 241 352 260 352 261 352 
59 3 0 1 1 1 148 223 -1 -1 0 2669 6 223 0 223 6 223 13 223 24 223 38 223 52 223 83 223 98 223 123 223 133 223 142 223 147 223 148 223 
59 3 0 1 1 1 531 11 -1 -1 0 2713 418 11 361 11 366 11 377 11 392 11 411 11 432 11 477 11 497 11 523 11 531 11 
59 3 0 1 1 1 0 407 -1 -1 0 2716 25 407 16 407 15 407 13 407 8 407 0 407 0 407 0 407 0 407 0 407 0 407 0 407 0 407 0 407 
59 3 0 1 1 1 284 352 -1 -1 1 2636 96 352 97 352 103 352 116 352 135 352 159 352 187 352 241 352 259 352 280 352 283 352 284 352 
59 3 0 1 1 2 383 183 0 6025 2 
59 3 0 1 1 2 516 482 1 3055 3 
59 3 0 1 1 2 216 482 1 4664 3 
59 3 0 1 1 2 416 516 1 1466 2 
59 3 0 1 1 2 516 183 0 959 3 
59 3 0 1 1 2 482 516 1 2963 2 
59 3 0 1 1 2 249 149 0 1001 3 
59 3 0 1 1 2 316 316 0 1922 1 
59 3 0 1 1 2 416 216 1 4832 2 
59 3 0 1 1 2 183 116 0 1077 2 
59 3 0 1 1 2 216 50 1 1995 3 
59 3 0 1 1 2 50 482 1 1851 3 
59 3 0 1 1 2 416 183 0 1107 2 
59 3 0 1 1 2 149 516 1 1590 3 
59 3 0 1 1 2 249 349 0 1227 2 
59 3 0 1 1 2 283 249 0 4878 1 
59 3 0 1 1 2 349 116 0 1370 2 
59 3 0 1 1 2 482 249 0 1286 3 
59 3 0 1 1 2 249 516 1 920 2 
59 3 0 1 1 2 183 50 0 1843 2 
59 3 0 1 1 2 283 116 1 809 3 
59 3 0 1 1 2 216 416 1 1566 2 
59 3 0 1 1 2 316 216 0 770 1 
59 3 0 1 1 2 50 316 1 570 2 
59 3 0 1 1 2 516 549 0 624 3 
59 3 0 1 1 2 316 349 1 514 1 
59 3 0 1 1 2 149 50 1 754 2 
59 3 0 1 1 2 149 316 0 427 1 
59 3 0 1 1 2 50 249 0 607 2 
59 3 0 1 1 2 416 449 1 306 1 
59 3 0 1 1 2 449 549 0 831 2 
59 3 0 1 1 2 383 216 1 1773 1 
