Subject 90 in condition 2
Training Condition: 0
Task: 1
Rule: [[[250, 350], [[4538, 4463], [4463, 4538]]], [[350, 250], [[4538, 4463], [4463, 4538]]]]
Noise: 0
CATA=1
CATB=0
Sample keys: 120 122
Resp keys: 309 307
Dim direction: 0 1
Dim minimum: 54 42
Test order: [6, 7, 5, 4, 2, 0, 1, 3]
90 2 0 1 0 1 455 316 -1 -1 1 9157 455 563 455 564 455 558 455 546 455 531 455 514 455 494 455 442 455 413 455 362 455 343 455 327 455 316 
90 2 0 1 0 1 240 133 -1 -1 1 6529 331 133 240 133 
90 2 0 1 0 1 40 251 -1 -1 0 15856 40 434 40 599 40 599 40 599 40 599 40 599 40 599 40 599 40 599 40 599 40 599 40 599 40 599 40 599 40 599 40 599 40 599 40 599 40 599 40 599 40 598 40 594 40 589 40 582 40 571 40 560 40 527 40 508 40 466 40 443 40 423 40 384 40 367 40 350 40 315 40 297 40 259 40 238 40 217 40 162 40 136 40 110 40 56 40 32 40 0 40 0 40 0 40 0 40 0 40 0 40 0 40 0 40 0 40 0 40 0 40 0 40 0 40 0 40 0 40 0 40 0 40 0 40 0 40 3 40 7 40 17 40 28 40 39 40 47 40 54 40 56 40 59 40 61 40 65 40 77 40 83 40 88 40 95 40 99 40 112 40 117 40 121 40 133 40 142 40 153 40 173 40 179 40 190 40 196 40 202 40 217 40 225 40 232 40 249 40 260 40 279 40 284 40 287 40 286 40 284 40 281 40 275 40 269 40 264 40 256 40 254 40 253 40 252 40 251 
90 2 0 1 0 1 0 558 -1 -1 0 10957 247 558 302 558 300 558 296 558 290 558 282 558 272 558 249 558 235 558 204 558 189 558 177 558 159 558 150 558 141 558 123 558 117 558 106 558 100 558 93 558 73 558 63 558 53 558 34 558 26 558 12 558 9 558 7 558 6 558 5 558 3 558 0 558 0 558 0 558 0 558 0 558 0 558 0 558 0 558 0 558 0 558 0 558 0 558 0 558 0 558 0 558 0 558 0 558 
90 2 0 1 0 1 550 387 -1 -1 1 5197 550 180 550 467 550 466 550 464 550 459 550 453 550 446 550 425 550 417 550 401 550 393 550 387 
90 2 0 1 0 1 572 0 -1 -1 0 8766 572 591 572 586 572 582 572 576 572 569 572 558 572 545 572 514 572 496 572 462 572 444 572 430 572 404 572 392 572 378 572 350 572 336 572 309 572 295 572 286 572 285 572 284 572 283 572 282 572 282 572 281 572 280 572 278 572 275 572 268 572 265 572 258 572 256 572 255 572 251 572 250 572 249 572 249 572 248 572 247 572 247 572 246 572 245 572 245 572 245 572 245 572 245 572 245 572 245 572 245 572 255 572 264 572 282 572 290 572 298 572 312 572 318 572 327 572 348 572 362 572 395 572 416 572 440 572 492 572 520 572 552 572 599 572 599 572 599 572 599 572 599 572 599 572 599 572 599 572 599 572 599 572 599 572 599 572 599 572 599 572 599 572 599 572 599 572 599 572 599 572 599 572 599 572 599 572 599 572 599 572 599 572 599 572 599 572 599 572 597 572 591 572 582 572 570 572 553 572 505 572 472 572 389 572 347 572 303 572 222 572 183 572 146 572 82 572 51 572 0 572 0 572 0 572 0 572 0 572 0 572 0 572 0 572 0 572 0 572 0 572 0 572 0 
90 2 0 1 0 1 249 344 -1 -1 0 7386 249 289 249 342 249 343 249 344 
90 2 0 1 0 1 101 599 -1 -1 0 7754 101 374 101 419 101 422 101 427 101 435 101 448 101 462 101 498 101 519 101 564 101 584 101 599 101 599 101 599 101 599 101 599 101 599 101 599 101 599 101 599 101 599 
90 2 0 1 0 1 1 175 -1 -1 0 5984 382 60 381 60 379 60 376 60 372 60 367 60 361 60 346 60 337 60 318 60 309 60 299 60 281 60 271 60 259 60 233 60 218 60 187 60 171 60 156 60 123 60 108 60 93 60 66 60 53 60 42 60 24 60 16 60 3 60 0 60 0 60 0 60 0 60 0 60 0 60 0 60 0 60 0 60 0 60 0 60 0 60 0 60 1 60 1 174 1 175 
90 2 0 1 0 1 294 597 -1 -1 0 10036 294 111 294 249 294 248 294 247 294 245 294 241 294 236 294 230 294 215 294 207 294 188 294 179 294 168 294 147 294 138 294 129 294 109 294 98 294 75 294 64 294 52 294 27 294 14 294 1 294 0 294 0 294 0 294 0 294 0 294 0 294 0 294 0 294 0 294 0 294 0 294 0 294 0 294 0 294 0 294 0 294 0 294 0 294 3 294 4 294 5 294 10 294 12 294 14 294 18 294 20 294 23 294 26 294 28 294 30 294 32 294 32 294 32 294 32 294 30 294 27 294 23 294 20 294 19 294 24 294 29 294 37 294 59 294 74 294 90 294 121 294 134 294 158 294 168 294 179 294 198 294 209 294 222 294 249 294 263 294 292 294 307 294 325 294 368 294 394 294 425 294 498 294 536 294 599 294 599 294 599 294 599 294 599 294 599 294 599 294 599 294 599 294 599 294 599 294 598 294 597 
90 2 0 1 0 1 533 67 -1 -1 1 8497 533 416 533 417 533 421 533 425 533 430 533 437 533 445 533 465 533 476 533 499 533 513 533 527 533 555 533 570 533 582 533 599 533 599 533 599 533 599 533 599 533 599 533 599 533 599 533 599 533 599 533 597 533 596 533 595 533 592 533 590 533 585 533 579 533 573 533 555 533 546 533 534 533 508 533 489 533 446 533 420 533 394 533 344 533 318 533 298 533 262 533 246 533 233 533 213 533 208 533 196 533 191 533 186 533 175 533 170 533 167 533 162 533 158 533 151 533 148 533 145 533 144 533 144 533 144 533 144 533 145 533 147 533 150 533 155 533 160 533 162 533 167 533 172 533 176 533 187 533 192 533 196 533 204 533 206 533 208 533 208 533 209 533 211 533 214 533 216 533 221 533 232 533 237 533 247 533 252 533 257 533 267 533 271 533 273 533 274 533 275 533 274 533 272 533 270 533 267 533 265 533 263 533 262 533 261 533 260 533 256 533 249 533 238 533 226 533 215 533 201 533 197 533 190 533 186 533 182 533 172 533 166 533 160 533 147 533 140 533 130 533 125 533 120 533 109 533 105 533 100 533 93 533 89 533 84 533 82 533 80 533 77 533 75 533 74 533 74 533 73 533 70 533 68 533 66 533 63 533 63 533 63 533 63 533 63 533 65 533 66 533 67 533 67 533 67 533 67 533 67 533 67 533 67 533 67 533 67 533 67 533 67 533 67 533 67 533 67 533 67 533 67 533 67 533 67 533 67 533 67 
90 2 0 1 0 1 599 443 -1 -1 1 4322 197 443 197 443 199 443 202 443 206 443 212 443 219 443 237 443 245 443 264 443 274 443 284 443 300 443 309 443 317 443 331 443 339 443 355 443 363 443 372 443 392 443 402 443 411 443 432 443 443 443 469 443 481 443 496 443 526 443 541 443 556 443 584 443 597 443 599 443 599 443 599 443 599 443 599 443 599 443 599 443 599 443 599 443 599 443 599 443 599 443 599 443 599 443 599 443 
90 2 0 1 0 1 150 0 -1 -1 1 4352 150 135 150 0 150 0 150 0 150 0 150 0 150 0 150 0 150 0 150 0 150 0 150 0 150 0 150 0 150 0 150 0 150 0 150 0 150 0 
90 2 0 1 0 1 322 225 -1 -1 1 2948 322 198 322 210 322 212 322 213 322 215 322 217 322 218 322 222 322 224 322 225 
90 2 0 1 0 1 599 175 -1 -1 1 6663 180 175 494 175 491 175 486 175 480 175 473 175 465 175 439 175 423 175 387 175 367 175 349 175 313 175 295 175 279 175 247 175 233 175 209 175 198 175 186 175 161 175 146 175 132 175 101 175 85 175 53 175 37 175 22 175 0 175 0 175 0 175 0 175 0 175 0 175 0 175 0 175 0 175 0 175 0 175 0 175 0 175 0 175 0 175 0 175 0 175 0 175 0 175 0 175 0 175 0 175 1 175 2 175 4 175 7 175 11 175 16 175 28 175 33 175 32 175 27 175 18 175 6 175 0 175 0 175 0 175 0 175 0 175 0 175 0 175 0 175 1 175 7 175 17 175 32 175 49 175 71 175 122 175 150 175 211 175 240 175 269 175 319 175 342 175 363 175 402 175 419 175 457 175 480 175 502 175 548 175 573 175 596 175 599 175 599 175 599 175 599 175 599 175 599 175 599 175 599 175 599 175 599 175 599 175 599 175 599 175 599 175 
90 2 0 1 0 1 0 513 -1 -1 0 3925 55 513 0 513 
90 2 0 1 0 2 149 216 0 6238 1 
90 2 0 1 0 2 383 283 0 3983 3 
90 2 0 1 0 2 516 116 1 6509 1 
90 2 0 1 0 2 316 183 0 3762 1 
90 2 0 1 0 2 482 283 0 3163 3 
90 2 0 1 0 2 249 482 0 4533 1 
90 2 0 1 0 2 50 116 0 3061 2 
90 2 0 1 0 2 249 449 0 22591 1 
90 2 0 1 0 2 116 449 1 2548 1 
90 2 0 1 0 2 216 283 0 3306 2 
90 2 0 1 0 2 349 549 1 6540 2 
90 2 0 1 0 2 83 50 0 2698 2 
90 2 0 1 0 2 349 183 0 2648 3 
90 2 0 1 0 2 283 549 0 3308 1 
90 2 0 1 0 2 482 416 1 4389 1 
90 2 0 1 0 2 316 482 0 2768 1 
90 2 0 1 0 2 116 549 0 2537 3 
90 2 0 1 0 2 50 216 0 2091 3 
90 2 0 1 0 2 116 50 0 3440 2 
90 2 0 1 0 2 549 349 1 2904 1 
90 2 0 1 0 2 349 283 1 3311 1 
90 2 0 1 0 2 183 482 0 4187 1 
90 2 0 1 0 2 449 416 0 2399 1 
90 2 0 1 0 2 349 249 0 2272 1 
90 2 0 1 0 2 349 316 0 2632 1 
90 2 0 1 0 2 50 383 0 2168 2 
90 2 0 1 0 2 549 482 1 2003 1 
90 2 0 1 0 2 50 349 0 1437 1 
90 2 0 1 0 2 83 283 0 1536 1 
90 2 0 1 0 2 50 183 0 1124 1 
90 2 0 1 0 2 549 149 1 4882 1 
90 2 0 1 0 2 482 549 0 2224 1 
90 2 0 1 0 1 104 40 -1 -1 1 5742 104 409 104 408 104 407 104 405 104 403 104 400 104 397 104 389 104 385 104 375 104 370 104 366 104 356 104 351 104 346 104 335 104 330 104 319 104 313 104 306 104 293 104 285 104 276 104 257 104 248 104 228 104 219 104 208 104 186 104 176 104 166 104 147 104 137 104 114 104 102 104 91 104 71 104 61 104 50 104 30 104 20 104 2 104 0 104 0 104 0 104 1 104 4 104 9 104 15 104 23 104 30 104 40 
90 2 0 1 0 1 500 59 -1 -1 1 11208 500 91 500 165 500 165 500 163 500 163 500 163 500 161 500 159 500 154 500 152 500 148 500 146 500 144 500 143 500 141 500 140 500 138 500 137 500 135 500 133 500 131 500 127 500 124 500 121 500 111 500 106 500 90 500 79 500 68 500 49 500 38 500 27 500 5 500 0 500 0 500 0 500 0 500 0 500 0 500 0 500 1 500 2 500 4 500 6 500 8 500 12 500 17 500 24 500 40 500 47 500 52 500 54 500 55 500 55 500 57 500 58 500 59 
90 2 0 1 0 1 253 31 -1 -1 1 7675 253 108 253 110 253 113 253 115 253 118 253 122 253 125 253 128 253 129 253 131 253 133 253 134 253 136 253 137 253 137 253 137 253 137 253 137 253 136 253 133 253 128 253 126 253 121 253 119 253 117 253 112 253 110 253 106 253 96 253 92 253 83 253 79 253 76 253 74 253 73 253 72 253 70 253 67 253 64 253 61 253 57 253 56 253 55 253 52 253 50 253 47 253 38 253 34 253 31 
90 2 0 1 0 1 62 59 -1 -1 1 7664 62 27 62 58 62 59 62 59 62 59 62 59 
90 2 0 1 0 1 258 406 -1 -1 0 11595 258 583 258 585 258 585 258 585 258 585 258 585 258 585 258 585 258 585 258 586 258 586 258 586 258 587 258 588 258 589 258 590 258 593 258 594 258 595 258 596 258 596 258 594 258 590 258 584 258 579 258 573 258 567 258 562 258 561 258 561 258 561 258 561 258 561 258 561 258 563 258 563 258 563 258 563 258 564 258 564 258 564 258 564 258 564 258 564 258 562 258 561 258 560 258 560 258 557 258 555 258 554 258 553 258 553 258 553 258 553 258 553 258 553 258 553 258 553 258 554 258 554 258 555 258 556 258 556 258 556 258 556 258 556 258 556 258 556 258 556 258 555 258 555 258 554 258 554 258 554 258 554 258 554 258 557 258 559 258 563 258 565 258 568 258 574 258 576 258 578 258 583 258 586 258 593 258 596 258 598 258 599 258 599 258 599 258 599 258 598 258 595 258 593 258 582 258 576 258 569 258 554 258 549 258 543 258 531 258 525 258 521 258 512 258 507 258 497 258 492 258 486 258 471 258 460 258 451 258 436 258 430 258 426 258 426 258 426 258 426 258 424 258 422 258 419 258 418 258 417 258 417 258 417 258 417 258 417 258 415 258 414 258 412 258 411 258 409 258 405 258 404 258 399 258 397 258 395 258 389 258 387 258 385 258 385 258 385 258 383 258 384 258 385 258 387 258 388 258 389 258 390 258 391 258 392 258 393 258 394 258 395 258 395 258 396 258 397 258 398 258 399 258 400 258 400 258 401 258 402 258 403 258 404 258 405 258 405 258 406 
90 2 0 1 0 1 465 318 -1 -1 1 8050 465 95 465 188 465 188 465 188 465 188 465 186 465 185 465 182 465 179 465 172 465 169 465 165 465 158 465 153 465 149 465 142 465 140 465 135 465 134 465 131 465 126 465 122 465 120 465 113 465 111 465 107 465 99 465 94 465 81 465 72 465 60 465 32 465 19 465 5 465 0 465 0 465 0 465 0 465 0 465 0 465 0 465 0 465 0 465 0 465 0 465 0 465 0 465 0 465 0 465 0 465 0 465 0 465 0 465 0 465 0 465 12 465 31 465 59 465 124 465 160 465 206 465 325 465 397 465 535 465 599 465 599 465 599 465 599 465 599 465 599 465 599 465 599 465 599 465 599 465 599 465 598 465 597 465 593 465 586 465 568 465 557 465 545 465 523 465 513 465 502 465 476 465 462 465 440 465 432 465 427 465 421 465 419 465 417 465 413 465 407 465 396 465 390 465 386 465 382 465 381 465 379 465 377 465 373 465 368 465 363 465 355 465 352 465 344 465 341 465 337 465 331 465 330 465 329 465 325 465 323 465 320 465 319 465 319 465 318 
90 2 0 1 0 1 238 555 -1 -1 0 4003 238 477 238 555 
90 2 0 1 0 1 395 166 -1 -1 1 2833 395 163 395 166 
90 2 0 1 0 1 162 599 -1 -1 0 8697 162 86 162 300 162 300 162 300 162 300 162 300 162 300 162 301 162 302 162 303 162 304 162 304 162 304 162 304 162 304 162 304 162 304 162 305 162 306 162 308 162 311 162 314 162 318 162 329 162 335 162 342 162 343 162 343 162 331 162 316 162 298 162 260 162 242 162 215 162 204 162 194 162 174 162 167 162 159 162 143 162 136 162 131 162 123 162 120 162 116 162 115 162 114 162 114 162 114 162 114 162 116 162 119 162 126 162 130 162 134 162 142 162 147 162 153 162 168 162 175 162 189 162 197 162 204 162 217 162 224 162 230 162 235 162 237 162 239 162 241 162 247 162 267 162 278 162 288 162 308 162 319 162 355 162 378 162 405 162 472 162 513 162 556 162 599 162 599 162 599 162 599 162 599 162 599 162 599 162 599 162 599 162 599 162 599 162 597 162 592 162 584 162 574 162 563 162 549 162 514 162 497 162 464 162 453 162 442 162 432 162 431 162 432 162 434 162 435 162 438 162 441 162 444 162 451 162 455 162 463 162 467 162 473 162 487 162 494 162 500 162 504 162 507 162 515 162 519 162 524 162 533 162 538 162 544 162 557 162 564 162 579 162 585 162 591 162 599 162 599 162 599 162 599 162 599 162 599 162 599 162 598 162 598 162 595 162 593 162 590 162 589 162 588 162 589 162 592 162 595 162 598 162 599 162 599 162 599 162 599 162 599 162 599 162 599 162 599 
90 2 0 1 0 1 337 271 -1 -1 1 4705 337 141 337 141 337 141 337 142 337 144 337 145 337 147 337 151 337 153 337 153 337 153 337 155 337 159 337 161 337 165 337 170 337 174 337 181 337 187 337 193 337 204 337 212 337 220 337 236 337 244 337 255 337 257 337 259 337 260 337 261 337 262 337 263 337 265 337 266 337 267 337 268 337 269 337 270 337 271 
90 2 0 1 0 1 157 83 -1 -1 1 5488 157 542 157 532 157 532 157 531 157 530 157 527 157 523 157 518 157 506 157 499 157 486 157 478 157 469 157 448 157 435 157 420 157 386 157 369 157 330 157 311 157 290 157 252 157 234 157 215 157 179 157 160 157 128 157 113 157 102 157 90 157 89 157 89 157 89 157 90 157 91 157 91 157 91 157 90 157 90 157 90 157 90 157 90 157 90 157 90 157 89 157 86 157 85 157 83 157 80 157 79 157 77 157 76 157 76 157 75 157 75 157 75 157 75 157 75 157 75 157 75 157 75 157 74 157 74 157 74 157 74 157 74 157 74 157 74 157 75 157 75 157 76 157 76 157 76 157 76 157 76 157 77 157 77 157 78 157 79 157 80 157 81 157 82 157 82 157 83 157 83 157 83 
90 2 0 1 0 1 391 504 -1 -1 0 2578 391 407 391 501 391 503 391 503 391 504 
90 2 0 1 0 1 391 272 -1 -1 1 5714 391 65 391 60 391 61 391 63 391 67 391 73 391 80 391 95 391 105 391 127 391 139 391 152 391 179 391 194 391 207 391 232 391 246 391 276 391 292 391 306 391 336 391 347 391 356 391 362 391 361 391 360 391 357 391 353 391 344 391 334 391 325 391 307 391 297 391 276 391 265 391 254 391 235 391 229 391 224 391 217 391 216 391 218 391 222 391 225 391 229 391 233 391 235 391 239 391 241 391 246 391 249 391 251 391 254 391 255 391 257 391 264 391 266 391 267 391 269 391 270 391 270 391 271 391 272 391 272 
90 2 0 1 0 1 506 407 -1 -1 1 6122 506 470 506 473 506 475 506 479 506 484 506 489 506 495 506 508 506 515 506 530 506 536 506 543 506 556 506 562 506 569 506 587 506 596 506 599 506 599 506 599 506 599 506 599 506 599 506 599 506 599 506 595 506 585 506 570 506 552 506 533 506 486 506 461 506 409 506 385 506 359 506 318 506 307 506 300 506 294 506 292 506 293 506 297 506 304 506 314 506 327 506 342 506 370 506 382 506 397 506 402 506 405 506 414 506 421 506 425 506 428 506 430 506 430 506 429 506 428 506 427 506 426 506 425 506 424 506 423 506 421 506 419 506 418 506 417 506 416 506 415 506 414 506 413 506 412 506 411 506 410 506 409 506 408 506 407 
90 2 0 1 0 1 131 562 -1 -1 0 7506 131 369 131 349 131 351 131 353 131 358 131 364 131 372 131 390 131 401 131 421 131 429 131 436 131 449 131 457 131 463 131 473 131 477 131 480 131 482 131 485 131 502 131 515 131 529 131 550 131 554 131 562 131 567 131 573 131 587 131 595 131 599 131 599 131 599 131 598 131 597 131 596 131 595 131 594 131 593 131 592 131 592 131 591 131 590 131 590 131 589 131 588 131 587 131 586 131 585 131 584 131 583 131 582 131 581 131 580 131 580 131 579 131 578 131 577 131 576 131 575 131 574 131 573 131 569 131 568 131 567 131 566 131 565 131 564 131 563 131 562 
90 2 0 1 0 1 138 255 -1 -1 0 8610 138 318 138 304 138 305 138 306 138 306 138 306 138 308 138 308 138 309 138 309 138 310 138 310 138 311 138 312 138 312 138 313 138 314 138 315 138 315 138 316 138 316 138 316 138 314 138 307 138 295 138 282 138 271 138 254 138 247 138 241 138 240 138 239 138 235 138 234 138 233 138 233 138 233 138 233 138 234 138 234 138 235 138 235 138 236 138 237 138 238 138 240 138 241 138 242 138 243 138 243 138 244 138 244 138 246 138 246 138 247 138 248 138 248 138 249 138 250 138 250 138 251 138 252 138 252 138 253 138 254 138 255 138 255 
90 2 0 1 0 2 50 283 0 4983 2 
90 2 0 1 0 2 549 516 1 2655 1 
90 2 0 1 0 2 116 416 0 3498 2 
90 2 0 1 0 2 482 383 1 3368 2 
90 2 0 1 0 2 316 116 1 7582 1 
90 2 0 1 0 2 516 249 1 5377 1 
90 2 0 1 0 2 383 316 1 4881 1 
90 2 0 1 0 2 216 149 0 2267 1 
90 2 0 1 0 2 249 216 0 2176 1 
90 2 0 1 0 2 249 50 1 2332 3 
90 2 0 1 0 2 383 116 1 2998 1 
90 2 0 1 0 2 249 416 0 2434 1 
90 2 0 1 0 2 516 449 1 1759 1 
90 2 0 1 0 2 516 216 1 1966 1 
90 2 0 1 0 2 116 116 0 1933 1 
90 2 0 1 0 2 50 83 0 1252 1 
90 2 0 1 0 2 249 316 0 1607 1 
90 2 0 1 0 2 149 183 0 1090 1 
90 2 0 1 0 2 349 449 1 1216 1 
90 2 0 1 0 2 482 216 1 3631 1 
90 2 0 1 0 2 549 449 1 2636 2 
90 2 0 1 0 2 316 149 0 2279 1 
90 2 0 1 0 2 149 549 1 3317 2 
90 2 0 1 0 2 516 349 1 2539 1 
90 2 0 1 0 2 383 349 1 1455 1 
90 2 0 1 0 2 149 349 0 2699 3 
90 2 0 1 0 2 149 383 0 2548 3 
90 2 0 1 0 2 549 50 1 3286 3 
90 2 0 1 0 2 183 249 0 2745 1 
90 2 0 1 0 2 349 149 0 1919 1 
90 2 0 1 0 2 116 482 1 2233 2 
90 2 0 1 0 2 283 349 1 2644 1 
90 2 0 1 0 1 366 48 -1 -1 1 12060 366 3 366 0 366 0 366 0 366 0 366 0 366 1 366 4 366 6 366 14 366 19 366 24 366 36 366 43 366 49 366 59 366 64 366 75 366 82 366 92 366 113 366 121 366 125 366 129 366 128 366 126 366 124 366 120 366 114 366 106 366 89 366 80 366 59 366 49 366 43 366 33 366 30 366 28 366 25 366 22 366 13 366 9 366 7 366 6 366 7 366 9 366 10 366 12 366 15 366 18 366 24 366 27 366 31 366 32 366 34 366 37 366 37 366 39 366 40 366 41 366 46 366 50 366 53 366 54 366 55 366 56 366 57 366 59 366 59 366 60 366 59 366 58 366 57 366 56 366 56 366 55 366 54 366 53 366 52 366 51 366 50 366 49 366 48 366 47 366 46 366 47 366 48 
90 2 0 1 0 1 397 298 -1 -1 1 6794 397 170 397 255 397 255 397 255 397 253 397 253 397 253 397 254 397 256 397 261 397 264 397 268 397 270 397 271 397 271 397 271 397 271 397 273 397 273 397 275 397 275 397 277 397 278 397 279 397 281 397 284 397 286 397 288 397 290 397 294 397 295 397 296 397 300 397 302 397 304 397 309 397 311 397 312 397 311 397 310 397 309 397 308 397 307 397 306 397 306 397 304 397 303 397 302 397 298 
90 2 0 1 0 1 102 277 -1 -1 0 6896 102 101 102 96 102 94 102 92 102 89 102 86 102 83 102 79 102 78 102 77 102 76 102 74 102 73 102 73 102 71 102 70 102 70 102 68 102 68 102 67 102 66 102 66 102 64 102 61 102 59 102 57 102 54 102 53 102 53 102 52 102 51 102 50 102 50 102 50 102 49 102 48 102 48 102 48 102 47 102 47 102 47 102 46 102 46 102 46 102 46 102 45 102 45 102 45 102 44 102 44 102 44 102 44 102 44 102 44 102 44 102 44 102 44 102 44 102 44 102 44 102 44 102 44 102 44 102 44 102 44 102 44 102 44 102 45 102 46 102 49 102 51 102 53 102 58 102 61 102 69 102 73 102 77 102 89 102 95 102 101 102 111 102 115 102 119 102 127 102 131 102 144 102 151 102 160 102 175 102 181 102 185 102 194 102 199 102 209 102 215 102 223 102 236 102 240 102 243 102 246 102 248 102 250 102 252 102 253 102 260 102 265 102 269 102 273 102 274 102 275 102 276 102 278 102 279 102 278 102 277 
90 2 0 1 0 1 411 142 -1 -1 1 3050 411 91 411 142 411 142 411 142 411 142 
90 2 0 1 0 1 537 584 -1 -1 0 4752 537 422 537 534 537 534 537 535 537 537 537 540 537 544 537 549 537 563 537 571 537 591 537 599 537 599 537 599 537 599 537 599 537 599 537 599 537 599 537 599 537 597 537 595 537 593 537 591 537 587 537 586 537 585 537 584 537 584 
90 2 0 1 0 1 165 595 -1 -1 0 4451 165 129 165 79 165 79 165 81 165 85 165 90 165 96 165 111 165 123 165 149 165 163 165 177 165 207 165 223 165 240 165 276 165 290 165 315 165 327 165 340 165 365 165 377 165 390 165 423 165 440 165 477 165 497 165 515 165 546 165 561 165 575 165 595 165 599 165 599 165 599 165 599 165 598 165 598 165 598 165 598 165 597 165 597 165 596 165 596 165 595 
90 2 0 1 0 1 599 224 -1 -1 1 7723 328 224 288 224 292 224 295 224 300 224 306 224 314 224 331 224 339 224 352 224 358 224 364 224 378 224 386 224 395 224 410 224 415 224 419 224 420 224 421 224 430 224 438 224 449 224 468 224 476 224 493 224 502 224 513 224 532 224 540 224 546 224 561 224 572 224 595 224 599 224 599 224 599 224 599 224 599 224 599 224 599 224 599 224 599 224 599 224 599 224 599 224 599 224 599 224 599 224 599 224 599 224 
90 2 0 1 0 1 0 552 -1 -1 0 7167 425 552 599 552 598 552 594 552 590 552 584 552 578 552 560 552 551 552 531 552 520 552 509 552 488 552 480 552 472 552 457 552 450 552 433 552 425 552 416 552 399 552 391 552 383 552 362 552 351 552 325 552 311 552 296 552 269 552 256 552 244 552 223 552 213 552 202 552 185 552 177 552 165 552 160 552 156 552 147 552 143 552 138 552 130 552 127 552 119 552 115 552 111 552 102 552 99 552 96 552 92 552 91 552 88 552 86 552 85 552 82 552 80 552 79 552 77 552 77 552 76 552 75 552 74 552 74 552 73 552 72 552 71 552 67 552 63 552 49 552 40 552 34 552 24 552 21 552 20 552 19 552 18 552 17 552 16 552 15 552 15 552 14 552 13 552 12 552 10 552 6 552 2 552 0 552 0 552 0 552 0 552 0 552 0 552 0 552 0 552 0 552 0 552 0 552 0 552 0 552 0 552 0 552 0 552 0 552 0 552 0 552 0 552 0 552 0 552 
90 2 0 1 0 1 565 296 -1 -1 1 6864 565 261 565 255 565 254 565 253 565 253 565 252 565 251 565 250 565 249 565 248 565 247 565 246 565 245 565 245 565 245 565 249 565 251 565 255 565 258 565 263 565 264 565 269 565 274 565 280 565 292 565 295 565 296 
90 2 0 1 0 1 176 224 -1 -1 0 6699 176 191 176 192 176 192 176 192 176 193 176 193 176 194 176 194 176 195 176 195 176 197 176 197 176 199 176 199 176 200 176 201 176 202 176 205 176 208 176 214 176 217 176 221 176 232 176 237 176 243 176 258 176 268 176 285 176 293 176 298 176 308 176 311 176 312 176 313 176 312 176 310 176 307 176 304 176 300 176 296 176 291 176 290 176 289 176 288 176 288 176 282 176 279 176 277 176 273 176 272 176 268 176 266 176 263 176 255 176 250 176 246 176 241 176 239 176 238 176 237 176 236 176 235 176 233 176 229 176 226 176 224 
90 2 0 1 0 1 24 599 -1 -1 1 7514 24 541 24 542 24 542 24 543 24 543 24 544 24 544 24 546 24 547 24 548 24 549 24 549 24 550 24 551 24 551 24 552 24 553 24 554 24 554 24 555 24 556 24 557 24 558 24 559 24 560 24 561 24 562 24 563 24 564 24 565 24 566 24 567 24 568 24 569 24 570 24 571 24 572 24 573 24 574 24 575 24 576 24 577 24 578 24 579 24 580 24 581 24 582 24 583 24 585 24 586 24 587 24 588 24 589 24 590 24 591 24 592 24 593 24 594 24 595 24 596 24 597 24 598 24 599 24 599 
90 2 0 1 0 1 63 566 -1 -1 0 3937 63 375 63 376 63 380 63 387 63 394 63 405 63 419 63 452 63 474 63 516 63 533 63 551 63 585 63 599 63 599 63 599 63 599 63 599 63 598 63 597 63 597 63 595 63 592 63 589 63 581 63 577 63 572 63 571 63 570 63 569 63 568 63 567 63 566 
90 2 0 1 0 1 243 599 -1 -1 0 5436 243 457 243 389 243 386 243 382 243 378 243 376 243 374 243 372 243 371 243 370 243 370 243 370 243 374 243 380 243 390 243 416 243 431 243 447 243 481 243 497 243 513 243 544 243 560 243 588 243 599 243 599 243 599 243 599 243 599 243 599 243 599 243 599 243 599 243 599 243 599 243 599 243 599 
90 2 0 1 0 1 587 193 -1 -1 1 6200 212 193 207 193 203 193 194 193 183 193 170 193 156 193 122 193 105 193 64 193 40 193 19 193 0 193 0 193 0 193 0 193 0 193 0 193 0 193 0 193 0 193 0 193 0 193 0 193 0 193 0 193 0 193 0 193 1 193 7 193 21 193 39 193 61 193 84 193 146 193 186 193 291 193 349 193 400 193 475 193 506 193 528 193 560 193 574 193 599 193 599 193 599 193 599 193 599 193 599 193 599 193 599 193 599 193 599 193 599 193 599 193 599 193 598 193 597 193 593 193 587 193 
90 2 0 1 0 1 474 104 -1 -1 1 9075 96 104 88 104 87 104 83 104 79 104 72 104 64 104 46 104 36 104 18 104 11 104 4 104 0 104 0 104 0 104 0 104 0 104 0 104 1 104 3 104 7 104 13 104 25 104 41 104 82 104 104 104 147 104 171 104 193 104 235 104 253 104 268 104 293 104 303 104 319 104 327 104 333 104 344 104 349 104 354 104 364 104 368 104 378 104 383 104 390 104 413 104 430 104 447 104 472 104 479 104 486 104 487 104 486 104 485 104 483 104 482 104 480 104 479 104 479 104 478 104 477 104 476 104 476 104 475 104 474 104 
90 2 0 1 0 1 462 136 -1 -1 1 3605 462 335 462 136 
90 2 0 1 0 2 482 482 0 6097 1 
90 2 0 1 0 2 449 183 1 5013 2 
90 2 0 1 0 2 216 316 0 4239 2 
90 2 0 1 0 2 249 249 0 1800 2 
90 2 0 1 0 2 249 83 1 2772 3 
90 2 0 1 0 2 549 283 1 3113 3 
90 2 0 1 0 2 349 349 1 4015 1 
90 2 0 1 0 2 183 183 0 3215 3 
90 2 0 1 0 2 116 216 0 3302 4 
90 2 0 1 0 2 316 383 1 4474 2 
90 2 0 1 0 2 116 249 0 2293 4 
90 2 0 1 0 2 183 416 1 6942 2 
90 2 0 1 0 2 416 50 1 3299 4 
90 2 0 1 0 2 183 516 0 3196 2 
90 2 0 1 0 2 216 183 0 3848 2 
90 2 0 1 0 2 183 549 0 2514 2 
90 2 0 1 0 2 316 416 1 2360 2 
90 2 0 1 0 2 283 449 1 4333 1 
90 2 0 1 0 2 449 149 1 3041 2 
90 2 0 1 0 2 449 383 1 3029 2 
90 2 0 1 0 2 449 516 0 2370 1 
90 2 0 1 0 2 50 549 0 2173 1 
90 2 0 1 0 2 416 83 1 2855 3 
90 2 0 1 0 2 183 316 0 3326 2 
90 2 0 1 0 2 383 383 1 2147 2 
90 2 0 1 0 2 116 516 0 1791 2 
90 2 0 1 0 2 316 50 1 2282 1 
90 2 0 1 0 2 116 283 0 2352 2 
90 2 0 1 0 2 83 116 0 2373 4 
90 2 0 1 0 2 549 116 1 3643 3 
90 2 0 1 0 2 482 83 1 2080 3 
90 2 0 1 0 2 416 316 1 3508 2 
90 2 0 1 0 1 355 0 -1 -1 1 12188 355 19 355 39 355 36 355 34 355 30 355 26 355 19 355 2 355 0 355 0 355 0 355 0 355 0 355 0 355 0 355 0 355 0 355 0 355 0 355 0 355 0 355 0 355 0 355 0 355 0 355 0 355 0 355 0 355 0 355 0 355 0 355 0 355 0 355 0 355 0 355 0 355 0 355 0 355 0 355 0 355 0 355 0 355 0 355 0 355 0 355 0 355 0 355 0 355 0 355 0 355 0 355 0 355 0 355 0 355 0 355 0 355 0 355 0 355 0 355 0 355 0 355 0 355 0 355 0 355 0 355 0 355 0 
90 2 0 1 0 1 425 554 -1 -1 0 8567 175 554 188 554 186 554 182 554 177 554 170 554 162 554 141 554 131 554 110 554 102 554 95 554 81 554 73 554 64 554 48 554 44 554 39 554 40 554 44 554 54 554 70 554 91 554 113 554 161 554 186 554 234 554 259 554 284 554 335 554 363 554 389 554 434 554 453 554 483 554 495 554 503 554 515 554 518 554 520 554 524 554 525 554 528 554 530 554 532 554 537 554 541 554 546 554 555 554 558 554 559 554 558 554 556 554 552 554 548 554 544 554 538 554 527 554 519 554 505 554 498 554 491 554 471 554 463 554 457 554 445 554 441 554 432 554 429 554 428 554 427 554 426 554 425 554 
90 2 0 1 0 1 166 253 -1 -1 0 6566 215 253 214 253 213 253 212 253 211 253 211 253 209 253 208 253 207 253 204 253 201 253 196 253 186 253 179 253 167 253 163 253 160 253 155 253 152 253 150 253 144 253 141 253 136 253 135 253 136 253 137 253 141 253 145 253 151 253 156 253 165 253 168 253 171 253 173 253 175 253 176 253 175 253 173 253 172 253 171 253 170 253 169 253 168 253 167 253 166 253 
90 2 0 1 0 1 407 350 -1 -1 1 4929 437 350 436 350 435 350 433 350 431 350 429 350 427 350 422 350 420 350 417 350 416 350 415 350 414 350 413 350 412 350 411 350 410 350 409 350 408 350 407 350 
90 2 0 1 0 1 161 341 -1 -1 0 9003 559 341 566 341 567 341 569 341 570 341 571 341 573 341 575 341 577 341 583 341 585 341 591 341 593 341 594 341 596 341 598 341 599 341 599 341 599 341 599 341 599 341 599 341 599 341 599 341 599 341 599 341 599 341 599 341 599 341 599 341 599 341 599 341 599 341 599 341 599 341 599 341 599 341 599 341 599 341 599 341 599 341 599 341 599 341 598 341 596 341 593 341 590 341 585 341 573 341 568 341 563 341 555 341 551 341 545 341 529 341 521 341 511 341 493 341 484 341 467 341 459 341 451 341 433 341 423 341 412 341 392 341 381 341 359 341 348 341 338 341 323 341 317 341 311 341 301 341 297 341 291 341 287 341 284 341 281 341 280 341 279 341 277 341 276 341 274 341 273 341 271 341 270 341 268 341 266 341 260 341 256 341 251 341 246 341 243 341 240 341 239 341 238 341 237 341 236 341 235 341 234 341 233 341 232 341 231 341 229 341 227 341 226 341 221 341 219 341 215 341 213 341 209 341 200 341 195 341 191 341 183 341 180 341 177 341 175 341 174 341 173 341 172 341 171 341 170 341 169 341 169 341 167 341 166 341 165 341 164 341 163 341 162 341 161 341 160 341 159 341 158 341 156 341 155 341 154 341 152 341 151 341 150 341 149 341 148 341 147 341 146 341 145 341 144 341 143 341 142 341 142 341 143 341 144 341 146 341 148 341 152 341 154 341 160 341 162 341 164 341 166 341 167 341 168 341 169 341 170 341 171 341 172 341 174 341 175 341 176 341 176 341 178 341 179 341 178 341 176 341 175 341 174 341 173 341 171 341 169 341 167 341 166 341 165 341 164 341 163 341 163 341 161 341 
90 2 0 1 0 1 500 584 -1 -1 0 7009 273 584 304 584 301 584 297 584 291 584 282 584 274 584 260 584 254 584 244 584 239 584 235 584 228 584 226 584 225 584 223 584 221 584 218 584 216 584 216 584 215 584 214 584 212 584 210 584 208 584 209 584 211 584 215 584 222 584 234 584 252 584 293 584 311 584 341 584 354 584 367 584 392 584 404 584 414 584 434 584 443 584 463 584 469 584 474 584 482 584 487 584 492 584 504 584 510 584 525 584 533 584 540 584 547 584 549 584 550 584 554 584 559 584 567 584 577 584 589 584 599 584 599 584 599 584 599 584 598 584 593 584 583 584 571 584 556 584 542 584 518 584 511 584 505 584 504 584 504 584 502 584 501 584 500 584 500 584 
90 2 0 1 0 1 599 53 -1 -1 1 5864 363 53 362 53 360 53 355 53 349 53 340 53 328 53 302 53 291 53 268 53 261 53 255 53 251 53 253 53 261 53 274 53 293 53 319 53 351 53 415 53 444 53 489 53 504 53 513 53 517 53 518 53 521 53 529 53 539 53 551 53 566 53 599 53 599 53 599 53 599 53 599 53 599 53 598 53 597 53 596 53 595 53 593 53 589 53 586 53 581 53 579 53 578 53 573 53 567 53 560 53 541 53 530 53 511 53 506 53 504 53 506 53 512 53 523 53 541 53 562 53 588 53 599 53 599 53 599 53 
90 2 0 1 0 1 186 542 -1 -1 0 5833 545 542 531 542 530 542 529 542 527 542 524 542 521 542 513 542 508 542 498 542 494 542 489 542 480 542 475 542 470 542 461 542 457 542 451 542 448 542 446 542 441 542 439 542 437 542 432 542 429 542 423 542 419 542 415 542 406 542 403 542 401 542 398 542 397 542 395 542 394 542 393 542 391 542 390 542 389 542 387 542 385 542 379 542 376 542 372 542 361 542 355 542 342 542 335 542 328 542 317 542 312 542 307 542 298 542 293 542 275 542 266 542 257 542 239 542 232 542 228 542 226 542 224 542 223 542 222 542 219 542 216 542 212 542 206 542 200 542 192 542 177 542 171 542 163 542 161 542 162 542 164 542 167 542 171 542 177 542 182 542 186 542 
90 2 0 1 0 1 137 276 -1 -1 0 4794 185 276 191 276 187 276 184 276 179 276 174 276 169 276 161 276 157 276 148 276 144 276 141 276 138 276 137 276 
90 2 0 1 0 1 340 170 -1 -1 1 4001 270 170 271 170 274 170 280 170 286 170 294 170 303 170 314 170 317 170 320 170 321 170 322 170 322 170 323 170 325 170 328 170 332 170 338 170 339 170 340 170 
90 2 0 1 0 1 191 103 -1 -1 1 6378 133 103 132 103 131 103 128 103 126 103 122 103 118 103 111 103 108 103 103 103 100 103 96 103 92 103 89 103 86 103 83 103 82 103 83 103 84 103 86 103 88 103 90 103 93 103 101 103 106 103 118 103 125 103 129 103 136 103 139 103 141 103 145 103 147 103 150 103 152 103 153 103 155 103 156 103 157 103 159 103 160 103 161 103 162 103 163 103 164 103 165 103 166 103 167 103 168 103 170 103 171 103 173 103 174 103 175 103 178 103 179 103 180 103 181 103 182 103 183 103 182 103 181 103 177 103 173 103 169 103 165 103 162 103 161 103 160 103 159 103 158 103 159 103 161 103 163 103 165 103 168 103 172 103 177 103 180 103 183 103 186 103 187 103 188 103 189 103 190 103 191 103 
90 2 0 1 0 1 299 595 -1 -1 0 4267 333 595 332 595 331 595 330 595 328 595 328 595 326 595 322 595 320 595 315 595 313 595 312 595 311 595 310 595 309 595 308 595 307 595 306 595 305 595 303 595 302 595 301 595 300 595 299 595 
90 2 0 1 0 1 0 243 -1 -1 0 4450 56 243 44 243 42 243 36 243 30 243 24 243 18 243 9 243 7 243 3 243 2 243 0 243 0 243 0 243 0 243 0 243 0 243 0 243 0 243 0 243 0 243 0 243 0 243 0 243 0 243 0 243 0 243 
90 2 0 1 0 1 538 599 -1 -1 0 8497 538 105 538 125 538 124 538 123 538 121 538 120 538 118 538 112 538 109 538 103 538 100 538 98 538 89 538 84 538 80 538 71 538 67 538 61 538 58 538 54 538 43 538 37 538 29 538 12 538 4 538 0 538 0 538 0 538 0 538 0 538 0 538 0 538 0 538 0 538 0 538 0 538 0 538 0 538 0 538 0 538 0 538 0 538 0 538 0 538 0 538 0 538 0 538 0 538 0 538 0 538 0 538 0 538 0 538 0 538 0 538 0 538 0 538 0 538 0 538 0 538 2 538 18 538 29 538 42 538 77 538 98 538 120 538 163 538 183 538 222 538 243 538 264 538 308 538 327 538 345 538 371 538 381 538 392 538 396 538 397 538 397 538 396 538 393 538 384 538 380 538 374 538 358 538 346 538 320 538 302 538 282 538 242 538 226 538 201 538 192 538 187 538 186 538 185 538 185 538 187 538 195 538 214 538 243 538 281 538 378 538 429 538 528 538 569 538 599 538 599 538 599 538 599 538 599 538 599 538 599 538 599 538 599 538 599 538 599 538 599 538 599 538 599 538 599 538 599 538 599 538 599 538 599 538 599 538 599 538 599 538 599 
90 2 0 1 0 1 201 594 -1 -1 0 5585 201 298 201 296 201 298 201 301 201 305 201 310 201 317 201 324 201 344 201 355 201 375 201 386 201 399 201 428 201 444 201 459 201 491 201 506 201 534 201 547 201 561 201 582 201 591 201 599 201 599 201 599 201 599 201 599 201 599 201 599 201 598 201 596 201 595 201 595 201 594 201 594 
90 2 0 1 0 1 50 408 -1 -1 0 8529 50 245 50 218 50 218 50 217 50 216 50 215 50 215 50 215 50 216 50 217 50 218 50 219 50 220 50 221 50 222 50 223 50 225 50 227 50 231 50 233 50 237 50 238 50 238 50 239 50 240 50 241 50 242 50 243 50 244 50 245 50 246 50 247 50 248 50 252 50 257 50 270 50 279 50 289 50 309 50 317 50 325 50 337 50 344 50 357 50 365 50 374 50 392 50 400 50 406 50 412 50 414 50 418 50 420 50 422 50 428 50 430 50 432 50 433 50 433 50 432 50 431 50 429 50 428 50 427 50 427 50 426 50 425 50 425 50 424 50 424 50 422 50 421 50 421 50 420 50 419 50 419 50 418 50 417 50 417 50 416 50 415 50 415 50 414 50 413 50 412 50 412 50 410 50 408 50 408 
90 2 0 1 0 2 516 416 1 9958 1 
90 2 0 1 0 2 516 316 1 8011 2 
90 2 0 1 0 2 149 416 0 2863 3 
90 2 0 1 0 2 83 216 0 1859 3 
90 2 0 1 0 2 83 249 0 1336 3 
90 2 0 1 0 2 416 283 1 3760 2 
90 2 0 1 0 2 383 249 0 1862 2 
90 2 0 1 0 2 216 116 1 4378 2 
90 2 0 1 0 2 116 349 0 2170 3 
90 2 0 1 0 2 283 316 0 2778 3 
90 2 0 1 0 2 283 516 1 4443 2 
90 2 0 1 0 2 549 249 1 2941 3 
90 2 0 1 0 2 383 482 0 5720 2 
90 2 0 1 0 2 416 549 0 1309 2 
90 2 0 1 0 2 83 383 0 1968 3 
90 2 0 1 0 2 316 83 1 1881 3 
90 2 0 1 0 2 449 283 1 7174 2 
90 2 0 1 0 2 116 183 0 6225 3 
90 2 0 1 0 2 449 249 0 1844 3 
90 2 0 1 0 2 516 516 0 9989 2 
90 2 0 1 0 2 449 482 0 1413 2 
90 2 0 1 0 2 349 50 1 1882 3 
90 2 0 1 0 2 249 383 0 2445 3 
90 2 0 1 0 2 416 383 0 1470 3 
90 2 0 1 0 2 216 516 0 2676 2 
90 2 0 1 0 2 183 149 0 3042 3 
90 2 0 1 0 2 283 283 0 1364 3 
90 2 0 1 0 2 549 549 0 2197 3 
90 2 0 1 0 2 516 83 1 1620 2 
90 2 0 1 0 2 216 216 0 1981 2 
90 2 0 1 0 2 149 449 0 1517 3 
90 2 0 1 0 2 216 249 0 1252 3 
90 2 0 1 0 1 181 599 -1 -1 0 11234 181 101 181 102 181 102 181 102 181 102 181 102 181 104 181 104 181 104 181 104 181 105 181 105 181 106 181 106 181 107 181 109 181 112 181 115 181 121 181 127 181 135 181 149 181 154 181 161 181 175 181 183 181 201 181 212 181 223 181 247 181 259 181 272 181 296 181 306 181 328 181 337 181 347 181 365 181 374 181 383 181 394 181 399 181 406 181 408 181 409 181 412 181 413 181 412 181 410 181 407 181 403 181 397 181 391 181 377 181 371 181 352 181 341 181 331 181 314 181 304 181 292 181 262 181 244 181 206 181 185 181 163 181 119 181 99 181 81 181 53 181 42 181 23 181 14 181 7 181 0 181 0 181 0 181 0 181 0 181 0 181 0 181 0 181 0 181 2 181 4 181 8 181 11 181 14 181 21 181 25 181 35 181 41 181 47 181 59 181 65 181 68 181 71 181 72 181 72 181 72 181 75 181 79 181 85 181 100 181 112 181 143 181 166 181 196 181 271 181 317 181 373 181 509 181 582 181 599 181 599 181 599 181 599 181 599 181 599 181 599 181 599 181 598 181 595 181 591 181 587 181 583 181 578 181 562 181 553 181 544 181 528 181 523 181 521 181 522 181 524 181 526 181 531 181 536 181 542 181 558 181 566 181 585 181 596 181 599 181 599 181 599 181 599 
90 2 0 1 0 1 345 386 -1 -1 0 4513 345 391 345 386 
90 2 0 1 0 1 507 401 -1 -1 1 5507 507 2 507 7 507 7 507 7 507 4 507 2 507 0 507 0 507 0 507 0 507 0 507 0 507 0 507 0 507 0 507 0 507 0 507 0 507 0 507 0 507 0 507 0 507 0 507 0 507 0 507 0 507 0 507 0 507 1 507 5 507 15 507 53 507 74 507 120 507 146 507 170 507 212 507 231 507 249 507 284 507 301 507 335 507 354 507 373 507 406 507 417 507 425 507 435 507 439 507 443 507 443 507 444 507 444 507 444 507 441 507 438 507 433 507 428 507 423 507 412 507 408 507 402 507 401 507 400 507 399 507 398 507 397 507 396 507 395 507 394 507 393 507 393 507 394 507 395 507 396 507 397 507 398 507 399 507 400 507 401 
90 2 0 1 0 1 555 406 -1 -1 1 4392 555 338 555 339 555 342 555 347 555 354 555 362 555 370 555 395 555 410 555 440 555 453 555 464 555 485 555 492 555 495 555 496 555 494 555 491 555 487 555 482 555 474 555 466 555 452 555 445 555 440 555 430 555 423 555 419 555 416 555 414 555 412 555 411 555 410 555 409 555 407 555 405 555 404 555 403 555 402 555 403 555 404 555 405 555 406 
90 2 0 1 0 1 249 408 -1 -1 0 5601 249 357 249 358 249 359 249 363 249 367 249 374 249 381 249 399 249 407 249 425 249 434 249 442 249 454 249 456 249 458 249 459 249 458 249 457 249 454 249 451 249 447 249 444 249 437 249 434 249 430 249 428 249 426 249 424 249 422 249 421 249 420 249 419 249 416 249 415 249 413 249 411 249 408 249 407 249 405 249 404 249 403 249 402 249 403 249 404 249 405 249 406 249 407 249 408 
90 2 0 1 0 1 427 411 -1 -1 1 5755 427 226 427 227 427 228 427 231 427 235 427 244 427 254 427 280 427 295 427 329 427 349 427 367 427 409 427 428 427 447 427 474 427 484 427 488 427 486 427 482 427 477 427 469 427 462 427 453 427 433 427 425 427 415 427 412 427 411 427 407 427 406 427 405 427 402 427 401 427 397 427 395 427 394 427 393 427 394 427 394 427 395 427 396 427 397 427 398 427 399 427 401 427 403 427 404 427 405 427 405 427 406 427 407 427 408 427 409 427 410 427 411 
90 2 0 1 0 1 334 406 -1 -1 0 6050 334 150 334 140 334 142 334 145 334 151 334 158 334 169 334 204 334 229 334 279 334 303 334 325 334 361 334 376 334 389 334 412 334 423 334 445 334 456 334 464 334 474 334 475 334 474 334 472 334 468 334 466 334 463 334 459 334 456 334 450 334 448 334 447 334 446 334 445 334 444 334 443 334 442 334 440 334 435 334 432 334 431 334 429 334 428 334 426 334 424 334 420 334 409 334 403 334 396 334 390 334 391 334 394 334 399 334 404 334 408 334 411 334 413 334 414 334 414 334 413 334 413 334 412 334 411 334 410 334 409 334 407 334 406 
90 2 0 1 0 1 512 405 -1 -1 1 4874 512 136 512 133 512 138 512 148 512 164 512 183 512 206 512 263 512 291 512 332 512 347 512 360 512 379 512 382 512 384 512 385 512 386 512 387 512 391 512 397 512 406 512 415 512 422 512 424 512 423 512 422 512 419 512 416 512 413 512 410 512 406 512 404 512 402 512 403 512 404 512 405 
90 2 0 1 0 1 0 534 -1 -1 0 9569 206 534 180 534 184 534 188 534 194 534 204 534 215 534 239 534 251 534 273 534 281 534 290 534 308 534 318 534 328 534 350 534 359 534 378 534 387 534 394 534 408 534 414 534 418 534 421 534 421 534 420 534 419 534 415 534 410 534 399 534 356 534 331 534 275 534 248 534 218 534 169 534 150 534 131 534 98 534 84 534 62 534 52 534 44 534 27 534 19 534 9 534 0 534 0 534 0 534 0 534 0 534 0 534 0 534 0 534 0 534 0 534 0 534 0 534 0 534 0 534 
90 2 0 1 0 1 599 426 -1 -1 1 4946 561 426 572 426 570 426 565 426 558 426 547 426 533 426 502 426 487 426 460 426 449 426 439 426 422 426 415 426 406 426 393 426 391 426 390 426 392 426 401 426 417 426 441 426 469 426 502 426 589 426 599 426 599 426 599 426 599 426 599 426 599 426 599 426 599 426 599 426 599 426 599 426 599 426 599 426 599 426 599 426 599 426 599 426 599 426 599 426 599 426 599 426 599 426 599 426 599 426 599 426 599 426 
90 2 0 1 0 1 110 86 -1 -1 1 11189 321 86 330 86 329 86 328 86 327 86 325 86 324 86 319 86 317 86 314 86 313 86 312 86 311 86 310 86 309 86 308 86 307 86 306 86 305 86 304 86 302 86 299 86 295 86 293 86 291 86 290 86 288 86 286 86 285 86 284 86 283 86 284 86 285 86 286 86 287 86 288 86 289 86 291 86 292 86 294 86 295 86 296 86 299 86 300 86 302 86 304 86 305 86 306 86 307 86 311 86 319 86 330 86 342 86 357 86 384 86 394 86 409 86 413 86 414 86 413 86 405 86 396 86 382 86 364 86 321 86 296 86 252 86 234 86 218 86 193 86 185 86 179 86 169 86 166 86 162 86 160 86 158 86 157 86 156 86 155 86 154 86 150 86 146 86 144 86 142 86 141 86 140 86 139 86 137 86 133 86 129 86 124 86 118 86 115 86 113 86 111 86 110 86 
90 2 0 1 0 1 181 542 -1 -1 0 6024 181 363 181 370 181 375 181 382 181 392 181 403 181 415 181 446 181 462 181 497 181 513 181 530 181 557 181 566 181 575 181 591 181 599 181 599 181 599 181 599 181 599 181 598 181 596 181 592 181 585 181 577 181 570 181 552 181 545 181 535 181 530 181 525 181 520 181 519 181 520 181 522 181 527 181 533 181 536 181 540 181 542 
90 2 0 1 0 1 562 275 -1 -1 1 7291 284 275 285 275 289 275 292 275 297 275 303 275 312 275 334 275 350 275 388 275 409 275 429 275 466 275 483 275 497 275 522 275 531 275 541 275 543 275 544 275 543 275 542 275 541 275 540 275 539 275 538 275 537 275 536 275 535 275 536 275 537 275 538 275 539 275 540 275 541 275 542 275 543 275 544 275 545 275 546 275 547 275 548 275 549 275 550 275 550 275 551 275 552 275 553 275 554 275 555 275 556 275 557 275 557 275 558 275 559 275 560 275 561 275 562 275 
90 2 0 1 0 1 599 459 -1 -1 1 8907 465 459 443 459 442 459 441 459 439 459 438 459 436 459 435 459 434 459 433 459 432 459 430 459 431 459 433 459 435 459 439 459 446 459 452 459 466 459 472 459 480 459 483 459 485 459 488 459 489 459 491 459 494 459 497 459 505 459 511 459 516 459 527 459 532 459 537 459 539 459 540 459 541 459 541 459 540 459 538 459 537 459 536 459 535 459 534 459 533 459 532 459 530 459 527 459 525 459 519 459 516 459 515 459 512 459 510 459 508 459 506 459 505 459 501 459 500 459 499 459 497 459 495 459 494 459 493 459 492 459 491 459 490 459 489 459 490 459 494 459 500 459 508 459 517 459 529 459 557 459 571 459 598 459 599 459 599 459 599 459 599 459 599 459 599 459 599 459 599 459 599 459 599 459 599 459 599 459 
90 2 0 1 0 1 120 569 -1 -1 0 5945 120 216 120 185 120 185 120 187 120 191 120 198 120 209 120 242 120 263 120 313 120 337 120 363 120 416 120 441 120 459 120 484 120 491 120 501 120 503 120 507 120 514 120 519 120 526 120 539 120 545 120 557 120 559 120 560 120 561 120 562 120 563 120 566 120 567 120 568 120 569 120 569 120 571 120 572 120 573 120 572 120 572 120 571 120 570 120 570 120 569 
90 2 0 1 0 1 226 476 -1 -1 0 7850 416 476 408 476 406 476 405 476 403 476 402 476 401 476 400 476 399 476 398 476 397 476 397 476 396 476 395 476 396 476 398 476 399 476 401 476 404 476 408 476 410 476 414 476 416 476 420 476 422 476 426 476 431 476 435 476 438 476 446 476 450 476 460 476 464 476 467 476 474 476 477 476 479 476 485 476 487 476 491 476 493 476 494 476 495 476 496 476 497 476 498 476 499 476 500 476 501 476 502 476 503 476 504 476 503 476 497 476 488 476 472 476 456 476 443 476 427 476 422 476 418 476 417 476 415 476 411 476 407 476 404 476 397 476 393 476 385 476 383 476 380 476 374 476 370 476 366 476 358 476 355 476 347 476 343 476 338 476 330 476 326 476 321 476 313 476 309 476 304 476 299 476 294 476 284 476 277 476 271 476 254 476 247 476 237 476 233 476 231 476 227 476 226 476 
90 2 0 1 0 2 482 50 1 4028 3 
90 2 0 1 0 2 149 249 0 2714 3 
90 2 0 1 0 2 249 183 0 1683 3 
90 2 0 1 0 2 216 449 1 2710 3 
90 2 0 1 0 2 83 449 1 2395 3 
90 2 0 1 0 2 283 216 0 2576 3 
90 2 0 1 0 2 549 316 1 4563 3 
90 2 0 1 0 2 449 116 1 1954 3 
90 2 0 1 0 2 416 349 0 4933 2 
90 2 0 1 0 2 116 316 0 2017 3 
90 2 0 1 0 2 183 349 0 1453 3 
90 2 0 1 0 2 383 83 1 1762 3 
90 2 0 1 0 2 216 349 0 1500 3 
90 2 0 1 0 2 149 116 0 1234 3 
90 2 0 1 0 2 83 349 0 1115 3 
90 2 0 1 0 2 83 149 0 1047 3 
90 2 0 1 0 2 349 83 1 2996 3 
90 2 0 1 0 2 349 516 0 3960 3 
90 2 0 1 0 2 316 283 0 2100 3 
90 2 0 1 0 2 149 83 0 2286 3 
90 2 0 1 0 2 83 83 1 1517 3 
90 2 0 1 0 2 183 383 1 2757 3 
90 2 0 1 0 2 416 249 0 2144 3 
90 2 0 1 0 2 549 383 1 2926 2 
90 2 0 1 0 2 516 383 1 3379 2 
90 2 0 1 0 2 482 149 0 3848 1 
90 2 0 1 0 2 416 482 1 4343 1 
90 2 0 1 0 2 283 383 1 4368 2 
90 2 0 1 0 2 50 149 0 1381 2 
90 2 0 1 0 2 449 449 1 1591 2 
90 2 0 1 0 2 449 83 1 1586 2 
90 2 0 1 0 2 349 383 1 4367 2 
90 2 0 1 0 1 0 90 -1 -1 0 17331 28 90 0 90 0 90 0 90 0 90 0 90 0 90 0 90 0 90 0 90 0 90 0 90 0 90 0 90 0 90 0 90 0 90 0 90 0 90 0 90 0 90 0 90 0 90 0 90 0 90 0 90 0 90 0 90 0 90 0 90 1 90 2 90 3 90 4 90 5 90 6 90 7 90 6 90 4 90 1 90 0 90 0 90 0 90 0 90 0 90 0 90 0 90 0 90 
90 2 0 1 0 1 0 134 -1 -1 0 4097 160 134 160 134 157 134 152 134 145 134 138 134 128 134 109 134 102 134 83 134 71 134 59 134 34 134 23 134 13 134 0 134 0 134 0 134 0 134 0 134 0 134 0 134 0 134 0 134 0 134 0 134 0 134 0 134 
90 2 0 1 0 1 424 86 -1 -1 1 9353 508 86 522 86 521 86 522 86 524 86 526 86 527 86 529 86 530 86 531 86 532 86 533 86 534 86 535 86 536 86 538 86 539 86 540 86 541 86 542 86 543 86 544 86 545 86 545 86 546 86 545 86 543 86 541 86 540 86 538 86 537 86 536 86 535 86 534 86 532 86 531 86 528 86 526 86 525 86 525 86 526 86 528 86 531 86 533 86 536 86 541 86 549 86 553 86 556 86 558 86 559 86 561 86 562 86 564 86 569 86 571 86 573 86 575 86 574 86 573 86 572 86 572 86 571 86 570 86 568 86 565 86 557 86 553 86 551 86 548 86 547 86 546 86 543 86 542 86 541 86 540 86 539 86 538 86 537 86 536 86 534 86 532 86 530 86 526 86 522 86 516 86 513 86 509 86 505 86 503 86 499 86 494 86 491 86 483 86 477 86 471 86 456 86 450 86 443 86 432 86 428 86 425 86 424 86 423 86 424 86 
90 2 0 1 0 1 389 340 -1 -1 1 7106 539 340 544 340 545 340 548 340 551 340 554 340 557 340 560 340 565 340 569 340 574 340 576 340 578 340 580 340 581 340 582 340 585 340 587 340 593 340 598 340 599 340 599 340 599 340 599 340 599 340 599 340 599 340 599 340 599 340 599 340 599 340 599 340 598 340 596 340 592 340 587 340 582 340 575 340 556 340 547 340 533 340 527 340 523 340 515 340 513 340 510 340 508 340 506 340 502 340 499 340 496 340 491 340 488 340 483 340 475 340 473 340 468 340 467 340 465 340 462 340 460 340 459 340 458 340 456 340 455 340 452 340 450 340 445 340 441 340 438 340 431 340 429 340 427 340 422 340 421 340 415 340 413 340 410 340 403 340 400 340 396 340 391 340 390 340 389 340 
90 2 0 1 0 1 187 132 -1 -1 1 5898 112 132 118 132 116 132 112 132 105 132 99 132 92 132 79 132 73 132 63 132 57 132 52 132 44 132 41 132 39 132 36 132 35 132 33 132 32 132 31 132 28 132 27 132 26 132 25 132 24 132 22 132 21 132 19 132 17 132 15 132 14 132 10 132 8 132 6 132 3 132 2 132 1 132 0 132 1 132 5 132 11 132 20 132 28 132 36 132 52 132 59 132 68 132 71 132 74 132 86 132 92 132 99 132 109 132 112 132 116 132 118 132 119 132 120 132 121 132 122 132 124 132 127 132 132 132 134 132 135 132 137 132 138 132 139 132 140 132 141 132 142 132 143 132 144 132 145 132 147 132 149 132 151 132 152 132 153 132 154 132 155 132 156 132 157 132 159 132 161 132 163 132 165 132 167 132 169 132 170 132 171 132 173 132 175 132 177 132 180 132 185 132 187 132 
90 2 0 1 0 1 127 35 -1 -1 1 6042 429 35 430 35 429 35 427 35 425 35 421 35 416 35 411 35 399 35 393 35 384 35 382 35 380 35 378 35 377 35 375 35 372 35 371 35 366 35 365 35 363 35 361 35 359 35 358 35 355 35 354 35 353 35 352 35 351 35 352 35 354 35 357 35 359 35 362 35 367 35 381 35 390 35 411 35 422 35 434 35 455 35 465 35 475 35 490 35 498 35 516 35 526 35 535 35 554 35 564 35 575 35 596 35 599 35 599 35 599 35 599 35 599 35 599 35 599 35 599 35 599 35 599 35 599 35 599 35 599 35 599 35 599 35 599 35 599 35 598 35 593 35 585 35 576 35 565 35 554 35 525 35 510 35 478 35 462 35 446 35 416 35 404 35 393 35 372 35 358 35 331 35 317 35 304 35 276 35 263 35 250 35 224 35 213 35 195 35 187 35 180 35 167 35 161 35 156 35 147 35 143 35 135 35 132 35 130 35 129 35 127 35 
90 2 0 1 0 1 237 126 -1 -1 1 4275 349 126 423 126 421 126 417 126 412 126 404 126 396 126 372 126 361 126 339 126 330 126 322 126 313 126 309 126 305 126 296 126 292 126 283 126 279 126 276 126 268 126 265 126 263 126 259 126 257 126 256 126 252 126 251 126 249 126 248 126 247 126 246 126 245 126 244 126 243 126 242 126 241 126 240 126 239 126 238 126 237 126 
90 2 0 1 0 1 158 258 -1 -1 0 6737 208 258 213 258 212 258 210 258 206 258 202 258 199 258 193 258 192 258 191 258 190 258 189 258 188 258 187 258 186 258 185 258 184 258 183 258 181 258 180 258 179 258 178 258 177 258 176 258 175 258 174 258 173 258 172 258 171 258 170 258 169 258 168 258 167 258 166 258 165 258 164 258 163 258 163 258 162 258 161 258 160 258 159 258 158 258 157 258 156 258 155 258 154 258 153 258 152 258 151 258 150 258 149 258 148 258 147 258 146 258 145 258 144 258 143 258 143 258 144 258 148 258 153 258 158 258 
90 2 0 1 0 1 74 29 -1 -1 1 7121 22 29 32 29 31 29 30 29 29 29 28 29 26 29 25 29 23 29 22 29 21 29 20 29 19 29 18 29 17 29 16 29 15 29 14 29 13 29 12 29 11 29 10 29 9 29 8 29 7 29 6 29 7 29 8 29 10 29 12 29 13 29 14 29 15 29 16 29 17 29 18 29 19 29 20 29 21 29 22 29 23 29 24 29 25 29 26 29 27 29 28 29 30 29 32 29 33 29 35 29 36 29 37 29 38 29 39 29 43 29 49 29 54 29 59 29 61 29 62 29 63 29 64 29 65 29 66 29 67 29 70 29 72 29 73 29 74 29 
90 2 0 1 0 1 535 13 -1 -1 1 4241 388 13 387 13 383 13 378 13 374 13 368 13 362 13 351 13 345 13 335 13 330 13 324 13 314 13 309 13 306 13 304 13 306 13 313 13 325 13 340 13 359 13 381 13 420 13 436 13 461 13 470 13 478 13 488 13 490 13 492 13 493 13 494 13 495 13 497 13 499 13 502 13 505 13 511 13 515 13 522 13 524 13 526 13 527 13 528 13 529 13 531 13 532 13 533 13 534 13 535 13 
90 2 0 1 0 1 46 114 -1 -1 0 5483 44 114 43 114 42 114 41 114 39 114 38 114 37 114 36 114 37 114 38 114 39 114 40 114 41 114 42 114 43 114 44 114 45 114 45 114 46 114 
90 2 0 1 0 1 306 526 -1 -1 0 10379 306 111 306 106 306 106 306 110 306 116 306 124 306 136 306 162 306 177 306 207 306 224 306 240 306 272 306 288 306 303 306 327 306 338 306 355 306 362 306 367 306 371 306 372 306 373 306 374 306 375 306 376 306 378 306 379 306 380 306 381 306 382 306 386 306 388 306 392 306 394 306 396 306 399 306 400 306 401 306 404 306 406 306 408 306 412 306 413 306 414 306 415 306 416 306 417 306 418 306 419 306 420 306 421 306 422 306 423 306 424 306 425 306 426 306 428 306 429 306 432 306 433 306 434 306 435 306 436 306 442 306 446 306 451 306 462 306 468 306 482 306 490 306 495 306 505 306 510 306 514 306 522 306 526 306 534 306 536 306 538 306 540 306 541 306 541 306 543 306 543 306 544 306 543 306 540 306 534 306 527 306 519 306 499 306 488 306 464 306 454 306 446 306 431 306 425 306 421 306 419 306 417 306 413 306 411 306 409 306 407 306 406 306 405 306 404 306 403 306 402 306 401 306 400 306 401 306 402 306 403 306 404 306 405 306 406 306 407 306 408 306 409 306 410 306 411 306 412 306 413 306 414 306 415 306 417 306 419 306 421 306 429 306 433 306 445 306 452 306 458 306 468 306 474 306 479 306 490 306 495 306 506 306 511 306 514 306 518 306 518 306 519 306 520 306 520 306 522 306 523 306 524 306 524 306 524 306 525 306 526 306 526 306 527 306 527 306 527 306 528 306 528 306 528 306 528 306 530 306 531 306 531 306 531 306 531 306 531 306 531 306 531 306 531 306 532 306 532 306 532 306 532 306 532 306 532 306 533 306 534 306 534 306 534 306 534 306 534 306 534 306 534 306 534 306 532 306 531 306 531 306 531 306 529 306 529 306 529 306 528 306 527 306 526 
90 2 0 1 0 1 225 569 -1 -1 0 5409 225 133 225 128 225 130 225 134 225 139 225 146 225 154 225 170 225 179 225 199 225 209 225 217 225 235 225 246 225 256 225 282 225 295 225 322 225 335 225 350 225 378 225 392 225 406 225 433 225 447 225 464 225 498 225 514 225 546 225 559 225 569 225 577 225 579 225 579 225 582 225 583 225 585 225 587 225 588 225 589 225 589 225 589 225 589 225 589 225 589 225 589 225 588 225 588 225 587 225 585 225 584 225 582 225 580 225 579 225 578 225 577 225 577 225 576 225 576 225 575 225 574 225 573 225 573 225 572 225 572 225 571 225 571 225 571 225 570 225 570 225 570 225 569 
90 2 0 1 0 1 65 597 -1 -1 0 5299 65 212 65 154 65 158 65 161 65 167 65 173 65 181 65 200 65 213 65 244 65 261 65 278 65 317 65 339 65 359 65 399 65 415 65 445 65 455 65 461 65 471 65 475 65 480 65 493 65 498 65 507 65 510 65 511 65 510 65 508 65 505 65 499 65 496 65 491 65 489 65 487 65 484 65 482 65 479 65 470 65 464 65 459 65 459 65 459 65 461 65 464 65 467 65 486 65 499 65 527 65 540 65 553 65 575 65 586 65 597 65 599 65 599 65 599 65 599 65 599 65 599 65 599 65 599 65 599 65 597 
90 2 0 1 0 1 572 535 -1 -1 1 5432 572 157 572 43 572 43 572 44 572 45 572 47 572 50 572 63 572 74 572 110 572 137 572 168 572 257 572 299 572 351 572 446 572 489 572 524 572 586 572 599 572 599 572 599 572 599 572 599 572 599 572 598 572 596 572 594 572 593 572 593 572 592 572 591 572 589 572 588 572 586 572 583 572 581 572 579 572 579 572 578 572 578 572 576 572 576 572 574 572 572 572 570 572 565 572 563 572 562 572 561 572 561 572 560 572 559 572 559 572 557 572 555 572 551 572 549 572 549 572 548 572 548 572 548 572 547 572 546 572 545 572 544 572 543 572 542 572 542 572 540 572 541 572 542 572 544 572 546 572 549 572 552 572 556 572 557 572 558 572 559 572 560 572 563 572 563 572 563 572 557 572 548 572 535 
90 2 0 1 0 1 169 565 -1 -1 0 4339 169 335 169 323 169 323 169 326 169 330 169 336 169 345 169 374 169 395 169 447 169 479 169 512 169 572 169 594 169 599 169 599 169 599 169 599 169 599 169 599 169 599 169 599 169 599 169 598 169 596 169 593 169 590 169 587 169 584 169 583 169 582 169 582 169 581 169 581 169 580 169 580 169 579 169 578 169 578 169 577 169 576 169 576 169 575 169 574 169 570 169 565 
90 2 0 1 0 2 316 516 0 3587 1 
90 2 0 1 0 2 50 449 0 4427 2 
90 2 0 1 0 2 416 416 1 6118 1 
90 2 0 1 0 2 349 416 1 4164 1 
90 2 0 1 0 2 83 516 0 1451 2 
90 2 0 1 0 2 383 549 0 2537 2 
90 2 0 1 0 2 183 283 0 2113 2 
90 2 0 1 0 2 116 149 0 1250 2 
90 2 0 1 0 2 449 349 1 4620 1 
90 2 0 1 0 2 283 50 1 1658 1 
90 2 0 1 0 2 482 183 1 5549 1 
90 2 0 1 0 2 183 216 0 1588 2 
90 2 0 1 0 2 216 549 0 1969 2 
90 2 0 1 0 2 416 149 0 2669 2 
90 2 0 1 0 2 216 383 0 2924 2 
90 2 0 1 0 2 316 249 0 1593 2 
90 2 0 1 0 2 316 549 0 1262 2 
90 2 0 1 0 2 482 316 1 1256 2 
90 2 0 1 0 2 482 116 1 2517 2 
90 2 0 1 0 2 416 116 1 1451 2 
90 2 0 1 0 2 549 216 1 1327 2 
90 2 0 1 0 2 249 283 0 1171 2 
90 2 0 1 0 2 516 50 1 3154 1 
90 2 0 1 0 2 283 183 0 1739 2 
90 2 0 1 0 2 482 449 1 5072 1 
90 2 0 1 0 2 83 482 0 1633 2 
90 2 0 1 0 2 83 416 0 1298 2 
90 2 0 1 0 2 516 283 0 2260 2 
90 2 0 1 0 2 116 83 0 1600 2 
90 2 0 1 0 2 83 316 0 1098 2 
90 2 0 1 0 2 83 549 0 1421 2 
90 2 0 1 0 2 249 116 0 3855 2 
90 2 0 1 0 1 278 599 -1 -1 0 15699 278 382 278 410 278 409 278 407 278 406 278 404 278 402 278 399 278 394 278 392 278 384 278 379 278 376 278 368 278 363 278 358 278 344 278 337 278 320 278 312 278 302 278 281 278 270 278 259 278 235 278 223 278 196 278 183 278 169 278 141 278 126 278 111 278 74 278 52 278 32 278 0 278 0 278 0 278 0 278 0 278 0 278 0 278 0 278 0 278 0 278 0 278 0 278 0 278 0 278 0 278 0 278 0 278 0 278 0 278 0 278 0 278 0 278 0 278 1 278 3 278 4 278 5 278 6 278 7 278 9 278 10 278 11 278 13 278 15 278 16 278 21 278 24 278 28 278 40 278 51 278 64 278 95 278 113 278 150 278 170 278 192 278 239 278 262 278 290 278 350 278 382 278 447 278 480 278 511 278 575 278 599 278 599 278 599 278 599 278 599 278 599 278 599 278 599 278 599 278 599 278 599 278 598 278 597 278 597 278 596 278 596 278 595 278 594 278 594 278 593 278 592 278 593 278 595 278 599 278 599 278 599 278 599 278 599 278 599 278 599 278 599 278 599 278 599 278 599 278 598 278 597 278 597 278 596 278 596 278 595 278 594 278 594 278 592 278 591 278 591 278 592 278 596 278 599 278 599 278 599 278 599 278 599 278 599 278 599 278 599 278 599 278 599 278 599 278 599 278 599 278 599 278 599 278 599 278 599 278 599 278 599 278 599 278 599 278 599 278 599 278 599 278 598 278 596 278 593 278 589 278 584 278 564 278 552 278 521 278 503 278 484 278 446 278 425 278 402 278 358 278 332 278 276 278 249 278 220 278 168 278 145 278 123 278 86 278 69 278 40 278 26 278 14 278 0 278 0 278 0 278 0 278 0 278 0 278 0 278 0 278 1 278 1 278 2 278 3 278 4 278 4 278 6 278 7 278 10 278 13 278 17 278 29 278 37 278 46 278 66 278 74 278 91 278 100 278 109 278 137 278 155 278 175 278 223 278 251 278 316 278 350 278 385 278 456 278 494 278 527 278 581 278 599 278 599 278 599 278 599 278 599 278 599 278 599 278 599 278 599 278 599 278 599 278 599 278 599 278 599 
90 2 0 1 0 1 95 368 -1 -1 0 10041 184 368 176 368 175 368 174 368 173 368 171 368 168 368 166 368 159 368 157 368 152 368 149 368 147 368 143 368 142 368 140 368 139 368 139 368 138 368 137 368 135 368 127 368 121 368 114 368 91 368 76 368 47 368 35 368 25 368 6 368 0 368 0 368 0 368 0 368 0 368 0 368 0 368 0 368 0 368 0 368 0 368 0 368 2 368 8 368 15 368 24 368 36 368 49 368 71 368 79 368 90 368 92 368 93 368 95 368 
90 2 0 1 0 1 198 537 -1 -1 0 5155 419 537 418 537 416 537 411 537 406 537 398 537 391 537 374 537 364 537 345 537 338 537 332 537 320 537 316 537 314 537 311 537 309 537 306 537 305 537 304 537 303 537 302 537 301 537 299 537 297 537 295 537 293 537 292 537 289 537 288 537 287 537 286 537 285 537 284 537 283 537 282 537 280 537 279 537 277 537 273 537 269 537 265 537 259 537 257 537 254 537 249 537 246 537 241 537 238 537 235 537 230 537 227 537 225 537 221 537 219 537 215 537 212 537 209 537 207 537 205 537 204 537 202 537 201 537 200 537 199 537 198 537 
90 2 0 1 0 1 577 488 -1 -1 1 4585 256 488 255 488 257 488 260 488 267 488 274 488 284 488 309 488 324 488 355 488 372 488 390 488 423 488 439 488 453 488 485 488 502 488 534 488 550 488 567 488 595 488 599 488 599 488 599 488 599 488 598 488 596 488 592 488 587 488 584 488 582 488 580 488 579 488 578 488 577 488 
90 2 0 1 0 1 444 357 -1 -1 1 5180 175 357 171 357 169 357 166 357 161 357 155 357 150 357 139 357 133 357 120 357 113 357 108 357 98 357 97 357 100 357 109 357 123 357 141 357 162 357 186 357 242 357 268 357 307 357 320 357 329 357 337 357 339 357 340 357 341 357 342 357 343 357 344 357 345 357 346 357 349 357 356 357 360 357 365 357 373 357 375 357 378 357 383 357 389 357 400 357 405 357 411 357 424 357 430 357 445 357 453 357 460 357 475 357 483 357 492 357 503 357 506 357 505 357 503 357 498 357 494 357 487 357 481 357 470 357 465 357 457 357 453 357 449 357 446 357 445 357 444 357 
90 2 0 1 0 1 334 236 -1 -1 1 5194 55 236 39 236 38 236 37 236 35 236 33 236 31 236 20 236 15 236 5 236 1 236 0 236 0 236 0 236 0 236 2 236 9 236 20 236 34 236 48 236 63 236 93 236 106 236 129 236 140 236 149 236 165 236 175 236 184 236 200 236 208 236 221 236 227 236 232 236 244 236 250 236 257 236 272 236 280 236 292 236 297 236 301 236 308 236 310 236 311 236 314 236 317 236 324 236 329 236 333 236 340 236 343 236 345 236 350 236 353 236 361 236 366 236 373 236 389 236 396 236 400 236 404 236 404 236 402 236 398 236 392 236 386 236 379 236 372 236 360 236 352 236 343 236 340 236 338 236 337 236 335 236 334 236 
90 2 0 1 0 1 469 288 -1 -1 1 3537 386 288 386 288 388 288 392 288 398 288 404 288 420 288 427 288 434 288 444 288 449 288 453 288 462 288 464 288 467 288 469 288 
90 2 0 1 0 1 289 444 -1 -1 0 6555 597 444 568 444 566 444 564 444 560 444 556 444 552 444 544 444 539 444 534 444 532 444 530 444 527 444 526 444 523 444 518 444 517 444 514 444 513 444 513 444 514 444 518 444 523 444 531 444 539 444 546 444 553 444 554 444 555 444 556 444 556 444 557 444 558 444 559 444 560 444 561 444 562 444 563 444 564 444 565 444 566 444 566 444 568 444 569 444 569 444 568 444 566 444 562 444 557 444 552 444 539 444 531 444 517 444 508 444 500 444 484 444 476 444 469 444 455 444 450 444 438 444 431 444 425 444 413 444 406 444 399 444 384 444 376 444 362 444 357 444 351 444 343 444 339 444 336 444 333 444 331 444 329 444 325 444 323 444 319 444 317 444 316 444 312 444 311 444 310 444 308 444 307 444 306 444 305 444 305 444 304 444 303 444 302 444 301 444 300 444 299 444 298 444 297 444 296 444 295 444 294 444 293 444 292 444 291 444 291 444 291 444 289 444 
90 2 0 1 0 1 387 47 -1 -1 1 6312 387 106 387 159 387 159 387 159 387 159 387 158 387 157 387 156 387 154 387 150 387 147 387 142 387 140 387 139 387 136 387 136 387 135 387 135 387 134 387 130 387 127 387 120 387 105 387 96 387 86 387 68 387 59 387 46 387 38 387 26 387 0 387 0 387 0 387 0 387 0 387 0 387 0 387 1 387 13 387 23 387 34 387 50 387 54 387 58 387 68 387 76 387 95 387 106 387 114 387 120 387 120 387 119 387 117 387 114 387 112 387 108 387 101 387 97 387 87 387 82 387 76 387 64 387 59 387 55 387 50 387 48 387 42 387 40 387 37 387 32 387 31 387 30 387 31 387 32 387 32 387 33 387 34 387 35 387 36 387 38 387 39 387 40 387 41 387 42 387 43 387 43 387 44 387 45 387 46 387 47 387 47 
90 2 0 1 0 1 47 43 -1 -1 1 7747 47 65 47 73 47 73 47 73 47 73 47 73 47 73 47 72 47 72 47 72 47 72 47 71 47 71 47 71 47 71 47 71 47 71 47 71 47 71 47 71 47 70 47 69 47 68 47 67 47 67 47 66 47 66 47 65 47 65 47 64 47 64 47 64 47 62 47 62 47 61 47 61 47 59 47 59 47 59 47 57 47 57 47 55 47 55 47 54 47 54 47 53 47 53 47 51 47 51 47 50 47 49 47 48 47 47 47 47 47 46 47 45 47 45 47 44 47 44 47 43 
90 2 0 1 0 1 330 125 -1 -1 1 2506 330 115 330 125 
90 2 0 1 0 1 256 44 -1 -1 1 5699 256 472 256 453 256 454 256 455 256 456 256 459 256 464 256 471 256 490 256 503 256 518 256 555 256 575 256 596 256 599 256 599 256 599 256 599 256 599 256 599 256 599 256 599 256 599 256 599 256 599 256 599 256 599 256 599 256 599 256 599 256 599 256 599 256 599 256 599 256 599 256 599 256 599 256 597 256 586 256 577 256 550 256 534 256 515 256 469 256 436 256 394 256 299 256 254 256 165 256 122 256 88 256 32 256 9 256 0 256 0 256 0 256 0 256 0 256 4 256 14 256 17 256 19 256 20 256 21 256 23 256 25 256 28 256 32 256 38 256 46 256 48 256 51 256 52 256 54 256 59 256 63 256 66 256 72 256 75 256 77 256 77 256 76 256 74 256 72 256 69 256 66 256 62 256 56 256 53 256 47 256 45 256 42 256 37 256 36 256 37 256 38 256 39 256 40 256 41 256 42 256 43 256 44 
90 2 0 1 0 1 486 214 -1 -1 1 9952 486 197 486 200 486 200 486 201 486 201 486 202 486 204 486 204 486 204 486 205 486 205 486 205 486 206 486 206 486 206 486 207 486 207 486 208 486 208 486 209 486 210 486 211 486 211 486 213 486 214 486 214 
90 2 0 1 0 1 43 46 -1 -1 0 7499 43 109 43 111 43 111 43 111 43 111 43 111 43 111 43 111 43 110 43 110 43 110 43 110 43 110 43 110 43 110 43 110 43 110 43 110 43 109 43 109 43 109 43 109 43 109 43 110 43 112 43 115 43 118 43 123 43 133 43 137 43 143 43 145 43 146 43 147 43 146 43 144 43 142 43 140 43 138 43 136 43 129 43 126 43 120 43 116 43 110 43 94 43 86 43 79 43 65 43 60 43 52 43 50 43 48 43 47 43 47 43 45 43 44 43 44 43 44 43 44 43 44 43 44 43 45 43 45 43 45 43 46 43 46 
90 2 0 1 0 1 222 373 -1 -1 0 2545 222 364 222 372 222 373 
90 2 0 1 0 1 421 475 -1 -1 0 2627 421 246 421 475 
90 2 0 1 0 2 149 316 0 2433 2 
90 2 0 1 0 2 416 449 0 2815 1 
90 2 0 1 0 2 449 549 1 4670 1 
90 2 0 1 0 2 50 482 0 1843 2 
90 2 0 1 0 2 216 416 0 3762 2 
90 2 0 1 0 2 316 316 0 3225 2 
90 2 0 1 0 2 216 482 0 1713 2 
90 2 0 1 0 2 50 316 0 1066 2 
90 2 0 1 0 2 249 516 0 2533 1 
90 2 0 1 0 2 249 149 0 3238 1 
90 2 0 1 0 2 183 116 0 1638 1 
90 2 0 1 0 2 216 50 1 2994 2 
90 2 0 1 0 2 383 216 1 3604 1 
90 2 0 1 0 2 283 249 1 3071 1 
90 2 0 1 0 2 516 549 1 1500 1 
90 2 0 1 0 2 416 183 1 2577 1 
90 2 0 1 0 2 516 183 1 1484 1 
90 2 0 1 0 2 283 116 1 2437 1 
90 2 0 1 0 2 482 249 1 2010 1 
90 2 0 1 0 2 416 516 1 4142 1 
90 2 0 1 0 2 482 516 1 1416 1 
90 2 0 1 0 2 316 349 1 2956 1 
90 2 0 1 0 2 316 216 0 1873 2 
90 2 0 1 0 2 249 349 0 1538 2 
90 2 0 1 0 2 149 516 0 1829 3 
90 2 0 1 0 2 149 50 1 2552 2 
90 2 0 1 0 2 349 116 1 4626 2 
90 2 0 1 0 2 516 482 1 4210 2 
90 2 0 1 0 2 383 183 0 3240 1 
90 2 0 1 0 2 416 216 1 2275 1 
90 2 0 1 0 2 183 50 1 2046 3 
90 2 0 1 0 2 50 249 0 3378 3 
90 2 0 1 0 1 396 596 -1 -1 0 14635 396 146 396 137 396 136 396 135 396 132 396 131 396 128 396 125 396 124 396 121 396 119 396 114 396 97 396 85 396 69 396 31 396 9 396 0 396 0 396 0 396 0 396 0 396 0 396 0 396 0 396 0 396 0 396 0 396 0 396 0 396 0 396 0 396 0 396 0 396 0 396 0 396 0 396 0 396 1 396 7 396 16 396 29 396 45 396 71 396 137 396 182 396 289 396 345 396 400 396 491 396 532 396 570 396 599 396 599 396 599 396 599 396 599 396 599 396 599 396 599 396 599 396 599 396 599 396 598 396 592 396 584 396 575 396 568 396 561 396 550 396 546 396 540 396 538 396 536 396 535 396 535 396 535 396 535 396 536 396 538 396 543 396 551 396 564 396 576 396 599 396 599 396 599 396 599 396 599 396 599 396 599 396 599 396 599 396 599 396 599 396 599 396 599 396 598 396 598 396 598 396 597 396 597 396 597 396 596 
90 2 0 1 0 1 582 254 -1 -1 1 5473 582 406 582 396 582 394 582 391 582 386 582 377 582 367 582 343 582 331 582 305 582 290 582 276 582 245 582 229 582 213 582 182 582 169 582 148 582 140 582 134 582 131 582 132 582 135 582 141 582 149 582 158 582 168 582 192 582 207 582 242 582 261 582 279 582 307 582 318 582 325 582 332 582 331 582 329 582 324 582 317 582 309 582 301 582 291 582 289 582 288 582 287 582 285 582 281 582 275 582 268 582 262 582 256 582 254 582 254 
90 2 0 1 0 1 186 488 -1 -1 0 6889 186 470 186 482 186 483 186 485 186 490 186 495 186 501 186 511 186 514 186 518 186 522 186 526 186 534 186 538 186 540 186 541 186 541 186 540 186 539 186 537 186 535 186 532 186 528 186 518 186 512 186 502 186 499 186 497 186 496 186 494 186 493 186 492 186 491 186 490 186 488 186 487 186 485 186 484 186 482 186 483 186 484 186 485 186 486 186 487 186 488 
90 2 0 1 0 1 574 559 -1 -1 1 4827 574 576 574 580 574 580 574 577 574 572 574 564 574 556 574 541 574 535 574 527 574 525 574 524 574 525 574 526 574 527 574 528 574 529 574 530 574 531 574 532 574 533 574 534 574 536 574 539 574 544 574 549 574 553 574 557 574 560 574 561 574 562 574 563 574 564 574 565 574 565 574 564 574 563 574 563 574 561 574 559 
90 2 0 1 0 1 204 556 -1 -1 0 5923 204 576 204 580 204 580 204 579 204 578 204 577 204 576 204 575 204 575 204 574 204 573 204 572 204 571 204 570 204 568 204 567 204 565 204 563 204 562 204 560 204 559 204 558 204 557 204 557 204 556 
90 2 0 1 0 1 380 239 -1 -1 1 4154 380 260 380 264 380 263 380 261 380 260 380 258 380 255 380 250 380 248 380 241 380 240 380 240 380 239 
90 2 0 1 0 1 267 260 -1 -1 1 4307 267 528 267 530 267 528 267 525 267 519 267 509 267 494 267 460 267 440 267 400 267 376 267 356 267 318 267 301 267 285 267 257 267 246 267 230 267 225 267 223 267 223 267 224 267 226 267 227 267 228 267 229 267 230 267 233 267 236 267 239 267 242 267 247 267 248 267 249 267 250 267 250 267 255 267 257 267 258 267 259 267 260 267 260 
90 2 0 1 0 1 150 234 -1 -1 0 3124 150 187 150 234 
90 2 0 1 0 1 528 595 -1 -1 0 5857 528 197 528 209 528 210 528 211 528 212 528 212 528 213 528 217 528 222 528 231 528 261 528 282 528 345 528 388 528 426 528 492 528 521 528 543 528 575 528 586 528 599 528 599 528 599 528 599 528 599 528 599 528 599 528 599 528 599 528 599 528 599 528 599 528 599 528 599 528 598 528 597 528 596 528 595 528 595 528 593 528 593 528 592 528 592 528 591 528 590 528 589 528 589 528 588 528 588 528 588 528 589 528 592 528 596 528 599 528 599 528 599 528 599 528 599 528 599 528 599 528 599 528 599 528 597 528 594 528 588 528 582 528 576 528 565 528 561 528 555 528 554 528 552 528 552 528 551 528 552 528 554 528 558 528 562 528 567 528 574 528 588 528 594 528 599 528 599 528 599 528 599 528 599 528 599 528 599 528 599 528 599 528 597 528 595 
90 2 0 1 0 1 371 598 -1 -1 0 3731 371 463 371 420 371 421 371 423 371 425 371 428 371 433 371 452 371 465 371 495 371 511 371 528 371 558 371 573 371 585 371 599 371 599 371 599 371 599 371 599 371 599 371 599 371 599 371 599 371 599 371 598 
90 2 0 1 0 1 252 0 -1 -1 1 2787 252 30 252 0 252 0 252 0 252 0 252 0 252 0 252 0 252 0 
90 2 0 1 0 1 326 570 -1 -1 0 5600 326 262 326 215 326 216 326 219 326 223 326 231 326 241 326 273 326 293 326 341 326 369 326 391 326 437 326 457 326 479 326 521 326 541 326 575 326 588 326 599 326 599 326 599 326 599 326 599 326 599 326 599 326 599 326 599 326 599 326 599 326 599 326 598 326 597 326 595 326 593 326 590 326 586 326 583 326 579 326 576 326 574 326 571 326 570 
90 2 0 1 0 1 342 479 -1 -1 0 4425 342 426 342 378 342 381 342 387 342 397 342 412 342 431 342 479 342 504 342 552 342 572 342 590 342 599 342 599 342 599 342 599 342 599 342 599 342 599 342 599 342 599 342 598 342 596 342 594 342 591 342 587 342 578 342 576 342 574 342 572 342 571 342 570 342 568 342 565 342 562 342 560 342 557 342 556 342 556 342 555 342 553 342 549 342 541 342 529 342 514 342 492 342 487 342 484 342 483 342 483 342 482 342 480 342 479 
90 2 0 1 0 1 129 599 -1 -1 0 4370 129 147 129 140 129 140 129 143 129 149 129 160 129 175 129 213 129 234 129 279 129 300 129 321 129 358 129 375 129 393 129 427 129 444 129 470 129 478 129 485 129 495 129 497 129 498 129 502 129 506 129 519 129 525 129 531 129 544 129 550 129 555 129 559 129 560 129 561 129 563 129 565 129 570 129 574 129 578 129 589 129 594 129 599 129 599 129 599 129 599 129 599 129 599 129 599 129 599 129 599 
90 2 0 1 0 1 81 595 -1 -1 0 3961 81 301 81 181 81 182 81 184 81 187 81 192 81 201 81 213 81 249 81 267 81 307 81 327 81 349 81 388 81 404 81 422 81 451 81 464 81 486 81 497 81 508 81 528 81 538 81 548 81 570 81 580 81 599 81 599 81 599 81 599 81 599 81 599 81 599 81 599 81 599 81 599 81 599 81 599 81 599 81 598 81 597 81 595 
90 2 0 1 0 1 487 53 -1 -1 1 2617 487 172 487 53 
90 2 0 1 0 2 283 83 1 4092 2 
90 2 0 1 0 2 516 149 1 5190 2 
90 2 0 1 0 2 149 482 0 1840 2 
90 2 0 1 0 2 383 449 0 4056 2 
90 2 0 1 0 2 383 416 1 2514 1 
90 2 0 1 0 2 50 516 0 1617 3 
90 2 0 1 0 2 549 416 1 2443 2 
90 2 0 1 0 2 249 549 0 1760 2 
90 2 0 1 0 2 449 216 1 3496 1 
90 2 0 1 0 2 549 183 1 1183 1 
90 2 0 1 0 2 50 416 0 1855 1 
90 2 0 1 0 2 349 216 1 4131 1 
90 2 0 1 0 2 149 149 0 1034 1 
90 2 0 1 0 2 50 50 1 1431 2 
90 2 0 1 0 2 149 283 0 1558 1 
90 2 0 1 0 2 116 383 0 1818 2 
90 2 0 1 0 2 482 349 1 1869 2 
90 2 0 1 0 2 283 482 0 1703 2 
90 2 0 1 0 2 83 183 0 1287 2 
90 2 0 1 0 2 183 449 0 2097 1 
90 2 0 1 0 2 216 83 1 2402 1 
90 2 0 1 0 2 283 416 0 2804 1 
90 2 0 1 0 2 183 83 1 1615 1 
90 2 0 1 0 2 316 449 0 1681 1 
90 2 0 1 0 2 283 149 0 8318 1 
90 2 0 1 0 2 449 50 1 1226 1 
90 2 0 1 0 2 549 83 1 1991 2 
90 2 0 1 0 2 349 482 0 1954 1 
90 2 0 1 0 2 383 149 1 3314 2 
90 2 0 1 0 2 449 316 1 1577 2 
90 2 0 1 0 2 383 516 0 2174 2 
90 2 0 1 0 2 383 50 1 1563 1 
