Subject 178 in condition 2
Training Condition: 2
Task: 1
Rule: [[[250, 350], [[4538, 4463], [4463, 4538]]], [[350, 250], [[4538, 4463], [4463, 4538]]]]
Noise: 0
CATA=1
CATB=0
Sample keys: 120 122
Resp keys: 307 309
Dim direction: 1 0
Dim minimum: 63 70
Test order: [4, 5, 0, 1, 7, 6, 2, 3]
178 2 2 1 0 1 354 242 1 2189 
178 2 2 1 0 1 191 302 0 1152 
178 2 2 1 0 1 203 306 0 1577 
178 2 2 1 0 1 323 231 1 1698 
178 2 2 1 0 1 163 255 0 1674 
178 2 2 1 0 1 414 322 1 945 
178 2 2 1 0 1 222 310 0 1000 
178 2 2 1 0 1 267 364 0 848 
178 2 2 1 0 1 112 192 0 824 
178 2 2 1 0 1 287 379 0 729 
178 2 2 1 0 1 219 317 0 713 
178 2 2 1 0 1 335 236 1 1600 
178 2 2 1 0 1 379 273 1 816 
178 2 2 1 0 1 369 252 1 761 
178 2 2 1 0 1 168 267 0 1241 
178 2 2 1 0 1 262 345 0 825 
178 2 2 1 0 2 449 249 1 4890 4 
178 2 2 1 0 2 216 216 0 4208 3 
178 2 2 1 0 2 383 249 1 2068 3 
178 2 2 1 0 2 216 116 0 3804 4 
178 2 2 1 0 2 516 416 1 2964 4 
178 2 2 1 0 2 316 83 0 3285 3 
178 2 2 1 0 2 83 383 0 2389 4 
178 2 2 1 0 2 516 516 0 3737 2 
178 2 2 1 0 2 249 383 0 2889 3 
178 2 2 1 0 2 83 249 0 1838 4 
178 2 2 1 0 2 549 249 1 3387 3 
178 2 2 1 0 2 449 482 0 4479 4 
178 2 2 1 0 2 349 50 0 1846 4 
178 2 2 1 0 2 216 249 0 1388 3 
178 2 2 1 0 2 416 549 0 1830 2 
178 2 2 1 0 2 283 516 0 1434 3 
178 2 2 1 0 2 149 449 0 1799 4 
178 2 2 1 0 2 149 416 0 2270 3 
178 2 2 1 0 2 116 183 0 1749 3 
178 2 2 1 0 2 416 283 1 2749 2 
178 2 2 1 0 2 116 349 0 2021 4 
178 2 2 1 0 2 416 383 1 4693 3 
178 2 2 1 0 2 283 283 0 2672 3 
178 2 2 1 0 2 516 316 1 3762 3 
178 2 2 1 0 2 83 216 0 1395 4 
178 2 2 1 0 2 216 516 0 1729 4 
178 2 2 1 0 2 383 482 0 2540 3 
178 2 2 1 0 2 449 283 0 1195 3 
178 2 2 1 0 2 183 149 0 1568 4 
178 2 2 1 0 2 283 316 0 1447 4 
178 2 2 1 0 2 549 549 1 2526 3 
178 2 2 1 0 2 516 83 1 1450 3 
178 2 2 1 0 1 132 225 0 1133 
178 2 2 1 0 1 340 456 0 2025 
178 2 2 1 0 1 301 214 1 1528 
178 2 2 1 0 1 375 467 0 1065 
178 2 2 1 0 1 308 214 1 928 
178 2 2 1 0 1 420 314 1 745 
178 2 2 1 0 1 265 158 1 801 
178 2 2 1 0 1 414 303 1 865 
178 2 2 1 0 1 302 409 0 2145 
178 2 2 1 0 1 353 263 1 1081 
178 2 2 1 0 1 361 269 1 841 
178 2 2 1 0 1 286 393 0 2865 
178 2 2 1 0 1 431 307 1 1409 
178 2 2 1 0 1 239 345 0 1328 
178 2 2 1 0 1 242 331 0 833 
178 2 2 1 0 1 339 226 1 1097 
178 2 2 1 0 2 416 316 1 2421 4 
178 2 2 1 0 2 416 83 1 2841 5 
178 2 2 1 0 2 482 83 1 1546 4 
178 2 2 1 0 2 116 249 0 3438 2 
178 2 2 1 0 2 83 116 1 4014 3 
178 2 2 1 0 2 116 283 1 3481 4 
178 2 2 1 0 2 216 316 1 1214 4 
178 2 2 1 0 2 249 249 1 821 4 
178 2 2 1 0 2 183 549 0 1957 4 
178 2 2 1 0 2 216 183 1 1068 4 
178 2 2 1 0 2 183 183 1 1175 4 
178 2 2 1 0 2 283 449 0 3472 3 
178 2 2 1 0 2 116 216 1 2307 3 
178 2 2 1 0 2 449 183 1 2027 4 
178 2 2 1 0 2 316 50 1 4722 4 
178 2 2 1 0 2 416 50 1 2848 3 
178 2 2 1 0 2 249 83 1 1272 3 
178 2 2 1 0 2 183 516 0 2337 4 
178 2 2 1 0 2 183 316 1 2821 4 
178 2 2 1 0 2 349 349 1 1232 4 
178 2 2 1 0 2 316 383 1 771 4 
178 2 2 1 0 2 383 383 1 2016 4 
178 2 2 1 0 2 482 482 0 1559 3 
178 2 2 1 0 2 316 416 0 1565 3 
178 2 2 1 0 2 549 283 1 1712 4 
178 2 2 1 0 2 50 549 0 1447 3 
178 2 2 1 0 2 116 516 0 995 4 
178 2 2 1 0 2 449 149 1 1161 4 
178 2 2 1 0 2 183 416 0 2020 3 
178 2 2 1 0 2 449 383 0 1057 4 
178 2 2 1 0 2 549 116 1 1489 4 
178 2 2 1 0 2 449 516 0 2200 4 
178 2 2 1 0 1 283 387 0 3285 
178 2 2 1 0 1 298 172 1 1442 
178 2 2 1 0 1 384 291 1 1873 
178 2 2 1 0 1 376 278 1 824 
178 2 2 1 0 1 266 169 1 697 
178 2 2 1 0 1 356 453 0 1681 
178 2 2 1 0 1 217 322 0 800 
178 2 2 1 0 1 316 246 1 2001 
178 2 2 1 0 1 374 249 1 993 
178 2 2 1 0 1 289 198 1 624 
178 2 2 1 0 1 313 391 0 785 
178 2 2 1 0 1 451 362 1 856 
178 2 2 1 0 1 530 420 1 1096 
178 2 2 1 0 1 469 366 1 1129 
178 2 2 1 0 1 394 291 1 1023 
178 2 2 1 0 1 291 203 1 848 
178 2 2 1 0 2 349 416 1 4157 3 
178 2 2 1 0 2 316 249 1 3101 3 
178 2 2 1 0 2 83 482 1 5533 4 
178 2 2 1 0 2 216 383 1 1196 4 
178 2 2 1 0 2 116 83 1 1621 4 
178 2 2 1 0 2 83 316 1 836 4 
178 2 2 1 0 2 316 516 0 3786 4 
178 2 2 1 0 2 416 116 1 1508 4 
178 2 2 1 0 2 383 549 0 1344 4 
178 2 2 1 0 2 50 449 0 1332 4 
178 2 2 1 0 2 249 116 1 840 4 
178 2 2 1 0 2 549 216 1 742 4 
178 2 2 1 0 2 482 316 1 605 4 
178 2 2 1 0 2 83 416 1 688 4 
178 2 2 1 0 2 416 416 1 771 4 
178 2 2 1 0 2 283 183 1 1135 4 
178 2 2 1 0 2 283 50 0 1585 4 
178 2 2 1 0 2 83 516 0 3020 3 
178 2 2 1 0 2 482 183 1 933 4 
178 2 2 1 0 2 216 549 0 826 3 
178 2 2 1 0 2 482 116 1 1272 4 
178 2 2 1 0 2 516 283 1 889 4 
178 2 2 1 0 2 482 449 0 1711 3 
178 2 2 1 0 2 116 149 1 1266 4 
178 2 2 1 0 2 516 50 0 1454 3 
178 2 2 1 0 2 183 216 1 1007 4 
178 2 2 1 0 2 183 283 1 552 4 
178 2 2 1 0 2 249 283 1 784 4 
178 2 2 1 0 2 83 549 0 902 3 
178 2 2 1 0 2 416 149 1 910 4 
178 2 2 1 0 2 316 549 0 1395 3 
178 2 2 1 0 2 449 349 1 694 4 
178 2 2 1 0 1 319 195 1 3005 
178 2 2 1 0 1 330 432 0 1208 
178 2 2 1 0 1 239 133 1 1344 
178 2 2 1 0 1 352 442 0 617 
178 2 2 1 0 1 275 399 0 807 
178 2 2 1 0 1 500 405 1 1600 
178 2 2 1 0 1 239 136 1 657 
178 2 2 1 0 1 439 350 1 762 
178 2 2 1 0 1 320 215 1 617 
178 2 2 1 0 1 464 356 1 807 
178 2 2 1 0 1 170 288 0 1488 
178 2 2 1 0 1 289 386 0 849 
178 2 2 1 0 1 252 324 0 666 
178 2 2 1 0 1 382 294 1 1865 
178 2 2 1 0 1 371 273 1 607 
178 2 2 1 0 1 420 511 0 1176 
178 2 2 1 0 2 383 183 1 1732 3 
178 2 2 1 0 2 516 482 1 3423 3 
178 2 2 1 0 2 316 349 0 1597 3 
178 2 2 1 0 2 416 516 0 1453 3 
178 2 2 1 0 2 449 549 0 942 3 
178 2 2 1 0 2 183 50 0 836 3 
178 2 2 1 0 2 149 516 0 1142 4 
178 2 2 1 0 2 50 316 0 669 4 
178 2 2 1 0 2 383 216 0 1463 4 
178 2 2 1 0 2 416 216 1 1702 4 
178 2 2 1 0 2 183 116 0 1135 3 
178 2 2 1 0 2 516 549 1 3002 4 
178 2 2 1 0 2 149 316 0 1464 3 
178 2 2 1 0 2 50 482 0 824 4 
178 2 2 1 0 2 249 516 0 868 4 
178 2 2 1 0 2 416 449 1 1024 4 
178 2 2 1 0 2 216 50 0 1807 3 
178 2 2 1 0 2 249 349 0 1042 3 
178 2 2 1 0 2 316 316 0 466 3 
178 2 2 1 0 2 216 482 0 699 3 
178 2 2 1 0 2 283 116 0 628 3 
178 2 2 1 0 2 516 183 1 630 3 
178 2 2 1 0 2 249 149 0 1174 3 
178 2 2 1 0 2 283 249 0 743 3 
178 2 2 1 0 2 349 116 0 590 3 
178 2 2 1 0 2 416 183 1 711 3 
178 2 2 1 0 2 50 249 0 677 3 
178 2 2 1 0 2 482 249 0 2239 2 
178 2 2 1 0 2 482 516 1 1633 3 
178 2 2 1 0 2 216 416 0 804 3 
178 2 2 1 0 2 149 50 0 746 3 
178 2 2 1 0 2 316 216 0 974 3 
178 2 2 1 0 1 406 305 1 1918 
178 2 2 1 0 1 193 305 0 1497 
178 2 2 1 0 1 310 395 0 785 
178 2 2 1 0 1 253 381 0 678 
178 2 2 1 0 1 322 219 1 857 
178 2 2 1 0 1 336 233 1 689 
178 2 2 1 0 1 315 420 0 1304 
178 2 2 1 0 1 297 382 0 680 
178 2 2 1 0 1 340 224 1 2192 
178 2 2 1 0 1 413 327 1 1937 
178 2 2 1 0 1 310 209 1 640 
178 2 2 1 0 1 288 184 1 328 
178 2 2 1 0 1 372 265 1 704 
178 2 2 1 0 1 233 146 1 617 
178 2 2 1 0 1 318 222 1 650 
178 2 2 1 0 1 380 305 1 602 
178 2 2 1 0 2 549 50 0 3027 3 
178 2 2 1 0 2 249 316 1 2502 3 
178 2 2 1 0 2 249 50 0 2254 3 
178 2 2 1 0 2 383 116 1 801 3 
178 2 2 1 0 2 216 149 1 941 3 
178 2 2 1 0 2 149 549 0 737 3 
178 2 2 1 0 2 183 249 0 614 3 
178 2 2 1 0 2 316 149 1 692 3 
178 2 2 1 0 2 116 116 1 686 3 
178 2 2 1 0 2 349 149 1 564 3 
178 2 2 1 0 2 116 416 0 1363 3 
178 2 2 1 0 2 383 349 0 555 3 
178 2 2 1 0 2 549 516 1 1431 3 
178 2 2 1 0 2 549 449 0 814 3 
178 2 2 1 0 2 149 349 1 1170 3 
178 2 2 1 0 2 516 449 0 619 3 
178 2 2 1 0 2 349 449 0 596 3 
178 2 2 1 0 2 516 249 1 706 3 
178 2 2 1 0 2 116 482 0 775 3 
178 2 2 1 0 2 482 383 1 666 3 
178 2 2 1 0 2 316 116 1 707 3 
178 2 2 1 0 2 482 216 1 512 3 
178 2 2 1 0 2 50 83 1 1054 3 
178 2 2 1 0 2 283 349 1 611 3 
178 2 2 1 0 2 50 283 1 794 3 
178 2 2 1 0 2 149 383 0 774 3 
178 2 2 1 0 2 516 216 1 963 3 
178 2 2 1 0 2 383 316 1 648 3 
178 2 2 1 0 2 516 349 1 499 3 
178 2 2 1 0 2 249 416 1 608 3 
178 2 2 1 0 2 249 216 1 1010 3 
178 2 2 1 0 2 149 183 1 658 3 
178 2 2 1 0 1 397 300 1 882 
178 2 2 1 0 1 258 172 1 848 
178 2 2 1 0 1 383 306 1 522 
178 2 2 1 0 1 249 336 0 1169 
178 2 2 1 0 1 217 286 0 688 
178 2 2 1 0 1 271 368 0 730 
178 2 2 1 0 1 213 316 0 785 
178 2 2 1 0 1 310 411 0 614 
178 2 2 1 0 1 204 299 0 575 
178 2 2 1 0 1 295 199 1 785 
178 2 2 1 0 1 350 270 1 1657 
178 2 2 1 0 1 100 200 0 872 
178 2 2 1 0 1 232 339 0 833 
178 2 2 1 0 1 378 288 1 2096 
178 2 2 1 0 1 291 182 1 647 
178 2 2 1 0 1 318 224 1 608 
178 2 2 1 0 2 482 549 0 1358 3 
178 2 2 1 0 2 116 449 0 1498 3 
178 2 2 1 0 2 149 216 1 786 3 
178 2 2 1 0 2 349 283 1 719 3 
178 2 2 1 0 2 83 50 0 1039 3 
178 2 2 1 0 2 249 482 0 1178 3 
178 2 2 1 0 2 349 316 1 707 3 
178 2 2 1 0 2 116 549 0 692 3 
178 2 2 1 0 2 50 216 1 857 3 
178 2 2 1 0 2 516 116 1 766 3 
178 2 2 1 0 2 349 549 0 739 3 
178 2 2 1 0 2 383 283 1 704 3 
178 2 2 1 0 2 482 416 0 1403 3 
178 2 2 1 0 2 482 283 0 1396 3 
178 2 2 1 0 2 183 482 0 802 3 
178 2 2 1 0 2 549 482 0 1121 3 
178 2 2 1 0 2 50 183 1 689 3 
178 2 2 1 0 2 349 183 1 652 3 
178 2 2 1 0 2 283 549 0 770 3 
178 2 2 1 0 2 50 116 1 676 3 
178 2 2 1 0 2 50 383 1 667 3 
178 2 2 1 0 2 449 416 1 727 3 
178 2 2 1 0 2 216 283 1 588 3 
178 2 2 1 0 2 50 349 1 697 3 
178 2 2 1 0 2 83 283 1 533 3 
178 2 2 1 0 2 549 149 1 802 3 
178 2 2 1 0 2 549 349 1 952 3 
178 2 2 1 0 2 349 249 1 674 3 
178 2 2 1 0 2 116 50 0 868 3 
178 2 2 1 0 2 249 449 1 1524 3 
178 2 2 1 0 2 316 183 1 769 3 
178 2 2 1 0 2 316 482 0 678 3 
178 2 2 1 0 1 248 341 0 2430 
178 2 2 1 0 1 245 347 0 649 
178 2 2 1 0 1 178 286 0 632 
178 2 2 1 0 1 160 265 0 727 
178 2 2 1 0 1 409 525 0 2215 
178 2 2 1 0 1 479 395 1 2184 
178 2 2 1 0 1 278 177 1 585 
178 2 2 1 0 1 269 361 0 1870 
178 2 2 1 0 1 363 264 1 792 
178 2 2 1 0 1 212 318 0 888 
178 2 2 1 0 1 361 261 1 711 
178 2 2 1 0 1 408 505 0 962 
178 2 2 1 0 1 251 345 0 801 
178 2 2 1 0 1 289 367 0 687 
178 2 2 1 0 1 268 360 0 632 
178 2 2 1 0 1 249 347 0 504 
178 2 2 1 0 2 216 449 0 1393 3 
178 2 2 1 0 2 416 249 1 989 3 
178 2 2 1 0 2 283 383 0 826 3 
178 2 2 1 0 2 249 183 1 923 3 
178 2 2 1 0 2 83 349 0 727 3 
178 2 2 1 0 2 449 116 1 783 3 
178 2 2 1 0 2 149 116 1 807 3 
178 2 2 1 0 2 349 83 1 604 3 
178 2 2 1 0 2 283 216 1 1187 3 
178 2 2 1 0 2 216 349 0 632 3 
178 2 2 1 0 2 83 83 1 734 3 
178 2 2 1 0 2 449 449 0 885 3 
178 2 2 1 0 2 316 283 0 2868 3 
178 2 2 1 0 2 516 383 0 744 3 
178 2 2 1 0 2 549 383 0 869 3 
178 2 2 1 0 2 482 50 1 767 3 
178 2 2 1 0 2 416 482 0 732 3 
178 2 2 1 0 2 183 383 0 561 3 
178 2 2 1 0 2 349 516 0 867 3 
178 2 2 1 0 2 183 349 0 829 3 
178 2 2 1 0 2 449 83 1 669 3 
178 2 2 1 0 2 116 316 0 803 3 
178 2 2 1 0 2 83 149 1 773 3 
178 2 2 1 0 2 149 249 1 1169 3 
178 2 2 1 0 2 349 383 0 957 3 
178 2 2 1 0 2 83 449 0 784 3 
178 2 2 1 0 2 549 316 0 709 3 
178 2 2 1 0 2 416 349 0 550 3 
178 2 2 1 0 2 149 83 1 736 3 
178 2 2 1 0 2 482 149 0 1340 3 
178 2 2 1 0 2 50 149 1 903 3 
178 2 2 1 0 2 383 83 1 948 3 
178 2 2 1 0 1 278 171 1 2029 
178 2 2 1 0 1 264 378 0 1001 
178 2 2 1 0 1 237 325 0 610 
178 2 2 1 0 1 279 173 1 649 
178 2 2 1 0 1 151 257 0 1249 
178 2 2 1 0 1 234 330 0 912 
178 2 2 1 0 1 340 449 0 631 
178 2 2 1 0 1 100 207 0 680 
178 2 2 1 0 1 94 192 0 522 
178 2 2 1 0 1 182 284 0 625 
178 2 2 1 0 1 440 343 1 840 
178 2 2 1 0 1 265 146 1 1921 
178 2 2 1 0 1 232 328 0 1825 
178 2 2 1 0 1 292 202 1 705 
178 2 2 1 0 1 213 312 0 631 
178 2 2 1 0 1 350 443 0 592 
178 2 2 1 0 2 549 416 0 1163 3 
178 2 2 1 0 2 349 216 0 1335 3 
178 2 2 1 0 2 482 349 0 912 3 
178 2 2 1 0 2 283 149 1 554 3 
178 2 2 1 0 2 249 549 0 778 3 
178 2 2 1 0 2 283 83 1 1696 3 
178 2 2 1 0 2 449 50 1 1138 3 
178 2 2 1 0 2 149 482 0 741 3 
178 2 2 1 0 2 383 416 0 719 3 
178 2 2 1 0 2 349 482 0 547 3 
178 2 2 1 0 2 449 216 1 571 3 
178 2 2 1 0 2 549 183 1 810 3 
178 2 2 1 0 2 316 449 0 1241 3 
178 2 2 1 0 2 216 83 1 782 3 
178 2 2 1 0 2 50 50 0 1870 3 
178 2 2 1 0 2 383 149 1 1434 3 
178 2 2 1 0 2 149 283 1 854 3 
178 2 2 1 0 2 449 316 0 2161 3 
178 2 2 1 0 2 549 83 1 1384 3 
178 2 2 1 0 2 116 383 0 709 3 
178 2 2 1 0 2 50 516 0 557 3 
178 2 2 1 0 2 149 149 1 690 3 
178 2 2 1 0 2 516 149 1 772 3 
178 2 2 1 0 2 183 449 0 717 3 
178 2 2 1 0 2 383 516 0 836 3 
178 2 2 1 0 2 283 416 0 562 3 
178 2 2 1 0 2 50 416 0 447 3 
178 2 2 1 0 2 383 50 1 888 3 
178 2 2 1 0 2 283 482 0 763 3 
178 2 2 1 0 2 83 183 1 1704 3 
178 2 2 1 0 2 183 83 1 798 3 
178 2 2 1 0 2 383 449 0 1074 3 
