Subject 22 in condition 6, using samples from subject 18
Training Condition: 1
Task: 1
Rule: [[[250, 350], [[4538, 4463], [4463, 4538]]], [[350, 250], [[4538, 4463], [4463, 4538]]]]
Noise: 0
CATA=0
CATB=1
Sample keys: 122 120
Resp keys: 307 309
Dim direction: 0 1
Dim minimum: 76 67
Test order: [6, 4, 7, 2, 0, 1, 5, 3]
22 6 1 1 0 1 555 240 1 5390 
22 6 1 1 0 1 329 593 0 4578 
22 6 1 1 0 1 97 235 0 3642 
22 6 1 1 0 1 430 236 1 3392 
22 6 1 1 0 1 599 234 1 1193 
22 6 1 1 0 1 599 595 1 5394 
22 6 1 1 0 1 0 463 0 2232 
22 6 1 1 0 1 0 176 0 858 
22 6 1 1 0 1 599 599 0 5394 
22 6 1 1 0 1 558 239 1 1753 
22 6 1 1 0 1 187 333 0 2642 
22 6 1 1 0 1 463 111 1 2889 
22 6 1 1 0 1 588 109 1 1001 
22 6 1 1 0 1 538 454 1 1704 
22 6 1 1 0 1 500 2 1 1472 
22 6 1 1 0 1 465 586 0 2993 
22 6 1 1 0 2 516 116 1 6721 3 
22 6 1 1 0 2 549 349 1 5118 3 
22 6 1 1 0 2 149 216 0 3309 3 
22 6 1 1 0 2 316 183 1 4897 3 
22 6 1 1 0 2 183 482 0 2532 3 
22 6 1 1 0 2 549 149 1 3921 3 
22 6 1 1 0 2 482 283 1 2252 3 
22 6 1 1 0 2 216 283 0 3875 3 
22 6 1 1 0 2 449 416 1 1666 3 
22 6 1 1 0 2 50 216 0 1213 3 
22 6 1 1 0 2 349 316 1 1745 3 
22 6 1 1 0 2 50 116 0 1351 3 
22 6 1 1 0 2 116 449 0 1324 3 
22 6 1 1 0 2 383 283 1 1482 3 
22 6 1 1 0 2 83 50 0 1121 3 
22 6 1 1 0 2 482 416 1 1231 3 
22 6 1 1 0 2 50 383 0 1517 3 
22 6 1 1 0 2 549 482 0 2409 3 
22 6 1 1 0 2 349 249 1 1315 3 
22 6 1 1 0 2 50 349 0 2252 3 
22 6 1 1 0 2 83 283 0 941 3 
22 6 1 1 0 2 249 449 0 2361 3 
22 6 1 1 0 2 349 183 1 1156 3 
22 6 1 1 0 2 349 283 1 1219 3 
22 6 1 1 0 2 50 183 0 763 3 
22 6 1 1 0 2 116 549 0 744 3 
22 6 1 1 0 2 349 549 0 942 3 
22 6 1 1 0 2 482 549 1 861 3 
22 6 1 1 0 2 116 50 0 1170 3 
22 6 1 1 0 2 283 549 1 2281 3 
22 6 1 1 0 2 249 482 0 926 3 
22 6 1 1 0 2 316 482 0 1207 3 
22 6 1 1 0 1 40 290 0 5805 
22 6 1 1 0 1 340 418 0 6136 
22 6 1 1 0 1 599 30 1 5921 
22 6 1 1 0 1 416 587 0 3360 
22 6 1 1 0 1 548 599 0 3465 
22 6 1 1 0 1 599 599 0 1626 
22 6 1 1 0 1 154 233 0 4649 
22 6 1 1 0 1 429 236 1 1561 
22 6 1 1 0 1 362 469 0 2377 
22 6 1 1 0 1 97 283 0 2866 
22 6 1 1 0 1 203 599 0 1576 
22 6 1 1 0 1 235 235 1 5058 
22 6 1 1 0 1 128 235 0 1497 
22 6 1 1 0 1 522 161 1 1850 
22 6 1 1 0 1 164 313 0 2345 
22 6 1 1 0 1 599 415 1 1488 
22 6 1 1 0 2 449 482 0 3016 3 
22 6 1 1 0 2 349 50 1 780 3 
22 6 1 1 0 2 416 383 0 671 3 
22 6 1 1 0 2 516 316 1 546 3 
22 6 1 1 0 2 416 283 0 673 3 
22 6 1 1 0 2 83 249 1 557 3 
22 6 1 1 0 2 116 183 0 926 3 
22 6 1 1 0 2 149 416 0 758 3 
22 6 1 1 0 2 216 216 0 615 3 
22 6 1 1 0 2 116 349 0 804 3 
22 6 1 1 0 2 516 83 1 598 3 
22 6 1 1 0 2 216 249 1 1228 3 
22 6 1 1 0 2 316 83 1 672 3 
22 6 1 1 0 2 216 116 1 905 3 
22 6 1 1 0 2 249 383 0 675 3 
22 6 1 1 0 2 183 149 1 842 3 
22 6 1 1 0 2 83 383 0 644 3 
22 6 1 1 0 2 449 283 1 1034 3 
22 6 1 1 0 2 516 516 0 1130 3 
22 6 1 1 0 2 149 449 0 887 3 
22 6 1 1 0 2 416 549 0 704 3 
22 6 1 1 0 2 549 249 1 704 3 
22 6 1 1 0 2 383 482 1 1338 3 
22 6 1 1 0 2 449 249 1 783 3 
22 6 1 1 0 2 516 416 1 1194 3 
22 6 1 1 0 2 83 216 0 687 3 
22 6 1 1 0 2 283 283 0 623 3 
22 6 1 1 0 2 283 316 0 756 3 
22 6 1 1 0 2 283 516 0 1271 3 
22 6 1 1 0 2 216 516 0 633 3 
22 6 1 1 0 2 383 249 0 587 3 
22 6 1 1 0 2 549 549 1 550 3 
22 6 1 1 0 1 490 240 1 8444 
22 6 1 1 0 1 599 526 1 1632 
22 6 1 1 0 1 0 173 0 825 
22 6 1 1 0 1 293 240 1 2474 
22 6 1 1 0 1 356 232 1 1145 
22 6 1 1 0 1 374 593 0 1218 
22 6 1 1 0 1 569 598 0 1090 
22 6 1 1 0 1 599 190 1 1009 
22 6 1 1 0 1 0 241 0 1089 
22 6 1 1 0 1 0 515 0 1410 
22 6 1 1 0 1 0 599 1 1714 
22 6 1 1 0 1 599 306 1 953 
22 6 1 1 0 1 308 248 1 921 
22 6 1 1 0 1 229 193 1 1041 
22 6 1 1 0 1 162 526 0 1105 
22 6 1 1 0 1 335 206 1 2242 
22 6 1 1 0 2 549 50 0 2764 3 
22 6 1 1 0 2 383 116 0 852 3 
22 6 1 1 0 2 283 349 1 1250 3 
22 6 1 1 0 2 482 383 1 1041 3 
22 6 1 1 0 2 249 316 0 510 3 
22 6 1 1 0 2 50 283 1 495 3 
22 6 1 1 0 2 249 216 0 909 3 
22 6 1 1 0 2 549 516 1 1021 3 
22 6 1 1 0 2 149 383 1 1151 3 
22 6 1 1 0 2 516 249 0 506 3 
22 6 1 1 0 2 116 416 1 285 3 
22 6 1 1 0 2 249 416 0 570 3 
22 6 1 1 0 2 516 216 0 1057 3 
22 6 1 1 0 2 216 149 1 1237 3 
22 6 1 1 0 2 383 316 1 980 3 
22 6 1 1 0 2 516 449 1 676 3 
22 6 1 1 0 2 183 249 1 2179 3 
22 6 1 1 0 2 149 183 1 661 3 
22 6 1 1 0 2 149 549 1 524 3 
22 6 1 1 0 2 316 116 1 261 3 
22 6 1 1 0 2 549 449 1 352 3 
22 6 1 1 0 2 349 449 1 273 3 
22 6 1 1 0 2 383 349 1 314 3 
22 6 1 1 0 2 50 83 1 341 3 
22 6 1 1 0 2 316 149 1 271 3 
22 6 1 1 0 2 482 216 1 976 3 
22 6 1 1 0 2 116 116 0 1430 3 
22 6 1 1 0 2 516 349 1 844 3 
22 6 1 1 0 2 116 482 1 1041 3 
22 6 1 1 0 2 149 349 1 854 3 
22 6 1 1 0 2 349 149 0 943 3 
22 6 1 1 0 2 249 50 1 690 3 
22 6 1 1 0 1 315 186 1 4869 
22 6 1 1 0 1 45 73 0 1406 
22 6 1 1 0 1 599 599 0 1303 
22 6 1 1 0 1 599 599 0 1961 
22 6 1 1 0 1 0 593 1 2127 
22 6 1 1 0 1 141 594 0 2360 
22 6 1 1 0 1 0 599 1 2402 
22 6 1 1 0 1 239 304 0 5594 
22 6 1 1 0 1 468 242 1 2042 
22 6 1 1 0 1 599 86 1 1033 
22 6 1 1 0 1 51 451 0 1153 
22 6 1 1 0 1 321 599 0 1775 
22 6 1 1 0 1 471 338 1 945 
22 6 1 1 0 1 38 373 0 2691 
22 6 1 1 0 1 599 0 1 849 
22 6 1 1 0 1 244 137 1 969 
22 6 1 1 0 2 416 249 1 2320 3 
22 6 1 1 0 2 349 516 1 4128 3 
22 6 1 1 0 2 416 349 1 1092 3 
22 6 1 1 0 2 283 216 1 927 3 
22 6 1 1 0 2 549 316 1 1129 3 
22 6 1 1 0 2 216 349 0 893 3 
22 6 1 1 0 2 349 383 1 982 3 
22 6 1 1 0 2 183 349 0 827 3 
22 6 1 1 0 2 383 83 0 2091 3 
22 6 1 1 0 2 183 383 0 1114 3 
22 6 1 1 0 2 316 283 1 827 3 
22 6 1 1 0 2 83 349 0 1539 3 
22 6 1 1 0 2 482 50 1 875 3 
22 6 1 1 0 2 83 149 1 1336 3 
22 6 1 1 0 2 549 383 1 1620 3 
22 6 1 1 0 2 83 449 0 1331 3 
22 6 1 1 0 2 149 83 0 1097 3 
22 6 1 1 0 2 449 449 1 3178 3 
22 6 1 1 0 2 449 83 1 819 3 
22 6 1 1 0 2 116 316 0 900 3 
22 6 1 1 0 2 149 249 1 1333 3 
22 6 1 1 0 2 50 149 1 1163 3 
22 6 1 1 0 2 283 383 1 1020 3 
22 6 1 1 0 2 416 482 1 858 3 
22 6 1 1 0 2 449 116 1 1043 3 
22 6 1 1 0 2 482 149 1 949 3 
22 6 1 1 0 2 149 116 1 1790 3 
22 6 1 1 0 2 216 449 1 892 3 
22 6 1 1 0 2 349 83 1 920 3 
22 6 1 1 0 2 249 183 0 2725 3 
22 6 1 1 0 2 83 83 0 1112 3 
22 6 1 1 0 2 516 383 1 854 3 
22 6 1 1 0 1 592 239 1 7367 
22 6 1 1 0 1 287 319 0 1058 
22 6 1 1 0 1 58 362 0 985 
22 6 1 1 0 1 599 340 1 1459 
22 6 1 1 0 1 161 31 1 2761 
22 6 1 1 0 1 599 321 1 2009 
22 6 1 1 0 1 574 0 0 1627 
22 6 1 1 0 1 232 117 1 1721 
22 6 1 1 0 1 445 326 1 2567 
22 6 1 1 0 1 533 65 1 929 
22 6 1 1 0 1 28 491 0 1177 
22 6 1 1 0 1 599 0 1 986 
22 6 1 1 0 1 57 0 1 2137 
22 6 1 1 0 1 599 1 1 906 
22 6 1 1 0 1 444 388 1 1490 
22 6 1 1 0 1 475 372 1 968 
22 6 1 1 0 2 283 183 1 2426 3 
22 6 1 1 0 2 116 149 0 1485 3 
22 6 1 1 0 2 83 482 0 1503 3 
22 6 1 1 0 2 482 449 1 917 3 
22 6 1 1 0 2 216 383 1 2027 3 
22 6 1 1 0 2 316 516 1 2282 3 
22 6 1 1 0 2 516 50 1 965 3 
22 6 1 1 0 2 83 316 0 859 3 
22 6 1 1 0 2 449 349 0 900 3 
22 6 1 1 0 2 383 549 1 940 3 
22 6 1 1 0 2 416 116 1 941 3 
22 6 1 1 0 2 183 283 1 3749 3 
22 6 1 1 0 2 482 116 1 789 3 
22 6 1 1 0 2 316 249 1 710 3 
22 6 1 1 0 2 116 83 0 904 3 
22 6 1 1 0 2 216 549 0 910 3 
22 6 1 1 0 2 549 216 1 740 3 
22 6 1 1 0 2 316 549 1 686 3 
22 6 1 1 0 2 249 283 0 890 3 
22 6 1 1 0 2 516 283 1 782 3 
22 6 1 1 0 2 249 116 1 994 3 
22 6 1 1 0 2 183 216 0 878 3 
22 6 1 1 0 2 416 416 1 842 3 
22 6 1 1 0 2 482 316 1 665 3 
22 6 1 1 0 2 349 416 1 731 3 
22 6 1 1 0 2 482 183 1 946 3 
22 6 1 1 0 2 416 149 1 1060 3 
22 6 1 1 0 2 50 449 0 789 3 
22 6 1 1 0 2 83 549 0 2224 3 
22 6 1 1 0 2 83 416 0 1030 3 
22 6 1 1 0 2 83 516 0 745 3 
22 6 1 1 0 2 283 50 1 1244 3 
22 6 1 1 0 1 0 380 0 2790 
22 6 1 1 0 1 599 11 1 1074 
22 6 1 1 0 1 595 41 1 761 
22 6 1 1 0 1 351 127 1 755 
22 6 1 1 0 1 238 108 1 770 
22 6 1 1 0 1 0 241 0 1672 
22 6 1 1 0 1 0 125 0 1640 
22 6 1 1 0 1 599 576 1 754 
22 6 1 1 0 1 599 0 0 2314 
22 6 1 1 0 1 599 526 1 898 
22 6 1 1 0 1 599 69 1 754 
22 6 1 1 0 1 599 281 1 760 
22 6 1 1 0 1 530 502 1 795 
22 6 1 1 0 1 420 149 1 745 
22 6 1 1 0 1 293 446 0 2464 
22 6 1 1 0 1 365 26 1 1001 
22 6 1 1 0 2 416 183 1 1597 3 
22 6 1 1 0 2 249 149 1 1773 3 
22 6 1 1 0 2 416 516 1 1815 3 
22 6 1 1 0 2 283 249 1 1144 3 
22 6 1 1 0 2 249 349 0 1205 3 
22 6 1 1 0 2 482 249 1 782 3 
22 6 1 1 0 2 216 50 1 1189 3 
22 6 1 1 0 2 383 183 1 802 3 
22 6 1 1 0 2 50 249 0 820 3 
22 6 1 1 0 2 149 50 0 728 3 
22 6 1 1 0 2 316 349 1 995 3 
22 6 1 1 0 2 216 416 1 1783 3 
22 6 1 1 0 2 183 116 1 983 3 
22 6 1 1 0 2 383 216 1 921 3 
22 6 1 1 0 2 516 183 1 731 3 
22 6 1 1 0 2 149 316 1 1051 3 
22 6 1 1 0 2 516 482 1 643 3 
22 6 1 1 0 2 516 549 1 619 3 
22 6 1 1 0 2 283 116 1 713 3 
22 6 1 1 0 2 316 316 1 767 3 
22 6 1 1 0 2 482 516 1 937 3 
22 6 1 1 0 2 50 316 0 756 3 
22 6 1 1 0 2 216 482 0 749 3 
22 6 1 1 0 2 349 116 1 674 3 
22 6 1 1 0 2 50 482 0 718 3 
22 6 1 1 0 2 416 216 1 639 3 
22 6 1 1 0 2 183 50 1 657 3 
22 6 1 1 0 2 316 216 1 701 3 
22 6 1 1 0 2 149 516 0 880 3 
22 6 1 1 0 2 449 549 1 573 3 
22 6 1 1 0 2 249 516 1 753 3 
22 6 1 1 0 2 416 449 1 707 3 
22 6 1 1 0 1 599 550 1 2324 
22 6 1 1 0 1 588 20 1 704 
22 6 1 1 0 1 87 86 1 897 
22 6 1 1 0 1 0 175 0 1249 
22 6 1 1 0 1 379 248 1 2120 
22 6 1 1 0 1 336 92 1 648 
22 6 1 1 0 1 0 98 0 1161 
22 6 1 1 0 1 240 186 1 1378 
22 6 1 1 0 1 199 350 0 1026 
22 6 1 1 0 1 182 32 1 1121 
22 6 1 1 0 1 0 22 0 1209 
22 6 1 1 0 1 0 84 0 1049 
22 6 1 1 0 1 599 0 1 665 
22 6 1 1 0 1 580 434 1 730 
22 6 1 1 0 1 283 391 0 1129 
22 6 1 1 0 1 448 356 1 1938 
22 6 1 1 0 2 249 249 1 1324 3 
22 6 1 1 0 2 50 549 0 916 3 
22 6 1 1 0 2 183 316 1 1144 3 
22 6 1 1 0 2 549 283 1 721 3 
22 6 1 1 0 2 549 116 1 614 3 
22 6 1 1 0 2 283 449 1 805 3 
22 6 1 1 0 2 316 50 1 648 3 
22 6 1 1 0 2 116 283 0 669 3 
22 6 1 1 0 2 449 516 1 556 3 
22 6 1 1 0 2 116 516 0 790 3 
22 6 1 1 0 2 449 383 1 654 3 
22 6 1 1 0 2 249 83 1 596 3 
22 6 1 1 0 2 216 183 1 797 3 
22 6 1 1 0 2 482 482 1 714 2 
22 6 1 1 0 2 216 316 1 1080 3 
22 6 1 1 0 2 416 50 1 1041 3 
22 6 1 1 0 2 449 149 1 632 3 
22 6 1 1 0 2 116 216 0 682 3 
22 6 1 1 0 2 183 549 0 796 3 
22 6 1 1 0 2 383 383 1 712 3 
22 6 1 1 0 2 349 349 1 578 3 
22 6 1 1 0 2 83 116 0 693 2 
22 6 1 1 0 2 116 249 0 684 2 
22 6 1 1 0 2 183 516 0 801 2 
22 6 1 1 0 2 183 416 1 817 3 
22 6 1 1 0 2 183 183 1 930 3 
22 6 1 1 0 2 449 183 1 631 3 
22 6 1 1 0 2 316 416 1 672 2 
22 6 1 1 0 2 416 316 1 461 3 
22 6 1 1 0 2 316 383 1 698 3 
22 6 1 1 0 2 482 83 1 663 3 
22 6 1 1 0 2 416 83 1 743 3 
22 6 1 1 0 1 97 433 0 1694 
22 6 1 1 0 1 599 0 1 1698 
22 6 1 1 0 1 0 381 0 1097 
22 6 1 1 0 1 0 0 0 1177 
22 6 1 1 0 1 599 196 1 952 
22 6 1 1 0 1 599 0 0 1545 
22 6 1 1 0 1 599 489 1 800 
22 6 1 1 0 1 120 229 0 1961 
22 6 1 1 0 1 121 0 1 1217 
22 6 1 1 0 1 272 452 0 1552 
22 6 1 1 0 1 599 443 1 1377 
22 6 1 1 0 1 444 170 1 785 
22 6 1 1 0 1 503 426 1 674 
22 6 1 1 0 1 395 151 1 642 
22 6 1 1 0 1 250 556 0 937 
22 6 1 1 0 1 58 441 0 1304 
22 6 1 1 0 2 149 149 0 1356 3 
22 6 1 1 0 2 249 549 0 2257 3 
22 6 1 1 0 2 383 416 1 2072 3 
22 6 1 1 0 2 316 449 1 942 3 
22 6 1 1 0 2 283 149 1 1694 3 
22 6 1 1 0 2 283 83 0 1176 3 
22 6 1 1 0 2 149 283 0 780 3 
22 6 1 1 0 2 383 449 1 700 3 
22 6 1 1 0 2 283 416 1 850 3 
22 6 1 1 0 2 149 482 0 1002 3 
22 6 1 1 0 2 516 149 1 671 3 
22 6 1 1 0 2 449 316 1 643 3 
22 6 1 1 0 2 183 83 0 960 3 
22 6 1 1 0 2 383 516 1 1037 3 
22 6 1 1 0 2 383 50 1 688 3 
22 6 1 1 0 2 549 183 1 637 3 
22 6 1 1 0 2 449 216 1 597 3 
22 6 1 1 0 2 549 416 1 639 3 
22 6 1 1 0 2 50 416 0 658 3 
22 6 1 1 0 2 116 383 0 618 3 
22 6 1 1 0 2 283 482 0 871 3 
22 6 1 1 0 2 482 349 1 852 3 
22 6 1 1 0 2 549 83 1 693 3 
22 6 1 1 0 2 50 516 0 598 3 
22 6 1 1 0 2 183 449 0 575 3 
22 6 1 1 0 2 383 149 1 1224 3 
22 6 1 1 0 2 449 50 1 1007 3 
22 6 1 1 0 2 216 83 1 885 3 
22 6 1 1 0 2 349 482 1 702 3 
22 6 1 1 0 2 349 216 1 608 3 
22 6 1 1 0 2 50 50 0 630 3 
22 6 1 1 0 2 83 183 0 466 3 
