Subject 6 in condition 6, using samples from subject 2
Training Condition: 1
Task: 1
Rule: [[[250, 350], [[4538, 4463], [4463, 4538]]], [[350, 250], [[4538, 4463], [4463, 4538]]]]
Noise: 0
CATA=1
CATB=0
Sample keys: 120 122
Resp keys: 307 309
Dim direction: 1 1
Dim minimum: 26 43
Test order: [2, 0, 3, 6, 7, 5, 4, 1]
6 6 1 1 0 1 163 210 0 3997 
6 6 1 1 0 1 0 37 0 1719 
6 6 1 1 0 1 412 566 0 945 
6 6 1 1 0 1 63 568 0 785 
6 6 1 1 0 1 0 240 0 1224 
6 6 1 1 0 1 1 77 0 865 
6 6 1 1 0 1 444 375 1 1575 
6 6 1 1 0 1 201 295 0 1112 
6 6 1 1 0 1 518 166 1 1249 
6 6 1 1 0 1 195 282 0 816 
6 6 1 1 0 1 95 41 1 912 
6 6 1 1 0 1 78 383 0 698 
6 6 1 1 0 1 560 3 1 737 
6 6 1 1 0 1 599 179 1 863 
6 6 1 1 0 1 319 521 0 993 
6 6 1 1 0 1 315 0 1 921 
6 6 1 1 0 2 449 116 1 5036 3 
6 6 1 1 0 2 416 482 0 12677 2 
6 6 1 1 0 2 482 50 0 7552 1 
6 6 1 1 0 2 549 316 0 3353 3 
6 6 1 1 0 2 216 349 0 4222 2 
6 6 1 1 0 2 349 383 0 1849 2 
6 6 1 1 0 2 283 216 0 3872 2 
6 6 1 1 0 2 83 83 1 1793 3 
6 6 1 1 0 2 149 83 1 2200 2 
6 6 1 1 0 2 416 249 0 2250 2 
6 6 1 1 0 2 482 149 1 1584 1 
6 6 1 1 0 2 149 249 0 1602 3 
6 6 1 1 0 2 349 516 1 1229 2 
6 6 1 1 0 2 283 383 0 1349 1 
6 6 1 1 0 2 183 349 0 1933 1 
6 6 1 1 0 2 149 116 0 1730 3 
6 6 1 1 0 2 383 83 1 1762 2 
6 6 1 1 0 2 416 349 0 2913 3 
6 6 1 1 0 2 549 383 1 2673 1 
6 6 1 1 0 2 50 149 0 2931 2 
6 6 1 1 0 2 349 83 1 1575 2 
6 6 1 1 0 2 116 316 0 1104 3 
6 6 1 1 0 2 449 449 0 2287 3 
6 6 1 1 0 2 249 183 0 1626 3 
6 6 1 1 0 2 83 349 0 1145 3 
6 6 1 1 0 2 83 449 0 1770 3 
6 6 1 1 0 2 449 83 1 1027 2 
6 6 1 1 0 2 83 149 0 1606 3 
6 6 1 1 0 2 316 283 0 1045 2 
6 6 1 1 0 2 216 449 0 1132 2 
6 6 1 1 0 2 183 383 0 858 2 
6 6 1 1 0 2 516 383 0 2891 2 
6 6 1 1 0 1 103 51 1 7309 
6 6 1 1 0 1 483 175 1 2777 
6 6 1 1 0 1 261 298 0 10226 
6 6 1 1 0 1 594 460 1 2400 
6 6 1 1 0 1 430 0 1 1376 
6 6 1 1 0 1 449 211 1 1113 
6 6 1 1 0 1 45 208 0 1121 
6 6 1 1 0 1 466 567 0 1161 
6 6 1 1 0 1 184 0 1 1784 
6 6 1 1 0 1 322 517 0 1025 
6 6 1 1 0 1 0 0 1 1840 
6 6 1 1 0 1 144 27 1 1079 
6 6 1 1 0 1 524 473 1 1033 
6 6 1 1 0 1 80 207 0 953 
6 6 1 1 0 1 73 207 0 800 
6 6 1 1 0 1 599 206 1 1288 
6 6 1 1 0 2 183 216 0 5982 3 
6 6 1 1 0 2 549 216 1 1599 1 
6 6 1 1 0 2 83 482 1 2926 3 
6 6 1 1 0 2 316 549 0 2772 1 
6 6 1 1 0 2 482 449 1 4569 3 
6 6 1 1 0 2 416 116 1 6134 3 
6 6 1 1 0 2 283 50 0 2183 2 
6 6 1 1 0 2 482 316 0 3380 2 
6 6 1 1 0 2 83 316 0 2716 2 
6 6 1 1 0 2 283 183 0 1103 2 
6 6 1 1 0 2 516 283 0 1208 4 
6 6 1 1 0 2 416 149 1 1075 3 
6 6 1 1 0 2 449 349 1 937 2 
6 6 1 1 0 2 316 249 1 1163 2 
6 6 1 1 0 2 116 149 1 1549 2 
6 6 1 1 0 2 216 383 0 826 3 
6 6 1 1 0 2 349 416 0 1324 2 
6 6 1 1 0 2 482 183 1 1110 1 
6 6 1 1 0 2 482 116 0 818 3 
6 6 1 1 0 2 249 283 0 978 3 
6 6 1 1 0 2 83 549 0 1103 3 
6 6 1 1 0 2 516 50 1 1141 2 
6 6 1 1 0 2 383 549 1 1213 2 
6 6 1 1 0 2 183 283 0 1079 3 
6 6 1 1 0 2 216 549 1 783 2 
6 6 1 1 0 2 83 516 1 1031 2 
6 6 1 1 0 2 316 516 1 1140 2 
6 6 1 1 0 2 83 416 0 2170 3 
6 6 1 1 0 2 249 116 0 5167 3 
6 6 1 1 0 2 116 83 1 3080 2 
6 6 1 1 0 2 50 449 0 1513 2 
6 6 1 1 0 2 416 416 0 1320 3 
6 6 1 1 0 1 216 208 1 8389 
6 6 1 1 0 1 501 207 1 1695 
6 6 1 1 0 1 0 210 0 3113 
6 6 1 1 0 1 163 206 0 1792 
6 6 1 1 0 1 599 488 1 6280 
6 6 1 1 0 1 599 426 1 1225 
6 6 1 1 0 1 597 314 1 1000 
6 6 1 1 0 1 76 127 0 2072 
6 6 1 1 0 1 54 41 1 1578 
6 6 1 1 0 1 573 10 1 1242 
6 6 1 1 0 1 303 388 0 2200 
6 6 1 1 0 1 159 375 0 762 
6 6 1 1 0 1 269 166 1 1898 
6 6 1 1 0 1 599 501 1 1225 
6 6 1 1 0 1 274 289 0 1008 
6 6 1 1 0 1 0 599 1 3153 
6 6 1 1 0 2 249 549 0 4793 2 
6 6 1 1 0 2 50 416 0 1416 2 
6 6 1 1 0 2 449 216 1 2432 1 
6 6 1 1 0 2 283 416 1 1501 1 
6 6 1 1 0 2 549 416 1 1549 1 
6 6 1 1 0 2 383 50 0 1681 2 
6 6 1 1 0 2 316 449 0 2868 1 
6 6 1 1 0 2 516 149 0 1398 2 
6 6 1 1 0 2 449 316 1 1465 1 
6 6 1 1 0 2 283 482 1 3177 2 
6 6 1 1 0 2 383 416 1 1382 2 
6 6 1 1 0 2 183 83 0 1816 3 
6 6 1 1 0 2 349 482 1 1709 1 
6 6 1 1 0 2 149 482 1 2560 2 
6 6 1 1 0 2 283 149 0 1048 3 
6 6 1 1 0 2 383 516 1 1935 2 
6 6 1 1 0 2 50 516 1 2855 2 
6 6 1 1 0 2 149 149 0 3139 3 
6 6 1 1 0 2 50 50 0 1699 3 
6 6 1 1 0 2 283 83 0 2465 2 
6 6 1 1 0 2 449 50 0 926 2 
6 6 1 1 0 2 482 349 0 963 3 
6 6 1 1 0 2 349 216 0 810 2 
6 6 1 1 0 2 216 83 0 730 3 
6 6 1 1 0 2 183 449 1 2736 2 
6 6 1 1 0 2 383 449 1 1033 2 
6 6 1 1 0 2 149 283 0 3993 3 
6 6 1 1 0 2 549 83 1 1490 3 
6 6 1 1 0 2 116 383 1 1399 2 
6 6 1 1 0 2 83 183 0 1071 2 
6 6 1 1 0 2 383 149 1 2142 3 
6 6 1 1 0 2 549 183 1 937 3 
6 6 1 1 0 1 158 499 0 4966 
6 6 1 1 0 1 148 380 0 2456 
6 6 1 1 0 1 599 411 1 1512 
6 6 1 1 0 1 599 208 1 1480 
6 6 1 1 0 1 0 208 0 3434 
6 6 1 1 0 1 560 207 1 977 
6 6 1 1 0 1 277 208 1 929 
6 6 1 1 0 1 189 387 0 1194 
6 6 1 1 0 1 0 388 0 977 
6 6 1 1 0 1 330 367 0 1416 
6 6 1 1 0 1 560 0 1 977 
6 6 1 1 0 1 491 29 1 906 
6 6 1 1 0 1 92 29 1 1393 
6 6 1 1 0 1 139 193 0 1960 
6 6 1 1 0 1 154 28 1 1176 
6 6 1 1 0 1 47 355 0 833 
6 6 1 1 0 2 349 183 1 2918 2 
6 6 1 1 0 2 449 416 1 904 2 
6 6 1 1 0 2 249 449 0 1650 3 
6 6 1 1 0 2 549 349 1 1144 1 
6 6 1 1 0 2 50 383 0 1465 2 
6 6 1 1 0 2 116 449 0 1442 3 
6 6 1 1 0 2 116 549 0 1167 2 
6 6 1 1 0 2 149 216 0 1069 3 
6 6 1 1 0 2 516 116 1 833 2 
6 6 1 1 0 2 349 249 1 979 2 
6 6 1 1 0 2 50 183 1 1579 1 
6 6 1 1 0 2 349 283 1 1055 2 
6 6 1 1 0 2 50 216 0 1638 2 
6 6 1 1 0 2 482 283 1 1435 3 
6 6 1 1 0 2 482 549 1 888 3 
6 6 1 1 0 2 283 549 1 833 3 
6 6 1 1 0 2 83 283 0 1671 2 
6 6 1 1 0 2 50 116 1 1676 1 
6 6 1 1 0 2 249 482 0 3083 3 
6 6 1 1 0 2 349 549 0 1668 3 
6 6 1 1 0 2 549 149 1 1221 1 
6 6 1 1 0 2 216 283 0 1788 3 
6 6 1 1 0 2 482 416 0 3131 2 
6 6 1 1 0 2 549 482 1 922 3 
6 6 1 1 0 2 183 482 0 2174 2 
6 6 1 1 0 2 50 349 0 994 3 
6 6 1 1 0 2 316 482 0 1449 3 
6 6 1 1 0 2 116 50 1 1703 1 
6 6 1 1 0 2 349 316 0 1411 3 
6 6 1 1 0 2 316 183 0 1040 3 
6 6 1 1 0 2 383 283 0 905 3 
6 6 1 1 0 2 83 50 1 1047 2 
6 6 1 1 0 1 361 208 1 4564 
6 6 1 1 0 1 400 297 1 1265 
6 6 1 1 0 1 369 443 0 2025 
6 6 1 1 0 1 12 473 0 1249 
6 6 1 1 0 1 73 0 1 7303 
6 6 1 1 0 1 135 28 1 961 
6 6 1 1 0 1 86 28 1 857 
6 6 1 1 0 1 496 28 1 776 
6 6 1 1 0 1 2 25 0 3689 
6 6 1 1 0 1 39 28 1 1233 
6 6 1 1 0 1 132 387 0 1049 
6 6 1 1 0 1 2 428 0 671 
6 6 1 1 0 1 143 340 0 680 
6 6 1 1 0 1 265 205 1 944 
6 6 1 1 0 1 126 209 0 1032 
6 6 1 1 0 1 496 207 1 801 
6 6 1 1 0 2 50 83 0 13618 2 
6 6 1 1 0 2 216 149 0 1537 2 
6 6 1 1 0 2 316 116 1 1500 2 
6 6 1 1 0 2 149 183 0 2104 3 
6 6 1 1 0 2 383 349 1 1534 2 
6 6 1 1 0 2 50 283 0 1161 3 
6 6 1 1 0 2 349 149 1 1651 3 
6 6 1 1 0 2 516 349 1 2275 3 
6 6 1 1 0 2 116 116 1 2337 3 
6 6 1 1 0 2 516 449 1 1902 3 
6 6 1 1 0 2 249 50 0 1463 2 
6 6 1 1 0 2 116 416 0 2219 2 
6 6 1 1 0 2 549 50 1 1364 3 
6 6 1 1 0 2 549 516 0 2500 2 
6 6 1 1 0 2 183 249 1 2510 3 
6 6 1 1 0 2 249 316 1 1089 3 
6 6 1 1 0 2 383 316 1 971 3 
6 6 1 1 0 2 482 216 1 1215 3 
6 6 1 1 0 2 349 449 0 2094 2 
6 6 1 1 0 2 516 249 1 1569 3 
6 6 1 1 0 2 482 383 1 863 3 
6 6 1 1 0 2 249 416 1 2477 3 
6 6 1 1 0 2 283 349 1 1625 3 
6 6 1 1 0 2 549 449 1 1962 2 
6 6 1 1 0 2 149 349 1 2631 2 
6 6 1 1 0 2 383 116 0 2080 2 
6 6 1 1 0 2 116 482 0 1010 2 
6 6 1 1 0 2 149 549 0 1055 3 
6 6 1 1 0 2 249 216 1 1067 2 
6 6 1 1 0 2 149 383 1 1145 2 
6 6 1 1 0 2 316 149 0 1465 2 
6 6 1 1 0 2 516 216 1 949 2 
6 6 1 1 0 1 274 81 1 4270 
6 6 1 1 0 1 233 210 1 1274 
6 6 1 1 0 1 209 474 0 1145 
6 6 1 1 0 1 417 192 1 1129 
6 6 1 1 0 1 548 132 1 874 
6 6 1 1 0 1 599 377 1 759 
6 6 1 1 0 1 0 302 0 1801 
6 6 1 1 0 1 315 71 1 2250 
6 6 1 1 0 1 599 64 1 690 
6 6 1 1 0 1 599 352 1 737 
6 6 1 1 0 1 98 386 0 1961 
6 6 1 1 0 1 306 6 1 1329 
6 6 1 1 0 1 346 311 1 1625 
6 6 1 1 0 1 309 338 0 849 
6 6 1 1 0 1 207 199 1 1833 
6 6 1 1 0 1 251 150 1 1201 
6 6 1 1 0 2 283 449 0 3035 2 
6 6 1 1 0 2 482 83 1 4455 2 
6 6 1 1 0 2 183 549 0 2112 3 
6 6 1 1 0 2 183 316 1 970 3 
6 6 1 1 0 2 316 416 1 1502 3 
6 6 1 1 0 2 50 549 0 1615 3 
6 6 1 1 0 2 416 316 1 1007 3 
6 6 1 1 0 2 216 316 1 2493 3 
6 6 1 1 0 2 383 383 1 3741 3 
6 6 1 1 0 2 249 83 0 1694 2 
6 6 1 1 0 2 116 249 1 2070 2 
6 6 1 1 0 2 349 349 1 1315 3 
6 6 1 1 0 2 449 183 1 1685 3 
6 6 1 1 0 2 216 183 1 1710 3 
6 6 1 1 0 2 183 183 1 1368 3 
6 6 1 1 0 2 183 416 0 1104 2 
6 6 1 1 0 2 116 283 1 1111 3 
6 6 1 1 0 2 416 50 0 959 2 
6 6 1 1 0 2 183 516 0 945 2 
6 6 1 1 0 2 249 249 1 827 3 
6 6 1 1 0 2 449 383 1 3835 3 
6 6 1 1 0 2 449 516 0 811 3 
6 6 1 1 0 2 549 116 1 5073 3 
6 6 1 1 0 2 482 482 0 961 3 
6 6 1 1 0 2 116 516 0 1109 3 
6 6 1 1 0 2 83 116 1 1947 3 
6 6 1 1 0 2 416 83 1 1175 3 
6 6 1 1 0 2 549 283 1 1156 3 
6 6 1 1 0 2 316 50 0 1924 3 
6 6 1 1 0 2 316 383 0 2576 3 
6 6 1 1 0 2 116 216 1 1388 3 
6 6 1 1 0 2 449 149 1 1136 3 
6 6 1 1 0 1 27 210 0 7439 
6 6 1 1 0 1 134 210 0 1002 
6 6 1 1 0 1 309 210 1 2648 
6 6 1 1 0 1 599 211 1 904 
6 6 1 1 0 1 0 392 0 3466 
6 6 1 1 0 1 0 220 0 929 
6 6 1 1 0 1 0 173 0 752 
6 6 1 1 0 1 0 35 0 793 
6 6 1 1 0 1 117 407 0 993 
6 6 1 1 0 1 248 296 0 961 
6 6 1 1 0 1 57 11 1 1514 
6 6 1 1 0 1 33 27 1 793 
6 6 1 1 0 1 499 29 1 632 
6 6 1 1 0 1 389 28 1 608 
6 6 1 1 0 1 478 387 1 801 
6 6 1 1 0 1 348 446 0 1121 
6 6 1 1 0 2 549 549 0 3317 2 
6 6 1 1 0 2 216 216 1 4202 2 
6 6 1 1 0 2 516 416 0 868 3 
6 6 1 1 0 2 216 516 0 1366 3 
6 6 1 1 0 2 116 349 1 1122 2 
6 6 1 1 0 2 216 116 0 629 3 
6 6 1 1 0 2 249 383 0 879 3 
6 6 1 1 0 2 383 482 0 992 3 
6 6 1 1 0 2 83 216 1 675 2 
6 6 1 1 0 2 516 83 1 1365 2 
6 6 1 1 0 2 383 249 0 1070 3 
6 6 1 1 0 2 349 50 1 1121 2 
6 6 1 1 0 2 283 516 0 863 3 
6 6 1 1 0 2 116 183 0 574 3 
6 6 1 1 0 2 516 516 1 1419 2 
6 6 1 1 0 2 149 416 1 2134 3 
6 6 1 1 0 2 449 249 1 902 3 
6 6 1 1 0 2 283 283 1 907 3 
6 6 1 1 0 2 283 316 1 636 3 
6 6 1 1 0 2 149 449 0 828 2 
6 6 1 1 0 2 416 383 0 728 3 
6 6 1 1 0 2 416 549 0 784 3 
6 6 1 1 0 2 516 316 0 774 3 
6 6 1 1 0 2 449 482 0 636 3 
6 6 1 1 0 2 316 83 1 1356 2 
6 6 1 1 0 2 83 249 0 1575 3 
6 6 1 1 0 2 416 283 1 1024 3 
6 6 1 1 0 2 216 249 0 1238 3 
6 6 1 1 0 2 83 383 1 1855 2 
6 6 1 1 0 2 183 149 1 1852 2 
6 6 1 1 0 2 449 283 1 987 3 
6 6 1 1 0 2 549 249 1 883 3 
6 6 1 1 0 1 338 568 0 12925 
6 6 1 1 0 1 52 568 0 888 
6 6 1 1 0 1 595 570 1 1153 
6 6 1 1 0 1 498 568 0 1073 
6 6 1 1 0 1 391 568 0 817 
6 6 1 1 0 1 230 312 0 1112 
6 6 1 1 0 1 255 152 1 1440 
6 6 1 1 0 1 308 106 1 961 
6 6 1 1 0 1 75 28 1 882 
6 6 1 1 0 1 383 119 1 809 
6 6 1 1 0 1 163 69 1 801 
6 6 1 1 0 1 314 70 1 609 
6 6 1 1 0 1 233 421 0 2257 
6 6 1 1 0 1 0 170 0 4321 
6 6 1 1 0 1 0 71 0 1402 
6 6 1 1 0 1 0 361 0 1000 
6 6 1 1 0 2 283 116 1 2299 3 
6 6 1 1 0 2 183 50 1 973 3 
6 6 1 1 0 2 316 349 0 2073 3 
6 6 1 1 0 2 449 549 0 1072 3 
6 6 1 1 0 2 383 216 0 1736 3 
6 6 1 1 0 2 316 316 0 1038 3 
6 6 1 1 0 2 249 516 0 1140 3 
6 6 1 1 0 2 349 116 1 1849 4 
6 6 1 1 0 2 249 349 0 915 4 
6 6 1 1 0 2 516 549 1 1619 3 
6 6 1 1 0 2 149 50 1 1592 4 
6 6 1 1 0 2 516 482 0 4120 3 
6 6 1 1 0 2 482 516 0 945 4 
6 6 1 1 0 2 283 249 1 1836 3 
6 6 1 1 0 2 50 249 1 1022 4 
6 6 1 1 0 2 482 249 1 857 4 
6 6 1 1 0 2 416 516 0 1243 3 
6 6 1 1 0 2 50 482 0 1866 4 
6 6 1 1 0 2 249 149 1 1346 4 
6 6 1 1 0 2 316 216 1 689 4 
6 6 1 1 0 2 416 216 1 683 4 
6 6 1 1 0 2 216 482 0 1073 3 
6 6 1 1 0 2 149 516 0 2118 4 
6 6 1 1 0 2 183 116 1 1433 4 
6 6 1 1 0 2 216 416 0 1385 3 
6 6 1 1 0 2 516 183 1 2716 4 
6 6 1 1 0 2 416 183 1 2230 4 
6 6 1 1 0 2 383 183 1 2027 4 
6 6 1 1 0 2 50 316 1 2196 3 
6 6 1 1 0 2 216 50 1 1383 4 
6 6 1 1 0 2 149 316 0 756 3 
6 6 1 1 0 2 416 449 0 918 3 
