Subject 62 in condition 6, using samples from subject 58
Training Condition: 1
Task: 1
Rule: [[[250, 350], [[4538, 4463], [4463, 4538]]], [[350, 250], [[4538, 4463], [4463, 4538]]]]
Noise: 0
CATA=1
CATB=0
Sample keys: 122 120
Resp keys: 309 307
Dim direction: 0 0
Dim minimum: 29 48
Test order: [1, 6, 5, 0, 3, 7, 4, 2]
62 6 1 1 0 1 599 0 0 4406 
62 6 1 1 0 1 448 185 1 1290 
62 6 1 1 0 1 162 378 0 2825 
62 6 1 1 0 1 215 599 0 1642 
62 6 1 1 0 1 0 381 0 1433 
62 6 1 1 0 1 599 200 1 1977 
62 6 1 1 0 1 0 523 0 1665 
62 6 1 1 0 1 590 599 0 1793 
62 6 1 1 0 1 203 0 1 1210 
62 6 1 1 0 1 532 547 0 1450 
62 6 1 1 0 1 356 0 1 1296 
62 6 1 1 0 1 230 583 0 993 
62 6 1 1 0 1 12 589 0 1034 
62 6 1 1 0 1 23 0 1 1375 
62 6 1 1 0 1 500 106 1 1153 
62 6 1 1 0 1 198 167 1 889 
62 6 1 1 0 2 216 416 1 2966 3 
62 6 1 1 0 2 449 549 0 2186 3 
62 6 1 1 0 2 383 216 0 2730 3 
62 6 1 1 0 2 516 482 0 3298 2 
62 6 1 1 0 2 149 516 0 2709 2 
62 6 1 1 0 2 50 482 0 3164 4 
62 6 1 1 0 2 416 216 1 2598 3 
62 6 1 1 0 2 183 50 0 1895 3 
62 6 1 1 0 2 249 349 1 2110 2 
62 6 1 1 0 2 283 116 0 4083 3 
62 6 1 1 0 2 383 183 0 2262 3 
62 6 1 1 0 2 216 482 1 1882 3 
62 6 1 1 0 2 249 516 1 3107 3 
62 6 1 1 0 2 50 249 0 3372 4 
62 6 1 1 0 2 283 249 0 1999 3 
62 6 1 1 0 2 416 516 1 4336 2 
62 6 1 1 0 2 149 50 1 3363 5 
62 6 1 1 0 2 149 316 1 4785 3 
62 6 1 1 0 2 482 249 0 1868 3 
62 6 1 1 0 2 316 316 0 2355 4 
62 6 1 1 0 2 316 349 0 1393 4 
62 6 1 1 0 2 416 449 1 2323 3 
62 6 1 1 0 2 516 549 0 2349 3 
62 6 1 1 0 2 249 149 1 2539 3 
62 6 1 1 0 2 416 183 1 2577 3 
62 6 1 1 0 2 50 316 0 3478 4 
62 6 1 1 0 2 216 50 0 2328 4 
62 6 1 1 0 2 482 516 1 2888 4 
62 6 1 1 0 2 183 116 1 5050 4 
62 6 1 1 0 2 516 183 1 2646 4 
62 6 1 1 0 2 349 116 1 2533 4 
62 6 1 1 0 2 316 216 1 2737 4 
62 6 1 1 0 1 238 30 1 1350 
62 6 1 1 0 1 355 382 0 1209 
62 6 1 1 0 1 405 36 1 1377 
62 6 1 1 0 1 193 496 0 1097 
62 6 1 1 0 1 473 485 0 1433 
62 6 1 1 0 1 520 0 1 2297 
62 6 1 1 0 1 238 358 0 1472 
62 6 1 1 0 1 511 0 1 1226 
62 6 1 1 0 1 118 397 0 905 
62 6 1 1 0 1 218 0 1 585 
62 6 1 1 0 1 207 37 1 1041 
62 6 1 1 0 1 436 436 1 3368 
62 6 1 1 0 1 79 364 0 1616 
62 6 1 1 0 1 404 208 1 1793 
62 6 1 1 0 1 236 152 1 961 
62 6 1 1 0 1 442 249 1 1310 
62 6 1 1 0 2 482 549 1 2941 3 
62 6 1 1 0 2 549 349 1 3262 3 
62 6 1 1 0 2 349 316 1 3602 3 
62 6 1 1 0 2 216 283 1 2263 3 
62 6 1 1 0 2 516 116 1 2439 1 
62 6 1 1 0 2 249 449 0 2227 3 
62 6 1 1 0 2 83 50 1 2221 4 
62 6 1 1 0 2 383 283 1 2503 3 
62 6 1 1 0 2 50 183 1 2028 3 
62 6 1 1 0 2 283 549 1 1721 3 
62 6 1 1 0 2 349 249 1 1766 4 
62 6 1 1 0 2 183 482 0 1523 4 
62 6 1 1 0 2 249 482 0 1704 3 
62 6 1 1 0 2 482 416 0 3682 3 
62 6 1 1 0 2 316 482 0 1315 3 
62 6 1 1 0 2 50 116 1 1289 3 
62 6 1 1 0 2 116 50 1 924 3 
62 6 1 1 0 2 349 549 1 1213 3 
62 6 1 1 0 2 349 183 1 1113 3 
62 6 1 1 0 2 50 216 1 1735 3 
62 6 1 1 0 2 316 183 1 1155 4 
62 6 1 1 0 2 83 283 1 1499 4 
62 6 1 1 0 2 50 349 1 2205 4 
62 6 1 1 0 2 116 549 1 1261 3 
62 6 1 1 0 2 449 416 0 1361 4 
62 6 1 1 0 2 149 216 1 1459 3 
62 6 1 1 0 2 482 283 1 1396 3 
62 6 1 1 0 2 549 482 0 3991 3 
62 6 1 1 0 2 50 383 1 1271 3 
62 6 1 1 0 2 349 283 1 1225 3 
62 6 1 1 0 2 116 449 0 1955 3 
62 6 1 1 0 2 549 149 1 1534 4 
62 6 1 1 0 1 220 598 0 3527 
62 6 1 1 0 1 118 57 1 2920 
62 6 1 1 0 1 227 599 0 1649 
62 6 1 1 0 1 17 132 0 1545 
62 6 1 1 0 1 89 310 0 1161 
62 6 1 1 0 1 311 598 0 1018 
62 6 1 1 0 1 171 3 1 1073 
62 6 1 1 0 1 48 512 0 1050 
62 6 1 1 0 1 203 245 0 1050 
62 6 1 1 0 1 114 237 0 1210 
62 6 1 1 0 1 296 341 0 1529 
62 6 1 1 0 1 599 174 1 1178 
62 6 1 1 0 1 0 474 0 736 
62 6 1 1 0 1 568 350 1 977 
62 6 1 1 0 1 518 162 1 729 
62 6 1 1 0 1 534 140 1 721 
62 6 1 1 0 2 482 83 1 2880 3 
62 6 1 1 0 2 216 316 0 1689 4 
62 6 1 1 0 2 283 449 0 1176 4 
62 6 1 1 0 2 83 116 0 1854 4 
62 6 1 1 0 2 116 283 0 1865 4 
62 6 1 1 0 2 183 183 0 2024 4 
62 6 1 1 0 2 116 216 0 768 4 
62 6 1 1 0 2 416 83 0 4625 2 
62 6 1 1 0 2 183 516 0 1703 3 
62 6 1 1 0 2 449 383 1 2833 3 
62 6 1 1 0 2 416 50 1 1575 3 
62 6 1 1 0 2 383 383 0 1111 3 
62 6 1 1 0 2 249 83 1 852 3 
62 6 1 1 0 2 316 383 0 1053 3 
62 6 1 1 0 2 183 549 0 1666 3 
62 6 1 1 0 2 449 183 1 3238 4 
62 6 1 1 0 2 449 516 0 2076 3 
62 6 1 1 0 2 316 416 1 1803 3 
62 6 1 1 0 2 349 349 1 1640 3 
62 6 1 1 0 2 549 116 1 1656 5 
62 6 1 1 0 2 249 249 0 1318 4 
62 6 1 1 0 2 50 549 0 2343 4 
62 6 1 1 0 2 116 516 0 1356 4 
62 6 1 1 0 2 183 416 0 1107 4 
62 6 1 1 0 2 416 316 0 1386 4 
62 6 1 1 0 2 549 283 1 6621 4 
62 6 1 1 0 2 183 316 0 4499 4 
62 6 1 1 0 2 316 50 1 2010 3 
62 6 1 1 0 2 216 183 1 1441 3 
62 6 1 1 0 2 482 482 1 1593 3 
62 6 1 1 0 2 449 149 1 2880 3 
62 6 1 1 0 2 116 249 0 1096 4 
62 6 1 1 0 1 321 187 1 1829 
62 6 1 1 0 1 324 7 1 954 
62 6 1 1 0 1 599 401 1 1088 
62 6 1 1 0 1 427 29 1 713 
62 6 1 1 0 1 269 374 0 617 
62 6 1 1 0 1 66 90 0 584 
62 6 1 1 0 1 191 375 0 577 
62 6 1 1 0 1 321 415 0 881 
62 6 1 1 0 1 550 308 1 778 
62 6 1 1 0 1 331 319 1 758 
62 6 1 1 0 1 596 599 0 1081 
62 6 1 1 0 1 374 0 1 904 
62 6 1 1 0 1 399 195 1 1065 
62 6 1 1 0 1 490 179 1 704 
62 6 1 1 0 1 313 599 0 1336 
62 6 1 1 0 1 248 110 1 1408 
62 6 1 1 0 2 249 283 0 2165 3 
62 6 1 1 0 2 482 183 1 1015 3 
62 6 1 1 0 2 416 416 1 1510 3 
62 6 1 1 0 2 83 482 0 1412 4 
62 6 1 1 0 2 482 116 0 2759 2 
62 6 1 1 0 2 516 50 1 1379 3 
62 6 1 1 0 2 316 249 0 1189 3 
62 6 1 1 0 2 416 149 1 1218 3 
62 6 1 1 0 2 549 216 1 1359 3 
62 6 1 1 0 2 449 349 1 1066 3 
62 6 1 1 0 2 349 416 1 965 3 
62 6 1 1 0 2 249 116 1 1101 3 
62 6 1 1 0 2 116 83 0 1158 4 
62 6 1 1 0 2 482 316 1 1099 4 
62 6 1 1 0 2 216 383 1 1681 4 
62 6 1 1 0 2 516 283 1 1755 4 
62 6 1 1 0 2 83 549 0 1513 3 
62 6 1 1 0 2 183 216 1 3542 3 
62 6 1 1 0 2 283 50 1 2183 3 
62 6 1 1 0 2 83 416 0 1094 3 
62 6 1 1 0 2 416 116 1 1089 3 
62 6 1 1 0 2 83 316 0 1296 3 
62 6 1 1 0 2 283 183 1 3319 4 
62 6 1 1 0 2 50 449 0 1667 3 
62 6 1 1 0 2 183 283 0 1049 3 
62 6 1 1 0 2 316 516 1 868 3 
62 6 1 1 0 2 482 449 1 3720 3 
62 6 1 1 0 2 83 516 0 996 3 
62 6 1 1 0 2 116 149 0 1116 3 
62 6 1 1 0 2 216 549 0 979 3 
62 6 1 1 0 2 383 549 0 2277 3 
62 6 1 1 0 2 316 549 0 1557 3 
62 6 1 1 0 1 313 9 1 1078 
62 6 1 1 0 1 6 335 0 993 
62 6 1 1 0 1 455 434 1 905 
62 6 1 1 0 1 571 29 1 809 
62 6 1 1 0 1 575 262 1 720 
62 6 1 1 0 1 248 587 0 673 
62 6 1 1 0 1 599 475 1 665 
62 6 1 1 0 1 592 0 0 881 
62 6 1 1 0 1 78 155 0 993 
62 6 1 1 0 1 599 417 1 953 
62 6 1 1 0 1 586 486 1 752 
62 6 1 1 0 1 286 403 0 968 
62 6 1 1 0 1 452 527 0 937 
62 6 1 1 0 1 562 166 1 953 
62 6 1 1 0 1 575 68 1 921 
62 6 1 1 0 1 537 598 0 1505 
62 6 1 1 0 2 149 149 0 1523 3 
62 6 1 1 0 2 116 383 0 2848 3 
62 6 1 1 0 2 383 149 1 1590 4 
62 6 1 1 0 2 249 549 1 1840 4 
62 6 1 1 0 2 83 183 0 1550 4 
62 6 1 1 0 2 383 449 0 1510 4 
62 6 1 1 0 2 549 416 0 2304 2 
62 6 1 1 0 2 549 183 1 3175 5 
62 6 1 1 0 2 283 149 0 2881 3 
62 6 1 1 0 2 316 449 0 2052 4 
62 6 1 1 0 2 149 482 0 1788 4 
62 6 1 1 0 2 449 50 1 1717 4 
62 6 1 1 0 2 383 416 1 1325 3 
62 6 1 1 0 2 516 149 1 1548 3 
62 6 1 1 0 2 283 83 1 1531 3 
62 6 1 1 0 2 216 83 1 1531 3 
62 6 1 1 0 2 50 516 0 1789 5 
62 6 1 1 0 2 549 83 1 4989 3 
62 6 1 1 0 2 383 516 0 2044 4 
62 6 1 1 0 2 50 416 0 2127 4 
62 6 1 1 0 2 349 216 0 1184 4 
62 6 1 1 0 2 283 416 0 1450 4 
62 6 1 1 0 2 149 283 0 1024 4 
62 6 1 1 0 2 183 449 0 1318 3 
62 6 1 1 0 2 283 482 0 1281 4 
62 6 1 1 0 2 482 349 0 1547 3 
62 6 1 1 0 2 349 482 0 1026 3 
62 6 1 1 0 2 50 50 1 1852 3 
62 6 1 1 0 2 183 83 0 2002 3 
62 6 1 1 0 2 449 216 0 2030 2 
62 6 1 1 0 2 449 316 0 1218 3 
62 6 1 1 0 2 383 50 0 1014 4 
62 6 1 1 0 1 362 0 1 1572 
62 6 1 1 0 1 599 207 1 889 
62 6 1 1 0 1 283 0 1 721 
62 6 1 1 0 1 246 322 0 800 
62 6 1 1 0 1 172 29 1 945 
62 6 1 1 0 1 88 106 0 1544 
62 6 1 1 0 1 309 57 1 1058 
62 6 1 1 0 1 580 21 1 617 
62 6 1 1 0 1 599 175 1 808 
62 6 1 1 0 1 78 443 0 855 
62 6 1 1 0 1 0 38 0 705 
62 6 1 1 0 1 250 241 1 880 
62 6 1 1 0 1 596 342 1 977 
62 6 1 1 0 1 99 458 0 777 
62 6 1 1 0 1 599 266 1 1017 
62 6 1 1 0 1 500 180 1 697 
62 6 1 1 0 2 383 349 0 2466 3 
62 6 1 1 0 2 149 183 0 1350 4 
62 6 1 1 0 2 516 216 1 1665 4 
62 6 1 1 0 2 516 349 1 1177 4 
62 6 1 1 0 2 549 516 1 1593 4 
62 6 1 1 0 2 149 549 0 1104 4 
62 6 1 1 0 2 516 249 1 2740 3 
62 6 1 1 0 2 249 316 1 3887 4 
62 6 1 1 0 2 183 249 0 1216 4 
62 6 1 1 0 2 316 116 0 1217 4 
62 6 1 1 0 2 549 449 1 1219 3 
62 6 1 1 0 2 149 349 0 1018 4 
62 6 1 1 0 2 349 149 1 2210 3 
62 6 1 1 0 2 516 449 0 2666 4 
62 6 1 1 0 2 383 316 0 1297 4 
62 6 1 1 0 2 116 482 0 918 4 
62 6 1 1 0 2 283 349 0 1451 4 
62 6 1 1 0 2 482 383 0 947 4 
62 6 1 1 0 2 116 116 0 2243 4 
62 6 1 1 0 2 116 416 0 1792 3 
62 6 1 1 0 2 149 383 0 980 3 
62 6 1 1 0 2 249 216 0 871 3 
62 6 1 1 0 2 249 416 0 928 3 
62 6 1 1 0 2 349 449 0 1569 3 
62 6 1 1 0 2 482 216 0 925 3 
62 6 1 1 0 2 216 149 0 1991 3 
62 6 1 1 0 2 249 50 0 1333 3 
62 6 1 1 0 2 549 50 0 1059 3 
62 6 1 1 0 2 50 83 0 1280 3 
62 6 1 1 0 2 316 149 0 1006 4 
62 6 1 1 0 2 383 116 0 811 4 
62 6 1 1 0 2 50 283 0 1017 4 
62 6 1 1 0 1 450 331 1 1150 
62 6 1 1 0 1 277 270 1 688 
62 6 1 1 0 1 122 72 1 833 
62 6 1 1 0 1 148 197 0 897 
62 6 1 1 0 1 359 599 0 768 
62 6 1 1 0 1 4 191 0 1266 
62 6 1 1 0 1 419 211 1 1097 
62 6 1 1 0 1 536 184 1 730 
62 6 1 1 0 1 47 550 0 816 
62 6 1 1 0 1 1 232 0 697 
62 6 1 1 0 1 501 295 1 1625 
62 6 1 1 0 1 599 82 1 865 
62 6 1 1 0 1 395 277 1 737 
62 6 1 1 0 1 0 567 0 857 
62 6 1 1 0 1 4 363 0 562 
62 6 1 1 0 1 453 359 1 763 
62 6 1 1 0 2 549 549 1 2728 3 
62 6 1 1 0 2 316 83 1 1155 3 
62 6 1 1 0 2 283 283 0 1264 4 
62 6 1 1 0 2 449 249 0 1009 4 
62 6 1 1 0 2 416 283 0 992 4 
62 6 1 1 0 2 383 249 0 895 4 
62 6 1 1 0 2 249 383 0 1030 4 
62 6 1 1 0 2 216 216 0 911 4 
62 6 1 1 0 2 549 249 1 1319 3 
62 6 1 1 0 2 216 249 0 971 4 
62 6 1 1 0 2 416 549 1 1183 3 
62 6 1 1 0 2 516 516 1 785 3 
62 6 1 1 0 2 216 116 1 2471 3 
62 6 1 1 0 2 449 283 0 989 3 
62 6 1 1 0 2 83 249 0 1051 4 
62 6 1 1 0 2 116 183 0 1113 4 
62 6 1 1 0 2 116 349 0 877 3 
62 6 1 1 0 2 416 383 0 1868 4 
62 6 1 1 0 2 283 516 0 1730 3 
62 6 1 1 0 2 383 482 0 855 3 
62 6 1 1 0 2 516 316 0 1181 3 
62 6 1 1 0 2 149 449 0 918 3 
62 6 1 1 0 2 183 149 1 1626 3 
62 6 1 1 0 2 83 383 0 979 4 
62 6 1 1 0 2 449 482 0 1036 4 
62 6 1 1 0 2 349 50 1 1258 3 
62 6 1 1 0 2 149 416 0 820 4 
62 6 1 1 0 2 283 316 0 816 4 
62 6 1 1 0 2 516 83 1 917 3 
62 6 1 1 0 2 516 416 0 846 4 
62 6 1 1 0 2 83 216 0 1030 4 
62 6 1 1 0 2 216 516 0 792 4 
62 6 1 1 0 1 130 290 0 990 
62 6 1 1 0 1 323 0 1 714 
62 6 1 1 0 1 61 386 0 609 
62 6 1 1 0 1 527 591 0 1273 
62 6 1 1 0 1 320 498 0 697 
62 6 1 1 0 1 371 32 1 969 
62 6 1 1 0 1 465 172 1 754 
62 6 1 1 0 1 300 597 0 920 
62 6 1 1 0 1 471 451 1 889 
62 6 1 1 0 1 0 464 0 778 
62 6 1 1 0 1 400 583 0 985 
62 6 1 1 0 1 0 528 0 905 
62 6 1 1 0 1 71 200 0 578 
62 6 1 1 0 1 113 521 0 792 
62 6 1 1 0 1 523 247 1 809 
62 6 1 1 0 1 400 44 1 674 
62 6 1 1 0 2 316 283 1 2555 3 
62 6 1 1 0 2 349 383 0 985 4 
62 6 1 1 0 2 482 149 1 1946 3 
62 6 1 1 0 2 516 383 0 980 4 
62 6 1 1 0 2 83 349 0 1209 4 
62 6 1 1 0 2 116 316 0 911 4 
62 6 1 1 0 2 216 349 0 724 4 
62 6 1 1 0 2 416 482 0 1116 4 
62 6 1 1 0 2 50 149 0 1061 4 
62 6 1 1 0 2 416 349 0 1232 4 
62 6 1 1 0 2 549 316 0 1646 4 
62 6 1 1 0 2 283 216 0 1646 3 
62 6 1 1 0 2 383 83 1 1096 3 
62 6 1 1 0 2 449 449 0 990 4 
62 6 1 1 0 2 482 50 1 2510 3 
62 6 1 1 0 2 149 116 1 1558 3 
62 6 1 1 0 2 249 183 0 2302 4 
62 6 1 1 0 2 349 516 0 1210 4 
62 6 1 1 0 2 149 83 1 1324 3 
62 6 1 1 0 2 183 383 0 2195 3 
62 6 1 1 0 2 183 349 0 860 3 
62 6 1 1 0 2 449 83 1 1037 3 
62 6 1 1 0 2 283 383 0 987 3 
62 6 1 1 0 2 349 83 1 1039 3 
62 6 1 1 0 2 83 449 0 1122 3 
62 6 1 1 0 2 83 149 0 1279 3 
62 6 1 1 0 2 83 83 0 1183 3 
62 6 1 1 0 2 149 249 0 1218 3 
62 6 1 1 0 2 449 116 1 1365 4 
62 6 1 1 0 2 216 449 0 1088 4 
62 6 1 1 0 2 416 249 0 1224 5 
62 6 1 1 0 2 549 383 0 882 5 
