Subject 86 in condition 6, using samples from subject 82
Training Condition: 1
Task: 1
Rule: [[[250, 350], [[4538, 4463], [4463, 4538]]], [[350, 250], [[4538, 4463], [4463, 4538]]]]
Noise: 0
CATA=0
CATB=1
Sample keys: 120 122
Resp keys: 307 309
Dim direction: 1 1
Dim minimum: 43 30
Test order: [3, 7, 6, 0, 5, 1, 2, 4]
86 6 1 1 0 1 279 420 0 4859 
86 6 1 1 0 1 450 381 1 5178 
86 6 1 1 0 1 383 123 1 4571 
86 6 1 1 0 1 224 124 1 4466 
86 6 1 1 0 1 274 574 0 3874 
86 6 1 1 0 1 395 484 0 3602 
86 6 1 1 0 1 495 369 1 4522 
86 6 1 1 0 1 241 450 0 6121 
86 6 1 1 0 1 0 483 0 3386 
86 6 1 1 0 1 151 342 0 15762 
86 6 1 1 0 1 160 0 1 4865 
86 6 1 1 0 1 133 123 1 3346 
86 6 1 1 0 1 152 125 1 1826 
86 6 1 1 0 1 137 175 0 11945 
86 6 1 1 0 1 197 142 1 2816 
86 6 1 1 0 1 88 93 0 5817 
86 6 1 1 0 2 149 283 0 8671 3 
86 6 1 1 0 2 549 83 1 5432 4 
86 6 1 1 0 2 316 449 0 4766 4 
86 6 1 1 0 2 283 416 1 16776 3 
86 6 1 1 0 2 183 449 0 10302 3 
86 6 1 1 0 2 383 416 0 7087 3 
86 6 1 1 0 2 83 183 1 11248 3 
86 6 1 1 0 2 283 83 1 3530 3 
86 6 1 1 0 2 50 50 1 4243 4 
86 6 1 1 0 2 50 516 0 2857 4 
86 6 1 1 0 2 383 449 0 5203 4 
86 6 1 1 0 2 549 183 1 12482 4 
86 6 1 1 0 2 549 416 1 7267 3 
86 6 1 1 0 2 116 383 1 4068 5 
86 6 1 1 0 2 216 83 1 10907 3 
86 6 1 1 0 2 516 149 0 5850 3 
86 6 1 1 0 2 249 549 0 4882 4 
86 6 1 1 0 2 449 216 1 5324 3 
86 6 1 1 0 2 50 416 0 5927 4 
86 6 1 1 0 2 449 316 0 3355 4 
86 6 1 1 0 2 482 349 0 2872 4 
86 6 1 1 0 2 383 50 1 5134 4 
86 6 1 1 0 2 383 516 0 2115 4 
86 6 1 1 0 2 383 149 0 22000 2 
86 6 1 1 0 2 283 149 0 13094 2 
86 6 1 1 0 2 283 482 0 2414 4 
86 6 1 1 0 2 149 149 1 16114 3 
86 6 1 1 0 2 349 216 0 18448 2 
86 6 1 1 0 2 149 482 0 3897 4 
86 6 1 1 0 2 449 50 1 3512 4 
86 6 1 1 0 2 183 83 1 2966 4 
86 6 1 1 0 2 349 482 0 2637 4 
86 6 1 1 0 1 233 174 1 10508 
86 6 1 1 0 1 229 90 1 3408 
86 6 1 1 0 1 192 543 0 3450 
86 6 1 1 0 1 159 263 0 2427 
86 6 1 1 0 1 200 371 0 5891 
86 6 1 1 0 1 533 196 1 5499 
86 6 1 1 0 1 497 573 0 3034 
86 6 1 1 0 1 203 428 0 2802 
86 6 1 1 0 1 176 174 1 5824 
86 6 1 1 0 1 224 287 0 5594 
86 6 1 1 0 1 252 190 1 3378 
86 6 1 1 0 1 5 226 0 6435 
86 6 1 1 0 1 66 15 1 4921 
86 6 1 1 0 1 58 181 0 8794 
86 6 1 1 0 1 523 327 1 2857 
86 6 1 1 0 1 531 0 1 2041 
86 6 1 1 0 2 149 383 0 5279 4 
86 6 1 1 0 2 516 216 0 11375 3 
86 6 1 1 0 2 516 349 1 5195 4 
86 6 1 1 0 2 482 383 0 2105 4 
86 6 1 1 0 2 549 50 1 4657 4 
86 6 1 1 0 2 383 349 1 4311 4 
86 6 1 1 0 2 116 116 1 10287 3 
86 6 1 1 0 2 283 349 1 3263 4 
86 6 1 1 0 2 383 316 1 6860 3 
86 6 1 1 0 2 183 249 0 4395 4 
86 6 1 1 0 2 149 349 1 2387 4 
86 6 1 1 0 2 149 183 0 3982 3 
86 6 1 1 0 2 116 482 0 2071 4 
86 6 1 1 0 2 316 149 1 23155 3 
86 6 1 1 0 2 516 249 0 3410 3 
86 6 1 1 0 2 249 216 0 4628 3 
86 6 1 1 0 2 249 416 0 1864 4 
86 6 1 1 0 2 549 449 0 1736 4 
86 6 1 1 0 2 50 283 1 22719 3 
86 6 1 1 0 2 516 449 0 1700 4 
86 6 1 1 0 2 116 416 0 1563 4 
86 6 1 1 0 2 349 449 0 1850 4 
86 6 1 1 0 2 50 83 1 2807 4 
86 6 1 1 0 2 482 216 0 2382 3 
86 6 1 1 0 2 316 116 1 4782 4 
86 6 1 1 0 2 249 316 1 10357 3 
86 6 1 1 0 2 383 116 1 3077 4 
86 6 1 1 0 2 549 516 0 2283 4 
86 6 1 1 0 2 149 549 0 1590 4 
86 6 1 1 0 2 349 149 1 4076 4 
86 6 1 1 0 2 249 50 1 1522 4 
86 6 1 1 0 2 216 149 1 4913 3 
86 6 1 1 0 1 591 482 1 6084 
86 6 1 1 0 1 147 599 0 7664 
86 6 1 1 0 1 228 268 0 9344 
86 6 1 1 0 1 76 299 0 3850 
86 6 1 1 0 1 365 137 1 3321 
86 6 1 1 0 1 449 219 1 2930 
86 6 1 1 0 1 63 599 0 2763 
86 6 1 1 0 1 575 598 0 2114 
86 6 1 1 0 1 28 302 0 4610 
86 6 1 1 0 1 131 0 1 1699 
86 6 1 1 0 1 122 561 0 11994 
86 6 1 1 0 1 270 307 0 4594 
86 6 1 1 0 1 126 0 1 1306 
86 6 1 1 0 1 597 196 1 5817 
86 6 1 1 0 1 599 0 1 921 
86 6 1 1 0 1 19 599 0 9562 
86 6 1 1 0 2 482 416 0 7416 3 
86 6 1 1 0 2 349 249 0 9558 3 
86 6 1 1 0 2 249 449 0 8406 3 
86 6 1 1 0 2 50 183 1 8197 3 
86 6 1 1 0 2 149 216 0 8355 3 
86 6 1 1 0 2 349 183 0 2791 3 
86 6 1 1 0 2 549 349 1 4351 3 
86 6 1 1 0 2 482 549 0 18445 3 
86 6 1 1 0 2 549 482 1 5394 2 
86 6 1 1 0 2 349 283 0 3209 2 
86 6 1 1 0 2 316 482 0 7969 3 
86 6 1 1 0 2 50 116 1 3344 2 
86 6 1 1 0 2 183 482 0 1588 3 
86 6 1 1 0 2 549 149 1 6886 2 
86 6 1 1 0 2 516 116 0 6567 3 
86 6 1 1 0 2 50 216 0 4681 3 
86 6 1 1 0 2 116 50 1 4097 3 
86 6 1 1 0 2 83 283 0 4605 3 
86 6 1 1 0 2 316 183 0 2370 3 
86 6 1 1 0 2 383 283 0 3902 3 
86 6 1 1 0 2 249 482 0 4248 3 
86 6 1 1 0 2 50 349 0 4616 3 
86 6 1 1 0 2 50 383 1 5765 2 
86 6 1 1 0 2 83 50 1 2321 3 
86 6 1 1 0 2 349 549 0 1928 3 
86 6 1 1 0 2 283 549 1 4319 3 
86 6 1 1 0 2 349 316 0 1838 3 
86 6 1 1 0 2 449 416 0 4858 3 
86 6 1 1 0 2 116 549 0 4611 3 
86 6 1 1 0 2 216 283 0 5072 3 
86 6 1 1 0 2 116 449 0 2454 2 
86 6 1 1 0 2 482 283 1 9254 3 
86 6 1 1 0 1 376 252 1 16876 
86 6 1 1 0 1 315 7 1 889 
86 6 1 1 0 1 230 543 0 1546 
86 6 1 1 0 1 479 588 0 929 
86 6 1 1 0 1 303 364 0 1369 
86 6 1 1 0 1 0 599 1 2961 
86 6 1 1 0 1 1 266 0 1051 
86 6 1 1 0 1 0 439 0 1154 
86 6 1 1 0 1 77 599 0 850 
86 6 1 1 0 1 537 385 1 10506 
86 6 1 1 0 1 599 0 0 3616 
86 6 1 1 0 1 599 306 1 3098 
86 6 1 1 0 1 599 215 1 945 
86 6 1 1 0 1 453 125 1 2242 
86 6 1 1 0 1 239 124 1 1082 
86 6 1 1 0 1 0 526 0 1216 
86 6 1 1 0 2 482 449 0 3222 3 
86 6 1 1 0 2 349 416 0 4090 3 
86 6 1 1 0 2 316 549 0 1544 3 
86 6 1 1 0 2 316 516 0 949 3 
86 6 1 1 0 2 482 316 1 5639 3 
86 6 1 1 0 2 216 383 1 5336 3 
86 6 1 1 0 2 516 50 1 2211 3 
86 6 1 1 0 2 83 549 0 1829 3 
86 6 1 1 0 2 50 449 0 2037 3 
86 6 1 1 0 2 249 116 1 2472 3 
86 6 1 1 0 2 249 283 0 3613 3 
86 6 1 1 0 2 416 116 1 1475 3 
86 6 1 1 0 2 116 83 1 1329 3 
86 6 1 1 0 2 383 549 0 2518 3 
86 6 1 1 0 2 83 416 0 2445 3 
86 6 1 1 0 2 482 183 0 3073 3 
86 6 1 1 0 2 316 249 0 4722 3 
86 6 1 1 0 2 83 316 1 2191 3 
86 6 1 1 0 2 183 216 0 1272 3 
86 6 1 1 0 2 482 116 1 1431 3 
86 6 1 1 0 2 416 416 0 1849 3 
86 6 1 1 0 2 83 482 0 1017 3 
86 6 1 1 0 2 183 283 0 1238 3 
86 6 1 1 0 2 83 516 0 1426 3 
86 6 1 1 0 2 116 149 1 1533 3 
86 6 1 1 0 2 416 149 1 1332 3 
86 6 1 1 0 2 549 216 1 1790 3 
86 6 1 1 0 2 283 183 1 1878 3 
86 6 1 1 0 2 449 349 1 1211 3 
86 6 1 1 0 2 516 283 1 2485 3 
86 6 1 1 0 2 283 50 1 1056 3 
86 6 1 1 0 2 216 549 0 953 3 
86 6 1 1 0 1 0 5 0 5582 
86 6 1 1 0 1 17 219 0 1416 
86 6 1 1 0 1 75 501 0 913 
86 6 1 1 0 1 0 125 0 1075 
86 6 1 1 0 1 189 362 0 1010 
86 6 1 1 0 1 599 449 1 2713 
86 6 1 1 0 1 599 132 1 834 
86 6 1 1 0 1 599 0 1 1096 
86 6 1 1 0 1 599 595 1 1202 
86 6 1 1 0 1 599 493 1 915 
86 6 1 1 0 1 2 553 0 2114 
86 6 1 1 0 1 205 129 1 1192 
86 6 1 1 0 1 278 599 0 5096 
86 6 1 1 0 1 253 297 0 2370 
86 6 1 1 0 1 256 599 0 1057 
86 6 1 1 0 1 0 246 0 1089 
86 6 1 1 0 2 216 183 1 1493 3 
86 6 1 1 0 2 449 383 0 1511 3 
86 6 1 1 0 2 416 316 1 1287 3 
86 6 1 1 0 2 416 50 1 1069 3 
86 6 1 1 0 2 482 83 1 939 3 
86 6 1 1 0 2 183 549 0 1020 3 
86 6 1 1 0 2 83 116 1 1280 3 
86 6 1 1 0 2 116 516 0 777 3 
86 6 1 1 0 2 183 316 1 1347 3 
86 6 1 1 0 2 416 83 1 973 3 
86 6 1 1 0 2 50 549 0 904 3 
86 6 1 1 0 2 183 416 0 1060 3 
86 6 1 1 0 2 449 183 1 963 3 
86 6 1 1 0 2 482 482 0 874 3 
86 6 1 1 0 2 449 149 1 1024 3 
86 6 1 1 0 2 249 249 1 986 3 
86 6 1 1 0 2 116 216 1 775 3 
86 6 1 1 0 2 316 50 1 948 3 
86 6 1 1 0 2 316 383 0 1057 3 
86 6 1 1 0 2 549 116 1 958 3 
86 6 1 1 0 2 383 383 0 747 3 
86 6 1 1 0 2 183 183 1 585 3 
86 6 1 1 0 2 249 83 1 908 3 
86 6 1 1 0 2 449 516 0 822 3 
86 6 1 1 0 2 549 283 1 1093 3 
86 6 1 1 0 2 116 283 1 929 3 
86 6 1 1 0 2 116 249 1 848 3 
86 6 1 1 0 2 183 516 0 778 3 
86 6 1 1 0 2 283 449 0 945 3 
86 6 1 1 0 2 349 349 0 4544 3 
86 6 1 1 0 2 316 416 0 935 3 
86 6 1 1 0 2 216 316 1 1103 3 
86 6 1 1 0 1 16 485 0 22198 
86 6 1 1 0 1 545 252 1 729 
86 6 1 1 0 1 0 174 0 1360 
86 6 1 1 0 1 0 599 1 2611 
86 6 1 1 0 1 4 504 0 1179 
86 6 1 1 0 1 599 345 1 787 
86 6 1 1 0 1 597 0 0 1105 
86 6 1 1 0 1 599 96 1 715 
86 6 1 1 0 1 284 599 0 723 
86 6 1 1 0 1 278 377 0 1187 
86 6 1 1 0 1 251 115 1 747 
86 6 1 1 0 1 301 49 1 658 
86 6 1 1 0 1 304 238 1 746 
86 6 1 1 0 1 180 311 0 810 
86 6 1 1 0 1 0 327 0 810 
86 6 1 1 0 1 599 242 1 713 
86 6 1 1 0 2 283 116 1 4225 3 
86 6 1 1 0 2 216 50 1 1928 3 
86 6 1 1 0 2 316 216 1 1040 3 
86 6 1 1 0 2 316 349 1 2300 3 
86 6 1 1 0 2 149 516 0 915 3 
86 6 1 1 0 2 516 549 0 970 3 
86 6 1 1 0 2 482 516 0 990 3 
86 6 1 1 0 2 50 249 0 1657 3 
86 6 1 1 0 2 416 449 0 1056 3 
86 6 1 1 0 2 316 316 1 1491 3 
86 6 1 1 0 2 283 249 1 1522 3 
86 6 1 1 0 2 183 116 1 1157 3 
86 6 1 1 0 2 449 549 0 1043 3 
86 6 1 1 0 2 50 316 1 3176 3 
86 6 1 1 0 2 249 516 0 761 3 
86 6 1 1 0 2 249 349 0 1533 3 
86 6 1 1 0 2 216 416 0 1524 3 
86 6 1 1 0 2 383 183 1 1027 3 
86 6 1 1 0 2 249 149 1 1206 3 
86 6 1 1 0 2 149 316 1 2908 3 
86 6 1 1 0 2 416 216 0 2191 3 
86 6 1 1 0 2 183 50 1 1161 3 
86 6 1 1 0 2 416 183 0 3322 3 
86 6 1 1 0 2 50 482 0 980 3 
86 6 1 1 0 2 149 50 1 1033 3 
86 6 1 1 0 2 516 482 0 1446 3 
86 6 1 1 0 2 383 216 0 1830 3 
86 6 1 1 0 2 482 249 0 2128 3 
86 6 1 1 0 2 216 482 0 967 3 
86 6 1 1 0 2 349 116 1 1102 3 
86 6 1 1 0 2 416 516 0 1032 3 
86 6 1 1 0 2 516 183 1 1593 3 
86 6 1 1 0 1 169 65 1 18453 
86 6 1 1 0 1 66 0 1 1067 
86 6 1 1 0 1 135 516 0 721 
86 6 1 1 0 1 68 379 0 1338 
86 6 1 1 0 1 599 0 0 1634 
86 6 1 1 0 1 599 244 1 1561 
86 6 1 1 0 1 599 125 1 1236 
86 6 1 1 0 1 599 491 1 1633 
86 6 1 1 0 1 599 275 1 1056 
86 6 1 1 0 1 294 599 0 1194 
86 6 1 1 0 1 247 404 0 858 
86 6 1 1 0 1 329 599 0 994 
86 6 1 1 0 1 190 124 1 764 
86 6 1 1 0 1 0 126 0 2065 
86 6 1 1 0 1 0 373 0 1338 
86 6 1 1 0 1 0 449 0 1226 
86 6 1 1 0 2 183 383 0 3249 2 
86 6 1 1 0 2 183 349 0 3716 2 
86 6 1 1 0 2 249 183 1 3795 2 
86 6 1 1 0 2 149 83 1 3697 3 
86 6 1 1 0 2 349 516 0 1583 3 
86 6 1 1 0 2 449 449 1 2204 3 
86 6 1 1 0 2 149 249 0 1778 3 
86 6 1 1 0 2 549 316 1 1923 3 
86 6 1 1 0 2 449 83 1 1269 3 
86 6 1 1 0 2 216 449 0 1510 3 
86 6 1 1 0 2 83 83 1 1787 3 
86 6 1 1 0 2 449 116 1 1357 3 
86 6 1 1 0 2 416 249 0 1360 3 
86 6 1 1 0 2 416 482 0 949 3 
86 6 1 1 0 2 83 149 0 1574 3 
86 6 1 1 0 2 383 83 0 1798 3 
86 6 1 1 0 2 416 349 1 1572 3 
86 6 1 1 0 2 549 383 1 2125 3 
86 6 1 1 0 2 516 383 1 1082 3 
86 6 1 1 0 2 116 316 1 2676 3 
86 6 1 1 0 2 83 449 0 4139 3 
86 6 1 1 0 2 83 349 1 1396 3 
86 6 1 1 0 2 283 383 1 1416 3 
86 6 1 1 0 2 349 383 1 3415 2 
86 6 1 1 0 2 283 216 0 2789 3 
86 6 1 1 0 2 149 116 0 3214 3 
86 6 1 1 0 2 216 349 1 1167 3 
86 6 1 1 0 2 50 149 1 4148 2 
86 6 1 1 0 2 482 50 1 1673 3 
86 6 1 1 0 2 349 83 1 1677 3 
86 6 1 1 0 2 482 149 1 1624 3 
86 6 1 1 0 2 316 283 1 2035 3 
86 6 1 1 0 1 293 593 0 32925 
86 6 1 1 0 1 38 123 0 1362 
86 6 1 1 0 1 324 387 0 842 
86 6 1 1 0 1 0 491 0 1259 
86 6 1 1 0 1 599 119 1 1186 
86 6 1 1 0 1 599 0 0 1123 
86 6 1 1 0 1 446 480 0 1523 
86 6 1 1 0 1 276 398 0 674 
86 6 1 1 0 1 368 40 1 746 
86 6 1 1 0 1 253 168 1 747 
86 6 1 1 0 1 521 478 1 1219 
86 6 1 1 0 1 456 313 1 714 
86 6 1 1 0 1 74 539 0 897 
86 6 1 1 0 1 171 290 0 802 
86 6 1 1 0 1 368 202 1 1209 
86 6 1 1 0 1 118 305 0 2786 
86 6 1 1 0 2 516 316 1 3389 2 
86 6 1 1 0 2 83 216 0 2270 2 
86 6 1 1 0 2 83 249 0 2285 1 
86 6 1 1 0 2 216 516 0 2852 3 
86 6 1 1 0 2 383 482 0 2567 3 
86 6 1 1 0 2 383 249 1 2757 1 
86 6 1 1 0 2 416 283 1 1230 1 
86 6 1 1 0 2 216 216 1 1350 1 
86 6 1 1 0 2 449 482 0 2669 2 
86 6 1 1 0 2 149 449 0 1830 3 
86 6 1 1 0 2 283 316 1 2379 3 
86 6 1 1 0 2 83 383 1 1060 3 
86 6 1 1 0 2 283 283 1 967 3 
86 6 1 1 0 2 516 416 1 1312 3 
86 6 1 1 0 2 516 83 1 1215 3 
86 6 1 1 0 2 549 249 1 3915 3 
86 6 1 1 0 2 216 116 1 4234 2 
86 6 1 1 0 2 183 149 1 2782 2 
86 6 1 1 0 2 283 516 0 1373 3 
86 6 1 1 0 2 549 549 0 3270 3 
86 6 1 1 0 2 516 516 0 2139 3 
86 6 1 1 0 2 449 283 1 2182 3 
86 6 1 1 0 2 116 183 0 2342 2 
86 6 1 1 0 2 449 249 0 1651 2 
86 6 1 1 0 2 349 50 1 1510 3 
86 6 1 1 0 2 116 349 1 1676 3 
86 6 1 1 0 2 416 549 0 2963 2 
86 6 1 1 0 2 149 416 1 4971 3 
86 6 1 1 0 2 316 83 1 1797 3 
86 6 1 1 0 2 249 383 1 5351 3 
86 6 1 1 0 2 216 249 1 7080 2 
86 6 1 1 0 2 416 383 1 3019 2 
