Subject 19 in condition 3
Training Condition: 3
Task: 1
Rule: [[[250, 250], [[4538, -4463], [-4463, 4538]]], [[350, 350], [[4538, -4463], [-4463, 4538]]]]
Noise: 0
CATA=1
CATB=0
Sample keys: 122 120
Resp keys: 307 309
Dim direction: 0 0
Dim minimum: 43 57
Test order: [5, 4, 2, 3, 0, 1, 7, 6]
19 3 3 1 1 1 0 289 0 1909 
19 3 3 1 1 1 0 0 0 1714 
19 3 3 1 1 1 565 0 0 1369 
19 3 3 1 1 1 599 454 1 1425 
19 3 3 1 1 1 336 224 0 2050 
19 3 3 1 1 1 0 599 0 1194 
19 3 3 1 1 1 0 0 0 738 
19 3 3 1 1 1 557 0 0 969 
19 3 3 1 1 1 599 599 1 1761 
19 3 3 1 1 1 0 599 0 890 
19 3 3 1 1 1 105 0 0 840 
19 3 3 1 1 1 599 79 1 1337 
19 3 3 1 1 1 0 599 0 978 
19 3 3 1 1 1 0 599 0 817 
19 3 3 1 1 1 142 599 1 1563 
19 3 3 1 1 1 209 599 1 1170 
19 3 3 1 1 2 183 516 0 6148 3 
19 3 3 1 1 2 116 516 1 5950 2 
19 3 3 1 1 2 116 249 0 4729 3 
19 3 3 1 1 2 83 116 0 4058 4 
19 3 3 1 1 2 216 183 0 5223 2 
19 3 3 1 1 2 482 482 1 4219 4 
19 3 3 1 1 2 416 50 0 5344 3 
19 3 3 1 1 2 283 449 1 8605 3 
19 3 3 1 1 2 482 83 1 5102 3 
19 3 3 1 1 2 449 383 1 6303 2 
19 3 3 1 1 2 449 516 0 2233 3 
19 3 3 1 1 2 416 83 0 6584 3 
19 3 3 1 1 2 449 149 0 4492 3 
19 3 3 1 1 2 249 249 0 3603 4 
19 3 3 1 1 2 383 383 1 3274 2 
19 3 3 1 1 2 249 83 0 3155 2 
19 3 3 1 1 2 549 116 1 4378 4 
19 3 3 1 1 2 116 283 0 3006 4 
19 3 3 1 1 2 183 416 0 1859 4 
19 3 3 1 1 2 316 416 1 3753 3 
19 3 3 1 1 2 183 316 1 4716 3 
19 3 3 1 1 2 349 349 1 2398 3 
19 3 3 1 1 2 316 383 1 1759 3 
19 3 3 1 1 2 183 549 0 1902 2 
19 3 3 1 1 2 183 183 1 1581 3 
19 3 3 1 1 2 50 549 0 3145 2 
19 3 3 1 1 2 416 316 1 1502 2 
19 3 3 1 1 2 116 216 0 1986 3 
19 3 3 1 1 2 549 283 0 2011 3 
19 3 3 1 1 2 449 183 1 3722 3 
19 3 3 1 1 2 316 50 1 3310 3 
19 3 3 1 1 2 216 316 0 1374 3 
19 3 3 1 1 1 0 222 0 4122 
19 3 3 1 1 1 0 155 0 1321 
19 3 3 1 1 1 89 117 0 1954 
19 3 3 1 1 1 265 158 0 1435 
19 3 3 1 1 1 193 214 0 1426 
19 3 3 1 1 1 329 135 0 1393 
19 3 3 1 1 1 599 180 1 2659 
19 3 3 1 1 1 267 202 0 1714 
19 3 3 1 1 1 79 193 0 896 
19 3 3 1 1 1 67 161 0 920 
19 3 3 1 1 1 599 153 1 2356 
19 3 3 1 1 1 599 192 1 1050 
19 3 3 1 1 1 580 0 0 1833 
19 3 3 1 1 1 393 186 0 1412 
19 3 3 1 1 1 597 188 1 1906 
19 3 3 1 1 1 599 599 0 1218 
19 3 3 1 1 2 216 116 0 7731 5 
19 3 3 1 1 2 83 249 0 2854 5 
19 3 3 1 1 2 549 549 0 2408 5 
19 3 3 1 1 2 516 316 1 5150 4 
19 3 3 1 1 2 416 383 0 4344 5 
19 3 3 1 1 2 116 183 0 1036 5 
19 3 3 1 1 2 283 283 0 3384 5 
19 3 3 1 1 2 449 283 1 3125 4 
19 3 3 1 1 2 549 249 1 1807 5 
19 3 3 1 1 2 516 516 0 2277 5 
19 3 3 1 1 2 416 549 0 3288 5 
19 3 3 1 1 2 383 482 0 3602 5 
19 3 3 1 1 2 316 83 0 4019 4 
19 3 3 1 1 2 149 416 0 1945 5 
19 3 3 1 1 2 449 482 0 3223 5 
19 3 3 1 1 2 516 83 1 2374 5 
19 3 3 1 1 2 216 516 0 1932 5 
19 3 3 1 1 2 149 449 0 1908 5 
19 3 3 1 1 2 516 416 0 3010 3 
19 3 3 1 1 2 216 249 0 1213 5 
19 3 3 1 1 2 283 316 0 1163 5 
19 3 3 1 1 2 216 216 0 1012 5 
19 3 3 1 1 2 83 383 0 799 5 
19 3 3 1 1 2 183 149 0 1083 5 
19 3 3 1 1 2 83 216 0 913 5 
19 3 3 1 1 2 449 249 1 6509 4 
19 3 3 1 1 2 249 383 0 1041 5 
19 3 3 1 1 2 116 349 0 1122 5 
19 3 3 1 1 2 416 283 0 873 5 
19 3 3 1 1 2 283 516 0 2766 5 
19 3 3 1 1 2 383 249 0 1075 5 
19 3 3 1 1 2 349 50 0 2075 5 
19 3 3 1 1 1 0 562 0 7789 
19 3 3 1 1 1 0 167 0 1432 
19 3 3 1 1 1 0 348 0 777 
19 3 3 1 1 1 0 599 0 882 
19 3 3 1 1 1 12 0 1 2114 
19 3 3 1 1 1 56 192 0 1723 
19 3 3 1 1 1 95 280 0 1066 
19 3 3 1 1 1 85 599 1 1850 
19 3 3 1 1 1 599 189 1 1745 
19 3 3 1 1 1 579 569 1 937 
19 3 3 1 1 1 599 323 1 841 
19 3 3 1 1 1 325 193 0 2112 
19 3 3 1 1 1 358 0 0 1057 
19 3 3 1 1 1 424 546 1 1522 
19 3 3 1 1 1 305 203 0 1866 
19 3 3 1 1 1 370 4 0 722 
19 3 3 1 1 2 216 449 1 6533 3 
19 3 3 1 1 2 549 316 1 2736 4 
19 3 3 1 1 2 383 83 0 6960 2 
19 3 3 1 1 2 50 149 1 2294 3 
19 3 3 1 1 2 549 383 1 2988 4 
19 3 3 1 1 2 283 383 1 2192 3 
19 3 3 1 1 2 83 449 1 4870 4 
19 3 3 1 1 2 83 349 0 2482 3 
19 3 3 1 1 2 216 349 1 2018 3 
19 3 3 1 1 2 349 383 1 2469 3 
19 3 3 1 1 2 516 383 1 2763 3 
19 3 3 1 1 2 183 383 0 2076 3 
19 3 3 1 1 2 349 83 1 2129 4 
19 3 3 1 1 2 283 216 0 1496 3 
19 3 3 1 1 2 349 516 1 2606 2 
19 3 3 1 1 2 482 50 1 2343 3 
19 3 3 1 1 2 149 83 1 1557 3 
19 3 3 1 1 2 83 83 1 2314 2 
19 3 3 1 1 2 449 116 0 3148 2 
19 3 3 1 1 2 149 116 1 1944 4 
19 3 3 1 1 2 83 149 1 1345 4 
19 3 3 1 1 2 416 349 1 1088 4 
19 3 3 1 1 2 183 349 1 795 4 
19 3 3 1 1 2 416 249 1 1454 4 
19 3 3 1 1 2 416 482 1 1909 4 
19 3 3 1 1 2 449 83 1 2627 4 
19 3 3 1 1 2 116 316 0 3267 3 
19 3 3 1 1 2 316 283 1 2064 3 
19 3 3 1 1 2 149 249 1 938 3 
19 3 3 1 1 2 482 149 1 1341 3 
19 3 3 1 1 2 249 183 1 2529 3 
19 3 3 1 1 2 449 449 1 1970 3 
19 3 3 1 1 1 599 0 0 5525 
19 3 3 1 1 1 599 72 1 1355 
19 3 3 1 1 1 599 542 1 1243 
19 3 3 1 1 1 599 597 1 1018 
19 3 3 1 1 1 581 297 1 808 
19 3 3 1 1 1 599 597 1 985 
19 3 3 1 1 1 599 0 0 1467 
19 3 3 1 1 1 599 343 1 1195 
19 3 3 1 1 1 0 251 0 4081 
19 3 3 1 1 1 0 554 0 858 
19 3 3 1 1 1 0 599 0 938 
19 3 3 1 1 1 0 0 1 1970 
19 3 3 1 1 1 0 0 0 6658 
19 3 3 1 1 1 598 0 0 954 
19 3 3 1 1 1 392 0 0 2129 
19 3 3 1 1 1 521 0 0 649 
19 3 3 1 1 2 216 83 0 3625 4 
19 3 3 1 1 2 149 482 1 4055 3 
19 3 3 1 1 2 449 216 1 5040 3 
19 3 3 1 1 2 116 383 0 6352 4 
19 3 3 1 1 2 482 349 0 7586 1 
19 3 3 1 1 2 349 216 1 4268 3 
19 3 3 1 1 2 549 416 1 9385 4 
19 3 3 1 1 2 316 449 1 3568 3 
19 3 3 1 1 2 449 316 1 3873 4 
19 3 3 1 1 2 383 449 1 1695 3 
19 3 3 1 1 2 149 149 0 3268 3 
19 3 3 1 1 2 83 183 0 1129 3 
19 3 3 1 1 2 183 449 0 1628 3 
19 3 3 1 1 2 183 83 0 1653 3 
19 3 3 1 1 2 249 549 1 5013 3 
19 3 3 1 1 2 50 416 1 1721 3 
19 3 3 1 1 2 50 516 0 3992 3 
19 3 3 1 1 2 349 482 1 2842 4 
19 3 3 1 1 2 383 50 0 6303 4 
19 3 3 1 1 2 383 516 1 1315 4 
19 3 3 1 1 2 149 283 0 2759 3 
19 3 3 1 1 2 449 50 1 4533 3 
19 3 3 1 1 2 516 149 1 2915 5 
19 3 3 1 1 2 383 149 1 3073 4 
19 3 3 1 1 2 283 416 1 2757 4 
19 3 3 1 1 2 549 83 1 3042 5 
19 3 3 1 1 2 549 183 1 1659 4 
19 3 3 1 1 2 283 83 1 2728 4 
19 3 3 1 1 2 283 149 1 1345 4 
19 3 3 1 1 2 283 482 1 3693 4 
19 3 3 1 1 2 50 50 1 3205 4 
19 3 3 1 1 2 383 416 1 5538 4 
19 3 3 1 1 1 598 182 1 3269 
19 3 3 1 1 1 568 0 0 1211 
19 3 3 1 1 1 599 0 0 946 
19 3 3 1 1 1 576 599 1 881 
19 3 3 1 1 1 569 454 1 1521 
19 3 3 1 1 1 575 0 0 1487 
19 3 3 1 1 1 571 599 1 1463 
19 3 3 1 1 1 599 564 1 1217 
19 3 3 1 1 1 597 446 1 793 
19 3 3 1 1 1 599 334 1 858 
19 3 3 1 1 1 599 207 1 673 
19 3 3 1 1 1 284 339 1 872 
19 3 3 1 1 1 249 420 1 547 
19 3 3 1 1 1 320 214 0 1483 
19 3 3 1 1 1 521 366 1 1860 
19 3 3 1 1 1 231 354 0 1210 
19 3 3 1 1 2 216 383 1 21927 2 
19 3 3 1 1 2 383 549 1 1481 3 
19 3 3 1 1 2 183 283 0 3495 2 
19 3 3 1 1 2 83 482 1 2003 3 
19 3 3 1 1 2 283 50 1 3962 4 
19 3 3 1 1 2 216 549 1 2935 4 
19 3 3 1 1 2 183 216 1 2425 4 
19 3 3 1 1 2 516 283 1 3412 4 
19 3 3 1 1 2 50 449 1 5904 3 
19 3 3 1 1 2 482 449 1 1050 3 
19 3 3 1 1 2 482 116 1 2277 4 
19 3 3 1 1 2 416 149 1 1013 4 
19 3 3 1 1 2 283 183 1 1302 4 
19 3 3 1 1 2 83 316 1 1196 3 
19 3 3 1 1 2 482 183 1 1164 4 
19 3 3 1 1 2 482 316 1 2476 3 
19 3 3 1 1 2 249 283 1 1598 3 
19 3 3 1 1 2 83 549 1 2582 3 
19 3 3 1 1 2 316 516 1 2548 2 
19 3 3 1 1 2 416 416 1 1122 3 
19 3 3 1 1 2 83 516 1 1455 4 
19 3 3 1 1 2 416 116 1 1143 4 
19 3 3 1 1 2 516 50 1 1012 4 
19 3 3 1 1 2 316 249 1 1142 4 
19 3 3 1 1 2 316 549 1 1155 4 
19 3 3 1 1 2 116 83 1 1825 3 
19 3 3 1 1 2 249 116 1 18686 3 
19 3 3 1 1 2 83 416 1 1485 3 
19 3 3 1 1 2 449 349 0 1905 2 
19 3 3 1 1 2 116 149 1 1199 3 
19 3 3 1 1 2 549 216 1 1150 3 
19 3 3 1 1 2 349 416 1 1096 4 
19 3 3 1 1 1 598 127 1 6925 
19 3 3 1 1 1 592 292 1 795 
19 3 3 1 1 1 599 0 0 834 
19 3 3 1 1 1 599 43 1 905 
19 3 3 1 1 1 547 437 1 850 
19 3 3 1 1 1 583 545 1 714 
19 3 3 1 1 1 599 0 0 1792 
19 3 3 1 1 1 438 6 0 1066 
19 3 3 1 1 1 32 470 0 1067 
19 3 3 1 1 1 0 599 0 659 
19 3 3 1 1 1 0 373 0 930 
19 3 3 1 1 1 0 561 0 713 
19 3 3 1 1 1 0 0 1 1697 
19 3 3 1 1 1 0 423 0 2138 
19 3 3 1 1 1 0 555 0 904 
19 3 3 1 1 1 0 599 0 930 
19 3 3 1 1 2 516 183 1 5301 3 
19 3 3 1 1 2 149 50 0 3961 2 
19 3 3 1 1 2 349 116 1 1319 3 
19 3 3 1 1 2 50 316 0 1017 4 
19 3 3 1 1 2 316 216 1 1870 3 
19 3 3 1 1 2 50 249 1 1132 3 
19 3 3 1 1 2 383 183 1 1311 3 
19 3 3 1 1 2 482 516 1 2478 3 
19 3 3 1 1 2 183 50 0 4678 1 
19 3 3 1 1 2 249 349 1 1986 3 
19 3 3 1 1 2 416 449 1 3165 2 
19 3 3 1 1 2 249 149 0 5583 2 
19 3 3 1 1 2 149 516 1 772 3 
19 3 3 1 1 2 283 249 1 1236 3 
19 3 3 1 1 2 416 216 1 1682 3 
19 3 3 1 1 2 383 216 1 934 3 
19 3 3 1 1 2 482 249 1 1005 3 
19 3 3 1 1 2 516 549 0 1178 2 
19 3 3 1 1 2 283 116 1 962 3 
19 3 3 1 1 2 216 416 1 1632 3 
19 3 3 1 1 2 216 50 1 699 3 
19 3 3 1 1 2 149 316 1 651 3 
19 3 3 1 1 2 516 482 0 747 3 
19 3 3 1 1 2 416 183 0 585 3 
19 3 3 1 1 2 316 349 1 561 3 
19 3 3 1 1 2 183 116 0 1310 3 
19 3 3 1 1 2 50 482 1 675 2 
19 3 3 1 1 2 249 516 1 634 2 
19 3 3 1 1 2 416 516 1 513 3 
19 3 3 1 1 2 216 482 1 352 3 
19 3 3 1 1 2 316 316 0 249 3 
19 3 3 1 1 2 449 549 1 403 3 
19 3 3 1 1 1 599 409 1 2757 
19 3 3 1 1 1 599 192 1 882 
19 3 3 1 1 1 599 0 0 1242 
19 3 3 1 1 1 340 180 0 922 
19 3 3 1 1 1 309 0 0 745 
19 3 3 1 1 1 286 573 1 939 
19 3 3 1 1 1 134 510 1 818 
19 3 3 1 1 1 572 183 1 600 
19 3 3 1 1 1 47 563 1 1905 
19 3 3 1 1 1 22 377 0 1522 
19 3 3 1 1 1 68 596 1 4082 
19 3 3 1 1 1 16 339 0 1673 
19 3 3 1 1 1 71 599 1 1002 
19 3 3 1 1 1 87 516 1 1138 
19 3 3 1 1 1 352 551 1 832 
19 3 3 1 1 1 353 182 0 856 
19 3 3 1 1 2 249 416 1 1900 3 
19 3 3 1 1 2 549 50 0 1714 2 
19 3 3 1 1 2 116 416 1 3605 3 
19 3 3 1 1 2 383 316 1 923 3 
19 3 3 1 1 2 116 482 1 1576 2 
19 3 3 1 1 2 516 449 1 1358 2 
19 3 3 1 1 2 482 383 1 803 2 
19 3 3 1 1 2 549 516 1 2198 3 
19 3 3 1 1 2 383 116 1 1118 3 
19 3 3 1 1 2 149 549 1 1049 2 
19 3 3 1 1 2 249 216 1 1076 3 
19 3 3 1 1 2 549 449 1 1250 3 
19 3 3 1 1 2 50 283 1 812 3 
19 3 3 1 1 2 349 449 1 794 3 
19 3 3 1 1 2 516 349 1 878 3 
19 3 3 1 1 2 516 216 1 630 3 
19 3 3 1 1 2 482 216 1 547 3 
19 3 3 1 1 2 216 149 1 627 3 
19 3 3 1 1 2 149 349 1 637 3 
19 3 3 1 1 2 149 183 1 490 3 
19 3 3 1 1 2 50 83 1 279 3 
19 3 3 1 1 2 383 349 1 608 3 
19 3 3 1 1 2 516 249 1 426 3 
19 3 3 1 1 2 249 50 1 640 3 
19 3 3 1 1 2 283 349 1 498 3 
19 3 3 1 1 2 249 316 1 659 3 
19 3 3 1 1 2 349 149 1 922 3 
19 3 3 1 1 2 116 116 1 832 3 
19 3 3 1 1 2 316 149 0 494 2 
19 3 3 1 1 2 149 383 1 860 2 
19 3 3 1 1 2 183 249 1 427 2 
19 3 3 1 1 2 316 116 1 634 2 
19 3 3 1 1 1 599 344 1 2197 
19 3 3 1 1 1 599 0 0 1395 
19 3 3 1 1 1 0 9 1 1040 
19 3 3 1 1 1 0 552 0 1136 
19 3 3 1 1 1 0 0 0 800 
19 3 3 1 1 1 0 367 0 730 
19 3 3 1 1 1 63 549 1 906 
19 3 3 1 1 1 599 178 1 625 
19 3 3 1 1 1 223 547 1 545 
19 3 3 1 1 1 297 553 1 417 
19 3 3 1 1 1 336 374 1 314 
19 3 3 1 1 1 387 13 0 840 
19 3 3 1 1 1 295 398 1 786 
19 3 3 1 1 1 279 261 0 866 
19 3 3 1 1 1 524 170 1 751 
19 3 3 1 1 1 481 0 0 657 
19 3 3 1 1 2 116 50 0 2255 3 
19 3 3 1 1 2 149 216 1 1037 2 
19 3 3 1 1 2 383 283 1 775 2 
19 3 3 1 1 2 482 416 1 562 2 
19 3 3 1 1 2 482 549 0 2180 2 
19 3 3 1 1 2 183 482 0 1563 2 
19 3 3 1 1 2 549 149 1 1067 2 
19 3 3 1 1 2 50 183 0 517 2 
19 3 3 1 1 2 50 349 1 272 2 
19 3 3 1 1 2 116 449 0 402 2 
19 3 3 1 1 2 549 349 0 292 2 
19 3 3 1 1 2 50 383 0 300 2 
19 3 3 1 1 2 50 116 0 334 2 
19 3 3 1 1 2 482 283 1 321 2 
19 3 3 1 1 2 349 183 1 445 2 
19 3 3 1 1 2 216 283 0 364 2 
19 3 3 1 1 2 316 482 0 266 2 
19 3 3 1 1 2 516 116 0 979 2 
19 3 3 1 1 2 83 283 0 412 2 
19 3 3 1 1 2 549 482 1 376 2 
19 3 3 1 1 2 116 549 1 364 2 
19 3 3 1 1 2 83 50 0 297 2 
19 3 3 1 1 2 349 283 1 480 2 
19 3 3 1 1 2 316 183 0 349 2 
19 3 3 1 1 2 50 216 0 698 2 
19 3 3 1 1 2 283 549 0 499 2 
19 3 3 1 1 2 449 416 1 571 2 
19 3 3 1 1 2 349 316 1 612 2 
19 3 3 1 1 2 249 449 0 1738 2 
19 3 3 1 1 2 349 549 0 530 2 
19 3 3 1 1 2 249 482 1 477 2 
19 3 3 1 1 2 349 249 0 679 2 
