Subject 42 in condition 2
Training Condition: 3
Task: 1
Rule: [[[250, 350], [[4538, 4463], [4463, 4538]]], [[350, 250], [[4538, 4463], [4463, 4538]]]]
Noise: 0
CATA=1
CATB=0
Sample keys: 122 120
Resp keys: 309 307
Dim direction: 0 1
Dim minimum: 68 36
Test order: [0, 2, 4, 6, 7, 5, 3, 1]
42 2 3 1 0 1 279 420 0 1886 
42 2 3 1 0 1 450 381 1 1416 
42 2 3 1 0 1 383 123 1 1912 
42 2 3 1 0 1 224 124 1 1184 
42 2 3 1 0 1 274 574 0 1153 
42 2 3 1 0 1 395 484 0 746 
42 2 3 1 0 1 495 369 1 1160 
42 2 3 1 0 1 241 450 0 833 
42 2 3 1 0 1 0 483 0 689 
42 2 3 1 0 1 151 342 0 864 
42 2 3 1 0 1 160 0 1 2721 
42 2 3 1 0 1 133 123 1 736 
42 2 3 1 0 1 152 125 1 664 
42 2 3 1 0 1 137 175 0 2104 
42 2 3 1 0 1 197 142 1 792 
42 2 3 1 0 1 88 93 0 1376 
42 2 3 1 0 2 482 449 0 6947 4 
42 2 3 1 0 2 249 283 1 2856 4 
42 2 3 1 0 2 283 183 1 1424 4 
42 2 3 1 0 2 183 283 1 5273 4 
42 2 3 1 0 2 216 549 0 1070 4 
42 2 3 1 0 2 416 116 1 1170 4 
42 2 3 1 0 2 383 549 0 568 4 
42 2 3 1 0 2 83 482 0 1294 4 
42 2 3 1 0 2 482 316 1 1772 3 
42 2 3 1 0 2 516 50 1 2086 2 
42 2 3 1 0 2 183 216 1 1881 4 
42 2 3 1 0 2 83 516 0 1821 4 
42 2 3 1 0 2 316 549 0 948 4 
42 2 3 1 0 2 216 383 1 2613 2 
42 2 3 1 0 2 50 449 0 1647 2 
42 2 3 1 0 2 449 349 1 1859 2 
42 2 3 1 0 2 116 149 1 1430 4 
42 2 3 1 0 2 83 316 1 2041 3 
42 2 3 1 0 2 316 249 1 1403 4 
42 2 3 1 0 2 83 549 0 2795 4 
42 2 3 1 0 2 283 50 1 2837 3 
42 2 3 1 0 2 516 283 1 1481 4 
42 2 3 1 0 2 416 416 0 1862 2 
42 2 3 1 0 2 249 116 1 3825 3 
42 2 3 1 0 2 83 416 0 1666 3 
42 2 3 1 0 2 116 83 1 1554 4 
42 2 3 1 0 2 549 216 1 1339 3 
42 2 3 1 0 2 416 149 1 1519 3 
42 2 3 1 0 2 316 516 0 2269 4 
42 2 3 1 0 2 349 416 0 1113 2 
42 2 3 1 0 2 482 116 1 1132 4 
42 2 3 1 0 2 482 183 1 1099 3 
42 2 3 1 0 1 233 174 1 1813 
42 2 3 1 0 1 229 90 1 857 
42 2 3 1 0 1 192 543 0 767 
42 2 3 1 0 1 159 263 0 1288 
42 2 3 1 0 1 200 371 0 783 
42 2 3 1 0 1 533 196 1 673 
42 2 3 1 0 1 497 573 0 697 
42 2 3 1 0 1 203 428 0 681 
42 2 3 1 0 1 176 174 1 655 
42 2 3 1 0 1 224 287 0 1632 
42 2 3 1 0 1 252 190 1 809 
42 2 3 1 0 1 5 226 0 1089 
42 2 3 1 0 1 66 15 1 2912 
42 2 3 1 0 1 58 181 0 1472 
42 2 3 1 0 1 523 327 1 793 
42 2 3 1 0 1 531 0 1 887 
42 2 3 1 0 2 482 149 1 2461 3 
42 2 3 1 0 2 83 83 0 1424 3 
42 2 3 1 0 2 383 83 1 1017 3 
42 2 3 1 0 2 149 83 1 2766 2 
42 2 3 1 0 2 549 316 1 1564 4 
42 2 3 1 0 2 516 383 1 1195 4 
42 2 3 1 0 2 349 83 1 2373 2 
42 2 3 1 0 2 83 149 0 1452 4 
42 2 3 1 0 2 449 449 1 1485 3 
42 2 3 1 0 2 183 383 1 1813 3 
42 2 3 1 0 2 416 482 1 1108 4 
42 2 3 1 0 2 449 83 1 866 4 
42 2 3 1 0 2 216 449 0 1710 3 
42 2 3 1 0 2 482 50 1 801 4 
42 2 3 1 0 2 183 349 0 4043 3 
42 2 3 1 0 2 216 349 0 850 3 
42 2 3 1 0 2 149 249 0 1628 3 
42 2 3 1 0 2 416 249 1 719 4 
42 2 3 1 0 2 83 449 0 1571 4 
42 2 3 1 0 2 549 383 1 1314 4 
42 2 3 1 0 2 116 316 0 1426 3 
42 2 3 1 0 2 283 383 1 3875 3 
42 2 3 1 0 2 416 349 1 1113 4 
42 2 3 1 0 2 283 216 1 1096 3 
42 2 3 1 0 2 249 183 1 556 3 
42 2 3 1 0 2 83 349 0 1647 4 
42 2 3 1 0 2 349 383 1 1968 3 
42 2 3 1 0 2 349 516 1 854 3 
42 2 3 1 0 2 449 116 1 1419 4 
42 2 3 1 0 2 50 149 0 694 4 
42 2 3 1 0 2 316 283 1 1190 3 
42 2 3 1 0 2 149 116 0 1304 3 
42 2 3 1 0 1 591 482 1 1709 
42 2 3 1 0 1 147 599 0 1201 
42 2 3 1 0 1 228 268 0 1023 
42 2 3 1 0 1 76 299 0 784 
42 2 3 1 0 1 365 137 1 793 
42 2 3 1 0 1 449 219 1 632 
42 2 3 1 0 1 63 599 0 968 
42 2 3 1 0 1 575 598 0 1319 
42 2 3 1 0 1 28 302 0 1192 
42 2 3 1 0 1 131 0 1 888 
42 2 3 1 0 1 122 561 0 840 
42 2 3 1 0 1 270 307 0 832 
42 2 3 1 0 1 126 0 1 782 
42 2 3 1 0 1 597 196 1 2856 
42 2 3 1 0 1 599 0 0 1330 
42 2 3 1 0 1 19 599 0 905 
42 2 3 1 0 2 216 516 0 3635 3 
42 2 3 1 0 2 516 516 1 2561 3 
42 2 3 1 0 2 183 149 0 1754 3 
42 2 3 1 0 2 216 116 1 13663 3 
42 2 3 1 0 2 416 283 1 1769 4 
42 2 3 1 0 2 83 216 0 1457 4 
42 2 3 1 0 2 116 349 0 1538 4 
42 2 3 1 0 2 283 283 1 1834 4 
42 2 3 1 0 2 549 549 1 3217 1 
42 2 3 1 0 2 383 482 0 3307 3 
42 2 3 1 0 2 416 549 0 1931 3 
42 2 3 1 0 2 216 216 1 1612 3 
42 2 3 1 0 2 516 316 1 549 3 
42 2 3 1 0 2 516 416 1 803 3 
42 2 3 1 0 2 283 316 1 1049 3 
42 2 3 1 0 2 149 416 0 1999 3 
42 2 3 1 0 2 449 249 1 1144 4 
42 2 3 1 0 2 116 183 1 1729 3 
42 2 3 1 0 2 449 482 0 1905 2 
42 2 3 1 0 2 283 516 0 2680 2 
42 2 3 1 0 2 416 383 1 3501 4 
42 2 3 1 0 2 249 383 1 1254 3 
42 2 3 1 0 2 216 249 1 1715 2 
42 2 3 1 0 2 549 249 1 1115 4 
42 2 3 1 0 2 83 249 1 6344 3 
42 2 3 1 0 2 316 83 1 1444 2 
42 2 3 1 0 2 149 449 0 2114 4 
42 2 3 1 0 2 516 83 1 3146 4 
42 2 3 1 0 2 383 249 1 968 4 
42 2 3 1 0 2 449 283 1 811 4 
42 2 3 1 0 2 83 383 0 1836 3 
42 2 3 1 0 2 349 50 1 1616 3 
42 2 3 1 0 1 376 252 1 3485 
42 2 3 1 0 1 315 7 1 4648 
42 2 3 1 0 1 230 543 0 2705 
42 2 3 1 0 1 479 588 0 1168 
42 2 3 1 0 1 303 364 0 2952 
42 2 3 1 0 1 0 599 1 951 
42 2 3 1 0 1 1 266 0 1119 
42 2 3 1 0 1 0 439 0 800 
42 2 3 1 0 1 77 599 0 1624 
42 2 3 1 0 1 537 385 1 1089 
42 2 3 1 0 1 599 0 0 5705 
42 2 3 1 0 1 599 306 1 2417 
42 2 3 1 0 1 599 215 1 1033 
42 2 3 1 0 1 453 125 1 897 
42 2 3 1 0 1 239 124 1 801 
42 2 3 1 0 1 0 526 0 1017 
42 2 3 1 0 2 349 549 0 6808 4 
42 2 3 1 0 2 50 216 0 984 4 
42 2 3 1 0 2 50 349 0 2708 3 
42 2 3 1 0 2 183 482 0 1109 3 
42 2 3 1 0 2 249 449 0 1181 3 
42 2 3 1 0 2 149 216 0 1490 3 
42 2 3 1 0 2 516 116 1 1429 4 
42 2 3 1 0 2 83 50 1 973 4 
42 2 3 1 0 2 349 316 0 1302 3 
42 2 3 1 0 2 283 549 0 1458 3 
42 2 3 1 0 2 316 183 0 1504 3 
42 2 3 1 0 2 50 183 0 720 3 
42 2 3 1 0 2 482 549 0 1435 3 
42 2 3 1 0 2 549 149 1 2040 3 
42 2 3 1 0 2 50 116 1 651 3 
42 2 3 1 0 2 482 283 0 1094 3 
42 2 3 1 0 2 216 283 0 745 3 
42 2 3 1 0 2 349 183 0 855 3 
42 2 3 1 0 2 83 283 0 711 3 
42 2 3 1 0 2 50 383 1 1812 3 
42 2 3 1 0 2 383 283 0 1461 3 
42 2 3 1 0 2 349 283 0 2225 3 
42 2 3 1 0 2 549 349 0 3331 4 
42 2 3 1 0 2 116 449 0 1308 4 
42 2 3 1 0 2 549 482 0 1030 4 
42 2 3 1 0 2 116 50 1 1386 5 
42 2 3 1 0 2 116 549 0 2739 2 
42 2 3 1 0 2 482 416 0 2408 3 
42 2 3 1 0 2 316 482 0 885 3 
42 2 3 1 0 2 349 249 0 1135 3 
42 2 3 1 0 2 449 416 0 1602 3 
42 2 3 1 0 2 249 482 0 696 3 
42 2 3 1 0 1 0 5 0 6572 
42 2 3 1 0 1 17 219 0 3687 
42 2 3 1 0 1 75 501 0 1440 
42 2 3 1 0 1 0 125 0 818 
42 2 3 1 0 1 189 362 0 1017 
42 2 3 1 0 1 599 449 1 1328 
42 2 3 1 0 1 599 132 1 632 
42 2 3 1 0 1 599 0 0 2633 
42 2 3 1 0 1 599 595 1 1048 
42 2 3 1 0 1 599 493 1 673 
42 2 3 1 0 1 2 553 0 768 
42 2 3 1 0 1 205 129 1 1306 
42 2 3 1 0 1 278 599 0 1521 
42 2 3 1 0 1 253 297 0 730 
42 2 3 1 0 1 256 599 0 785 
42 2 3 1 0 1 0 246 0 1273 
42 2 3 1 0 2 516 349 1 2365 4 
42 2 3 1 0 2 482 216 1 725 4 
42 2 3 1 0 2 249 216 0 2056 3 
42 2 3 1 0 2 149 549 0 959 4 
42 2 3 1 0 2 383 116 1 1373 4 
42 2 3 1 0 2 549 449 1 816 4 
42 2 3 1 0 2 116 482 0 1304 4 
42 2 3 1 0 2 316 116 1 1638 3 
42 2 3 1 0 2 516 449 1 770 4 
42 2 3 1 0 2 549 50 1 677 4 
42 2 3 1 0 2 249 416 0 5115 3 
42 2 3 1 0 2 116 116 0 925 4 
42 2 3 1 0 2 116 416 0 1203 4 
42 2 3 1 0 2 516 216 1 848 4 
42 2 3 1 0 2 283 349 1 6080 4 
42 2 3 1 0 2 349 449 1 861 2 
42 2 3 1 0 2 549 516 1 574 2 
42 2 3 1 0 2 50 283 0 1030 4 
42 2 3 1 0 2 383 349 1 1163 4 
42 2 3 1 0 2 349 149 1 998 3 
42 2 3 1 0 2 316 149 1 1103 3 
42 2 3 1 0 2 149 383 0 1370 3 
42 2 3 1 0 2 482 383 1 1342 3 
42 2 3 1 0 2 249 50 0 2629 2 
42 2 3 1 0 2 249 316 0 1307 2 
42 2 3 1 0 2 183 249 0 1032 3 
42 2 3 1 0 2 50 83 0 868 4 
42 2 3 1 0 2 216 149 0 770 4 
42 2 3 1 0 2 149 183 0 812 4 
42 2 3 1 0 2 149 349 0 737 4 
42 2 3 1 0 2 516 249 1 884 1 
42 2 3 1 0 2 383 316 1 1901 4 
42 2 3 1 0 1 16 485 0 3557 
42 2 3 1 0 1 545 252 1 1839 
42 2 3 1 0 1 0 174 0 2041 
42 2 3 1 0 1 0 599 0 801 
42 2 3 1 0 1 4 504 0 631 
42 2 3 1 0 1 599 345 1 600 
42 2 3 1 0 1 597 0 1 608 
42 2 3 1 0 1 599 96 1 585 
42 2 3 1 0 1 284 599 0 1904 
42 2 3 1 0 1 278 377 0 672 
42 2 3 1 0 1 251 115 1 1016 
42 2 3 1 0 1 301 49 1 616 
42 2 3 1 0 1 304 238 1 712 
42 2 3 1 0 1 180 311 0 1431 
42 2 3 1 0 1 0 327 0 703 
42 2 3 1 0 1 599 242 1 680 
42 2 3 1 0 2 316 416 1 3723 3 
42 2 3 1 0 2 449 183 1 1665 4 
42 2 3 1 0 2 549 116 1 1058 5 
42 2 3 1 0 2 249 249 1 1508 4 
42 2 3 1 0 2 549 283 1 888 5 
42 2 3 1 0 2 183 183 1 2579 4 
42 2 3 1 0 2 116 216 0 1928 4 
42 2 3 1 0 2 183 516 0 1834 3 
42 2 3 1 0 2 482 83 1 945 4 
42 2 3 1 0 2 183 316 1 1795 3 
42 2 3 1 0 2 116 516 0 1522 4 
42 2 3 1 0 2 116 249 0 646 4 
42 2 3 1 0 2 116 283 0 542 4 
42 2 3 1 0 2 83 116 0 495 4 
42 2 3 1 0 2 383 383 1 3756 1 
42 2 3 1 0 2 449 383 1 1517 1 
42 2 3 1 0 2 183 416 0 2294 3 
42 2 3 1 0 2 249 83 1 2813 3 
42 2 3 1 0 2 316 383 1 3219 2 
42 2 3 1 0 2 216 183 1 2298 3 
42 2 3 1 0 2 482 482 1 899 3 
42 2 3 1 0 2 183 549 0 1917 4 
42 2 3 1 0 2 283 449 1 1790 3 
42 2 3 1 0 2 316 50 1 1132 4 
42 2 3 1 0 2 449 516 1 705 4 
42 2 3 1 0 2 50 549 0 1155 4 
42 2 3 1 0 2 416 316 1 979 4 
42 2 3 1 0 2 416 50 1 860 4 
42 2 3 1 0 2 216 316 1 1044 4 
42 2 3 1 0 2 416 83 1 948 3 
42 2 3 1 0 2 349 349 1 1340 4 
42 2 3 1 0 2 449 149 1 748 4 
42 2 3 1 0 1 169 65 1 12021 
42 2 3 1 0 1 66 0 1 2273 
42 2 3 1 0 1 135 516 0 1735 
42 2 3 1 0 1 68 379 0 712 
42 2 3 1 0 1 599 0 0 1015 
42 2 3 1 0 1 599 244 1 1072 
42 2 3 1 0 1 599 125 1 777 
42 2 3 1 0 1 599 491 1 1001 
42 2 3 1 0 1 599 275 1 912 
42 2 3 1 0 1 294 599 0 1265 
42 2 3 1 0 1 247 404 0 786 
42 2 3 1 0 1 329 599 0 720 
42 2 3 1 0 1 190 124 1 729 
42 2 3 1 0 1 0 126 0 1304 
42 2 3 1 0 1 0 373 0 953 
42 2 3 1 0 1 0 449 0 698 
42 2 3 1 0 2 383 449 0 4496 2 
42 2 3 1 0 2 50 50 0 1425 4 
42 2 3 1 0 2 249 549 0 2041 3 
42 2 3 1 0 2 149 149 0 1174 3 
42 2 3 1 0 2 50 516 0 770 3 
42 2 3 1 0 2 216 83 1 1547 3 
42 2 3 1 0 2 549 416 1 1312 4 
42 2 3 1 0 2 116 383 0 1450 3 
42 2 3 1 0 2 383 50 1 1129 3 
42 2 3 1 0 2 316 449 1 1049 3 
42 2 3 1 0 2 149 283 0 1309 3 
42 2 3 1 0 2 50 416 0 1106 4 
42 2 3 1 0 2 183 449 0 989 4 
42 2 3 1 0 2 549 83 1 955 4 
42 2 3 1 0 2 349 482 1 2293 3 
42 2 3 1 0 2 349 216 1 838 3 
42 2 3 1 0 2 482 349 1 958 4 
42 2 3 1 0 2 283 83 1 2717 3 
42 2 3 1 0 2 383 149 1 765 3 
42 2 3 1 0 2 283 482 0 1735 2 
42 2 3 1 0 2 183 83 0 951 3 
42 2 3 1 0 2 383 516 1 2998 1 
42 2 3 1 0 2 283 149 1 3625 3 
42 2 3 1 0 2 149 482 0 7048 4 
42 2 3 1 0 2 449 216 1 3369 4 
42 2 3 1 0 2 283 416 0 1607 3 
42 2 3 1 0 2 383 416 0 1788 2 
42 2 3 1 0 2 449 316 1 787 4 
42 2 3 1 0 2 449 50 1 1221 4 
42 2 3 1 0 2 83 183 1 1896 3 
42 2 3 1 0 2 549 183 1 1055 4 
42 2 3 1 0 2 516 149 1 719 4 
42 2 3 1 0 1 293 593 0 3292 
42 2 3 1 0 1 38 123 0 1121 
42 2 3 1 0 1 324 387 0 1527 
42 2 3 1 0 1 0 491 0 969 
42 2 3 1 0 1 599 119 1 681 
42 2 3 1 0 1 599 0 1 889 
42 2 3 1 0 1 446 480 0 2409 
42 2 3 1 0 1 276 398 0 914 
42 2 3 1 0 1 368 40 1 721 
42 2 3 1 0 1 253 168 1 816 
42 2 3 1 0 1 521 478 1 696 
42 2 3 1 0 1 456 313 1 665 
42 2 3 1 0 1 74 539 0 3129 
42 2 3 1 0 1 171 290 0 863 
42 2 3 1 0 1 368 202 1 784 
42 2 3 1 0 1 118 305 0 729 
42 2 3 1 0 2 516 482 1 1723 4 
42 2 3 1 0 2 316 216 1 1375 3 
42 2 3 1 0 2 216 482 0 1530 3 
42 2 3 1 0 2 216 416 0 772 3 
42 2 3 1 0 2 149 50 0 3860 1 
42 2 3 1 0 2 283 116 1 1424 3 
42 2 3 1 0 2 482 249 1 839 4 
42 2 3 1 0 2 349 116 1 913 4 
42 2 3 1 0 2 316 349 1 1606 3 
42 2 3 1 0 2 216 50 1 1885 2 
42 2 3 1 0 2 416 449 1 800 4 
42 2 3 1 0 2 416 216 1 1598 4 
42 2 3 1 0 2 316 316 1 2840 2 
42 2 3 1 0 2 50 249 0 1094 4 
42 2 3 1 0 2 249 149 0 2601 3 
42 2 3 1 0 2 183 50 0 1162 2 
42 2 3 1 0 2 383 216 1 1213 4 
42 2 3 1 0 2 516 549 1 874 5 
42 2 3 1 0 2 482 516 1 636 5 
42 2 3 1 0 2 283 249 1 1154 4 
42 2 3 1 0 2 50 316 0 1563 4 
42 2 3 1 0 2 149 516 0 1332 4 
42 2 3 1 0 2 383 183 1 1299 2 
42 2 3 1 0 2 249 516 0 1386 3 
42 2 3 1 0 2 50 482 0 1180 5 
42 2 3 1 0 2 249 349 0 4128 1 
42 2 3 1 0 2 416 183 1 1136 4 
42 2 3 1 0 2 449 549 1 1109 3 
42 2 3 1 0 2 416 516 1 717 3 
42 2 3 1 0 2 516 183 1 927 4 
42 2 3 1 0 2 183 116 0 2048 3 
42 2 3 1 0 2 149 316 0 876 3 
