Subject 6 in condition 2
Training Condition: 3
Task: 1
Rule: [[[250, 350], [[4538, 4463], [4463, 4538]]], [[350, 250], [[4538, 4463], [4463, 4538]]]]
Noise: 0
CATA=1
CATB=0
Sample keys: 122 120
Resp keys: 309 307
Dim direction: 1 1
Dim minimum: 42 32
Test order: [3, 6, 1, 5, 7, 0, 4, 2]
6 2 3 1 0 1 0 590 1 5949 
6 2 3 1 0 1 218 234 0 5434 
6 2 3 1 0 1 599 236 1 8209 
6 2 3 1 0 1 599 233 1 4314 
6 2 3 1 0 1 193 232 0 7080 
6 2 3 1 0 1 570 241 1 6643 
6 2 3 1 0 1 599 230 1 1561 
6 2 3 1 0 1 512 235 1 3584 
6 2 3 1 0 1 66 599 0 10609 
6 2 3 1 0 1 0 599 0 3217 
6 2 3 1 0 1 0 565 0 3441 
6 2 3 1 0 1 0 568 0 2210 
6 2 3 1 0 1 0 575 1 5387 
6 2 3 1 0 1 0 544 0 4378 
6 2 3 1 0 1 545 229 1 5700 
6 2 3 1 0 1 258 266 0 3161 
6 2 3 1 0 2 549 83 1 5573 3 
6 2 3 1 0 2 149 283 0 2319 4 
6 2 3 1 0 2 383 449 1 5535 1 
6 2 3 1 0 2 50 516 0 5550 4 
6 2 3 1 0 2 316 449 1 2300 2 
6 2 3 1 0 2 283 149 0 4691 3 
6 2 3 1 0 2 383 416 1 3802 3 
6 2 3 1 0 2 149 482 0 1965 4 
6 2 3 1 0 2 383 149 0 2934 2 
6 2 3 1 0 2 50 50 0 3618 1 
6 2 3 1 0 2 50 416 0 1752 2 
6 2 3 1 0 2 449 316 1 3264 2 
6 2 3 1 0 2 516 149 1 3131 3 
6 2 3 1 0 2 283 83 0 1982 2 
6 2 3 1 0 2 83 183 0 7403 3 
6 2 3 1 0 2 383 516 1 1647 3 
6 2 3 1 0 2 216 83 0 2450 3 
6 2 3 1 0 2 549 183 1 2583 3 
6 2 3 1 0 2 249 549 0 2684 3 
6 2 3 1 0 2 183 83 0 1519 2 
6 2 3 1 0 2 449 50 0 1453 2 
6 2 3 1 0 2 449 216 0 5622 4 
6 2 3 1 0 2 283 416 0 1924 2 
6 2 3 1 0 2 482 349 0 1806 2 
6 2 3 1 0 2 349 216 1 3225 3 
6 2 3 1 0 2 549 416 1 1407 3 
6 2 3 1 0 2 116 383 0 1705 3 
6 2 3 1 0 2 149 149 0 5572 3 
6 2 3 1 0 2 283 482 1 1667 3 
6 2 3 1 0 2 349 482 1 1752 4 
6 2 3 1 0 2 383 50 0 1459 1 
6 2 3 1 0 2 183 449 0 2968 2 
6 2 3 1 0 1 0 230 0 10646 
6 2 3 1 0 1 0 591 1 9666 
6 2 3 1 0 1 599 235 1 4203 
6 2 3 1 0 1 599 189 1 2227 
6 2 3 1 0 1 599 237 1 1562 
6 2 3 1 0 1 0 341 0 3722 
6 2 3 1 0 1 0 9 0 2266 
6 2 3 1 0 1 0 236 0 8072 
6 2 3 1 0 1 0 476 0 8090 
6 2 3 1 0 1 0 234 0 2121 
6 2 3 1 0 1 0 227 0 1343 
6 2 3 1 0 1 599 233 1 4402 
6 2 3 1 0 1 0 346 0 2466 
6 2 3 1 0 1 599 172 1 2747 
6 2 3 1 0 1 0 399 0 1817 
6 2 3 1 0 1 599 474 1 1426 
6 2 3 1 0 2 50 383 0 3707 4 
6 2 3 1 0 2 149 216 1 4294 2 
6 2 3 1 0 2 116 449 0 2883 4 
6 2 3 1 0 2 349 249 1 4905 3 
6 2 3 1 0 2 116 50 0 4642 3 
6 2 3 1 0 2 549 149 1 1814 4 
6 2 3 1 0 2 83 283 0 1686 3 
6 2 3 1 0 2 116 549 1 2344 2 
6 2 3 1 0 2 316 183 0 4376 2 
6 2 3 1 0 2 549 482 1 2342 2 
6 2 3 1 0 2 549 349 1 1975 4 
6 2 3 1 0 2 183 482 0 2198 2 
6 2 3 1 0 2 349 549 0 2414 3 
6 2 3 1 0 2 383 283 0 2721 4 
6 2 3 1 0 2 349 316 0 2009 4 
6 2 3 1 0 2 349 183 0 3005 2 
6 2 3 1 0 2 283 549 1 2866 2 
6 2 3 1 0 2 482 416 1 1376 3 
6 2 3 1 0 2 50 116 0 8081 2 
6 2 3 1 0 2 516 116 1 1546 3 
6 2 3 1 0 2 216 283 0 1385 3 
6 2 3 1 0 2 349 283 0 1391 3 
6 2 3 1 0 2 50 216 0 2911 4 
6 2 3 1 0 2 249 482 1 3403 3 
6 2 3 1 0 2 482 549 1 1245 3 
6 2 3 1 0 2 50 349 0 1602 4 
6 2 3 1 0 2 449 416 1 1609 2 
6 2 3 1 0 2 482 283 1 1476 2 
6 2 3 1 0 2 249 449 0 2148 2 
6 2 3 1 0 2 316 482 0 1679 3 
6 2 3 1 0 2 50 183 0 3025 3 
6 2 3 1 0 2 83 50 0 1305 3 
6 2 3 1 0 1 599 218 1 4045 
6 2 3 1 0 1 599 224 1 1323 
6 2 3 1 0 1 599 227 1 1267 
6 2 3 1 0 1 599 304 1 2370 
6 2 3 1 0 1 599 89 1 3945 
6 2 3 1 0 1 599 46 1 1409 
6 2 3 1 0 1 599 143 1 2315 
6 2 3 1 0 1 599 152 1 1763 
6 2 3 1 0 1 599 90 1 1100 
6 2 3 1 0 1 599 241 1 1787 
6 2 3 1 0 1 0 54 0 4379 
6 2 3 1 0 1 0 599 0 1753 
6 2 3 1 0 1 599 599 0 7529 
6 2 3 1 0 1 27 376 0 2090 
6 2 3 1 0 1 0 599 0 2355 
6 2 3 1 0 1 0 233 0 1483 
6 2 3 1 0 2 516 549 0 7894 3 
6 2 3 1 0 2 383 216 1 1437 3 
6 2 3 1 0 2 383 183 1 4258 3 
6 2 3 1 0 2 516 183 1 2226 5 
6 2 3 1 0 2 283 116 1 2368 2 
6 2 3 1 0 2 216 416 0 5424 1 
6 2 3 1 0 2 216 50 0 3657 3 
6 2 3 1 0 2 249 516 0 1939 2 
6 2 3 1 0 2 316 349 0 3143 2 
6 2 3 1 0 2 149 516 0 4088 3 
6 2 3 1 0 2 216 482 0 1114 2 
6 2 3 1 0 2 50 482 0 1875 4 
6 2 3 1 0 2 50 316 0 2318 4 
6 2 3 1 0 2 283 249 1 1927 4 
6 2 3 1 0 2 482 516 1 1601 2 
6 2 3 1 0 2 50 249 0 1336 3 
6 2 3 1 0 2 183 116 0 3685 2 
6 2 3 1 0 2 149 50 0 1209 2 
6 2 3 1 0 2 183 50 0 3400 3 
6 2 3 1 0 2 416 449 0 3493 3 
6 2 3 1 0 2 449 549 0 1468 3 
6 2 3 1 0 2 416 216 1 2094 3 
6 2 3 1 0 2 149 316 0 1323 3 
6 2 3 1 0 2 482 249 1 1928 2 
6 2 3 1 0 2 416 183 1 1570 3 
6 2 3 1 0 2 516 482 0 1805 2 
6 2 3 1 0 2 316 216 1 2352 2 
6 2 3 1 0 2 249 149 0 1341 3 
6 2 3 1 0 2 249 349 0 1503 2 
6 2 3 1 0 2 416 516 0 1794 3 
6 2 3 1 0 2 349 116 1 1367 2 
6 2 3 1 0 2 316 316 1 2910 3 
6 2 3 1 0 1 599 232 1 8308 
6 2 3 1 0 1 588 599 0 2930 
6 2 3 1 0 1 419 417 1 10122 
6 2 3 1 0 1 599 430 1 4890 
6 2 3 1 0 1 448 587 0 7626 
6 2 3 1 0 1 51 236 0 2147 
6 2 3 1 0 1 39 393 0 1644 
6 2 3 1 0 1 464 599 0 2475 
6 2 3 1 0 1 482 233 1 3779 
6 2 3 1 0 1 0 599 1 4323 
6 2 3 1 0 1 0 235 0 1131 
6 2 3 1 0 1 544 599 0 5562 
6 2 3 1 0 1 483 234 1 1442 
6 2 3 1 0 1 441 234 1 1154 
6 2 3 1 0 1 265 233 1 3457 
6 2 3 1 0 1 101 231 0 2712 
6 2 3 1 0 2 449 149 1 1862 3 
6 2 3 1 0 2 183 316 0 2500 3 
6 2 3 1 0 2 283 449 1 1956 3 
6 2 3 1 0 2 416 83 1 2363 3 
6 2 3 1 0 2 482 83 1 2006 4 
6 2 3 1 0 2 116 283 0 3876 3 
6 2 3 1 0 2 316 416 1 2472 1 
6 2 3 1 0 2 416 316 1 3146 2 
6 2 3 1 0 2 83 116 0 3656 3 
6 2 3 1 0 2 316 50 0 4903 3 
6 2 3 1 0 2 116 249 1 4063 3 
6 2 3 1 0 2 449 183 1 1263 3 
6 2 3 1 0 2 383 383 1 1476 3 
6 2 3 1 0 2 249 249 0 2167 3 
6 2 3 1 0 2 449 516 0 1679 3 
6 2 3 1 0 2 549 283 1 2929 3 
6 2 3 1 0 2 349 349 1 2381 2 
6 2 3 1 0 2 482 482 0 2120 4 
6 2 3 1 0 2 183 516 0 1458 4 
6 2 3 1 0 2 216 316 1 1303 3 
6 2 3 1 0 2 449 383 1 2483 2 
6 2 3 1 0 2 183 549 0 1505 2 
6 2 3 1 0 2 116 216 1 2475 3 
6 2 3 1 0 2 316 383 0 1923 1 
6 2 3 1 0 2 183 416 1 1914 3 
6 2 3 1 0 2 216 183 1 3984 3 
6 2 3 1 0 2 249 83 1 2496 3 
6 2 3 1 0 2 183 183 1 1240 3 
6 2 3 1 0 2 416 50 0 3026 3 
6 2 3 1 0 2 116 516 0 2120 4 
6 2 3 1 0 2 549 116 0 6717 3 
6 2 3 1 0 2 50 549 0 1994 3 
6 2 3 1 0 1 370 450 0 8987 
6 2 3 1 0 1 385 392 0 2897 
6 2 3 1 0 1 430 254 1 6321 
6 2 3 1 0 1 423 168 1 3211 
6 2 3 1 0 1 455 72 1 1234 
6 2 3 1 0 1 17 42 0 6296 
6 2 3 1 0 1 141 363 0 5218 
6 2 3 1 0 1 164 234 0 2300 
6 2 3 1 0 1 404 318 1 2436 
6 2 3 1 0 1 286 290 0 1881 
6 2 3 1 0 1 147 233 0 1304 
6 2 3 1 0 1 564 18 1 5721 
6 2 3 1 0 1 566 574 0 5962 
6 2 3 1 0 1 599 536 1 5233 
6 2 3 1 0 1 487 504 0 5402 
6 2 3 1 0 1 556 417 1 4296 
6 2 3 1 0 2 482 383 1 4386 3 
6 2 3 1 0 2 316 149 1 5999 3 
6 2 3 1 0 2 516 249 1 1562 3 
6 2 3 1 0 2 149 183 0 1448 2 
6 2 3 1 0 2 283 349 1 3084 3 
6 2 3 1 0 2 249 416 0 2801 3 
6 2 3 1 0 2 349 149 1 1856 3 
6 2 3 1 0 2 383 349 1 1069 3 
6 2 3 1 0 2 516 349 1 925 3 
6 2 3 1 0 2 116 482 0 1519 4 
6 2 3 1 0 2 249 50 1 3906 2 
6 2 3 1 0 2 216 149 1 2266 3 
6 2 3 1 0 2 549 449 1 2526 4 
6 2 3 1 0 2 116 416 0 1395 4 
6 2 3 1 0 2 316 116 1 1712 3 
6 2 3 1 0 2 549 516 1 1001 3 
6 2 3 1 0 2 383 116 0 7843 1 
6 2 3 1 0 2 50 83 0 2510 4 
6 2 3 1 0 2 516 449 0 5473 2 
6 2 3 1 0 2 149 549 0 1325 3 
6 2 3 1 0 2 549 50 1 2132 3 
6 2 3 1 0 2 149 383 0 1776 3 
6 2 3 1 0 2 50 283 0 1118 3 
6 2 3 1 0 2 516 216 1 1995 3 
6 2 3 1 0 2 249 216 0 1192 3 
6 2 3 1 0 2 116 116 0 1300 3 
6 2 3 1 0 2 149 349 0 2082 3 
6 2 3 1 0 2 349 449 1 2578 1 
6 2 3 1 0 2 249 316 1 1545 3 
6 2 3 1 0 2 482 216 0 3153 3 
6 2 3 1 0 2 183 249 0 965 3 
6 2 3 1 0 2 383 316 1 1530 3 
6 2 3 1 0 1 0 235 0 18100 
6 2 3 1 0 1 0 272 0 1257 
6 2 3 1 0 1 0 599 0 5712 
6 2 3 1 0 1 0 552 0 1129 
6 2 3 1 0 1 462 526 0 3418 
6 2 3 1 0 1 335 438 0 2810 
6 2 3 1 0 1 288 364 0 2995 
6 2 3 1 0 1 314 233 1 9747 
6 2 3 1 0 1 304 297 1 1947 
6 2 3 1 0 1 304 345 0 3612 
6 2 3 1 0 1 303 283 1 4652 
6 2 3 1 0 1 455 55 1 3617 
6 2 3 1 0 1 567 482 1 3545 
6 2 3 1 0 1 599 599 0 4202 
6 2 3 1 0 1 518 599 0 2161 
6 2 3 1 0 1 490 533 0 1049 
6 2 3 1 0 2 416 116 1 8662 3 
6 2 3 1 0 2 549 216 0 5268 3 
6 2 3 1 0 2 83 316 0 2191 3 
6 2 3 1 0 2 83 549 0 964 3 
6 2 3 1 0 2 316 249 0 4490 3 
6 2 3 1 0 2 482 183 1 2340 3 
6 2 3 1 0 2 116 83 0 1166 2 
6 2 3 1 0 2 416 416 0 2954 4 
6 2 3 1 0 2 482 116 1 4341 2 
6 2 3 1 0 2 116 149 0 3253 3 
6 2 3 1 0 2 283 183 0 2019 3 
6 2 3 1 0 2 416 149 0 2081 3 
6 2 3 1 0 2 449 349 0 1323 3 
6 2 3 1 0 2 482 449 0 3641 2 
6 2 3 1 0 2 283 50 0 1433 4 
6 2 3 1 0 2 183 283 0 1024 4 
6 2 3 1 0 2 83 482 0 1023 4 
6 2 3 1 0 2 316 516 1 2298 2 
6 2 3 1 0 2 183 216 0 940 2 
6 2 3 1 0 2 216 383 0 1956 3 
6 2 3 1 0 2 83 516 0 863 3 
6 2 3 1 0 2 516 283 0 3743 3 
6 2 3 1 0 2 383 549 1 1531 2 
6 2 3 1 0 2 316 549 1 1511 2 
6 2 3 1 0 2 249 116 0 1205 3 
6 2 3 1 0 2 349 416 0 1234 3 
6 2 3 1 0 2 83 416 0 1015 3 
6 2 3 1 0 2 50 449 0 824 3 
6 2 3 1 0 2 216 549 1 2149 3 
6 2 3 1 0 2 482 316 0 1194 3 
6 2 3 1 0 2 249 283 0 996 3 
6 2 3 1 0 2 516 50 1 4241 3 
6 2 3 1 0 1 105 232 0 8287 
6 2 3 1 0 1 371 96 1 9841 
6 2 3 1 0 1 337 177 1 5211 
6 2 3 1 0 1 336 145 1 1586 
6 2 3 1 0 1 308 399 0 8491 
6 2 3 1 0 1 296 368 0 1498 
6 2 3 1 0 1 273 307 0 2907 
6 2 3 1 0 1 216 231 0 1138 
6 2 3 1 0 1 234 231 1 5723 
6 2 3 1 0 1 206 232 0 2266 
6 2 3 1 0 1 150 232 0 1465 
6 2 3 1 0 1 148 230 0 1172 
6 2 3 1 0 1 361 234 1 2042 
6 2 3 1 0 1 346 159 1 1849 
6 2 3 1 0 1 370 108 1 962 
6 2 3 1 0 1 370 447 0 2978 
6 2 3 1 0 2 83 216 0 1775 3 
6 2 3 1 0 2 516 516 0 1223 3 
6 2 3 1 0 2 516 416 0 1199 3 
6 2 3 1 0 2 416 549 0 1210 3 
6 2 3 1 0 2 216 116 1 4465 3 
6 2 3 1 0 2 216 249 1 3910 3 
6 2 3 1 0 2 283 283 1 1877 3 
6 2 3 1 0 2 316 83 0 2605 3 
6 2 3 1 0 2 416 383 0 1380 3 
6 2 3 1 0 2 383 482 0 1394 4 
6 2 3 1 0 2 383 249 1 2713 3 
6 2 3 1 0 2 149 449 0 1244 2 
6 2 3 1 0 2 549 549 0 2386 4 
6 2 3 1 0 2 449 249 1 2822 4 
6 2 3 1 0 2 116 183 0 1105 4 
6 2 3 1 0 2 516 83 1 2785 2 
6 2 3 1 0 2 416 283 0 2318 3 
6 2 3 1 0 2 116 349 0 894 3 
6 2 3 1 0 2 516 316 0 844 3 
6 2 3 1 0 2 216 516 0 1829 3 
6 2 3 1 0 2 149 416 0 923 3 
6 2 3 1 0 2 83 383 0 864 3 
6 2 3 1 0 2 249 383 0 859 3 
6 2 3 1 0 2 283 316 0 899 3 
6 2 3 1 0 2 83 249 0 5803 3 
6 2 3 1 0 2 183 149 1 2770 1 
6 2 3 1 0 2 216 216 1 2647 1 
6 2 3 1 0 2 349 50 1 5376 3 
6 2 3 1 0 2 549 249 1 2896 3 
6 2 3 1 0 2 449 283 0 1545 3 
6 2 3 1 0 2 283 516 0 1030 3 
6 2 3 1 0 2 449 482 0 1120 4 
6 2 3 1 0 1 428 233 1 14901 
6 2 3 1 0 1 547 599 0 2427 
6 2 3 1 0 1 68 228 0 1920 
6 2 3 1 0 1 49 599 0 1337 
6 2 3 1 0 1 218 236 0 4106 
6 2 3 1 0 1 222 281 0 1083 
6 2 3 1 0 1 215 319 0 914 
6 2 3 1 0 1 362 180 1 5508 
6 2 3 1 0 1 335 128 1 1596 
6 2 3 1 0 1 206 328 0 4139 
6 2 3 1 0 1 280 345 0 747 
6 2 3 1 0 1 136 319 0 993 
6 2 3 1 0 1 389 293 1 4465 
6 2 3 1 0 1 518 491 1 5842 
6 2 3 1 0 1 535 544 0 3090 
6 2 3 1 0 1 84 491 0 1129 
6 2 3 1 0 2 83 449 0 1462 3 
6 2 3 1 0 2 549 316 0 4964 2 
6 2 3 1 0 2 383 83 1 3196 3 
6 2 3 1 0 2 349 383 0 1146 3 
6 2 3 1 0 2 449 449 0 2507 3 
6 2 3 1 0 2 449 116 1 2982 2 
6 2 3 1 0 2 149 249 0 887 3 
6 2 3 1 0 2 183 383 0 837 3 
6 2 3 1 0 2 83 349 0 721 3 
6 2 3 1 0 2 516 383 0 2116 2 
6 2 3 1 0 2 283 383 0 1016 2 
6 2 3 1 0 2 416 249 0 1797 3 
6 2 3 1 0 2 549 383 0 1591 4 
6 2 3 1 0 2 482 149 1 1580 3 
6 2 3 1 0 2 83 149 0 932 4 
6 2 3 1 0 2 482 50 1 2466 3 
6 2 3 1 0 2 216 449 0 858 4 
6 2 3 1 0 2 449 83 1 1475 3 
6 2 3 1 0 2 349 516 0 1084 4 
6 2 3 1 0 2 50 149 0 1101 5 
6 2 3 1 0 2 116 316 0 1232 4 
6 2 3 1 0 2 149 116 0 1019 3 
6 2 3 1 0 2 416 482 0 1685 3 
6 2 3 1 0 2 183 349 0 1317 4 
6 2 3 1 0 2 316 283 0 2464 2 
6 2 3 1 0 2 416 349 0 1529 2 
6 2 3 1 0 2 249 183 0 2515 2 
6 2 3 1 0 2 149 83 0 2424 4 
6 2 3 1 0 2 283 216 1 4823 2 
6 2 3 1 0 2 83 83 0 1085 4 
6 2 3 1 0 2 216 349 0 1235 3 
6 2 3 1 0 2 349 83 1 2018 4 
