Subject 18 in condition 2
Training Condition: 0
Task: 1
Rule: [[[250, 350], [[4538, 4463], [4463, 4538]]], [[350, 250], [[4538, 4463], [4463, 4538]]]]
Noise: 0
CATA=1
CATB=0
Sample keys: 120 122
Resp keys: 307 309
Dim direction: 1 1
Dim minimum: 33 89
Test order: [4, 7, 1, 0, 3, 2, 5, 6]
18 2 0 1 0 1 555 240 -1 -1 1 20012 555 109 555 62 555 66 555 68 555 70 555 72 555 74 555 76 555 77 555 78 555 79 555 83 555 88 555 90 555 92 555 95 555 96 555 98 555 101 555 100 555 99 555 97 555 96 555 92 555 90 555 87 555 86 555 83 555 82 555 81 555 79 555 77 555 73 555 65 555 61 555 58 555 52 555 49 555 42 555 39 555 36 555 30 555 26 555 23 555 17 555 14 555 8 555 6 555 4 555 5 555 7 555 11 555 16 555 21 555 24 555 29 555 30 555 31 555 32 555 33 555 34 555 36 555 38 555 41 555 44 555 48 555 58 555 64 555 80 555 87 555 94 555 104 555 108 555 112 555 121 555 127 555 140 555 147 555 155 555 167 555 172 555 176 555 183 555 185 555 187 555 192 555 194 555 198 555 199 555 200 555 202 555 204 555 206 555 209 555 210 555 210 555 210 555 210 555 210 555 210 555 210 555 211 555 211 555 213 555 217 555 221 555 228 555 231 555 235 555 242 555 244 555 246 555 251 555 253 555 255 555 258 555 259 555 259 555 259 555 258 555 258 555 258 555 258 555 258 555 258 555 258 555 258 555 258 555 258 555 258 555 258 555 258 555 257 555 257 555 255 555 254 555 253 555 250 555 249 555 249 555 248 555 248 555 247 555 245 555 245 555 242 555 242 555 241 555 239 555 236 555 232 555 230 555 228 555 228 555 227 555 227 555 228 555 228 555 230 555 230 555 231 555 231 555 231 555 232 555 232 555 232 555 232 555 233 555 234 555 234 555 234 555 235 555 235 555 235 555 236 555 236 555 236 555 237 555 237 555 238 555 239 555 239 555 240 555 240 555 240 555 240 555 241 555 241 555 241 555 241 555 242 555 242 555 242 555 244 555 244 555 244 555 244 555 244 555 244 555 244 555 244 555 244 555 243 555 243 555 243 555 243 555 243 555 242 555 242 555 242 555 240 555 240 555 240 555 239 555 239 555 239 555 239 555 239 555 239 555 237 555 237 555 237 555 237 555 237 555 237 555 236 555 236 555 235 555 235 555 235 555 233 555 233 555 234 555 234 555 234 555 235 555 235 555 235 555 235 555 236 555 236 555 237 555 237 555 237 555 238 555 238 555 240 555 240 555 240 
18 2 0 1 0 1 329 593 -1 -1 0 10642 329 598 329 597 329 595 329 593 329 592 329 592 329 591 329 590 329 589 329 588 329 588 329 587 329 586 329 585 329 584 329 584 329 583 329 582 329 581 329 581 329 582 329 583 329 584 329 586 329 587 329 588 329 590 329 592 329 596 329 599 329 599 329 599 329 599 329 599 329 599 329 599 329 599 329 599 329 599 329 599 329 599 329 599 329 599 329 599 329 599 329 599 329 599 329 599 329 599 329 599 329 599 329 599 329 598 329 589 329 582 329 584 329 599 329 599 329 599 329 599 329 599 329 599 329 599 329 599 329 599 329 599 329 599 329 599 329 599 329 598 329 597 329 596 329 595 329 594 329 593 329 592 329 591 329 590 329 591 329 592 329 593 329 594 329 595 329 596 329 595 329 594 329 593 
18 2 0 1 0 1 97 235 -1 -1 0 11882 97 44 97 123 97 121 97 118 97 114 97 107 97 101 97 86 97 80 97 67 97 61 97 54 97 42 97 36 97 30 97 22 97 17 97 13 97 7 97 4 97 0 97 0 97 0 97 0 97 0 97 0 97 0 97 0 97 0 97 0 97 0 97 1 97 5 97 12 97 22 97 35 97 49 97 80 97 95 97 122 97 134 97 145 97 163 97 171 97 179 97 192 97 197 97 203 97 213 97 220 97 232 97 235 97 237 97 237 97 237 97 237 97 239 97 239 97 239 97 239 97 239 97 239 97 239 97 239 97 239 97 239 97 240 97 240 97 240 97 242 97 242 97 243 97 243 97 243 97 243 97 243 97 243 97 243 97 242 97 242 97 242 97 242 97 242 97 242 97 241 97 241 97 241 97 240 97 240 97 240 97 240 97 240 97 240 97 240 97 239 97 239 97 239 97 238 97 238 97 238 97 236 97 236 97 236 97 236 97 236 97 234 97 234 97 234 97 233 97 233 97 233 97 235 97 235 97 236 97 236 97 237 97 237 97 237 97 238 97 238 97 237 97 237 97 237 97 237 97 236 97 236 97 235 97 235 
18 2 0 1 0 1 430 236 -1 -1 1 7464 430 334 430 334 430 334 430 334 430 335 430 335 430 335 430 335 430 338 430 338 430 341 430 344 430 346 430 349 430 348 430 347 430 343 430 338 430 332 430 324 430 307 430 299 430 290 430 288 430 287 430 287 430 287 430 287 430 286 430 282 430 281 430 281 430 281 430 281 430 281 430 281 430 281 430 280 430 280 430 280 430 278 430 278 430 277 430 277 430 277 430 277 430 277 430 277 430 277 430 277 430 277 430 276 430 276 430 276 430 276 430 276 430 277 430 278 430 278 430 280 430 282 430 286 430 297 430 304 430 311 430 329 430 338 430 346 430 360 430 366 430 374 430 377 430 379 430 382 430 384 430 385 430 384 430 381 430 376 430 366 430 353 430 336 430 307 430 294 430 272 430 265 430 258 430 247 430 242 430 237 430 229 430 228 430 226 430 225 430 225 430 225 430 225 430 225 430 225 430 226 430 226 430 227 430 227 430 228 430 228 430 228 430 229 430 229 430 230 430 230 430 230 430 230 430 230 430 231 430 231 430 231 430 231 430 232 430 232 430 233 430 233 430 233 430 234 430 234 430 234 430 234 430 234 430 235 430 235 430 236 430 236 
18 2 0 1 0 1 599 234 -1 -1 1 13321 469 379 469 379 469 379 469 378 469 378 469 377 469 375 469 374 469 374 469 374 469 374 469 374 469 374 469 375 469 375 469 378 469 380 469 381 469 383 469 384 469 385 469 385 469 385 469 385 469 385 469 385 469 384 469 373 469 364 469 355 469 348 469 341 469 336 469 334 469 328 469 324 469 318 469 305 469 299 469 292 469 281 469 276 469 273 469 271 469 269 469 262 469 258 469 252 469 240 469 235 469 229 469 227 469 227 469 227 469 226 469 225 469 225 469 224 469 224 470 224 474 224 477 224 482 224 488 224 500 224 508 224 519 224 522 224 526 224 536 224 544 224 550 224 560 224 562 224 565 224 570 224 572 224 574 224 576 224 578 224 588 224 596 224 599 224 599 224 599 224 599 224 599 224 599 224 599 224 599 224 599 224 599 224 599 224 599 224 599 224 599 224 599 224 599 223 599 222 599 220 599 219 599 217 599 216 599 215 599 214 599 213 599 212 599 211 599 210 599 209 599 210 599 210 599 211 599 211 599 211 599 213 599 214 599 214 599 215 599 215 599 216 599 216 599 216 599 216 599 217 599 217 599 217 599 217 599 217 599 217 599 217 599 217 599 217 599 217 599 215 599 215 599 215 599 214 599 214 599 213 599 210 599 209 599 208 599 205 599 203 599 199 599 191 599 186 599 182 599 178 599 175 599 174 599 173 599 173 599 172 599 171 599 169 599 165 599 164 599 157 599 153 599 148 599 140 599 138 599 139 599 141 599 145 599 150 599 154 599 159 599 170 599 176 599 185 599 189 599 193 599 197 599 198 599 199 599 199 599 199 599 199 599 197 599 196 599 195 599 194 599 194 599 193 599 192 599 190 599 187 599 185 599 184 599 179 599 177 599 173 599 172 599 172 599 170 599 169 599 169 599 168 599 167 599 167 599 165 599 164 599 160 599 165 599 177 599 188 599 195 599 200 599 203 599 209 599 214 599 223 599 229 599 234 599 241 599 242 599 243 599 243 599 243 599 243 599 243 599 243 599 243 599 242 599 241 599 241 599 240 599 240 599 239 599 239 599 239 599 238 599 238 599 238 599 237 599 237 599 237 599 237 599 236 599 236 599 236 599 235 599 234 
18 2 0 1 0 1 599 595 -1 -1 1 13569 505 440 505 439 505 437 505 434 505 430 505 428 505 426 505 424 505 423 505 423 505 422 505 421 505 420 505 419 505 418 505 414 505 412 505 409 505 408 505 408 505 409 505 413 505 423 505 430 505 440 505 450 505 468 505 477 505 492 505 498 505 505 505 520 505 528 505 536 505 548 505 552 505 556 505 557 505 557 505 557 505 556 505 556 505 554 505 553 505 552 505 550 505 548 505 547 505 547 505 547 505 547 505 547 505 547 505 547 505 548 505 549 505 550 505 551 505 552 505 552 505 550 505 547 505 549 505 560 505 565 505 569 505 573 505 578 505 582 505 584 505 586 505 586 505 587 505 587 505 587 505 588 505 590 505 591 505 592 505 594 505 597 505 598 505 599 505 599 505 599 505 599 505 599 505 599 505 599 505 598 505 597 505 597 505 596 505 595 505 594 505 593 505 592 505 591 505 590 505 590 505 591 505 592 505 592 505 593 505 594 505 595 505 595 505 595 505 595 505 595 505 595 505 595 505 595 505 595 505 595 507 595 509 595 510 595 511 595 511 595 511 595 511 595 511 595 511 595 511 595 511 595 509 595 509 595 509 595 509 595 509 595 509 595 509 595 509 595 509 595 509 595 507 595 506 595 505 595 503 595 503 595 502 595 502 595 501 595 501 595 501 595 501 595 501 595 501 595 501 595 501 595 501 595 500 595 500 595 500 595 500 595 500 595 500 595 500 595 500 595 499 595 499 595 496 595 495 595 494 595 492 595 490 595 489 595 486 595 483 595 480 595 479 595 479 595 479 595 479 595 479 595 479 595 478 595 477 595 476 595 469 595 464 595 454 595 448 595 444 595 436 595 433 595 427 595 418 595 414 595 411 595 404 595 398 595 386 595 384 595 385 595 386 595 385 595 379 595 372 595 365 595 345 595 335 595 314 595 304 595 294 595 280 595 275 595 273 595 270 595 268 595 266 595 263 595 261 595 256 595 252 595 248 595 243 595 241 595 241 595 241 595 240 595 240 595 240 595 240 595 240 595 241 595 244 595 244 595 244 595 245 595 245 595 245 595 244 595 244 595 243 595 242 595 242 595 242 595 242 595 242 595 240 595 240 595 240 595 240 595 241 595 242 595 243 595 242 595 236 595 210 595 194 595 176 595 131 595 106 595 81 595 37 595 14 595 0 595 0 595 0 595 0 595 0 595 0 595 0 595 2 595 10 595 21 595 37 595 88 595 124 595 167 595 272 595 328 595 447 595 506 595 561 595 599 595 599 595 599 595 599 595 599 595 599 595 599 595 599 595 599 595 
18 2 0 1 0 1 0 463 -1 -1 0 8034 219 463 217 463 221 463 229 463 239 463 250 463 258 463 272 463 276 463 280 463 282 463 284 463 285 463 284 463 280 463 273 463 264 463 252 463 237 463 199 463 177 463 133 463 116 463 98 463 60 463 40 463 22 463 0 463 0 463 0 463 0 463 0 463 0 463 0 463 0 463 0 463 0 463 0 463 0 463 0 463 0 463 
18 2 0 1 0 1 0 176 -1 -1 0 6754 37 176 31 176 28 176 27 176 25 176 24 176 23 176 22 176 20 176 19 176 16 176 14 176 12 176 7 176 4 176 0 176 0 176 0 176 0 176 0 176 0 176 0 176 0 176 0 176 0 176 0 176 0 176 0 176 0 176 0 176 0 176 0 176 0 176 
18 2 0 1 0 1 599 599 -1 -1 1 9297 519 573 519 599 519 599 519 599 519 599 519 599 519 599 519 599 519 599 519 599 519 599 519 599 519 599 519 599 519 599 519 599 519 599 519 599 519 599 519 599 519 599 519 599 519 599 519 598 519 597 519 595 519 590 519 586 519 583 519 582 519 580 519 579 519 576 519 572 519 567 519 560 519 558 519 556 519 556 519 556 519 554 519 554 519 554 519 554 519 554 519 554 519 554 519 554 519 554 519 554 519 554 519 554 519 554 519 554 519 554 519 554 519 554 519 554 519 551 519 551 519 551 519 552 519 554 519 556 519 565 519 573 519 594 519 599 519 599 519 599 519 599 519 599 519 599 519 599 519 599 519 599 519 599 519 599 519 599 519 599 519 599 518 599 518 599 517 599 517 599 516 599 516 599 516 599 516 599 516 599 516 599 516 599 516 599 516 599 516 599 516 599 515 599 515 599 514 599 513 599 512 599 511 599 509 599 505 599 503 599 500 599 493 599 488 599 481 599 479 599 477 599 475 599 474 599 472 599 466 599 461 599 455 599 444 599 440 599 433 599 432 599 432 599 432 599 432 599 430 599 429 599 425 599 424 599 423 599 423 599 422 599 420 599 418 599 416 599 410 599 407 599 403 599 401 599 401 599 401 599 401 599 400 599 399 599 395 599 387 599 379 599 369 599 354 599 345 599 336 599 310 599 296 599 268 599 256 599 247 599 238 599 239 599 243 599 247 599 256 599 269 599 285 599 328 599 356 599 419 599 452 599 484 599 545 599 571 599 595 599 599 599 599 599 599 599 599 599 599 599 599 599 599 599 599 599 599 599 599 599 599 599 599 599 
18 2 0 1 0 1 558 239 -1 -1 1 5275 558 361 558 329 558 328 558 326 558 324 558 320 558 316 558 308 558 304 558 301 558 299 558 297 558 294 558 292 558 291 558 287 558 284 558 282 558 277 558 275 558 272 558 270 558 268 558 264 558 263 558 261 558 259 558 257 558 254 558 253 558 252 558 248 558 248 558 246 558 245 558 244 558 243 558 242 558 241 558 240 558 239 
18 2 0 1 0 1 187 333 -1 -1 0 6553 173 337 173 335 173 334 173 333 172 333 171 333 170 333 169 333 168 333 167 333 166 333 165 333 167 333 169 333 173 333 177 333 180 333 182 333 183 333 183 333 185 333 186 333 187 333 
18 2 0 1 0 1 463 111 -1 -1 1 4963 469 111 468 111 467 111 466 111 466 111 465 111 464 111 463 111 
18 2 0 1 0 1 588 109 -1 -1 1 4763 588 174 588 173 588 173 588 172 588 170 588 168 588 166 588 163 588 160 588 159 588 157 588 155 588 153 588 145 588 141 588 135 588 123 588 117 588 112 588 109 
18 2 0 1 0 1 538 454 -1 -1 1 4282 583 454 585 454 586 454 588 454 591 454 593 454 595 454 597 454 598 454 599 454 599 454 599 454 599 454 599 454 599 454 599 454 599 454 599 454 598 454 596 454 592 454 587 454 580 454 574 454 564 454 560 454 557 454 554 454 552 454 548 454 545 454 543 454 540 454 539 454 538 454 
18 2 0 1 0 1 500 2 -1 -1 1 8554 428 2 428 2 428 2 428 2 428 2 428 2 428 2 429 2 429 2 429 2 429 2 429 2 429 2 429 2 429 2 430 2 430 2 430 2 430 2 430 2 430 2 430 2 430 2 430 2 430 2 430 2 430 2 430 2 430 2 430 2 429 2 429 2 429 2 430 2 431 2 432 2 432 2 433 2 434 2 434 2 433 2 433 2 433 2 434 2 434 2 434 2 434 2 434 2 434 2 434 2 430 2 426 2 422 2 419 2 417 2 414 2 414 2 412 2 411 2 411 2 411 2 411 2 413 2 415 2 418 2 424 2 431 2 445 2 453 2 467 2 474 2 480 2 490 2 493 2 495 2 499 2 500 2 500 2 
18 2 0 1 0 1 465 586 -1 -1 0 5080 578 586 575 586 574 586 572 586 570 586 568 586 565 586 557 586 553 586 545 586 542 586 539 586 532 586 529 586 527 586 522 586 520 586 518 586 513 586 510 586 508 586 503 586 500 586 498 586 496 586 495 586 494 586 494 586 494 586 494 586 494 586 494 586 494 586 494 586 494 586 494 586 495 586 495 586 495 586 495 586 494 586 493 586 492 586 488 586 487 586 486 586 486 586 486 586 486 586 486 586 486 586 486 586 486 586 484 586 480 586 478 586 477 586 477 586 475 586 475 586 474 586 474 586 473 586 473 586 473 586 472 586 472 586 471 586 471 586 470 586 470 586 469 586 469 586 468 586 468 586 468 586 467 586 467 586 467 586 467 586 467 586 467 586 467 586 467 586 467 586 467 586 465 586 465 586 465 586 465 586 465 586 
18 2 0 1 0 2 249 383 0 5771 4 
18 2 0 1 0 2 283 516 0 3078 3 
18 2 0 1 0 2 183 149 0 3186 4 
18 2 0 1 0 2 316 83 1 4089 1 
18 2 0 1 0 2 216 516 0 1876 3 
18 2 0 1 0 2 416 549 1 2652 2 
18 2 0 1 0 2 449 283 1 1774 1 
18 2 0 1 0 2 149 449 0 3332 4 
18 2 0 1 0 2 416 383 1 5033 2 
18 2 0 1 0 2 516 516 1 2571 4 
18 2 0 1 0 2 516 83 1 4539 4 
18 2 0 1 0 2 383 482 1 4206 3 
18 2 0 1 0 2 516 416 1 1598 4 
18 2 0 1 0 2 216 216 0 2518 4 
18 2 0 1 0 2 83 249 0 2425 5 
18 2 0 1 0 2 416 283 0 3494 4 
18 2 0 1 0 2 516 316 1 3184 3 
18 2 0 1 0 2 449 249 1 2670 3 
18 2 0 1 0 2 83 216 0 2593 4 
18 2 0 1 0 2 549 249 1 2421 2 
18 2 0 1 0 2 383 249 1 2506 2 
18 2 0 1 0 2 116 349 0 2126 4 
18 2 0 1 0 2 116 183 0 1969 3 
18 2 0 1 0 2 216 249 0 1483 3 
18 2 0 1 0 2 283 283 0 1338 3 
18 2 0 1 0 2 283 316 0 1066 3 
18 2 0 1 0 2 216 116 0 2400 4 
18 2 0 1 0 2 449 482 0 2007 2 
18 2 0 1 0 2 149 416 0 5495 4 
18 2 0 1 0 2 349 50 1 2376 1 
18 2 0 1 0 2 549 549 1 2067 4 
18 2 0 1 0 2 83 383 0 2111 4 
18 2 0 1 0 1 40 290 -1 -1 0 9796 40 376 40 414 40 408 40 398 40 388 40 378 40 368 40 348 40 336 40 309 40 295 40 278 40 247 40 235 40 224 40 202 40 191 40 179 40 155 40 144 40 128 40 123 40 118 40 111 40 110 40 112 40 120 40 134 40 152 40 173 40 195 40 238 40 258 40 292 40 307 40 319 40 338 40 347 40 356 40 374 40 382 40 387 40 390 40 388 40 386 40 382 40 376 40 369 40 360 40 347 40 342 40 337 40 335 40 332 40 321 40 314 40 306 40 291 40 283 40 276 40 268 40 267 40 266 40 264 40 262 40 258 40 254 40 252 40 249 40 248 40 247 40 246 40 245 40 244 40 242 40 241 40 239 40 237 40 232 40 230 40 225 40 215 40 209 40 202 40 186 40 176 40 168 40 160 40 159 40 160 40 162 40 166 40 173 40 181 40 191 40 214 40 224 40 246 40 257 40 267 40 288 40 296 40 305 40 321 40 330 40 340 40 361 40 370 40 386 40 391 40 393 40 392 40 391 40 389 40 385 40 379 40 372 40 359 40 355 40 346 40 340 40 334 40 325 40 321 40 317 40 310 40 305 40 301 40 294 40 292 40 290 
18 2 0 1 0 1 340 418 -1 -1 0 3200 106 418 109 418 110 418 114 418 119 418 126 418 133 418 143 418 147 418 163 418 174 418 187 418 209 418 220 418 232 418 256 418 267 418 279 418 303 418 314 418 332 418 338 418 340 418 
18 2 0 1 0 1 599 30 -1 -1 1 3467 108 30 107 30 108 30 112 30 121 30 135 30 153 30 171 30 203 30 218 30 243 30 255 30 266 30 287 30 296 30 307 30 333 30 348 30 366 30 402 30 420 30 453 30 467 30 481 30 503 30 513 30 523 30 543 30 554 30 581 30 597 30 599 30 599 30 599 30 599 30 599 30 
18 2 0 1 0 1 416 587 -1 -1 0 3291 251 587 250 587 250 587 249 587 249 587 248 587 247 587 247 587 245 587 243 587 236 587 231 587 219 587 211 587 203 587 189 587 183 587 179 587 174 587 173 587 175 587 179 587 187 587 197 587 212 587 228 587 262 587 282 587 314 587 329 587 342 587 369 587 382 587 393 587 409 587 414 587 416 587 
18 2 0 1 0 1 548 599 -1 -1 0 4353 548 490 548 513 548 514 548 516 548 517 548 519 548 523 548 530 548 535 548 542 548 546 548 549 548 553 548 555 548 558 548 565 548 570 548 574 548 585 548 591 548 598 548 599 548 599 548 599 548 599 548 599 548 599 548 599 548 599 548 599 
18 2 0 1 0 1 599 599 -1 -1 0 10899 438 335 438 335 438 335 438 335 438 334 438 333 438 329 438 325 438 320 438 312 438 311 438 308 438 307 438 306 438 304 438 300 438 296 438 289 438 286 438 283 438 281 438 282 438 288 438 296 438 308 438 321 438 335 438 359 438 369 438 383 438 390 438 398 438 421 438 434 438 448 438 477 438 489 438 499 438 511 438 514 438 515 438 515 438 516 438 517 438 518 438 519 438 521 438 524 438 531 438 539 438 556 438 564 438 579 438 584 438 589 438 597 438 599 438 599 438 599 438 599 438 599 438 599 438 599 438 599 438 599 438 599 438 598 438 596 438 595 438 595 438 596 438 597 438 598 438 599 438 599 438 599 438 599 438 599 438 599 438 599 438 599 438 599 438 598 438 598 438 598 438 598 438 598 438 599 438 599 438 599 438 599 438 597 438 597 438 597 438 597 438 596 438 595 438 592 438 590 438 588 438 581 438 579 438 571 438 566 438 561 438 550 438 546 438 543 438 542 438 542 438 542 438 542 438 543 438 546 438 549 438 553 438 566 438 577 438 589 438 599 438 599 438 599 438 599 438 599 438 599 438 599 438 599 438 599 436 599 436 599 436 599 434 599 432 599 430 599 428 599 427 599 427 599 427 599 428 599 430 599 432 599 434 599 434 599 434 599 434 599 434 599 434 599 434 599 434 599 434 599 434 599 434 599 434 599 434 599 434 599 435 599 435 599 435 599 435 599 435 599 435 599 435 599 435 599 436 599 439 599 441 599 443 599 446 599 447 599 448 599 448 599 448 599 426 599 424 599 422 599 422 599 422 599 421 599 420 599 420 599 420 599 420 599 420 599 422 599 422 599 422 599 421 599 420 599 420 599 420 599 418 599 418 599 420 599 423 599 426 599 426 599 426 599 423 599 421 599 419 599 415 599 414 599 413 599 412 599 412 599 412 599 412 599 412 599 412 599 411 599 410 599 407 599 407 599 406 599 406 599 406 599 406 599 408 599 411 599 413 599 416 599 417 599 419 599 419 599 420 599 422 599 424 599 426 599 427 599 431 599 432 599 435 599 441 599 451 599 484 599 511 599 542 599 599 599 599 599 599 599 599 599 599 599 599 599 599 599 599 599 599 599 599 599 599 599 599 599 599 599 599 599 599 599 
18 2 0 1 0 1 154 233 -1 -1 0 10571 399 17 399 0 399 4 399 10 399 18 399 26 399 34 399 47 399 54 399 67 399 72 399 78 399 90 399 98 399 105 399 116 399 121 399 126 399 140 399 147 399 162 399 169 399 175 399 186 399 190 399 193 399 197 399 199 399 199 399 199 399 200 399 201 399 202 399 203 399 205 399 208 399 210 399 214 399 216 399 220 399 222 399 224 399 227 399 229 399 230 399 234 399 235 399 237 399 242 399 244 399 248 399 248 399 250 399 250 399 250 399 250 399 250 399 250 399 250 399 250 399 250 399 250 399 251 399 251 399 251 399 252 399 253 399 253 399 254 399 254 399 255 399 255 399 255 399 255 399 255 399 255 399 255 399 255 399 255 399 255 399 255 399 256 399 256 399 256 399 256 399 256 399 255 399 255 399 251 399 248 399 241 399 240 399 240 399 237 399 236 399 234 399 233 399 232 399 232 399 231 399 231 399 231 399 231 399 231 399 231 399 231 399 231 399 233 384 233 384 233 384 233 384 233 384 233 383 233 378 233 375 233 370 233 369 233 368 233 368 233 368 233 368 233 368 233 368 233 368 233 368 233 368 233 367 233 367 233 367 233 366 233 366 233 366 233 366 233 366 233 366 233 367 233 367 233 367 233 367 233 367 233 368 233 370 233 372 233 373 233 371 233 369 233 367 233 365 233 363 233 362 233 362 233 362 233 362 233 361 233 360 233 360 233 360 233 361 233 362 233 362 233 363 233 364 233 369 233 378 233 394 233 416 233 472 233 502 233 560 233 585 233 599 233 599 233 599 233 599 233 599 233 599 233 598 233 591 233 580 233 559 233 530 233 497 233 417 233 376 233 311 233 286 233 265 233 235 233 225 233 216 233 199 233 187 233 175 233 158 233 155 233 154 233 
18 2 0 1 0 1 429 236 -1 -1 1 6440 429 85 429 88 429 89 429 90 429 91 429 92 429 93 429 94 429 98 429 103 429 109 429 117 429 119 429 122 429 125 429 129 429 140 429 149 429 158 429 177 429 187 429 195 429 212 429 221 429 235 429 242 429 249 429 262 429 268 429 274 429 284 429 288 429 290 429 289 429 288 429 288 429 288 429 288 429 288 429 286 429 286 429 285 429 284 429 284 429 281 429 281 429 279 429 275 429 273 429 272 429 269 429 268 429 267 429 266 429 265 429 265 429 263 429 262 429 261 429 261 429 260 429 260 429 259 429 258 429 257 429 256 429 255 429 254 429 254 429 254 429 254 429 253 429 253 429 251 429 249 429 248 429 246 429 244 429 243 429 242 429 242 429 241 429 241 429 240 429 239 429 239 429 238 429 238 429 238 429 237 429 236 429 236 
18 2 0 1 0 1 362 469 -1 -1 0 4881 362 481 362 480 362 479 362 478 362 477 362 475 362 474 362 472 362 471 362 469 
18 2 0 1 0 1 97 283 -1 -1 0 4172 97 310 97 309 97 309 97 309 97 308 97 308 97 308 97 307 97 307 97 306 97 305 97 303 97 301 97 299 97 297 97 293 97 291 97 289 97 289 97 289 97 287 97 287 97 286 97 285 97 284 97 283 97 283 97 283 
18 2 0 1 0 1 203 599 -1 -1 0 3488 203 560 203 561 203 563 203 566 203 570 203 576 203 582 203 592 203 596 203 599 203 599 203 599 203 599 203 599 203 599 203 599 203 599 
18 2 0 1 0 1 235 235 -1 -1 0 7779 235 61 235 61 235 60 235 59 235 59 235 57 235 55 235 50 235 47 235 39 235 36 235 33 235 25 235 18 235 11 235 0 235 0 235 0 235 0 235 0 235 0 235 0 235 0 235 0 235 0 235 0 235 0 235 0 235 0 235 0 235 0 235 0 235 0 235 1 235 2 235 3 235 5 235 7 235 13 235 22 235 49 235 64 235 92 235 108 235 127 235 165 235 187 235 208 235 257 235 282 235 311 235 369 235 394 235 434 235 447 235 457 235 469 235 472 235 472 235 472 235 472 235 472 235 472 235 472 235 472 235 472 235 473 235 474 235 475 235 475 235 475 235 468 235 462 235 454 235 439 235 431 235 423 235 412 235 409 235 406 235 402 235 396 235 366 235 348 235 329 235 285 235 257 235 203 235 173 235 139 235 62 235 27 235 0 235 0 235 3 235 10 235 16 235 20 235 23 235 25 235 26 235 29 235 33 235 40 235 61 235 76 235 98 235 145 235 162 235 184 235 195 235 211 235 243 235 256 235 265 235 281 235 287 235 289 235 289 235 289 235 288 235 288 235 288 235 287 235 287 235 287 235 286 235 286 235 286 235 286 235 286 235 284 235 283 235 283 235 282 235 281 235 280 235 274 235 270 235 264 235 256 235 253 235 252 235 251 235 251 235 250 235 250 235 248 235 246 235 245 235 242 235 241 235 241 235 239 235 239 235 238 235 237 235 236 235 236 235 235 235 235 235 234 235 233 235 233 235 234 235 234 235 234 235 235 
18 2 0 1 0 1 128 235 -1 -1 0 6920 128 311 128 310 128 309 128 306 128 304 128 299 128 296 128 286 128 281 128 269 128 262 128 256 128 244 128 237 128 232 128 225 128 222 128 221 128 221 128 220 128 222 128 224 128 227 128 230 128 232 128 234 128 236 128 237 128 238 128 239 128 240 128 241 128 242 128 243 128 244 128 244 128 246 128 247 128 247 128 246 128 245 128 245 128 244 128 244 128 243 128 243 128 241 128 239 128 238 128 238 128 237 128 237 128 236 128 236 128 235 128 235 
18 2 0 1 0 1 522 161 -1 -1 1 4738 351 107 351 140 351 140 351 140 351 140 351 140 351 140 351 140 351 140 351 140 351 140 351 140 351 140 351 140 351 140 351 140 351 141 351 142 351 146 351 149 351 153 351 158 351 159 351 161 378 161 379 161 380 161 382 161 385 161 389 161 395 161 399 161 408 161 411 161 413 161 416 161 416 161 416 161 417 161 417 161 417 161 420 161 423 161 431 161 436 161 442 161 454 161 458 161 462 161 468 161 470 161 471 161 471 161 473 161 475 161 479 161 484 161 497 161 503 161 508 161 516 161 518 161 522 161 522 161 522 161 
18 2 0 1 0 1 164 313 -1 -1 0 3727 117 313 114 313 112 313 110 313 108 313 105 313 103 313 99 313 98 313 97 313 97 313 97 313 97 313 97 313 99 313 99 313 99 313 99 313 99 313 99 313 99 313 101 313 104 313 107 313 110 313 121 313 128 313 141 313 146 313 151 313 158 313 161 313 163 313 164 313 164 313 164 313 164 313 164 313 164 313 
18 2 0 1 0 1 599 415 -1 -1 1 5659 369 415 370 415 370 415 371 415 372 415 374 415 375 415 381 415 384 415 389 415 390 415 391 415 393 415 393 415 395 415 398 415 399 415 402 415 405 415 407 415 408 415 409 415 410 415 411 415 413 415 414 415 417 415 419 415 421 415 421 415 421 415 421 415 421 415 420 415 419 415 418 415 418 415 417 415 417 415 416 415 416 415 416 415 416 415 417 415 418 415 420 415 420 415 420 415 420 415 420 415 420 415 420 415 420 415 420 415 420 415 420 415 420 415 417 415 415 415 412 415 410 415 408 415 407 415 407 415 407 415 407 415 407 415 408 415 409 415 410 415 411 415 410 415 402 415 391 415 372 415 341 415 297 415 181 415 104 415 0 415 0 415 0 415 0 415 0 415 1 415 5 415 11 415 18 415 46 415 69 415 145 415 209 415 287 415 452 415 526 415 585 415 599 415 599 415 599 415 599 415 599 415 599 415 599 415 599 415 599 415 599 415 599 415 599 415 
18 2 0 1 0 2 116 416 0 3869 3 
18 2 0 1 0 2 249 316 0 3205 3 
18 2 0 1 0 2 482 216 1 3488 4 
18 2 0 1 0 2 549 50 1 2024 4 
18 2 0 1 0 2 549 449 1 1040 4 
18 2 0 1 0 2 149 349 0 2299 4 
18 2 0 1 0 2 316 116 0 1853 3 
18 2 0 1 0 2 183 249 0 887 3 
18 2 0 1 0 2 516 249 1 2206 1 
18 2 0 1 0 2 383 116 0 2449 1 
18 2 0 1 0 2 383 316 1 2791 1 
18 2 0 1 0 2 149 183 0 2979 3 
18 2 0 1 0 2 149 549 0 882 3 
18 2 0 1 0 2 116 116 0 990 3 
18 2 0 1 0 2 249 416 0 1079 3 
18 2 0 1 0 2 516 216 1 1537 1 
18 2 0 1 0 2 383 349 0 1661 3 
18 2 0 1 0 2 349 449 0 1204 3 
18 2 0 1 0 2 549 516 1 2788 3 
18 2 0 1 0 2 516 449 1 893 3 
18 2 0 1 0 2 349 149 1 1233 3 
18 2 0 1 0 2 482 383 1 848 3 
18 2 0 1 0 2 50 283 0 1561 4 
18 2 0 1 0 2 116 482 0 805 4 
18 2 0 1 0 2 516 349 1 1909 3 
18 2 0 1 0 2 249 50 0 1133 4 
18 2 0 1 0 2 149 383 0 830 4 
18 2 0 1 0 2 249 216 0 839 4 
18 2 0 1 0 2 216 149 0 1048 4 
18 2 0 1 0 2 283 349 0 693 4 
18 2 0 1 0 2 316 149 0 844 4 
18 2 0 1 0 2 50 83 0 768 4 
18 2 0 1 0 1 490 240 -1 -1 1 8451 490 232 490 183 490 172 490 162 490 152 490 142 490 133 490 110 490 99 490 76 490 64 490 52 490 29 490 19 490 10 490 0 490 0 490 0 490 0 490 1 490 7 490 18 490 37 490 61 490 91 490 121 490 154 490 187 490 241 490 259 490 271 490 280 490 288 490 301 490 306 490 310 490 316 490 320 490 325 490 327 490 327 490 325 490 322 490 318 490 313 490 308 490 297 490 291 490 282 490 279 490 274 490 265 490 257 490 249 490 233 490 228 490 226 490 225 490 225 490 224 490 223 490 221 490 219 490 216 490 214 490 212 490 211 490 212 490 214 490 217 490 222 490 228 490 237 490 239 490 241 490 241 490 242 490 242 490 240 490 240 490 240 490 240 490 240 490 238 490 238 490 238 490 237 490 236 490 236 490 236 490 236 490 236 490 236 490 236 490 236 490 237 490 237 490 237 490 237 490 237 490 237 490 239 490 240 490 241 490 244 490 248 490 250 490 252 490 252 490 252 490 250 490 248 490 245 490 236 490 230 490 226 490 222 490 222 490 224 490 225 490 227 490 228 490 229 490 229 490 230 490 230 490 231 490 231 490 232 490 233 490 233 490 236 490 237 490 237 490 239 490 239 490 240 490 240 490 240 
18 2 0 1 0 1 599 526 -1 -1 1 5490 330 526 329 526 328 526 325 526 320 526 314 526 307 526 295 526 290 526 281 526 277 526 273 526 266 526 262 526 258 526 253 526 250 526 248 526 245 526 244 526 242 526 238 526 233 526 226 526 218 526 200 526 190 526 163 526 150 526 138 526 122 526 120 526 118 526 117 526 116 526 117 526 123 526 134 526 153 526 177 526 206 526 269 526 298 526 348 526 368 526 386 526 415 526 428 526 439 526 463 526 474 526 482 526 489 526 489 526 491 526 493 526 498 526 513 526 524 526 538 526 573 526 590 526 599 526 599 526 599 526 599 526 599 526 599 526 599 526 599 526 599 526 599 526 599 526 599 526 
18 2 0 1 0 1 0 173 -1 -1 0 3859 193 173 144 173 143 173 143 173 142 173 141 173 140 173 138 173 131 173 128 173 122 173 119 173 117 173 111 173 106 173 100 173 86 173 77 173 68 173 45 173 33 173 2 173 0 173 0 173 0 173 0 173 0 173 0 173 0 173 0 173 0 173 0 173 
18 2 0 1 0 1 293 240 -1 -1 1 3528 332 240 331 240 330 240 329 240 327 240 325 240 322 240 320 240 319 240 317 240 316 240 315 240 314 240 312 240 310 240 307 240 305 240 301 240 298 240 295 240 293 240 293 240 
18 2 0 1 0 1 356 232 -1 -1 1 7651 168 502 168 503 168 504 168 505 168 506 168 507 168 506 168 505 168 503 168 501 168 498 168 494 168 479 168 473 168 463 168 457 168 452 168 440 168 433 168 426 168 410 168 400 168 391 168 372 168 363 168 348 168 339 168 331 168 316 168 310 168 305 168 298 168 296 168 295 168 293 168 291 168 289 168 288 168 287 168 285 168 281 168 274 168 268 168 256 168 252 168 247 168 243 168 238 168 228 168 224 168 223 168 222 168 220 168 219 168 223 168 224 168 225 168 225 168 227 168 228 168 229 168 230 168 231 168 232 169 232 171 232 174 232 177 232 179 232 180 232 181 232 182 232 183 232 184 232 186 232 188 232 191 232 197 232 199 232 202 232 206 232 208 232 210 232 214 232 218 232 231 232 238 232 244 232 260 232 268 232 278 232 295 232 300 232 309 232 315 232 321 232 337 232 344 232 350 232 356 232 
18 2 0 1 0 1 374 593 -1 -1 0 13250 218 309 218 309 218 308 218 308 218 307 218 307 218 306 218 305 218 304 218 304 218 303 218 302 218 301 218 300 218 300 218 298 218 295 218 293 218 290 218 280 218 276 218 268 218 265 218 261 218 254 218 249 218 245 218 237 218 232 218 229 218 224 218 222 218 220 218 217 218 213 218 199 218 189 218 175 218 137 218 114 218 71 218 50 218 30 218 0 218 0 218 0 218 0 218 0 218 0 218 0 218 0 218 0 218 0 218 0 218 0 218 0 218 0 218 0 218 0 218 0 218 0 218 0 218 0 218 0 218 0 218 0 218 0 218 0 218 0 218 0 218 0 218 0 218 0 218 0 218 0 218 0 218 1 218 3 218 4 218 5 218 6 218 7 218 8 218 11 218 17 218 23 218 37 218 59 218 66 218 73 218 101 218 127 218 157 218 206 218 228 218 288 218 328 218 360 218 411 218 428 218 440 218 459 218 463 218 464 218 464 218 464 218 462 218 457 218 453 218 450 218 449 218 449 218 447 218 446 218 445 218 444 218 442 218 439 218 436 218 434 218 434 218 437 218 438 218 453 218 466 218 470 218 474 218 478 218 488 218 492 218 493 218 492 218 487 218 463 218 441 218 417 218 378 218 368 218 360 218 349 218 345 218 342 218 341 218 339 218 341 218 347 218 357 218 372 218 392 218 417 218 472 218 498 218 550 218 570 218 588 218 599 218 599 218 599 218 599 218 591 218 580 218 561 218 558 218 557 218 557 218 557 218 556 218 556 218 555 218 555 218 555 218 555 218 556 218 562 218 565 218 565 218 566 218 567 218 570 218 571 218 571 218 570 218 567 218 555 218 547 218 540 218 528 218 524 218 521 218 512 218 508 218 501 218 500 218 502 218 506 218 513 218 522 218 534 218 551 218 599 218 599 218 599 218 599 218 599 218 599 218 599 218 599 218 599 218 598 218 597 218 597 218 596 218 596 218 595 218 595 218 594 218 593 218 593 218 593 218 593 218 593 218 593 217 593 217 593 216 593 215 593 215 593 215 593 215 593 215 593 215 593 215 593 215 593 215 593 216 593 217 593 217 593 217 593 217 593 217 593 217 593 216 593 214 593 213 593 213 593 211 593 211 593 210 593 209 593 209 593 209 593 209 593 208 593 207 593 206 593 205 593 203 593 202 593 196 593 192 593 188 593 179 593 170 593 161 593 150 593 148 593 150 593 158 593 171 593 188 593 204 593 218 593 240 593 247 593 254 593 256 593 261 593 273 593 279 593 284 593 289 593 290 593 291 593 293 593 296 593 300 593 304 593 311 593 324 593 331 593 346 593 353 593 359 593 367 593 369 593 371 593 372 593 373 593 374 593 
18 2 0 1 0 1 569 598 -1 -1 0 5546 290 448 290 477 290 489 290 499 290 509 290 516 290 521 290 529 290 533 290 540 290 544 290 548 290 555 290 557 290 559 290 562 290 563 290 563 290 566 290 568 290 572 290 574 290 577 290 580 290 580 290 581 290 581 290 583 290 585 290 588 290 591 290 591 290 593 290 593 290 594 290 595 290 596 290 596 290 597 290 597 290 598 290 599 290 599 290 599 290 599 290 599 290 599 290 599 290 599 290 599 290 599 290 599 290 599 290 598 290 598 290 598 291 598 295 598 300 598 307 598 314 598 324 598 353 598 369 598 404 598 420 598 432 598 444 598 446 598 447 598 452 598 458 598 467 598 490 598 504 598 530 598 539 598 547 598 560 598 564 598 566 598 567 598 568 598 569 598 
18 2 0 1 0 1 599 190 -1 -1 1 3588 258 190 238 190 240 190 248 190 260 190 278 190 298 190 343 190 364 190 398 190 414 190 428 190 452 190 463 190 472 190 486 190 492 190 499 190 512 190 519 190 534 190 543 190 551 190 568 190 575 190 582 190 594 190 599 190 599 190 599 190 599 190 599 190 599 190 599 190 599 190 599 190 599 190 599 190 599 190 599 190 599 190 
18 2 0 1 0 1 0 241 -1 -1 0 6139 272 209 272 208 272 207 272 207 272 206 272 205 272 205 272 204 272 204 272 202 272 202 272 201 272 201 272 199 272 198 272 195 272 194 272 192 272 193 272 194 272 196 272 200 272 204 272 208 272 220 272 226 272 237 272 240 272 241 273 241 274 241 276 241 278 241 279 241 282 241 283 241 285 241 283 241 279 241 273 241 264 241 255 241 246 241 236 241 233 241 232 241 231 241 229 241 217 241 208 241 196 241 169 241 157 241 145 241 125 241 117 241 103 241 100 241 95 241 88 241 83 241 78 241 62 241 51 241 38 241 11 241 0 241 0 241 0 241 0 241 0 241 
18 2 0 1 0 1 0 515 -1 -1 0 4738 489 515 489 515 489 515 488 515 487 515 485 515 481 515 475 515 469 515 459 515 454 515 448 515 436 515 431 515 426 515 415 515 410 515 406 515 400 515 397 515 388 515 379 515 370 515 347 515 335 515 324 515 309 515 301 515 295 515 279 515 268 515 243 515 227 515 211 515 177 515 161 515 146 515 117 515 108 515 95 515 91 515 89 515 82 515 77 515 71 515 60 515 58 515 57 515 49 515 44 515 40 515 36 515 33 515 25 515 19 515 3 515 0 515 0 515 0 515 0 515 0 515 0 515 0 515 0 515 0 515 0 515 0 515 0 515 0 515 0 515 
18 2 0 1 0 1 0 599 -1 -1 0 5704 113 510 110 510 109 510 108 510 104 510 101 510 97 510 92 510 82 510 77 510 66 510 62 510 56 510 43 510 36 510 31 510 15 510 7 510 0 510 0 510 0 510 0 510 0 510 0 510 0 510 0 510 0 510 0 510 0 510 0 510 0 510 0 510 0 510 0 510 0 510 0 510 0 510 0 510 0 510 0 510 0 510 0 510 0 510 0 511 0 513 0 517 0 522 0 529 0 538 0 556 0 565 0 588 0 599 0 599 0 599 0 599 0 599 0 599 0 599 0 599 0 599 0 599 0 599 0 599 0 599 0 599 0 599 0 599 0 599 0 599 0 599 
18 2 0 1 0 1 599 306 -1 -1 1 3761 575 306 512 306 511 306 510 306 506 306 502 306 497 306 489 306 472 306 465 306 453 306 451 306 452 306 458 306 464 306 475 306 489 306 507 306 548 306 569 306 599 306 599 306 599 306 599 306 599 306 599 306 599 306 599 306 599 306 599 306 599 306 599 306 
18 2 0 1 0 1 308 248 -1 -1 1 4004 260 248 262 248 263 248 264 248 265 248 270 248 271 248 273 248 276 248 280 248 284 248 291 248 294 248 298 248 300 248 301 248 305 248 306 248 307 248 308 248 
18 2 0 1 0 1 229 193 -1 -1 1 4434 262 156 262 149 262 148 262 147 262 145 262 144 262 142 262 141 262 138 262 137 262 133 262 130 262 128 262 123 262 122 262 123 262 126 262 132 262 142 262 151 262 161 262 180 262 185 262 191 262 192 262 193 262 193 260 193 257 193 252 193 247 193 241 193 235 193 233 193 231 193 230 193 229 193 229 193 
18 2 0 1 0 1 162 526 -1 -1 0 3314 286 526 273 526 272 526 271 526 269 526 267 526 264 526 256 526 251 526 240 526 235 526 229 526 221 526 217 526 213 526 202 526 198 526 193 526 183 526 178 526 171 526 169 526 168 526 165 526 164 526 163 526 162 526 162 526 
18 2 0 1 0 1 335 206 -1 -1 1 4409 147 95 147 96 147 96 147 97 147 98 147 100 147 102 147 110 147 114 147 124 147 128 147 133 147 147 147 153 147 161 147 177 147 183 147 189 147 197 147 198 147 199 147 199 147 200 147 200 147 202 147 204 147 205 147 206 146 206 146 206 145 206 144 206 143 206 142 206 140 206 138 206 136 206 135 206 134 206 133 206 131 206 130 206 123 206 119 206 115 206 112 206 110 206 105 206 106 206 109 206 118 206 129 206 146 206 162 206 195 206 210 206 241 206 256 206 268 206 287 206 294 206 299 206 302 206 303 206 305 206 310 206 316 206 330 206 334 206 335 206 
18 2 0 1 0 2 482 516 1 4506 2 
18 2 0 1 0 2 149 316 0 2359 2 
18 2 0 1 0 2 216 50 0 1444 3 
18 2 0 1 0 2 249 349 1 1796 3 
18 2 0 1 0 2 283 249 1 1105 3 
18 2 0 1 0 2 50 482 0 2052 4 
18 2 0 1 0 2 149 516 0 999 4 
18 2 0 1 0 2 383 216 1 3036 2 
18 2 0 1 0 2 50 316 0 1148 3 
18 2 0 1 0 2 416 183 1 1207 1 
18 2 0 1 0 2 249 149 0 2914 2 
18 2 0 1 0 2 216 416 0 1028 3 
18 2 0 1 0 2 316 349 0 1965 3 
18 2 0 1 0 2 316 316 1 1345 2 
18 2 0 1 0 2 149 50 0 1449 3 
18 2 0 1 0 2 50 249 0 1083 3 
18 2 0 1 0 2 249 516 0 1026 3 
18 2 0 1 0 2 416 216 1 1702 1 
18 2 0 1 0 2 349 116 1 1162 2 
18 2 0 1 0 2 516 549 1 1746 3 
18 2 0 1 0 2 216 482 0 4750 3 
18 2 0 1 0 2 516 482 1 1169 2 
18 2 0 1 0 2 416 449 1 807 2 
18 2 0 1 0 2 283 116 0 1852 2 
18 2 0 1 0 2 449 549 1 948 2 
18 2 0 1 0 2 482 249 1 901 2 
18 2 0 1 0 2 516 183 1 1588 4 
18 2 0 1 0 2 416 516 1 1545 4 
18 2 0 1 0 2 383 183 1 847 4 
18 2 0 1 0 2 183 50 0 2577 4 
18 2 0 1 0 2 183 116 0 6044 3 
18 2 0 1 0 2 316 216 1 2818 3 
18 2 0 1 0 1 315 186 -1 -1 1 9141 315 334 315 302 315 303 315 304 315 305 315 307 315 310 315 325 315 339 315 369 315 382 315 394 315 419 315 428 315 435 315 449 315 455 315 458 315 460 315 460 315 458 315 454 315 445 315 433 315 422 315 409 315 407 315 405 315 404 315 400 315 395 315 384 315 354 315 337 315 320 315 292 315 281 315 269 315 264 315 260 315 245 315 236 315 225 315 199 315 190 315 186 
18 2 0 1 0 1 45 73 -1 -1 0 4183 45 99 45 103 45 101 45 99 45 97 45 95 45 92 45 87 45 84 45 81 45 77 45 76 45 74 45 73 
18 2 0 1 0 1 599 599 -1 -1 0 5715 490 467 520 467 522 467 525 467 529 467 536 467 545 467 565 467 576 467 593 467 599 467 599 467 599 467 599 467 599 467 599 467 599 467 599 467 599 467 599 467 599 467 599 467 599 429 599 427 599 425 599 423 599 421 599 420 599 419 599 418 599 416 599 415 599 414 599 412 599 411 599 412 599 417 599 425 599 437 599 452 599 468 599 495 599 505 599 516 599 522 599 529 599 542 599 546 599 550 599 552 599 552 599 552 599 551 599 550 599 553 599 560 599 571 599 582 599 592 599 598 599 599 599 599 599 599 599 599 599 599 599 599 
18 2 0 1 0 1 599 599 -1 -1 1 10153 239 63 239 61 239 60 239 56 239 53 239 47 239 40 239 28 239 24 239 17 239 13 239 7 239 0 239 0 239 0 239 0 239 0 239 0 239 0 239 0 239 0 239 0 239 0 239 0 239 0 239 0 239 0 239 0 239 0 239 0 239 0 239 1 239 7 239 17 239 24 239 31 239 57 239 76 239 95 239 118 239 121 239 121 230 121 236 121 247 121 262 121 282 121 306 121 357 121 385 121 433 121 453 121 470 121 495 121 501 121 504 121 505 121 506 121 509 121 516 121 525 121 554 121 572 121 590 121 599 121 599 121 599 121 599 121 599 121 599 121 599 121 599 121 599 121 599 121 599 121 599 121 599 121 599 121 599 120 599 119 599 118 599 116 599 114 599 110 599 104 599 88 599 79 599 66 599 61 599 58 599 55 599 54 599 54 599 50 599 47 599 42 599 26 599 16 599 0 599 0 599 0 599 0 599 0 599 0 599 0 599 0 599 0 599 0 599 0 599 0 599 0 599 0 599 0 599 0 599 0 599 0 599 0 599 0 599 0 599 0 599 0 599 0 599 0 599 0 599 0 599 0 599 0 599 0 599 0 599 0 599 0 599 0 599 0 599 0 599 0 599 0 599 0 599 0 599 0 599 0 599 0 599 0 599 0 599 0 599 0 599 0 599 0 599 0 599 0 599 0 599 0 599 0 599 0 599 0 599 0 599 0 599 0 599 0 599 0 599 0 599 1 599 2 599 6 599 15 599 31 599 51 599 74 599 122 599 145 599 187 599 205 599 221 599 247 599 255 599 262 599 277 599 288 599 301 599 338 599 355 599 388 599 400 599 410 599 417 599 417 599 414 599 399 599 390 599 380 599 362 599 353 599 334 599 325 599 316 599 297 599 289 599 283 599 277 599 276 599 276 599 276 599 277 599 277 599 283 599 296 599 305 599 311 599 319 599 333 599 381 599 424 599 541 599 599 599 599 599 599 599 599 599 599 599 599 599 599 599 599 599 599 599 599 599 599 599 599 599 599 599 599 
18 2 0 1 0 1 0 593 -1 -1 1 10441 216 81 216 81 216 81 216 81 216 82 216 88 216 97 216 120 216 135 216 176 216 198 216 220 216 262 216 280 216 297 216 318 216 323 216 323 216 316 216 309 216 294 216 287 216 280 216 269 216 266 216 264 216 256 216 253 216 250 216 249 216 249 216 248 216 248 216 248 216 248 216 247 216 247 216 246 216 244 216 241 216 237 216 233 216 221 216 211 216 196 216 160 216 140 216 118 216 68 216 41 216 0 216 0 216 0 216 0 216 0 216 0 216 0 216 0 216 0 216 0 216 0 216 0 216 0 216 0 216 0 216 0 216 0 216 0 216 3 216 4 216 4 216 4 216 3 216 0 216 0 216 0 216 0 216 0 216 0 216 0 216 0 216 0 216 0 216 0 216 0 216 0 216 0 216 0 216 0 216 0 216 0 216 0 216 0 216 0 216 0 216 0 216 0 216 0 216 0 216 0 216 0 216 2 216 6 216 17 216 36 216 74 216 144 216 339 216 455 216 599 216 599 216 599 216 599 216 599 216 599 216 599 216 599 216 599 216 599 216 599 216 599 216 599 216 599 216 598 216 598 216 597 216 597 216 596 216 595 216 594 216 594 216 594 216 593 216 593 216 593 241 593 240 593 236 593 228 593 217 593 204 593 191 593 172 593 167 593 164 593 164 593 162 593 161 593 160 593 158 593 155 593 151 593 140 593 132 593 121 593 97 593 84 593 70 593 45 593 31 593 17 593 0 593 0 593 0 593 0 593 0 593 0 593 0 593 0 593 0 593 
18 2 0 1 0 1 141 594 -1 -1 0 4441 432 599 428 599 425 599 420 599 413 599 404 599 394 599 372 599 360 599 338 599 326 599 315 599 299 599 294 599 287 599 273 599 263 599 249 599 215 599 198 599 171 599 159 599 151 599 144 599 142 599 141 599 141 598 141 597 141 596 141 595 141 594 
18 2 0 1 0 1 0 599 -1 -1 1 9019 393 46 388 46 387 46 383 46 378 46 370 46 364 46 357 46 346 46 340 46 328 46 322 46 317 46 306 46 300 46 294 46 280 46 272 46 264 46 247 46 236 46 212 46 201 46 191 46 171 46 161 46 150 46 128 46 116 46 102 46 69 46 52 46 21 46 9 46 0 46 0 46 0 46 0 46 0 46 0 46 0 46 0 46 0 46 0 46 0 46 0 46 0 46 0 46 0 46 0 45 0 43 0 42 0 40 0 37 0 32 0 28 0 22 0 10 0 4 0 0 0 0 0 0 0 0 0 0 0 0 0 0 0 0 0 0 0 0 0 0 0 0 0 0 0 0 0 0 0 0 0 0 0 0 0 0 0 0 0 0 0 1 0 5 0 10 0 20 0 34 0 57 0 136 0 192 0 155 0 94 0 43 0 1 0 0 0 0 0 0 0 0 0 0 0 0 0 0 0 0 0 0 0 0 0 0 0 0 0 0 0 0 0 0 0 0 0 0 0 0 0 0 0 0 0 0 0 0 0 0 0 0 0 0 0 0 0 0 0 0 0 0 0 1 0 6 0 15 0 31 0 53 0 81 0 147 0 177 0 238 0 268 0 299 0 360 0 381 0 398 0 422 0 430 0 436 0 445 0 448 0 451 0 451 0 451 0 451 0 451 0 451 0 450 0 449 0 445 0 438 0 434 0 426 0 421 0 414 0 404 0 401 0 398 0 392 0 389 0 385 0 385 0 385 0 384 0 384 0 384 0 384 0 383 0 376 0 376 0 378 0 384 0 388 0 389 0 390 0 391 0 397 0 405 0 416 0 452 0 480 0 516 0 599 0 599 0 599 0 599 0 599 0 599 0 599 0 599 0 599 
18 2 0 1 0 1 239 304 -1 -1 0 2905 239 313 239 304 
18 2 0 1 0 1 468 242 -1 -1 1 6195 489 236 489 237 489 238 489 239 489 241 489 243 489 245 489 248 489 249 489 248 489 247 489 247 489 245 489 244 489 244 489 243 489 242 488 242 488 242 487 242 485 242 484 242 483 242 480 242 479 242 477 242 476 242 474 242 473 242 472 242 471 242 468 242 
18 2 0 1 0 1 599 86 -1 -1 1 3425 543 86 543 86 551 86 566 86 581 86 598 86 599 86 599 86 599 86 599 86 599 86 599 86 599 86 599 86 599 86 599 86 599 86 599 86 599 86 599 86 599 86 599 86 
18 2 0 1 0 1 51 451 -1 -1 0 6243 114 451 105 451 103 451 103 451 102 451 102 451 101 451 100 451 99 451 93 451 89 451 83 451 82 451 80 451 79 451 77 451 75 451 72 451 68 451 58 451 54 451 52 451 51 451 
18 2 0 1 0 1 321 599 -1 -1 0 8135 321 339 321 340 321 345 321 358 321 376 321 396 321 419 321 467 321 486 321 514 321 523 321 532 321 547 321 553 321 560 321 570 321 575 321 579 321 589 321 593 321 599 321 599 321 599 321 599 321 599 321 599 321 599 321 599 321 599 321 599 321 599 321 599 321 599 321 599 321 599 321 599 321 599 321 599 321 599 321 599 321 599 321 599 321 599 321 599 321 599 321 597 321 593 321 585 321 571 321 551 321 528 321 498 321 502 321 514 321 524 321 532 321 539 321 548 321 567 321 584 321 599 321 599 321 599 321 599 321 599 321 599 321 599 321 599 321 599 321 599 321 599 321 599 321 599 321 599 321 599 321 599 321 599 321 599 321 599 321 598 321 590 321 577 321 529 321 497 321 457 321 339 321 272 321 203 321 70 321 6 321 0 321 0 321 0 321 0 321 0 321 0 321 0 321 0 321 0 321 0 321 1 321 4 321 10 321 18 321 34 321 54 321 112 321 155 321 281 321 370 321 466 321 599 321 599 321 599 321 599 321 599 321 599 321 599 321 599 321 599 321 599 321 599 321 599 321 599 321 599 321 599 321 599 321 599 321 599 321 599 321 599 321 599 321 599 321 599 321 599 321 599 321 599 321 599 321 599 
18 2 0 1 0 1 471 338 -1 -1 1 3491 471 269 471 208 471 212 471 217 471 226 471 239 471 254 471 292 471 309 471 338 471 350 471 358 471 370 471 373 471 374 471 375 471 375 471 375 471 374 471 372 471 368 471 362 471 349 471 345 471 341 471 340 471 339 471 338 
18 2 0 1 0 1 38 373 -1 -1 0 3418 38 374 38 373 
18 2 0 1 0 1 599 0 -1 -1 0 6162 206 14 206 8 206 5 206 0 206 0 206 0 206 0 206 0 206 0 206 0 206 0 206 0 206 0 206 0 206 0 206 0 206 0 206 0 206 0 206 0 206 0 206 0 206 0 206 0 599 0 595 0 591 0 585 0 578 0 569 0 548 0 536 0 511 0 497 0 484 0 460 0 450 0 443 0 429 0 423 0 418 0 408 0 403 0 396 0 393 0 392 0 394 0 398 0 407 0 418 0 434 0 452 0 498 0 525 0 571 0 593 0 599 0 599 0 599 0 599 0 599 0 599 0 599 0 599 0 599 0 599 0 599 0 599 0 
18 2 0 1 0 1 244 137 -1 -1 1 4489 244 64 244 63 244 62 244 61 244 59 244 55 244 50 244 45 244 28 244 19 244 0 244 0 244 0 244 0 244 0 244 0 244 0 244 1 244 5 244 10 244 18 244 30 244 44 244 75 244 89 244 109 244 116 244 122 244 133 244 135 244 137 
18 2 0 1 0 2 83 549 0 13375 1 
18 2 0 1 0 2 83 416 0 2733 1 
18 2 0 1 0 2 316 249 0 2569 1 
18 2 0 1 0 2 249 283 0 6317 1 
18 2 0 1 0 2 482 449 1 4014 2 
18 2 0 1 0 2 482 116 0 4474 2 
18 2 0 1 0 2 516 50 0 1591 2 
18 2 0 1 0 2 216 549 0 5881 2 
18 2 0 1 0 2 183 283 0 4750 2 
18 2 0 1 0 2 316 516 0 1701 2 
18 2 0 1 0 2 116 149 1 1680 2 
18 2 0 1 0 2 249 116 1 3352 2 
18 2 0 1 0 2 349 416 0 2217 2 
18 2 0 1 0 2 416 116 1 5139 2 
18 2 0 1 0 2 549 216 0 7678 2 
18 2 0 1 0 2 482 183 0 2089 2 
18 2 0 1 0 2 283 183 1 1614 2 
18 2 0 1 0 2 283 50 1 4107 2 
18 2 0 1 0 2 482 316 1 2666 2 
18 2 0 1 0 2 383 549 0 3026 2 
18 2 0 1 0 2 516 283 0 5576 2 
18 2 0 1 0 2 416 149 1 6792 2 
18 2 0 1 0 2 449 349 0 8514 2 
18 2 0 1 0 2 183 216 0 5104 2 
18 2 0 1 0 2 50 449 0 3651 2 
18 2 0 1 0 2 83 516 0 1235 2 
18 2 0 1 0 2 316 549 0 2078 2 
18 2 0 1 0 2 116 83 1 1839 2 
18 2 0 1 0 2 83 316 0 1818 2 
18 2 0 1 0 2 83 482 0 1314 2 
18 2 0 1 0 2 416 416 0 23698 2 
18 2 0 1 0 2 216 383 0 1915 2 
18 2 0 1 0 1 592 239 -1 -1 1 10435 592 94 592 57 592 55 592 53 592 52 592 52 592 54 592 60 592 67 592 75 592 94 592 105 592 116 592 142 592 156 592 169 592 193 592 202 592 211 592 225 592 231 592 245 592 252 592 259 592 270 592 275 592 278 592 284 592 285 592 285 592 285 592 284 592 284 592 283 592 283 592 281 592 280 592 277 592 275 592 274 592 272 592 271 592 269 592 268 592 267 592 267 592 265 592 263 592 257 592 248 592 239 592 232 592 216 592 209 592 198 592 196 592 196 592 197 592 199 592 204 592 209 592 213 592 214 592 218 592 219 592 220 592 221 592 221 592 222 592 222 592 224 592 224 592 225 592 225 592 227 592 230 592 231 592 231 592 232 592 233 592 234 592 235 592 236 592 236 592 237 592 238 592 239 592 241 592 243 592 243 592 243 592 243 592 243 592 242 592 242 592 242 592 241 592 241 592 240 592 240 592 239 592 239 592 238 592 238 592 237 592 237 592 236 592 236 592 235 592 234 592 234 592 233 592 233 592 232 592 232 592 231 592 232 592 234 592 235 592 235 592 235 592 236 592 236 592 236 592 237 592 238 592 238 592 239 592 239 592 239 
18 2 0 1 0 1 287 319 -1 -1 0 4530 287 399 287 402 287 401 287 400 287 399 287 396 287 392 287 387 287 377 287 371 287 358 287 352 287 347 287 339 287 335 287 330 287 322 287 320 287 318 287 318 287 318 287 319 
18 2 0 1 0 1 58 362 -1 -1 0 7362 359 257 359 342 359 342 359 341 359 341 359 340 359 339 359 337 359 334 359 331 359 327 359 320 359 316 359 313 359 310 359 309 359 310 359 312 359 316 359 322 359 329 359 336 359 346 359 348 359 351 359 351 359 352 359 352 359 352 359 352 359 350 359 350 359 350 359 350 359 351 359 351 359 353 359 354 359 355 359 357 359 358 359 360 359 361 359 361 359 361 359 362 358 362 356 362 353 362 347 362 340 362 330 362 305 362 291 362 268 362 257 362 245 362 224 362 214 362 203 362 174 362 156 362 135 362 95 362 80 362 63 362 59 362 58 362 
18 2 0 1 0 1 599 340 -1 -1 1 5307 382 586 382 592 382 593 382 594 382 597 382 599 382 599 382 599 382 599 382 599 382 599 382 599 382 599 382 599 382 599 382 599 382 599 382 596 382 588 382 573 382 553 382 530 382 505 382 457 382 438 382 414 382 406 382 397 382 382 382 378 382 374 382 372 382 371 382 370 382 369 382 368 382 364 382 360 382 356 382 351 382 342 382 340 383 340 384 340 385 340 385 340 386 340 387 340 388 340 390 340 392 340 396 340 398 340 400 340 410 340 415 340 420 340 430 340 435 340 441 340 456 340 464 340 481 340 490 340 500 340 522 340 533 340 542 340 559 340 568 340 577 340 591 340 596 340 599 340 599 340 
18 2 0 1 0 1 161 31 -1 -1 1 8348 161 61 161 50 161 47 161 45 161 40 161 34 161 25 161 17 161 0 161 0 161 0 161 0 161 0 161 0 161 0 161 0 161 0 161 0 161 0 161 0 161 0 161 0 161 0 161 0 161 0 161 0 161 0 161 0 161 4 161 14 161 23 161 35 161 51 161 71 161 127 161 168 161 277 161 339 161 398 161 470 161 491 161 503 161 510 161 510 161 510 161 511 161 512 161 512 161 511 161 510 161 509 161 508 161 507 161 506 161 504 161 498 161 492 161 475 161 465 161 455 161 432 161 422 161 411 161 389 161 378 161 364 161 341 161 332 161 316 161 310 161 304 161 298 161 296 161 295 161 294 161 293 161 292 161 291 161 291 161 293 161 297 161 305 161 318 161 330 161 343 161 364 161 370 161 379 161 381 161 383 161 384 161 384 161 383 161 377 161 372 161 366 161 348 161 338 161 325 161 317 161 301 161 256 161 231 161 209 161 170 161 157 161 151 161 148 161 148 161 156 161 164 161 175 161 200 161 215 161 231 161 249 161 249 161 249 161 249 161 249 161 257 161 267 161 282 161 338 161 391 161 458 161 580 161 599 161 599 161 599 161 599 161 599 161 599 161 599 161 599 161 599 161 599 161 599 161 596 161 592 161 585 161 574 161 558 161 512 161 481 161 388 161 328 161 261 161 137 161 98 161 68 161 44 161 39 161 36 161 32 161 31 161 31 
18 2 0 1 0 1 599 321 -1 -1 1 5713 379 361 379 364 379 365 379 366 379 367 379 368 379 370 379 373 379 378 379 389 379 424 379 446 379 492 379 510 379 527 379 553 379 561 379 568 379 585 379 593 379 599 379 599 379 599 379 599 379 599 379 599 379 599 379 599 379 599 379 598 379 596 379 589 379 581 379 566 379 548 379 507 379 485 379 442 379 421 379 402 379 370 379 356 379 348 379 341 379 340 379 338 379 332 379 328 379 321 379 321 380 321 384 321 391 321 400 321 409 321 427 321 435 321 452 321 461 321 469 321 482 321 486 321 491 321 499 321 507 321 514 321 528 321 537 321 558 321 570 321 579 321 596 321 599 321 599 321 599 321 599 321 599 321 599 321 599 321 599 321 599 321 599 321 599 321 
18 2 0 1 0 1 574 0 -1 -1 0 15440 574 431 574 432 574 433 574 438 574 443 574 449 574 455 574 464 574 468 574 480 574 486 574 492 574 500 574 503 574 505 574 503 574 496 574 487 574 474 574 458 574 441 574 401 574 381 574 353 574 343 574 338 574 333 574 331 574 356 574 363 574 371 574 381 574 390 574 402 574 427 574 440 574 468 574 481 574 499 574 535 574 551 574 568 574 597 574 599 574 599 574 599 574 598 574 596 574 598 574 599 574 599 574 599 574 599 574 599 574 599 574 599 574 599 574 599 574 599 574 599 574 599 574 599 574 599 574 599 574 599 574 599 574 599 574 599 574 599 574 599 574 599 574 596 574 588 574 574 574 556 574 533 574 469 574 430 574 328 574 265 574 216 574 128 574 93 574 62 574 18 574 3 574 0 574 0 574 0 574 0 574 0 574 0 574 0 574 0 574 0 574 0 574 0 574 0 574 0 574 0 574 0 574 0 574 0 574 1 574 3 574 5 574 8 574 12 574 17 574 24 574 37 574 55 574 144 574 228 574 453 574 574 574 599 574 599 574 599 574 599 574 599 574 599 574 599 574 599 574 598 574 599 574 599 574 599 574 599 574 599 574 599 574 599 574 599 574 599 574 599 574 599 574 599 574 599 574 599 574 599 574 598 574 597 574 596 574 595 574 594 574 593 574 590 574 580 574 536 574 488 574 414 574 244 574 163 574 96 574 7 574 0 574 0 574 0 574 0 574 0 574 0 574 0 574 0 574 1 574 8 574 24 574 38 574 59 574 147 574 215 574 332 574 375 574 407 574 453 574 470 574 487 574 515 574 527 574 549 574 560 574 570 574 590 574 599 574 599 574 599 574 599 574 599 574 599 574 599 574 599 574 599 574 599 574 599 574 599 574 599 574 599 574 599 574 599 574 599 574 599 574 599 574 599 574 598 574 594 574 587 574 577 574 583 574 597 574 599 574 599 574 599 574 599 574 599 574 599 574 599 574 599 574 599 574 599 574 599 574 599 574 599 574 599 574 599 574 599 574 599 574 599 574 599 574 599 574 599 574 599 574 599 574 599 574 599 574 599 574 599 574 599 574 599 574 599 574 599 574 599 574 599 574 599 574 599 574 599 574 598 574 596 574 595 574 599 574 599 574 599 574 599 574 599 574 599 574 599 574 599 574 599 574 599 574 599 574 599 574 598 574 596 574 592 574 589 574 587 574 590 574 598 574 599 574 599 574 599 574 599 574 599 574 599 574 599 574 599 574 599 574 599 574 599 574 599 574 599 574 599 574 599 574 599 574 599 574 599 574 598 574 594 574 587 574 575 574 558 574 535 574 483 574 456 574 418 574 404 574 393 574 373 574 366 574 359 574 346 574 340 574 332 574 314 574 308 574 306 574 305 574 304 574 302 574 298 574 290 574 280 574 257 574 244 574 215 574 197 574 177 574 125 574 94 574 63 574 11 574 0 574 0 574 0 574 0 574 0 574 0 574 0 574 0 574 0 574 0 574 0 574 0 574 0 574 0 574 0 574 0 574 0 574 0 574 0 574 0 574 0 574 0 574 0 574 0 574 0 574 0 574 0 574 0 574 0 574 0 574 0 
18 2 0 1 0 1 232 117 -1 -1 1 4769 232 130 232 129 232 128 232 127 232 125 232 124 232 123 232 121 232 120 232 119 232 118 232 117 
18 2 0 1 0 1 445 326 -1 -1 1 4747 158 597 163 597 164 597 165 597 166 597 167 597 169 597 172 597 182 597 190 597 205 597 212 597 220 597 234 597 243 597 252 597 272 597 283 597 294 597 320 597 333 597 359 597 369 597 378 597 395 597 403 597 412 597 428 597 434 597 442 597 445 597 445 599 445 599 445 599 445 599 445 599 445 599 445 599 445 599 445 599 445 599 445 599 445 599 445 599 445 599 445 599 445 599 445 599 445 599 445 599 445 599 445 597 445 589 445 582 445 571 445 556 445 538 445 500 445 482 445 451 445 437 445 426 445 404 445 392 445 379 445 360 445 352 445 345 445 332 445 328 445 326 
18 2 0 1 0 1 533 65 -1 -1 1 11209 533 25 533 26 533 27 533 28 533 30 533 32 533 36 533 40 533 44 533 51 533 54 533 58 533 59 533 61 533 67 533 69 533 72 533 78 533 82 533 86 533 97 533 101 533 104 533 103 533 102 533 101 533 101 533 102 533 103 533 104 533 105 533 106 533 106 533 106 533 106 533 107 533 108 533 109 533 109 533 109 533 107 533 104 533 101 533 98 533 95 533 87 533 83 533 77 533 75 533 73 533 71 533 71 533 70 533 68 533 68 533 66 533 65 533 65 533 65 533 65 
18 2 0 1 0 1 28 491 -1 -1 0 8731 61 491 59 491 58 491 58 491 57 491 56 491 56 491 55 491 54 491 53 491 53 491 52 491 50 491 49 491 48 491 47 491 46 491 46 491 44 491 43 491 41 491 39 491 35 491 31 491 28 491 
18 2 0 1 0 1 599 0 -1 -1 0 4866 105 349 105 353 105 354 105 357 105 368 105 374 105 386 105 391 105 395 105 403 105 408 105 412 105 421 105 426 105 432 105 446 105 452 105 470 105 479 105 489 105 510 105 519 105 527 105 539 105 544 105 551 105 550 105 546 105 541 105 529 105 514 105 491 105 425 105 388 105 313 105 270 105 224 105 139 105 108 105 87 105 70 105 66 105 60 105 41 105 32 105 19 105 16 105 15 105 14 105 11 105 6 105 0 105 0 105 0 105 0 106 0 107 0 108 0 111 0 117 0 127 0 140 0 174 0 197 0 246 0 269 0 291 0 332 0 351 0 368 0 401 0 418 0 436 0 480 0 508 0 570 0 599 0 599 0 599 0 599 0 599 0 599 0 599 0 599 0 
18 2 0 1 0 1 57 0 -1 -1 1 7545 57 421 57 410 57 410 57 410 57 410 57 411 57 412 57 414 57 414 57 415 57 415 57 415 57 417 57 423 57 430 57 435 57 438 57 439 57 444 57 449 57 465 57 478 57 490 57 515 57 527 57 538 57 558 57 568 57 575 57 592 57 598 57 599 57 599 57 599 57 599 57 599 57 599 57 599 57 599 57 599 57 599 57 599 57 599 57 599 57 599 57 599 57 599 57 599 57 599 57 599 57 599 57 599 57 599 57 599 57 599 57 599 57 599 57 599 57 599 57 599 57 599 57 599 57 599 57 599 57 599 57 596 57 589 57 579 57 567 57 550 57 506 57 476 57 440 57 335 57 271 57 205 57 82 57 22 57 0 57 0 57 0 57 0 57 0 57 0 57 0 57 0 57 0 57 0 57 0 57 0 57 0 57 0 57 2 57 8 57 17 57 31 57 49 57 71 57 132 57 168 57 245 57 288 57 349 57 519 57 599 57 599 57 599 57 599 57 599 57 599 57 597 57 595 57 593 57 593 57 588 57 576 57 559 57 536 57 507 57 404 57 324 57 147 57 71 57 10 57 0 57 0 57 0 57 0 57 0 57 0 57 0 57 0 57 0 57 0 57 0 57 0 
18 2 0 1 0 1 599 1 -1 -1 0 10785 300 482 303 482 305 482 306 482 307 482 309 482 310 482 317 482 323 482 342 482 355 482 372 482 406 482 424 482 442 482 479 482 497 482 513 482 542 482 554 482 572 482 581 482 587 482 594 482 596 482 597 482 599 482 599 482 599 485 599 484 599 478 599 467 599 454 599 441 599 426 599 398 599 383 599 356 599 346 599 336 599 314 599 299 599 283 599 257 599 246 599 238 599 220 599 210 599 196 599 194 599 193 599 193 599 194 599 195 599 199 599 206 599 216 599 250 599 272 599 325 599 356 599 389 599 456 599 488 599 518 599 557 599 567 599 573 599 577 599 577 599 578 599 584 599 590 599 597 599 599 599 599 599 599 599 599 599 599 599 599 599 599 599 599 599 599 599 599 599 599 599 599 599 599 599 599 599 599 599 599 599 599 599 599 599 599 599 599 599 599 599 599 599 598 599 594 599 590 599 583 599 573 599 557 599 515 599 486 599 432 599 410 599 391 599 349 599 326 599 307 599 291 599 290 599 288 599 278 599 268 599 245 599 232 599 221 599 206 599 203 599 202 599 201 599 199 599 195 599 191 599 186 599 172 599 164 599 147 599 138 599 128 599 104 599 91 599 77 599 50 599 40 599 30 599 19 599 17 599 15 599 15 599 14 599 12 599 11 599 10 599 9 599 7 599 6 599 4 599 3 599 2 599 1 599 1 
18 2 0 1 0 1 444 388 -1 -1 1 11458 444 535 444 534 444 533 444 532 444 531 444 530 444 529 444 528 444 528 444 530 444 536 444 545 444 560 444 583 444 599 444 599 444 599 444 599 444 599 444 599 444 599 444 599 444 598 444 599 444 599 444 599 444 599 444 599 444 599 444 599 444 599 444 599 444 599 444 599 444 599 444 599 444 599 444 599 444 599 444 599 444 599 444 598 444 594 444 587 444 576 444 563 444 544 444 495 444 464 444 400 444 367 444 336 444 279 444 255 444 234 444 203 444 190 444 177 444 145 444 133 444 124 444 123 444 124 444 126 444 135 444 149 444 169 444 192 444 238 444 260 444 299 444 312 444 324 444 350 444 362 444 373 444 392 444 401 444 409 444 421 444 423 444 424 444 425 444 425 444 423 444 421 444 419 444 417 444 414 444 406 444 402 444 396 444 394 444 393 444 392 444 392 444 391 444 390 444 390 444 388 444 388 
18 2 0 1 0 1 475 372 -1 -1 1 9811 25 342 25 342 25 348 25 357 25 368 25 383 25 398 25 424 25 437 25 460 25 471 25 483 25 502 25 508 25 513 25 515 25 516 25 515 25 515 25 512 25 508 25 500 25 480 25 470 25 450 25 441 25 431 25 405 25 393 25 383 25 372 14 372 13 372 11 372 8 372 6 372 2 372 0 372 0 372 0 372 0 372 0 372 0 372 0 372 0 372 0 372 0 372 0 372 3 372 11 372 23 372 41 372 66 372 98 372 178 372 226 372 319 372 354 372 383 372 418 372 425 372 428 372 427 372 427 372 428 372 429 372 429 372 430 372 432 372 435 372 439 372 440 372 442 372 442 372 443 372 444 372 445 372 446 372 448 372 451 372 453 372 455 372 456 372 457 372 458 372 458 372 460 372 461 372 462 372 462 372 463 372 463 372 464 372 465 372 466 372 467 372 468 372 469 372 469 372 470 372 471 372 471 372 472 372 472 372 474 372 475 372 475 372 
18 2 0 1 0 2 449 216 1 15609 2 
18 2 0 1 0 2 283 83 1 2554 3 
18 2 0 1 0 2 183 83 1 1085 3 
18 2 0 1 0 2 516 149 1 907 3 
18 2 0 1 0 2 283 482 0 7124 3 
18 2 0 1 0 2 449 50 0 2475 3 
18 2 0 1 0 2 549 83 0 5579 3 
18 2 0 1 0 2 549 416 1 1525 3 
18 2 0 1 0 2 149 283 0 3677 3 
18 2 0 1 0 2 249 549 0 3726 3 
18 2 0 1 0 2 183 449 0 1349 3 
18 2 0 1 0 2 216 83 1 2126 3 
18 2 0 1 0 2 482 349 1 15545 3 
18 2 0 1 0 2 316 449 0 2936 3 
18 2 0 1 0 2 283 149 1 1645 3 
18 2 0 1 0 2 149 149 1 9506 4 
18 2 0 1 0 2 349 216 1 10266 4 
18 2 0 1 0 2 549 183 0 6156 4 
18 2 0 1 0 2 50 50 1 2349 4 
18 2 0 1 0 2 383 149 1 1776 4 
18 2 0 1 0 2 116 383 0 1846 4 
18 2 0 1 0 2 283 416 0 8017 3 
18 2 0 1 0 2 383 416 1 3398 3 
18 2 0 1 0 2 50 516 0 2807 4 
18 2 0 1 0 2 449 316 1 2507 4 
18 2 0 1 0 2 383 50 1 7540 3 
18 2 0 1 0 2 383 449 1 2695 3 
18 2 0 1 0 2 50 416 0 2406 4 
18 2 0 1 0 2 83 183 1 2546 4 
18 2 0 1 0 2 383 516 1 8085 3 
18 2 0 1 0 2 149 482 0 2166 4 
18 2 0 1 0 2 349 482 0 1842 4 
18 2 0 1 0 1 0 380 -1 -1 0 15091 434 116 434 116 434 116 434 114 434 108 434 96 434 81 434 62 434 42 434 2 434 0 434 0 434 0 434 0 434 0 434 0 434 1 434 5 434 10 434 19 434 31 434 45 434 78 434 96 434 137 434 161 434 189 434 243 434 269 434 292 434 330 434 343 434 354 434 373 434 381 434 389 434 391 434 392 434 396 434 399 434 400 434 402 434 407 434 417 434 431 434 462 434 475 434 487 434 501 434 505 434 507 434 440 434 425 434 410 434 397 434 386 434 387 434 391 434 395 434 400 434 405 434 409 434 423 434 433 434 461 434 477 434 493 434 521 434 531 434 539 434 551 434 553 434 555 434 557 434 561 434 566 434 569 434 573 434 577 434 578 434 579 434 584 434 592 434 599 434 599 434 599 434 599 434 598 434 595 434 588 434 577 434 563 434 546 434 509 434 493 434 468 434 461 434 456 434 449 434 448 434 447 434 446 434 444 434 442 434 431 434 428 434 427 434 423 434 421 434 416 434 409 434 399 434 385 434 359 434 348 434 326 434 316 434 305 434 288 434 280 434 275 434 273 435 273 436 273 437 273 438 273 442 273 450 273 463 273 502 273 526 273 574 273 596 273 599 273 599 273 599 273 599 273 599 273 599 273 599 273 599 273 599 273 599 273 599 273 599 273 599 273 599 273 599 273 598 273 593 273 583 273 572 273 559 273 545 273 511 273 490 273 446 273 425 273 404 273 362 273 339 273 316 273 268 273 241 273 210 273 148 273 119 273 71 273 50 273 33 273 14 273 8 273 4 273 0 273 0 273 0 273 0 273 0 273 0 273 0 273 0 273 0 273 0 273 0 273 0 273 0 273 0 273 0 273 0 274 0 276 0 280 0 286 0 297 0 313 0 357 0 381 0 412 0 423 0 434 0 456 0 462 0 464 0 463 0 459 0 454 0 448 0 442 0 436 0 423 0 415 0 404 0 399 0 393 0 383 0 381 0 380 0 380 
18 2 0 1 0 1 599 11 -1 -1 1 3819 171 11 173 11 174 11 175 11 178 11 182 11 188 11 196 11 208 11 243 11 264 11 306 11 327 11 348 11 389 11 409 11 427 11 466 11 487 11 509 11 557 11 580 11 599 11 599 11 599 11 599 11 599 11 599 11 599 11 599 11 599 11 599 11 599 11 599 11 599 11 599 11 599 11 
18 2 0 1 0 1 595 41 -1 -1 1 7571 337 515 308 515 307 515 306 515 308 515 314 515 324 515 337 515 354 515 375 515 424 515 453 515 517 515 551 515 586 515 599 515 599 515 599 515 599 515 599 515 599 515 599 515 599 515 599 515 596 515 588 515 576 515 556 515 533 515 509 515 465 515 446 515 420 515 412 515 407 515 404 515 405 515 412 515 423 515 441 515 468 515 502 515 578 515 599 515 599 515 599 515 599 515 599 515 599 515 599 515 599 515 599 515 599 515 598 515 597 515 597 515 596 515 597 515 599 515 599 515 599 515 599 515 597 515 594 515 589 515 568 515 555 515 531 515 523 515 515 515 501 515 495 515 489 515 481 515 480 515 481 515 485 515 493 515 505 515 521 515 538 515 575 515 597 515 599 515 599 515 599 515 599 515 599 515 599 515 599 515 599 515 599 515 599 515 597 515 595 515 595 520 595 532 595 541 595 545 595 545 595 540 595 527 595 508 595 466 595 446 595 428 595 396 595 384 595 373 595 351 595 336 595 321 595 287 595 267 595 231 595 216 595 202 595 187 595 180 595 174 595 165 595 161 595 159 595 158 595 158 595 157 595 155 595 149 595 140 595 128 595 115 595 93 595 83 595 75 595 74 595 72 595 71 595 70 595 69 595 67 595 63 595 61 595 60 595 59 595 58 595 56 595 54 595 52 595 51 595 49 595 47 595 46 595 45 595 44 595 43 595 41 595 41 
18 2 0 1 0 1 351 127 -1 -1 1 2970 353 127 352 127 351 127 351 127 
18 2 0 1 0 1 238 108 -1 -1 1 3066 356 108 340 108 339 108 338 108 336 108 331 108 324 108 315 108 295 108 285 108 273 108 272 108 270 108 269 108 268 108 264 108 259 108 254 108 241 108 238 108 
18 2 0 1 0 1 0 241 -1 -1 0 3019 34 241 30 241 29 241 28 241 27 241 26 241 24 241 20 241 15 241 10 241 0 241 0 241 0 241 0 241 0 241 0 241 0 241 0 241 0 241 0 241 0 241 
18 2 0 1 0 1 0 125 -1 -1 0 7793 304 519 302 519 301 519 300 519 299 519 298 519 297 519 297 519 296 519 294 519 292 519 285 519 250 519 222 519 150 519 111 519 80 519 36 519 21 519 12 519 0 519 0 519 0 519 0 519 0 519 0 519 0 519 0 519 0 519 0 519 1 519 3 519 4 519 5 519 6 519 6 519 10 519 18 519 52 519 77 519 109 519 179 519 217 519 276 519 296 519 309 519 329 519 335 519 333 519 327 519 318 519 306 519 289 519 267 519 206 519 162 519 56 519 0 519 0 519 0 519 0 519 0 519 0 519 0 519 0 519 0 519 0 520 0 523 0 532 0 548 0 572 0 599 0 599 0 599 0 599 0 599 0 599 0 599 0 599 0 599 0 599 0 599 0 599 0 599 0 599 0 599 0 599 0 599 0 599 0 599 0 599 0 599 0 598 0 594 0 578 0 568 0 537 0 517 0 497 0 449 0 419 0 384 0 287 0 238 0 117 0 67 0 23 0 0 0 0 0 0 0 0 0 0 0 0 0 0 0 0 0 0 0 0 0 0 0 0 0 0 0 1 0 3 0 7 0 12 0 19 0 27 0 38 0 42 0 47 0 48 0 49 0 51 0 56 0 63 0 80 0 89 0 97 0 110 0 115 0 132 0 148 0 169 0 206 0 220 0 233 0 250 0 252 0 253 0 251 0 251 0 249 0 245 0 240 0 235 0 225 0 221 0 214 0 211 0 207 0 196 0 191 0 189 0 184 0 181 0 175 0 166 0 161 0 152 0 146 0 139 0 127 0 126 0 126 0 125 
18 2 0 1 0 1 599 576 -1 -1 1 2882 479 576 500 576 500 576 501 576 502 576 504 576 506 576 509 576 512 576 521 576 529 576 557 576 576 576 597 576 599 576 599 576 599 576 599 576 599 576 599 576 599 576 599 576 599 576 599 576 599 576 599 576 599 576 599 576 599 576 599 576 
18 2 0 1 0 1 599 0 -1 -1 0 4377 294 258 294 258 295 258 296 258 297 258 298 258 301 258 308 258 316 258 345 258 365 258 388 258 427 258 441 258 453 258 478 258 490 258 514 258 527 258 540 258 572 258 590 258 599 258 599 258 599 258 599 258 599 258 599 258 599 258 599 258 599 258 599 258 599 258 599 258 599 258 599 257 599 254 599 249 599 243 599 238 599 231 599 218 599 211 599 196 599 189 599 183 599 174 599 168 599 164 599 154 599 149 599 143 599 126 599 114 599 89 599 75 599 61 599 32 599 16 599 0 599 0 599 0 599 0 599 0 599 0 599 0 599 0 599 0 599 0 599 0 
18 2 0 1 0 1 599 526 -1 -1 1 3530 140 526 142 526 147 526 155 526 166 526 184 526 210 526 275 526 312 526 384 526 421 526 457 526 516 526 542 526 569 526 599 526 599 526 599 526 599 526 599 526 599 526 599 526 599 526 599 526 599 526 599 526 599 526 599 526 599 526 599 526 
18 2 0 1 0 1 599 69 -1 -1 1 4755 366 351 319 351 321 351 322 351 325 351 329 351 334 351 351 351 367 351 421 351 466 351 519 351 599 351 599 351 599 351 599 351 599 351 599 351 599 351 599 351 599 351 599 351 599 351 599 351 599 351 599 348 599 343 599 335 599 325 599 313 599 287 599 274 599 250 599 240 599 230 599 210 599 200 599 191 599 176 599 168 599 161 599 146 599 138 599 118 599 106 599 95 599 71 599 58 599 47 599 30 599 21 599 14 599 0 599 0 599 0 599 0 599 0 599 1 599 2 599 8 599 13 599 23 599 35 599 53 599 58 599 63 599 65 599 66 599 67 599 68 599 69 
18 2 0 1 0 1 599 281 -1 -1 1 4971 290 52 290 34 290 33 290 33 290 32 290 34 290 42 290 55 290 77 290 115 290 167 290 258 290 294 290 346 290 366 290 385 290 420 290 435 290 450 290 477 290 489 290 500 290 515 290 517 290 519 290 518 290 517 290 513 290 508 290 501 290 485 290 479 290 469 290 464 290 459 290 444 290 435 290 427 290 416 290 409 290 400 290 381 290 373 290 355 290 344 290 332 290 304 290 294 290 286 290 281 292 281 295 281 298 281 302 281 306 281 312 281 329 281 339 281 367 281 383 281 401 281 442 281 461 281 478 281 514 281 530 281 546 281 579 281 599 281 599 281 599 281 599 281 599 281 599 281 599 281 599 281 599 281 599 281 
18 2 0 1 0 1 530 502 -1 -1 1 3953 232 502 244 502 248 502 255 502 266 502 281 502 300 502 347 502 371 502 414 502 433 502 448 502 471 502 480 502 486 502 502 502 515 502 530 502 566 502 585 502 599 502 599 502 599 502 599 502 598 502 598 502 596 502 595 502 593 502 591 502 585 502 581 502 568 502 562 502 555 502 541 502 535 502 531 502 530 502 
18 2 0 1 0 1 420 149 -1 -1 1 3435 539 149 559 149 559 149 562 149 569 149 580 149 596 149 599 149 599 149 599 149 599 149 599 149 599 149 597 149 589 149 574 149 555 149 535 149 514 149 477 149 464 149 446 149 441 149 437 149 429 149 426 149 422 149 420 149 
18 2 0 1 0 1 293 446 -1 -1 0 2987 368 446 365 446 363 446 359 446 354 446 348 446 343 446 331 446 325 446 315 446 312 446 308 446 301 446 298 446 296 446 295 446 293 446 
18 2 0 1 0 1 365 26 -1 -1 1 3426 309 26 309 26 311 26 312 26 314 26 315 26 316 26 317 26 318 26 319 26 320 26 321 26 323 26 323 26 324 26 324 26 326 26 327 26 330 26 331 26 331 26 333 26 334 26 335 26 336 26 338 26 346 26 351 26 355 26 362 26 364 26 365 26 
18 2 0 1 0 2 149 116 0 3239 3 
18 2 0 1 0 2 549 316 1 2163 4 
18 2 0 1 0 2 516 383 1 856 4 
18 2 0 1 0 2 449 116 1 1142 4 
18 2 0 1 0 2 83 83 0 1189 4 
18 2 0 1 0 2 549 383 1 1505 4 
18 2 0 1 0 2 183 349 0 912 4 
18 2 0 1 0 2 183 383 0 840 4 
18 2 0 1 0 2 149 249 0 863 4 
18 2 0 1 0 2 416 249 1 1833 3 
18 2 0 1 0 2 349 83 1 991 3 
18 2 0 1 0 2 482 149 1 932 3 
18 2 0 1 0 2 416 349 1 779 4 
18 2 0 1 0 2 482 50 1 786 4 
18 2 0 1 0 2 116 316 0 1028 4 
18 2 0 1 0 2 283 383 0 818 4 
18 2 0 1 0 2 249 183 0 924 4 
18 2 0 1 0 2 50 149 0 1393 4 
18 2 0 1 0 2 383 83 0 1299 4 
18 2 0 1 0 2 149 83 0 1464 5 
18 2 0 1 0 2 83 449 0 966 5 
18 2 0 1 0 2 416 482 1 1656 4 
18 2 0 1 0 2 449 83 1 781 3 
18 2 0 1 0 2 216 449 0 1757 3 
18 2 0 1 0 2 349 516 0 1668 3 
18 2 0 1 0 2 216 349 0 1486 3 
18 2 0 1 0 2 83 149 0 852 3 
18 2 0 1 0 2 283 216 0 3955 3 
18 2 0 1 0 2 349 383 0 1812 3 
18 2 0 1 0 2 449 449 1 1982 2 
18 2 0 1 0 2 316 283 0 1057 3 
18 2 0 1 0 2 83 349 0 998 3 
18 2 0 1 0 1 599 550 -1 -1 1 5452 494 448 494 444 494 432 494 420 494 406 494 392 494 375 494 340 494 321 494 275 494 251 494 231 494 205 494 197 494 192 494 195 494 209 494 234 494 276 494 332 494 397 494 480 494 508 494 537 494 543 494 545 494 546 494 548 494 550 519 550 523 550 523 550 522 550 520 550 514 550 505 550 492 550 466 550 455 550 438 550 431 550 424 550 409 550 399 550 388 550 364 550 352 550 331 550 324 550 322 550 323 550 330 550 342 550 359 550 387 550 427 550 568 550 599 550 599 550 599 550 599 550 599 550 599 550 599 550 599 550 599 550 
18 2 0 1 0 1 588 20 -1 -1 1 4996 588 364 588 320 588 321 588 325 588 327 588 333 588 342 588 374 588 392 588 427 588 444 588 460 588 492 588 507 588 519 588 531 588 530 588 528 588 525 588 522 588 516 588 511 588 508 588 507 588 507 588 507 588 507 588 506 588 502 588 495 588 484 588 471 588 454 588 412 588 385 588 328 588 295 588 267 588 217 588 195 588 175 588 140 588 126 588 116 588 100 588 91 588 72 588 64 588 58 588 49 588 42 588 36 588 24 588 20 
18 2 0 1 0 1 87 86 -1 -1 1 4297 472 136 472 143 472 139 472 133 472 124 472 112 472 99 472 61 472 37 472 0 472 0 472 0 472 0 472 0 472 0 472 0 472 0 472 0 472 2 472 6 472 14 472 25 472 41 472 86 552 86 557 86 561 86 563 86 564 86 565 86 566 86 567 86 568 86 571 86 575 86 580 86 586 86 599 86 599 86 599 86 599 86 599 86 599 86 599 86 598 86 594 86 588 86 581 86 573 86 565 86 563 86 562 86 561 86 559 86 551 86 521 86 497 86 425 86 374 86 319 86 200 86 153 86 119 86 92 86 90 86 88 86 87 86 87 86 87 86 87 86 
18 2 0 1 0 1 0 175 -1 -1 0 3042 131 175 124 175 105 175 96 175 84 175 71 175 56 175 40 175 7 175 0 175 0 175 0 175 0 175 0 175 0 175 0 175 0 175 0 175 0 175 0 175 0 175 0 175 0 175 0 175 
18 2 0 1 0 1 379 248 -1 -1 1 3171 570 248 574 248 575 248 577 248 580 248 585 248 593 248 599 248 599 248 599 248 599 248 599 248 597 248 593 248 588 248 579 248 566 248 551 248 509 248 483 248 433 248 413 248 399 248 384 248 382 248 380 248 379 248 
18 2 0 1 0 1 336 92 -1 -1 1 3459 503 92 501 92 499 92 495 92 490 92 482 92 473 92 453 92 443 92 422 92 411 92 401 92 386 92 378 92 371 92 354 92 339 92 319 92 275 92 262 92 260 92 261 92 261 92 263 92 263 92 265 92 266 92 267 92 269 92 272 92 276 92 283 92 304 92 316 92 331 92 335 92 336 92 
18 2 0 1 0 1 0 98 -1 -1 0 2946 69 98 66 98 65 98 63 98 59 98 53 98 47 98 36 98 30 98 16 98 9 98 0 98 0 98 0 98 0 98 0 98 0 98 0 98 
18 2 0 1 0 1 240 186 -1 -1 1 2811 223 186 223 186 224 186 225 186 227 186 228 186 229 186 230 186 232 186 232 186 234 186 234 186 236 186 236 186 237 186 238 186 239 186 239 186 240 186 
18 2 0 1 0 1 199 350 -1 -1 0 4831 422 58 422 60 422 66 422 76 422 91 422 111 422 134 422 182 422 202 422 230 422 241 422 250 422 267 422 274 422 280 422 289 422 293 422 296 422 305 422 309 422 317 422 321 422 324 422 327 422 328 422 329 422 331 422 334 422 338 422 338 422 338 422 339 422 339 422 339 422 339 422 339 422 339 422 339 422 340 422 341 422 343 422 347 422 349 422 350 422 350 420 350 418 350 416 350 413 350 410 350 406 350 401 350 387 350 379 350 361 350 353 350 343 350 324 350 315 350 306 350 285 350 273 350 259 350 236 350 226 350 216 350 215 350 214 350 210 350 207 350 205 350 202 350 202 350 200 350 199 350 
18 2 0 1 0 1 182 32 -1 -1 1 4331 543 32 547 32 546 32 546 32 544 32 543 32 541 32 534 32 530 32 518 32 513 32 507 32 494 32 488 32 483 32 476 32 473 32 469 32 460 32 453 32 440 32 432 32 426 32 412 32 404 32 395 32 373 32 361 32 350 32 324 32 312 32 292 32 285 32 278 32 265 32 260 32 254 32 241 32 235 32 222 32 215 32 211 32 202 32 199 32 197 32 192 32 189 32 187 32 185 32 184 32 183 32 182 32 
18 2 0 1 0 1 0 22 -1 -1 0 6042 299 242 294 242 293 242 292 242 290 242 288 242 284 242 279 242 264 242 253 242 228 242 213 242 197 242 152 242 122 242 87 242 0 242 0 242 0 242 0 242 0 242 0 242 0 242 0 242 0 242 0 242 0 242 0 242 0 247 0 249 0 250 0 252 0 256 0 264 0 276 0 318 0 348 0 417 0 449 0 477 0 520 0 536 0 551 0 583 0 598 0 599 0 599 0 599 0 599 0 599 0 598 0 598 0 599 0 599 0 599 0 599 0 599 0 599 0 599 0 599 0 599 0 599 0 599 0 599 0 599 0 599 0 593 0 582 0 567 0 547 0 519 0 430 0 378 0 268 0 219 0 179 0 110 0 82 0 62 0 39 0 32 0 27 0 23 0 22 
18 2 0 1 0 1 0 84 -1 -1 0 4378 181 342 181 342 181 340 181 338 181 334 181 331 181 325 181 318 181 300 181 288 181 264 181 251 181 238 181 210 181 194 181 175 181 135 181 114 181 97 181 84 181 84 181 84 181 84 181 84 180 84 178 84 173 84 166 84 156 84 142 84 113 84 98 84 65 84 48 84 31 84 0 84 0 84 0 84 0 84 0 84 0 84 0 84 0 84 0 84 0 84 0 84 0 84 0 84 0 84 0 84 0 84 
18 2 0 1 0 1 599 0 -1 -1 0 8514 361 139 361 149 361 151 361 156 361 162 361 172 361 184 361 219 361 241 361 291 361 316 361 338 361 380 361 400 361 417 361 445 361 452 361 456 361 459 361 460 361 461 361 461 361 463 361 466 361 471 361 476 361 488 361 494 361 500 361 510 361 517 361 530 361 537 361 545 361 563 361 573 361 586 361 599 361 599 361 599 361 599 361 599 361 599 361 599 361 599 361 599 361 599 361 599 361 599 361 599 361 599 361 599 361 599 361 599 361 599 361 599 361 599 361 599 361 599 361 599 361 599 361 599 361 599 361 599 361 599 361 599 361 599 361 597 361 592 361 581 361 545 361 522 361 496 361 399 361 328 361 132 361 24 361 0 361 0 361 0 361 0 361 0 361 0 361 0 361 0 361 0 361 0 361 0 361 0 361 2 361 6 361 14 361 28 361 50 361 82 361 220 361 345 361 599 361 599 361 599 361 599 361 599 361 599 361 599 361 598 361 595 361 593 361 590 361 588 361 587 361 586 361 585 361 582 361 583 361 587 361 588 361 590 361 594 361 599 361 599 361 599 361 599 361 599 361 599 361 599 361 599 361 599 361 599 361 599 361 599 361 599 361 599 361 599 361 599 361 599 361 599 361 599 361 598 361 597 361 597 361 595 361 595 361 594 361 593 361 593 361 591 361 590 361 589 361 586 361 580 361 555 361 530 361 499 361 393 361 314 361 219 361 0 361 0 361 0 361 0 361 0 361 0 361 0 361 0 361 0 361 0 361 0 361 0 361 0 362 0 363 0 364 0 366 0 368 0 373 0 395 0 415 0 471 0 503 0 537 0 599 0 599 0 599 0 599 0 599 0 599 0 599 0 599 0 599 0 599 0 599 0 599 0 
18 2 0 1 0 1 580 434 -1 -1 1 4563 580 411 580 414 580 415 580 418 580 421 580 425 580 428 580 427 580 423 580 411 580 401 580 388 580 366 580 362 580 361 580 361 580 361 580 361 580 360 580 359 580 357 580 352 580 346 580 339 580 337 580 336 580 335 580 335 580 335 580 335 580 337 580 350 580 359 580 370 580 392 580 403 580 413 580 415 580 416 580 418 580 420 580 422 580 426 580 427 580 430 580 432 580 434 
18 2 0 1 0 1 283 391 -1 -1 0 6658 308 391 306 391 306 391 305 391 304 391 303 391 302 391 300 391 298 391 293 391 290 391 288 391 286 391 285 391 284 391 283 391 
18 2 0 1 0 1 448 356 -1 -1 1 4777 448 302 448 303 448 316 448 330 448 341 448 352 448 362 448 382 448 391 448 410 448 420 448 429 448 447 448 455 448 460 448 464 448 464 448 463 448 463 448 461 448 460 448 457 448 448 448 442 448 428 448 422 448 417 448 413 448 412 448 412 448 411 448 410 448 408 448 401 448 398 448 386 448 381 448 376 448 370 448 368 448 366 448 360 448 358 448 357 448 356 
18 2 0 1 0 2 183 416 0 2395 1 
18 2 0 1 0 2 183 316 0 1122 1 
18 2 0 1 0 2 316 416 0 1085 1 
18 2 0 1 0 2 183 549 1 769 1 
18 2 0 1 0 2 50 549 0 723 1 
18 2 0 1 0 2 449 183 1 864 1 
18 2 0 1 0 2 116 516 0 738 1 
18 2 0 1 0 2 183 516 1 735 1 
18 2 0 1 0 2 349 349 0 679 1 
18 2 0 1 0 2 549 116 1 615 1 
18 2 0 1 0 2 449 383 0 572 1 
18 2 0 1 0 2 416 50 1 655 1 
18 2 0 1 0 2 116 283 0 588 1 
18 2 0 1 0 2 83 116 1 565 1 
18 2 0 1 0 2 116 249 0 592 1 
18 2 0 1 0 2 283 449 0 707 1 
18 2 0 1 0 2 449 149 0 644 1 
18 2 0 1 0 2 249 249 1 622 1 
18 2 0 1 0 2 416 316 1 612 1 
18 2 0 1 0 2 316 50 1 580 1 
18 2 0 1 0 2 416 83 0 550 1 
18 2 0 1 0 2 183 183 1 619 1 
18 2 0 1 0 2 249 83 0 766 1 
18 2 0 1 0 2 116 216 0 698 1 
18 2 0 1 0 2 449 516 0 709 1 
18 2 0 1 0 2 549 283 1 653 1 
18 2 0 1 0 2 216 183 0 885 1 
18 2 0 1 0 2 316 383 1 704 1 
18 2 0 1 0 2 383 383 1 587 1 
18 2 0 1 0 2 216 316 1 602 1 
18 2 0 1 0 2 482 482 0 606 1 
18 2 0 1 0 2 482 83 1 572 1 
18 2 0 1 0 1 97 433 -1 -1 0 8100 97 524 97 528 97 531 97 535 97 538 97 540 97 541 97 542 97 546 97 554 97 565 97 576 97 599 97 599 97 599 97 599 97 599 97 599 97 599 97 599 97 599 97 598 97 596 97 592 97 588 97 584 97 579 97 567 97 560 97 536 97 522 97 503 97 460 97 434 97 409 97 356 97 333 97 311 97 276 97 263 97 253 97 262 97 273 97 286 97 298 97 306 97 311 97 321 97 329 97 356 97 373 97 392 97 424 97 433 
18 2 0 1 0 1 599 0 -1 -1 0 4330 445 240 445 243 445 242 445 241 445 240 445 237 445 232 445 220 445 212 445 195 445 185 445 173 445 148 445 136 445 124 445 105 445 98 445 92 445 80 445 75 445 61 445 53 445 42 445 18 445 5 445 0 445 0 445 0 445 0 445 0 445 0 445 0 445 0 447 0 452 0 458 0 469 0 479 0 488 0 500 0 506 0 516 0 521 0 528 0 544 0 554 0 568 0 593 0 599 0 599 0 599 0 599 0 599 0 599 0 
18 2 0 1 0 1 0 381 -1 -1 0 6402 141 488 141 487 141 487 141 486 141 484 141 482 141 480 141 475 141 472 141 466 141 463 141 462 141 462 141 461 141 458 141 454 141 447 141 439 141 430 141 408 141 399 141 382 141 376 141 372 141 363 141 360 141 357 141 355 141 354 141 355 141 356 141 358 141 363 141 370 141 379 141 393 141 399 141 407 141 408 141 409 141 410 141 410 141 409 141 408 141 408 141 406 141 404 141 403 141 397 141 395 141 391 141 389 141 387 141 384 141 383 141 382 141 381 140 381 140 381 139 381 138 381 136 381 132 381 127 381 112 381 102 381 82 381 73 381 65 381 50 381 42 381 35 381 18 381 9 381 1 381 0 381 0 381 0 381 0 381 0 381 0 381 
18 2 0 1 0 1 0 0 -1 -1 0 5202 115 350 115 367 115 368 115 374 115 380 115 393 115 417 115 514 115 581 115 599 115 599 115 599 115 599 115 599 115 599 115 599 115 599 115 599 115 599 115 599 115 599 115 599 115 599 115 598 115 595 115 592 115 590 115 586 115 575 115 557 115 534 115 462 115 410 115 288 115 215 115 140 115 6 115 0 115 0 115 0 115 0 115 0 115 0 115 0 115 0 115 0 115 0 115 0 115 0 115 0 114 0 114 0 113 0 113 0 112 0 110 0 103 0 96 0 78 0 67 0 54 0 17 0 0 0 0 0 0 0 0 0 0 0 0 0 0 0 
18 2 0 1 0 1 599 196 -1 -1 1 3120 507 196 510 196 509 196 508 196 504 196 500 196 495 196 488 196 469 196 457 196 430 196 412 196 392 196 348 196 329 196 315 196 304 196 305 196 307 196 313 196 325 196 344 196 370 196 460 196 524 196 599 196 599 196 599 196 599 196 599 196 599 196 599 196 599 196 599 196 
18 2 0 1 0 1 599 0 -1 -1 1 5788 425 401 425 402 425 403 425 405 425 409 425 415 425 424 425 458 425 480 425 522 425 544 425 565 425 596 425 599 425 599 425 599 425 599 425 598 425 594 425 590 425 576 425 564 425 545 425 497 425 475 425 454 425 421 425 405 334 405 333 405 331 405 327 405 321 405 313 405 294 405 281 405 252 405 237 405 225 405 215 405 211 405 208 405 201 405 196 405 190 405 180 405 175 405 177 405 188 405 211 405 250 405 314 405 397 405 589 405 599 405 599 405 599 405 599 405 599 405 599 405 599 405 599 405 599 405 599 405 599 405 599 404 599 402 599 399 599 390 599 381 599 371 599 348 599 335 599 310 599 299 599 289 599 273 599 263 599 252 599 231 599 222 599 212 599 178 599 150 599 91 599 60 599 29 599 0 599 0 599 0 599 0 599 0 599 0 599 0 
18 2 0 1 0 1 599 489 -1 -1 1 6930 175 207 175 214 175 213 175 212 175 210 175 207 175 205 175 203 175 204 175 208 175 217 175 233 175 257 175 289 175 384 175 448 175 539 175 566 175 582 175 587 176 587 177 587 176 587 168 587 154 587 132 587 102 587 61 587 0 587 0 587 0 587 0 587 0 587 0 587 0 587 0 587 0 587 0 587 1 587 8 587 26 587 58 587 119 587 307 587 425 587 558 587 599 587 599 587 599 587 599 587 599 587 599 587 599 587 584 587 583 587 582 587 581 587 579 587 574 587 567 587 557 587 531 587 517 587 495 587 489 587 487 587 487 587 489 587 497 587 510 587 529 587 552 587 579 587 599 587 599 587 599 587 599 587 599 587 599 587 599 587 599 587 599 586 599 585 599 584 599 582 599 579 599 575 599 569 599 552 599 541 599 510 599 494 599 475 599 442 599 428 599 411 599 372 599 354 599 335 599 289 599 258 599 203 599 178 599 154 599 106 599 84 599 64 599 35 599 24 599 11 599 0 599 0 599 0 599 0 599 0 599 0 599 0 599 0 599 0 599 1 599 3 599 11 599 25 599 46 599 75 599 152 599 200 599 320 599 368 599 399 599 450 599 465 599 476 599 485 599 486 599 486 599 486 599 487 599 489 599 489 
18 2 0 1 0 1 120 229 -1 -1 0 3897 315 523 315 519 315 518 315 517 315 515 315 512 315 508 315 503 315 487 315 475 315 448 315 433 315 418 315 386 315 371 315 358 315 330 315 318 315 306 315 292 315 286 315 277 315 273 315 266 315 254 315 247 315 240 315 230 315 229 314 229 313 229 311 229 309 229 304 229 297 229 289 229 264 229 249 229 222 229 208 229 192 229 160 229 150 229 143 229 138 229 136 229 130 229 121 229 120 229 120 229 
18 2 0 1 0 1 121 0 -1 -1 1 3266 121 198 121 171 121 162 121 152 121 140 121 129 121 117 121 91 121 75 121 36 121 13 121 0 121 0 121 0 121 0 121 0 121 0 
18 2 0 1 0 1 272 452 -1 -1 0 5488 30 587 30 587 30 588 30 592 30 599 30 599 30 599 30 599 30 599 30 599 30 599 30 599 30 599 30 599 30 599 30 599 30 599 30 599 30 599 30 599 30 599 30 599 30 599 30 599 30 599 0 599 0 599 0 599 0 599 0 599 0 599 0 599 0 599 0 599 0 599 0 599 0 599 0 599 0 599 0 599 0 599 1 599 3 599 7 599 17 599 34 599 57 599 113 599 145 599 213 599 242 599 261 599 272 599 272 598 272 596 272 594 272 590 272 589 272 587 272 580 272 578 272 571 272 565 272 559 272 530 272 513 272 499 272 474 272 467 272 462 272 455 272 453 272 452 
18 2 0 1 0 1 599 443 -1 -1 1 4041 287 247 287 249 287 250 287 254 287 257 287 261 287 263 287 272 287 277 287 289 287 297 287 308 287 336 287 353 287 371 287 401 287 410 287 415 287 422 287 424 287 434 287 438 287 443 289 443 287 443 284 443 279 443 274 443 269 443 255 443 249 443 238 443 235 443 233 443 230 443 229 443 228 443 226 443 221 443 213 443 193 443 182 443 165 443 167 443 173 443 182 443 197 443 223 443 267 443 373 443 419 443 505 443 535 443 559 443 589 443 599 443 599 443 599 443 599 443 599 443 599 443 599 443 599 443 
18 2 0 1 0 1 444 170 -1 -1 1 4346 96 167 83 167 85 167 89 167 97 167 108 167 123 167 159 167 178 167 220 167 240 167 256 167 276 167 279 167 279 168 279 169 279 170 280 170 288 170 301 170 318 170 334 170 348 170 371 170 380 170 396 170 403 170 408 170 418 170 422 170 426 170 434 170 438 170 441 170 443 170 444 170 
18 2 0 1 0 1 503 426 -1 -1 1 8042 355 291 357 291 363 291 368 291 374 291 381 291 392 291 427 291 448 291 482 291 492 291 499 291 503 291 503 291 503 290 503 290 503 288 503 286 503 280 503 273 503 263 503 233 503 215 503 170 503 149 503 130 503 97 503 83 503 72 503 47 503 31 503 0 503 0 503 0 503 0 503 0 503 0 503 0 503 0 503 0 503 0 503 0 503 0 503 0 503 0 503 0 503 0 503 0 503 0 503 0 503 0 503 0 503 0 503 0 503 0 503 0 503 0 503 0 503 2 503 10 503 13 503 11 503 1 503 0 503 0 503 0 503 0 503 0 503 0 503 0 503 0 503 0 503 0 503 0 503 0 503 0 503 3 503 16 503 45 503 91 503 166 503 256 503 475 503 585 503 599 503 599 503 599 503 599 503 599 503 599 503 599 503 594 503 590 503 575 503 568 503 559 503 558 503 558 503 557 503 556 503 556 503 554 503 555 503 556 503 558 503 561 503 565 503 569 503 573 503 575 503 578 503 580 503 581 503 582 503 582 503 584 503 588 503 590 503 591 503 596 503 598 503 599 503 599 503 599 503 599 503 599 503 599 503 598 503 595 503 591 503 585 503 581 503 579 503 578 503 574 503 567 503 559 503 546 503 502 503 473 503 411 503 386 503 363 503 328 503 318 503 314 503 302 503 293 503 285 503 280 503 281 503 283 503 286 503 293 503 301 503 310 503 327 503 336 503 357 503 368 503 378 503 393 503 398 503 400 503 401 503 403 503 406 503 411 503 413 503 417 503 418 503 419 503 421 503 423 503 426 
18 2 0 1 0 1 395 151 -1 -1 1 2936 460 151 460 151 459 151 456 151 453 151 450 151 447 151 440 151 437 151 431 151 428 151 424 151 414 151 409 151 405 151 400 151 398 151 396 151 395 151 
18 2 0 1 0 1 250 556 -1 -1 0 2931 411 556 412 556 410 556 406 556 402 556 397 556 390 556 370 556 359 556 336 556 325 556 313 556 286 556 274 556 263 556 253 556 250 556 250 556 
18 2 0 1 0 1 58 441 -1 -1 0 3002 332 441 329 441 326 441 319 441 311 441 300 441 288 441 258 441 241 441 211 441 196 441 182 441 156 441 143 441 130 441 101 441 88 441 78 441 62 441 59 441 58 441 
18 2 0 1 0 2 183 482 0 3805 3 
18 2 0 1 0 2 349 549 0 1320 3 
18 2 0 1 0 2 316 482 0 869 3 
18 2 0 1 0 2 116 449 0 856 3 
18 2 0 1 0 2 449 416 0 1064 3 
18 2 0 1 0 2 549 149 1 1177 1 
18 2 0 1 0 2 249 482 0 1036 3 
18 2 0 1 0 2 149 216 0 824 3 
18 2 0 1 0 2 516 116 1 1650 3 
18 2 0 1 0 2 482 549 1 734 3 
18 2 0 1 0 2 349 183 0 945 3 
18 2 0 1 0 2 383 283 0 695 3 
18 2 0 1 0 2 50 116 0 747 3 
18 2 0 1 0 2 50 183 0 627 3 
18 2 0 1 0 2 349 283 0 979 3 
18 2 0 1 0 2 249 449 0 748 3 
18 2 0 1 0 2 116 549 0 774 3 
18 2 0 1 0 2 83 50 0 651 3 
18 2 0 1 0 2 283 549 0 660 3 
18 2 0 1 0 2 482 416 1 1143 3 
18 2 0 1 0 2 116 50 0 746 3 
18 2 0 1 0 2 50 349 0 653 3 
18 2 0 1 0 2 549 349 1 795 3 
18 2 0 1 0 2 83 283 0 644 3 
18 2 0 1 0 2 349 249 1 2528 3 
18 2 0 1 0 2 216 283 0 779 4 
18 2 0 1 0 2 349 316 1 910 4 
18 2 0 1 0 2 316 183 1 889 3 
18 2 0 1 0 2 482 283 1 1473 4 
18 2 0 1 0 2 50 216 0 979 4 
18 2 0 1 0 2 549 482 1 1095 3 
18 2 0 1 0 2 50 383 0 857 4 
