Subject 26 in condition 2
Training Condition: 0
Task: 1
Rule: [[[250, 350], [[4538, 4463], [4463, 4538]]], [[350, 250], [[4538, 4463], [4463, 4538]]]]
Noise: 0
CATA=1
CATB=0
Sample keys: 122 120
Resp keys: 307 309
Dim direction: 1 1
Dim minimum: 98 38
Test order: [5, 1, 0, 4, 6, 3, 2, 7]
26 2 0 1 0 1 0 36 -1 -1 0 29872 552 490 599 490 599 490 598 490 597 490 596 490 597 490 598 490 599 490 599 490 599 490 599 490 599 490 599 490 599 490 599 490 599 490 599 490 599 490 599 490 599 490 599 490 599 490 599 490 599 490 599 490 599 490 599 490 599 490 599 490 599 490 599 490 599 490 599 490 599 490 599 490 599 490 599 490 599 490 599 490 599 490 599 490 599 490 599 490 599 490 599 490 599 490 599 490 599 490 599 490 599 490 599 490 599 490 599 490 599 490 599 490 599 490 599 490 599 490 599 490 599 490 599 490 599 490 599 490 599 490 599 490 599 490 599 490 599 490 599 490 599 490 596 490 587 490 576 490 561 490 544 490 523 490 501 490 478 490 430 490 405 490 383 490 361 490 342 490 325 490 296 490 285 490 277 490 271 490 266 490 258 490 256 490 253 490 251 490 248 490 245 490 237 490 231 490 225 490 217 490 210 490 191 490 181 490 170 490 160 490 149 490 139 490 120 490 110 490 99 490 88 490 75 490 51 490 39 490 28 490 18 490 6 490 0 490 0 490 0 490 0 490 0 490 0 490 0 490 0 490 0 490 0 490 0 490 0 490 0 490 0 490 0 490 0 490 0 490 0 490 0 490 0 490 0 490 0 490 0 490 0 501 0 502 0 503 0 504 0 505 0 506 0 507 0 508 0 509 0 510 0 511 0 512 0 513 0 514 0 516 0 518 0 519 0 523 0 525 0 529 0 531 0 533 0 536 0 540 0 542 0 544 0 546 0 549 0 554 0 559 0 564 0 570 0 575 0 581 0 592 0 597 0 599 0 599 0 599 0 599 0 599 0 599 0 599 0 599 0 599 0 599 0 599 0 599 0 599 0 599 0 599 0 599 0 599 0 599 0 599 0 599 0 599 0 599 0 599 0 599 0 599 0 599 0 599 0 599 0 599 0 599 0 599 0 599 0 599 0 599 0 599 0 599 0 599 0 599 0 599 0 599 0 599 0 599 0 599 0 599 0 599 0 599 0 599 0 599 0 599 0 599 0 599 0 599 0 599 0 599 0 599 0 599 0 599 0 599 0 599 0 599 0 599 0 599 0 599 0 599 0 599 0 599 0 599 0 599 0 599 0 599 0 599 0 599 0 599 0 595 0 597 0 599 0 599 0 599 0 599 0 599 0 599 0 599 0 599 0 599 0 599 0 599 0 599 0 599 0 599 0 599 0 599 0 599 0 599 0 599 0 599 0 599 0 599 0 599 0 599 0 599 0 599 0 599 0 599 0 599 0 598 0 598 0 596 0 594 0 592 0 588 0 585 0 579 0 572 0 562 0 535 0 519 0 501 0 480 0 459 0 436 0 391 0 367 0 346 0 326 0 307 0 271 0 255 0 238 0 222 0 207 0 191 0 161 0 149 0 139 0 130 0 122 0 111 0 107 0 103 0 100 0 96 0 91 0 80 0 72 0 68 0 66 0 65 0 63 0 62 0 61 0 60 0 59 0 56 0 51 0 46 0 40 0 34 0 25 0 21 0 17 0 13 0 8 0 4 0 0 0 0 0 0 0 1 0 2 0 4 0 5 0 6 0 8 0 11 0 13 0 17 0 18 0 19 0 20 0 21 0 22 0 23 0 24 0 25 0 26 0 27 0 28 0 29 0 30 0 31 0 32 0 33 0 34 0 35 0 36 0 37 0 38 0 37 0 36 
26 2 0 1 0 1 599 27 -1 -1 1 13687 129 472 130 472 132 472 136 472 143 472 151 472 160 472 170 472 179 472 189 472 199 472 219 472 228 472 237 472 245 472 253 472 265 472 270 472 276 472 282 472 288 472 295 472 309 472 318 472 326 472 335 472 343 472 353 472 374 472 385 472 394 472 403 472 413 472 430 472 438 472 445 472 453 472 460 472 467 472 480 472 486 472 491 472 496 472 502 472 513 472 518 472 524 472 529 472 535 472 541 472 555 472 562 472 568 472 574 472 581 472 587 472 599 472 599 472 599 472 599 472 599 472 599 472 599 472 599 472 599 472 599 472 599 472 599 472 599 472 599 472 599 472 599 472 599 472 599 472 599 472 599 472 599 472 599 472 599 472 599 468 599 467 599 466 599 465 599 464 599 462 599 460 599 458 599 456 599 452 599 449 599 446 599 441 599 439 599 436 599 435 599 431 599 430 599 427 599 426 599 424 599 421 599 419 599 412 599 407 599 400 599 395 599 389 599 383 599 371 599 367 599 361 599 355 599 351 599 345 599 343 599 341 599 340 599 338 599 335 599 327 599 321 599 312 599 303 599 292 599 280 599 258 599 248 599 239 599 231 599 223 599 210 599 205 599 201 599 198 599 196 599 192 599 184 599 178 599 173 599 168 599 163 599 153 599 147 599 141 599 136 599 130 599 125 599 113 599 107 599 101 599 96 599 91 599 81 599 78 599 74 599 73 599 71 599 70 599 69 599 68 599 67 599 66 599 65 599 64 599 63 599 62 599 61 599 59 599 57 599 56 599 55 599 53 599 52 599 51 599 50 599 49 599 48 599 47 599 46 599 45 599 43 599 41 599 40 599 38 599 36 599 35 599 34 599 33 599 32 599 31 599 30 599 29 599 28 599 27 599 26 599 25 599 24 599 23 599 22 599 23 599 24 599 25 599 26 599 27 
26 2 0 1 0 1 599 397 -1 -1 1 15045 391 98 393 98 394 98 396 98 397 98 398 98 402 98 406 98 412 98 416 98 421 98 432 98 436 98 442 98 447 98 453 98 457 98 463 98 464 98 465 98 466 98 467 98 468 98 470 98 474 98 479 98 485 98 491 98 506 98 514 98 522 98 528 98 535 98 544 98 547 98 548 98 549 98 550 98 551 98 552 98 553 98 554 98 555 98 557 98 559 98 561 98 564 98 567 98 571 98 579 98 583 98 586 98 590 98 593 98 597 98 599 98 599 98 599 98 599 98 599 98 599 98 599 98 599 98 599 98 599 98 599 98 599 98 599 98 599 98 599 98 599 98 599 98 599 98 599 98 599 98 599 257 599 256 599 255 599 254 599 252 599 250 599 247 599 243 599 237 599 230 599 223 599 216 599 202 599 196 599 191 599 186 599 183 599 181 599 179 599 178 599 177 599 176 599 175 599 173 599 171 599 168 599 163 599 158 599 154 599 143 599 137 599 131 599 126 599 121 599 116 599 106 599 102 599 99 599 96 599 92 599 83 599 77 599 71 599 64 599 55 599 47 599 26 599 15 599 5 599 0 599 0 599 0 599 0 599 0 599 0 599 0 599 0 599 0 599 0 599 0 599 0 599 0 599 0 599 0 599 0 599 0 599 0 599 0 599 0 599 1 599 5 599 12 599 20 599 31 599 43 599 57 599 73 599 87 599 104 599 136 599 152 599 168 599 182 599 195 599 208 599 230 599 240 599 250 599 257 599 263 599 273 599 277 599 281 599 283 599 285 599 288 599 290 599 292 599 294 599 295 599 297 599 303 599 307 599 311 599 316 599 320 599 324 599 333 599 338 599 343 599 348 599 353 599 361 599 365 599 369 599 373 599 376 599 379 599 384 599 387 599 389 599 390 599 391 599 392 599 395 599 396 599 397 
26 2 0 1 0 1 0 234 -1 -1 0 7642 202 234 200 234 198 234 195 234 191 234 184 234 176 234 165 234 151 234 134 234 117 234 79 234 58 234 38 234 18 234 0 234 0 234 0 234 0 234 0 234 0 234 0 234 0 234 0 234 0 234 0 234 0 234 0 234 0 234 0 234 0 234 0 234 0 234 0 234 0 234 0 234 0 234 0 234 0 234 0 234 
26 2 0 1 0 1 373 31 -1 -1 1 13372 373 496 373 497 373 502 373 506 373 510 373 512 373 514 373 516 373 520 373 521 373 525 373 529 373 532 373 533 373 535 373 536 373 538 373 544 373 547 373 549 373 552 373 556 373 567 373 573 373 579 373 585 373 592 373 598 373 599 373 599 373 599 373 599 373 599 373 599 373 599 373 599 373 599 373 599 373 599 373 599 373 599 373 599 373 599 373 599 373 599 373 599 373 599 373 599 373 599 373 599 373 599 373 599 373 599 373 599 373 599 373 599 373 599 373 598 373 596 373 594 373 590 373 587 373 583 373 578 373 574 373 569 373 563 373 548 373 538 373 528 373 518 373 507 373 497 373 477 373 467 373 455 373 444 373 434 373 417 373 409 373 401 373 392 373 385 373 377 373 363 373 357 373 352 373 344 373 336 373 319 373 311 373 301 373 293 373 282 373 272 373 250 373 238 373 227 373 215 373 205 373 184 373 175 373 168 373 161 373 155 373 150 373 141 373 136 373 132 373 128 373 124 373 120 373 110 373 105 373 98 373 92 373 84 373 69 373 61 373 53 373 45 373 37 373 31 373 17 373 11 373 6 373 0 373 0 373 0 373 1 373 2 373 4 373 5 373 7 373 9 373 11 373 12 373 13 373 14 373 15 373 16 373 17 373 17 373 19 373 20 373 21 373 22 373 23 373 24 373 25 373 26 373 27 373 28 373 29 373 30 373 31 
26 2 0 1 0 1 354 331 -1 -1 1 17099 78 75 108 75 109 75 110 75 109 75 108 75 107 75 106 75 105 75 104 75 103 75 102 75 101 75 100 75 99 75 98 75 97 75 96 75 96 75 95 75 94 75 93 75 92 75 91 75 90 75 89 75 88 75 87 75 85 75 84 75 83 75 82 75 81 75 80 75 79 75 78 75 77 75 75 75 73 75 70 75 66 75 63 75 59 75 55 75 48 75 45 75 42 75 39 75 35 75 31 75 24 75 22 75 20 75 19 75 17 75 15 75 14 75 13 75 12 75 11 75 10 75 9 75 8 75 6 75 3 75 1 75 0 75 0 75 0 75 0 75 0 75 0 75 0 75 0 75 0 75 0 75 0 75 0 75 0 75 0 75 0 75 0 75 0 75 0 75 0 75 0 75 1 75 2 75 4 75 7 75 11 75 18 75 24 75 32 75 40 75 46 75 60 75 66 75 72 75 78 75 82 75 85 75 88 75 90 75 91 75 92 75 94 75 96 75 98 75 100 75 104 75 107 75 111 75 118 75 123 75 129 75 135 75 142 75 154 75 159 75 166 75 172 75 177 75 183 75 191 75 193 75 195 75 196 75 197 75 198 75 199 75 200 75 201 75 202 75 204 75 207 75 208 75 212 75 214 75 217 75 219 75 224 75 225 75 227 75 228 75 229 75 230 75 231 75 232 75 233 75 234 75 235 75 236 75 237 75 238 75 239 75 240 75 241 75 242 75 243 75 243 75 244 75 245 75 246 75 247 75 248 75 249 75 250 75 251 75 253 75 255 75 257 75 258 75 260 75 261 75 262 75 263 75 263 74 263 73 263 72 263 71 263 69 263 68 263 66 263 64 263 60 263 55 263 51 263 40 263 34 263 27 263 21 263 15 263 7 263 0 263 0 263 0 263 0 263 0 263 0 263 0 263 0 263 0 263 0 263 0 263 0 263 0 263 0 263 0 263 0 263 0 263 0 263 0 263 0 263 0 263 0 263 0 263 0 263 0 263 0 263 1 263 7 263 18 263 33 263 52 263 74 263 98 263 146 263 170 263 191 263 211 263 231 263 249 263 281 263 293 263 302 263 308 263 311 263 312 263 313 263 314 263 315 263 316 263 320 263 322 263 325 263 327 263 328 263 329 263 330 263 331 264 331 265 331 266 331 267 331 268 331 269 331 270 331 271 331 272 331 273 331 275 331 276 331 278 331 280 331 282 331 284 331 288 331 290 331 292 331 294 331 296 331 298 331 301 331 303 331 306 331 307 331 309 331 312 331 314 331 316 331 318 331 321 331 323 331 327 331 329 331 331 331 332 331 334 331 336 331 337 331 338 331 339 331 340 331 341 331 344 331 345 331 347 331 348 331 349 331 351 331 353 331 354 331 
26 2 0 1 0 1 415 20 -1 -1 1 14037 415 407 415 398 415 397 415 396 415 395 415 394 415 393 415 391 415 389 415 385 415 382 415 378 415 374 415 370 415 366 415 358 415 355 415 352 415 348 415 343 415 338 415 327 415 319 415 311 415 300 415 289 415 265 415 253 415 241 415 229 415 217 415 205 415 184 415 174 415 166 415 160 415 155 415 148 415 145 415 143 415 141 415 140 415 139 415 137 415 134 415 130 415 125 415 122 415 119 415 116 415 115 415 114 415 114 415 114 415 114 415 114 415 114 415 114 415 114 415 115 415 117 415 119 415 122 415 125 415 129 415 132 415 139 415 140 415 141 415 142 415 142 415 142 415 140 415 138 415 136 415 134 415 133 415 132 415 132 415 134 415 139 415 145 415 154 415 167 415 184 415 204 415 229 415 282 415 306 415 331 415 357 415 383 415 427 415 446 415 462 415 477 415 490 415 500 415 517 415 524 415 529 415 533 415 537 415 547 415 552 415 557 415 564 415 571 415 581 415 599 415 599 415 599 415 599 415 599 415 599 415 599 415 599 415 599 415 599 415 599 415 599 415 599 415 599 415 599 415 599 415 599 415 599 415 599 415 599 415 599 415 595 415 585 415 570 415 553 415 529 415 499 415 467 415 433 415 399 415 334 415 305 415 276 415 248 415 223 415 201 415 163 415 145 415 130 415 116 415 103 415 82 415 72 415 63 415 56 415 49 415 44 415 35 415 32 415 30 415 28 415 28 415 28 415 27 415 26 415 25 415 24 415 23 415 22 415 22 415 21 415 20 415 19 415 18 415 19 415 20 
26 2 0 1 0 1 0 149 -1 -1 0 9274 575 479 575 480 575 484 575 487 575 488 575 487 575 481 575 469 575 455 575 439 575 422 575 404 575 386 575 368 575 337 575 322 575 307 575 292 575 279 575 269 575 248 575 238 575 230 575 222 575 217 575 215 575 217 575 223 575 232 575 241 575 251 575 259 575 268 575 276 575 286 575 294 575 309 575 315 575 322 575 329 575 338 575 348 575 366 575 375 575 384 575 393 575 401 575 416 575 423 575 432 575 441 575 452 575 463 575 489 575 504 575 522 575 541 575 559 575 597 575 599 575 599 575 599 575 599 575 599 575 599 575 599 575 599 575 599 575 599 575 599 575 597 575 592 575 582 575 569 575 554 575 538 575 521 575 502 575 483 575 464 575 430 575 414 575 398 575 381 575 366 575 350 575 320 575 307 575 294 575 282 575 269 575 244 575 233 575 222 575 212 575 201 575 189 575 167 575 159 575 154 575 150 575 149 577 149 575 149 574 149 570 149 563 149 556 149 548 149 541 149 535 149 530 149 528 149 530 149 536 149 545 149 557 149 567 149 575 149 590 149 592 149 591 149 587 149 579 149 567 149 555 149 538 149 520 149 501 149 480 149 460 149 422 149 404 149 388 149 372 149 358 149 346 149 329 149 325 149 322 149 319 149 316 149 306 149 302 149 297 149 293 149 291 149 288 149 282 149 270 149 252 149 235 149 217 149 197 149 176 149 152 149 127 149 78 149 56 149 34 149 14 149 0 149 0 149 0 149 0 149 0 149 0 149 0 149 0 149 0 149 0 149 0 149 0 149 0 149 0 149 0 149 0 149 0 149 0 149 0 149 
26 2 0 1 0 1 599 134 -1 -1 1 7770 229 584 229 584 229 585 229 586 229 587 229 588 229 592 229 595 229 599 229 599 229 599 229 599 229 599 229 599 229 599 229 599 229 599 229 599 229 599 229 599 229 599 229 599 229 599 229 599 229 599 229 599 229 599 229 599 229 599 229 599 229 599 229 599 229 599 229 599 229 599 229 599 229 599 229 599 229 599 229 599 229 599 229 598 229 595 229 586 229 575 229 562 229 545 229 527 229 510 229 489 229 467 229 422 229 400 229 377 229 355 229 334 229 314 229 276 229 260 229 244 229 229 229 214 229 188 229 175 229 164 229 156 229 149 229 144 229 137 229 135 229 135 229 134 230 134 232 134 234 134 238 134 243 134 249 134 254 134 260 134 265 134 272 134 286 134 294 134 302 134 312 134 324 134 336 134 363 134 377 134 393 134 410 134 428 134 474 134 500 134 530 134 562 134 595 134 599 134 599 134 599 134 599 134 599 134 599 134 599 134 599 134 599 134 599 134 599 134 599 134 599 134 599 134 599 134 
26 2 0 1 0 1 93 216 -1 -1 0 10302 93 348 93 281 93 278 93 275 93 273 93 270 93 265 93 260 93 255 93 248 93 239 93 218 93 206 93 193 93 180 93 167 93 152 93 121 93 107 93 93 93 80 93 69 93 48 93 38 93 30 93 23 93 15 93 10 93 1 93 0 93 0 93 0 93 0 93 0 93 0 93 0 93 0 93 1 93 2 93 3 93 4 93 6 93 7 93 11 93 15 93 21 93 28 93 35 93 41 93 53 93 58 93 62 93 67 93 73 93 78 93 88 93 92 93 95 93 99 93 102 93 106 93 109 93 111 93 113 93 114 93 116 93 121 93 125 93 128 93 132 93 135 93 139 93 141 93 144 93 146 93 149 93 151 93 153 93 155 93 157 93 160 93 163 93 167 93 169 93 171 93 174 93 175 93 177 93 180 93 182 93 183 93 184 93 185 93 186 93 188 93 189 93 190 93 190 93 191 93 192 93 193 93 194 93 195 93 196 93 197 93 198 93 199 93 200 93 201 93 202 93 203 93 204 93 205 93 206 93 207 93 208 93 209 93 210 93 211 93 212 93 213 93 214 93 215 93 216 
26 2 0 1 0 1 480 579 -1 -1 0 17619 480 175 480 174 480 173 480 172 480 170 480 169 480 167 480 166 480 165 480 164 480 161 480 157 480 154 480 151 480 146 480 143 480 139 480 137 480 136 480 134 480 133 480 132 480 131 480 129 480 128 480 126 480 124 480 122 480 120 480 119 480 117 480 116 480 114 480 112 480 107 480 103 480 97 480 92 480 86 480 80 480 74 480 62 480 57 480 50 480 43 480 36 480 28 480 9 480 0 480 0 480 0 480 0 480 0 480 0 480 0 480 0 480 0 480 0 480 0 480 0 480 0 480 0 480 0 480 0 480 0 480 1 480 5 480 11 480 20 480 31 480 45 480 59 480 75 480 92 480 109 480 140 480 155 480 170 480 183 480 195 480 205 480 221 480 224 480 226 480 227 480 229 480 231 480 233 480 237 480 242 480 249 480 260 480 271 480 297 480 309 480 323 480 339 480 355 480 371 480 401 480 415 480 427 480 438 480 450 480 467 480 473 480 477 480 481 480 486 480 490 480 501 480 506 480 511 480 517 480 524 480 540 480 547 480 552 480 555 480 559 480 564 480 570 480 573 480 574 480 576 480 578 480 579 
26 2 0 1 0 1 0 572 -1 -1 1 10255 450 572 439 572 438 572 436 572 432 572 426 572 420 572 412 572 403 572 394 572 384 572 363 572 352 572 340 572 326 572 315 572 302 572 279 572 266 572 252 572 238 572 225 572 199 572 187 572 175 572 162 572 150 572 138 572 115 572 103 572 92 572 81 572 71 572 52 572 44 572 37 572 31 572 25 572 19 572 9 572 4 572 0 572 0 572 0 572 0 572 0 572 0 572 0 572 0 572 0 572 0 572 0 572 0 572 0 572 0 572 0 572 0 572 0 572 0 572 0 572 
26 2 0 1 0 1 562 599 -1 -1 0 8043 562 587 562 593 562 594 562 595 562 596 562 597 562 598 562 599 562 599 562 599 562 599 562 599 562 599 562 599 562 599 562 599 562 599 562 599 562 599 562 599 562 599 562 599 562 599 562 599 562 599 562 599 562 599 562 599 562 599 562 599 562 599 562 599 562 599 562 599 562 599 562 599 562 599 562 599 562 599 562 599 562 599 562 599 562 599 562 599 562 599 562 599 562 599 562 599 562 599 
26 2 0 1 0 1 4 198 -1 -1 0 13580 174 541 190 541 189 541 188 541 187 541 185 541 183 541 181 541 180 541 177 541 174 541 167 541 163 541 160 541 158 541 157 541 156 541 154 541 152 541 150 541 147 541 144 541 136 541 132 541 127 541 121 541 115 541 110 541 104 541 102 541 100 541 99 541 98 541 96 541 94 541 91 541 87 541 82 541 78 541 73 541 68 541 61 541 44 541 34 541 26 541 17 541 8 541 1 541 0 541 0 541 0 541 0 541 0 541 0 541 0 541 0 541 0 541 0 541 0 541 0 541 0 541 0 541 0 541 0 541 0 541 0 541 0 541 0 541 0 541 0 541 0 541 0 541 0 541 0 541 4 541 4 572 4 571 4 570 4 570 4 569 4 568 4 567 4 566 4 565 4 563 4 562 4 563 4 565 4 569 4 573 4 579 4 584 4 589 4 594 4 598 4 599 4 599 4 599 4 599 4 599 4 599 4 599 4 599 4 599 4 599 4 599 4 599 4 599 4 599 4 599 4 599 4 599 4 599 4 599 4 599 4 599 4 597 4 595 4 591 4 587 4 580 4 572 4 564 4 555 4 547 4 536 4 510 4 497 4 485 4 474 4 462 4 449 4 423 4 412 4 401 4 390 4 379 4 356 4 344 4 332 4 320 4 309 4 299 4 276 4 264 4 254 4 247 4 241 4 228 4 222 4 218 4 216 4 214 4 213 4 212 4 211 4 210 4 209 4 207 4 206 4 203 4 202 4 200 4 199 4 198 
26 2 0 1 0 1 599 227 -1 -1 1 13406 132 323 131 323 130 323 128 323 126 323 124 323 122 323 121 323 121 323 121 323 121 323 123 323 125 323 127 323 130 323 134 323 138 323 143 323 148 323 160 323 166 323 173 323 181 323 192 323 202 323 223 323 234 323 245 323 256 323 267 323 286 323 295 323 303 323 310 323 318 323 323 323 330 323 333 323 337 323 340 323 343 323 348 323 351 323 356 323 359 323 364 323 371 323 383 323 389 323 395 323 399 323 404 323 411 323 414 323 416 323 417 323 418 323 419 323 420 323 421 323 422 323 422 323 422 323 422 322 422 321 422 321 422 320 422 319 422 318 422 317 422 316 422 315 422 313 422 311 422 309 422 307 422 303 422 300 422 297 422 294 422 291 422 285 422 282 422 279 422 276 422 274 422 272 422 269 422 267 422 266 422 265 422 264 422 263 422 262 422 261 422 260 422 259 422 257 422 256 422 254 422 252 422 251 422 249 422 248 422 247 422 246 422 245 422 244 422 243 422 242 422 241 422 240 422 239 422 238 422 237 422 236 422 235 422 234 422 233 422 232 422 231 422 230 422 230 422 229 422 228 422 227 421 227 420 227 419 227 418 227 417 227 416 227 414 227 411 227 408 227 404 227 400 227 395 227 390 227 386 227 376 227 372 227 368 227 365 227 362 227 360 227 359 227 360 227 364 227 369 227 377 227 386 227 397 227 409 227 420 227 431 227 442 227 463 227 473 227 482 227 491 227 498 227 504 227 510 227 512 227 513 227 514 227 515 227 516 227 517 227 518 227 520 227 522 227 526 227 527 227 529 227 532 227 540 227 546 227 552 227 559 227 567 227 575 227 590 227 596 227 599 227 599 227 599 227 
26 2 0 1 0 1 0 207 -1 -1 0 9819 191 367 192 367 191 367 188 367 184 367 177 367 167 367 156 367 144 367 130 367 118 367 92 367 78 367 65 367 52 367 40 367 29 367 7 367 0 367 0 367 0 367 0 367 0 367 0 367 0 367 0 367 0 367 0 367 0 367 0 367 0 367 0 367 0 367 0 367 0 367 0 367 0 367 0 367 0 367 0 367 0 368 0 372 0 376 0 382 0 388 0 395 0 402 0 411 0 419 0 429 0 449 0 460 0 470 0 480 0 488 0 495 0 502 0 504 0 504 0 503 0 502 0 501 0 500 0 496 0 493 0 490 0 489 0 487 0 477 0 465 0 449 0 433 0 417 0 402 0 389 0 374 0 357 0 325 0 312 0 301 0 290 0 279 0 268 0 252 0 249 0 247 0 243 0 239 0 233 0 232 0 231 0 230 0 228 0 225 0 221 0 220 0 219 0 218 0 216 0 213 0 211 0 209 0 208 0 207 
26 2 0 1 0 2 416 83 0 6054 3 
26 2 0 1 0 2 116 516 0 2254 3 
26 2 0 1 0 2 183 516 0 1296 3 
26 2 0 1 0 2 316 50 0 2312 3 
26 2 0 1 0 2 183 549 0 1428 3 
26 2 0 1 0 2 482 83 1 995 3 
26 2 0 1 0 2 449 383 1 1514 3 
26 2 0 1 0 2 216 183 0 1243 3 
26 2 0 1 0 2 50 549 0 933 3 
26 2 0 1 0 2 83 116 0 686 3 
26 2 0 1 0 2 316 383 0 1077 3 
26 2 0 1 0 2 482 482 0 1177 3 
26 2 0 1 0 2 349 349 0 999 3 
26 2 0 1 0 2 116 283 0 935 3 
26 2 0 1 0 2 549 283 1 808 3 
26 2 0 1 0 2 183 183 0 908 3 
26 2 0 1 0 2 249 83 0 952 3 
26 2 0 1 0 2 316 416 0 849 3 
26 2 0 1 0 2 249 249 0 731 3 
26 2 0 1 0 2 216 316 0 2146 3 
26 2 0 1 0 2 283 449 0 1016 3 
26 2 0 1 0 2 449 183 1 778 3 
26 2 0 1 0 2 116 249 0 950 3 
26 2 0 1 0 2 383 383 1 1076 3 
26 2 0 1 0 2 183 416 0 798 3 
26 2 0 1 0 2 116 216 0 847 3 
26 2 0 1 0 2 416 50 1 1209 3 
26 2 0 1 0 2 183 316 0 1050 3 
26 2 0 1 0 2 416 316 1 885 3 
26 2 0 1 0 2 449 516 1 711 3 
26 2 0 1 0 2 449 149 1 703 3 
26 2 0 1 0 2 549 116 1 649 3 
26 2 0 1 0 1 0 26 -1 -1 0 11206 529 264 475 264 474 264 468 264 460 264 450 264 436 264 421 264 403 264 385 264 367 264 348 264 311 264 293 264 275 264 258 264 242 264 230 264 208 264 196 264 185 264 176 264 167 264 153 264 147 264 140 264 133 264 126 264 119 264 105 264 96 264 87 264 77 264 67 264 42 264 27 264 12 264 0 264 0 264 0 264 0 264 0 264 0 264 0 264 0 264 0 264 0 264 0 264 0 264 0 264 0 264 0 264 0 264 0 264 0 264 0 264 0 264 0 265 0 264 0 260 0 255 0 247 0 237 0 226 0 215 0 203 0 191 0 180 0 156 0 144 0 132 0 120 0 110 0 101 0 86 0 78 0 71 0 65 0 59 0 45 0 38 0 32 0 25 0 20 0 14 0 5 0 3 0 2 0 1 0 2 0 3 0 4 0 5 0 6 0 7 0 8 0 9 0 10 0 11 0 12 0 13 0 14 0 15 0 16 0 17 0 18 0 19 0 20 0 21 0 22 0 23 0 24 0 25 0 26 
26 2 0 1 0 1 599 27 -1 -1 1 6476 507 45 508 45 509 45 510 45 512 45 514 45 518 45 524 45 528 45 535 45 541 45 548 45 556 45 573 45 583 45 593 45 599 45 599 45 599 45 599 45 599 45 599 45 599 45 599 45 599 45 599 45 599 45 599 45 599 45 599 45 599 45 599 45 599 45 599 45 599 45 599 45 599 45 599 36 599 35 599 34 599 33 599 32 599 31 599 31 599 30 599 29 599 28 599 27 
26 2 0 1 0 1 1 389 -1 -1 0 9694 308 493 306 493 305 493 302 493 298 493 292 493 285 493 277 493 268 493 258 493 246 493 218 493 203 493 188 493 173 493 157 493 141 493 108 493 91 493 74 493 58 493 41 493 7 493 0 493 0 493 0 493 0 493 0 493 0 493 0 493 0 493 0 493 0 493 0 493 0 493 0 493 0 493 0 493 0 493 0 493 0 493 0 493 0 493 0 493 0 493 1 493 1 493 1 492 1 491 1 489 1 488 1 487 1 485 1 483 1 478 1 473 1 466 1 453 1 445 1 437 1 430 1 423 1 417 1 407 1 405 1 403 1 402 1 401 1 400 1 399 1 398 1 397 1 396 1 394 1 392 1 391 1 389 1 388 1 387 1 386 1 385 1 383 1 381 1 382 1 383 1 384 1 385 1 386 1 387 1 388 1 389 
26 2 0 1 0 1 599 399 -1 -1 1 7939 92 170 93 170 95 170 97 170 102 170 110 170 118 170 129 170 140 170 154 170 170 170 202 170 219 170 237 170 254 170 273 170 292 170 332 170 351 170 372 170 394 170 418 170 469 170 495 170 521 170 546 170 568 170 590 170 599 170 599 170 599 170 599 170 599 170 599 170 599 170 599 170 599 170 599 170 599 170 599 170 599 170 599 170 599 170 599 170 599 170 599 170 599 170 599 170 599 169 599 168 599 167 599 166 599 164 599 160 599 156 599 152 599 147 599 143 599 135 599 130 599 126 599 122 599 118 599 116 599 109 599 106 599 105 599 103 599 102 599 98 599 94 599 89 599 85 599 79 599 72 599 52 599 42 599 31 599 22 599 12 599 2 599 0 599 0 599 0 599 0 599 0 599 0 599 0 599 0 599 0 599 0 599 0 599 0 599 0 599 0 599 0 599 0 599 0 599 0 599 0 599 0 599 1 599 5 599 12 599 22 599 35 599 50 599 67 599 85 599 104 599 123 599 165 599 185 599 204 599 223 599 241 599 258 599 286 599 296 599 304 599 309 599 310 599 311 599 312 599 313 599 316 599 321 599 327 599 335 599 342 599 349 599 356 599 363 599 370 599 382 599 387 599 392 599 396 599 398 599 401 599 402 599 403 599 404 599 405 599 406 599 408 599 407 599 406 599 405 599 403 599 402 599 401 599 400 599 399 
26 2 0 1 0 1 237 32 -1 -1 1 11962 537 424 273 424 275 424 279 424 285 424 295 424 306 424 318 424 332 424 347 424 365 424 382 424 417 424 434 424 451 424 468 424 485 424 500 424 523 424 531 424 538 424 543 424 547 424 551 424 553 424 555 424 558 424 562 424 568 424 580 424 588 424 595 424 599 424 599 424 599 424 599 424 599 424 599 424 599 424 599 424 599 424 599 424 599 424 599 424 599 424 599 424 599 424 599 424 596 424 591 424 582 424 569 424 553 424 535 424 516 424 496 424 477 424 458 424 423 424 406 424 390 424 375 424 361 424 348 424 328 424 319 424 312 424 305 424 300 424 290 424 286 424 282 424 277 424 270 424 262 424 247 424 239 424 232 424 226 424 220 424 212 424 210 424 209 424 208 424 209 424 210 424 212 424 214 424 216 424 219 424 223 424 225 424 228 424 231 424 236 424 237 424 237 418 237 416 237 415 237 414 237 413 237 411 237 410 237 409 237 407 237 405 237 402 237 399 237 396 237 391 237 388 237 384 237 376 237 372 237 369 237 367 237 363 237 361 237 357 237 355 237 354 237 352 237 351 237 350 237 349 237 348 237 347 237 346 237 344 237 343 237 342 237 341 237 340 237 339 237 338 237 337 237 336 237 335 237 333 237 332 237 328 237 326 237 323 237 319 237 315 237 299 237 291 237 281 237 270 237 259 237 233 237 218 237 204 237 189 237 175 237 163 237 142 237 130 237 120 237 113 237 107 237 103 237 101 237 100 237 96 237 94 237 90 237 86 237 80 237 74 237 69 237 61 237 56 237 52 237 51 237 50 237 49 237 48 237 46 237 43 237 40 237 37 237 33 237 31 237 29 237 28 237 28 237 27 237 26 237 25 237 24 237 23 237 22 237 21 237 20 237 21 237 22 237 23 237 24 237 26 237 27 237 28 237 29 237 30 237 31 237 32 237 32 
26 2 0 1 0 1 274 402 -1 -1 0 7941 439 357 487 357 488 357 487 357 485 357 481 357 476 357 471 357 466 357 460 357 455 357 451 357 447 357 438 357 433 357 428 357 422 357 418 357 413 357 401 357 394 357 388 357 383 357 379 357 370 357 366 357 362 357 358 357 354 357 351 357 348 357 347 357 346 357 345 357 344 357 342 357 341 357 339 357 337 357 335 357 333 357 327 357 324 357 321 357 318 357 316 357 309 357 306 357 302 357 300 357 297 357 295 357 290 357 288 357 287 357 285 357 284 357 283 357 282 357 281 357 280 357 279 357 278 357 277 357 276 357 275 357 274 357 274 358 274 358 274 360 274 361 274 362 274 364 274 365 274 366 274 367 274 368 274 369 274 370 274 371 274 372 274 373 274 374 274 375 274 376 274 377 274 378 274 379 274 380 274 381 274 382 274 383 274 384 274 385 274 386 274 387 274 388 274 389 274 390 274 391 274 392 274 394 274 395 274 396 274 397 274 398 274 399 274 400 274 401 274 402 
26 2 0 1 0 1 294 232 -1 -1 1 7733 294 549 294 522 294 521 294 520 294 518 294 517 294 516 294 515 294 513 294 512 294 510 294 502 294 498 294 493 294 488 294 482 294 476 294 461 294 455 294 448 294 440 294 433 294 418 294 410 294 403 294 396 294 388 294 380 294 364 294 357 294 351 294 346 294 340 294 328 294 322 294 317 294 313 294 308 294 305 294 303 294 302 294 301 294 300 294 298 294 296 294 292 294 290 294 287 294 285 294 283 294 278 294 274 294 270 294 267 294 265 294 263 294 261 294 259 294 258 294 257 294 256 294 255 294 254 294 252 294 251 294 250 294 249 294 247 294 246 294 245 294 244 294 243 294 242 294 241 294 240 294 239 294 238 294 238 294 236 294 235 294 234 294 233 294 232 
26 2 0 1 0 1 380 505 -1 -1 0 8860 524 505 525 505 526 505 527 505 529 505 530 505 533 505 536 505 538 505 541 505 545 505 551 505 554 505 556 505 558 505 559 505 558 505 557 505 553 505 550 505 547 505 542 505 538 505 534 505 528 505 524 505 513 505 509 505 505 505 502 505 499 505 497 505 495 505 494 505 493 505 492 505 491 505 489 505 488 505 485 505 482 505 477 505 472 505 464 505 460 505 457 505 454 505 452 505 449 505 448 505 447 505 446 505 445 505 444 505 442 505 441 505 439 505 437 505 436 505 432 505 431 505 430 505 429 505 428 505 427 505 426 505 425 505 424 505 423 505 422 505 421 505 420 505 420 505 419 505 418 505 417 505 416 505 416 505 414 505 413 505 413 505 411 505 410 505 408 505 407 505 406 505 405 505 403 505 402 505 405 505 410 505 410 505 409 505 408 505 406 505 404 505 400 505 399 505 397 505 396 505 394 505 393 505 391 505 390 505 390 505 389 505 388 505 387 505 386 505 385 505 384 505 382 505 381 505 380 505 
26 2 0 1 0 1 7 247 -1 -1 0 9787 279 101 291 101 292 101 292 101 291 101 289 101 288 101 286 101 282 101 277 101 269 101 259 101 247 101 224 101 211 101 195 101 178 101 161 101 146 101 116 101 100 101 83 101 67 101 54 101 32 101 22 101 11 101 1 101 0 101 0 101 0 101 0 101 0 101 0 101 0 101 0 101 0 101 0 101 0 101 0 101 0 101 0 101 0 101 0 101 0 101 0 101 0 101 0 101 0 101 0 101 3 101 7 101 7 194 7 194 7 193 7 191 7 189 7 187 7 184 7 183 7 182 7 182 7 182 7 185 7 191 7 200 7 212 7 224 7 237 7 262 7 274 7 286 7 297 7 307 7 330 7 343 7 358 7 371 7 385 7 396 7 417 7 428 7 438 7 446 7 453 7 466 7 473 7 480 7 487 7 493 7 497 7 505 7 509 7 513 7 516 7 519 7 524 7 527 7 531 7 534 7 537 7 540 7 542 7 543 7 544 7 543 7 542 7 538 7 531 7 522 7 508 7 491 7 470 7 446 7 419 7 371 7 350 7 333 7 318 7 308 7 299 7 291 7 290 7 289 7 288 7 287 7 286 7 285 7 281 7 275 7 267 7 259 7 252 7 247 7 241 7 232 7 231 7 232 7 234 7 235 7 238 7 241 7 244 7 246 7 247 
26 2 0 1 0 1 356 165 -1 -1 1 23811 17 319 16 319 14 319 13 319 11 319 10 319 9 319 7 319 4 319 1 319 0 319 0 319 0 319 0 319 0 319 0 319 0 319 0 319 0 319 0 319 0 319 0 319 0 319 0 319 1 319 7 319 17 319 32 319 49 319 65 319 82 319 99 319 116 319 152 319 169 319 185 319 198 319 209 319 218 319 233 319 238 319 243 319 247 319 252 319 259 319 263 319 268 319 272 319 276 319 280 319 290 319 294 319 297 319 300 319 301 319 302 319 303 319 305 319 306 319 307 319 309 319 312 319 313 319 317 319 319 319 320 319 322 319 327 319 329 319 331 319 332 319 333 319 336 319 337 319 338 319 339 319 340 319 341 319 342 319 343 319 344 319 345 319 347 319 348 319 349 319 351 319 352 319 353 319 354 319 355 319 356 319 356 315 356 314 356 313 356 312 356 311 356 309 356 308 356 307 356 305 356 303 356 301 356 300 356 298 356 296 356 290 356 288 356 284 356 281 356 279 356 275 356 267 356 264 356 262 356 260 356 257 356 253 356 252 356 251 356 249 356 248 356 247 356 244 356 243 356 241 356 240 356 239 356 238 356 236 356 234 356 233 356 231 356 230 356 229 356 228 356 227 356 226 356 225 356 224 356 220 356 215 356 206 356 194 356 180 356 165 356 150 356 134 356 118 356 90 356 77 356 66 356 59 356 52 356 47 356 43 356 42 356 42 356 42 356 43 356 50 356 53 356 56 356 59 356 63 356 67 356 78 356 85 356 91 356 97 356 104 356 117 356 125 356 132 356 139 356 144 356 149 356 152 356 151 356 149 356 144 356 135 356 121 356 105 356 85 356 62 356 35 356 11 356 0 356 0 356 0 356 0 356 0 356 0 356 0 356 0 356 6 356 4 356 0 356 0 356 0 356 0 356 0 356 0 356 0 356 0 356 0 356 1 356 5 356 9 356 13 356 17 356 21 356 22 356 21 356 17 356 11 356 2 356 0 356 0 356 0 356 5 356 16 356 33 356 56 356 85 356 116 356 154 356 192 356 268 356 302 356 334 356 364 356 389 356 408 356 414 356 434 356 460 356 491 356 522 356 550 356 572 356 589 356 599 356 599 356 599 356 599 356 599 356 599 356 599 356 599 356 599 356 599 356 599 356 599 356 599 356 599 356 599 356 599 356 599 356 599 356 599 356 599 356 599 356 599 356 599 356 599 356 599 356 596 356 592 356 583 356 570 356 552 356 531 356 510 356 484 356 460 356 433 356 374 356 341 356 309 356 280 356 257 356 242 356 236 356 234 356 232 356 227 356 221 356 209 356 194 356 173 356 152 356 127 356 105 356 65 356 50 356 37 356 27 356 21 356 17 356 15 356 15 356 15 356 15 356 15 356 14 356 14 356 13 356 13 356 12 356 11 356 10 356 9 356 8 356 7 356 3 356 0 356 0 356 0 356 0 356 0 356 0 356 0 356 0 356 0 356 0 356 0 356 0 356 0 356 0 356 0 356 0 356 0 356 0 356 0 356 0 356 0 356 0 356 0 356 0 356 0 356 0 356 2 356 4 356 5 356 4 356 0 356 0 356 0 356 0 356 0 356 0 356 0 356 0 356 0 356 0 356 0 356 0 356 0 356 0 356 0 356 0 356 0 356 2 356 6 356 10 356 16 356 21 356 27 356 32 356 36 356 39 356 41 356 43 356 45 356 46 356 47 356 48 356 50 356 52 356 51 356 50 356 49 356 48 356 47 356 46 356 45 356 44 356 45 356 46 356 47 356 48 356 49 356 50 356 51 356 52 356 53 356 54 356 55 356 56 356 58 356 60 356 61 356 62 356 63 356 64 356 66 356 67 356 69 356 70 356 71 356 73 356 74 356 75 356 77 356 78 356 79 356 79 356 81 356 82 356 83 356 84 356 85 356 86 356 87 356 88 356 89 356 90 356 91 356 92 356 93 356 94 356 95 356 96 356 97 356 98 356 100 356 101 356 102 356 104 356 105 356 107 356 110 356 111 356 113 356 114 356 115 356 117 356 120 356 122 356 123 356 124 356 125 356 127 356 128 356 129 356 130 356 131 356 133 356 135 356 136 356 137 356 138 356 139 356 141 356 143 356 144 356 146 356 147 356 151 356 153 356 154 356 156 356 157 356 158 356 159 356 160 356 161 356 162 356 163 356 164 356 165 
26 2 0 1 0 1 380 502 -1 -1 0 9962 87 412 75 412 73 412 69 412 64 412 58 412 51 412 43 412 32 412 22 412 12 412 0 412 0 412 0 412 0 412 0 412 0 412 0 412 0 412 0 412 3 412 11 412 21 412 36 412 53 412 71 412 89 412 108 412 126 412 164 412 181 412 198 412 213 412 225 412 238 412 259 412 266 412 273 412 279 412 284 412 295 412 299 412 303 412 307 412 311 412 314 412 321 412 326 412 330 412 334 412 338 412 343 412 345 412 347 412 348 412 350 412 351 412 352 412 353 412 354 412 355 412 356 412 357 412 358 412 359 412 360 412 361 412 362 412 363 412 364 412 365 412 366 412 367 412 368 412 369 412 370 412 371 412 373 412 374 412 375 412 376 412 378 412 379 412 380 412 381 412 382 412 382 412 382 412 380 412 380 561 380 557 380 553 380 547 380 540 380 534 380 528 380 522 380 518 380 514 380 511 380 511 380 512 380 514 380 515 380 518 380 520 380 523 380 527 380 531 380 535 380 542 380 544 380 545 380 545 380 544 380 542 380 541 380 537 380 533 380 528 380 524 380 522 380 520 380 518 380 517 380 516 380 515 380 514 380 513 380 512 380 511 380 510 380 508 380 506 380 504 380 503 380 502 
26 2 0 1 0 1 595 516 -1 -1 1 7397 439 189 446 189 440 189 432 189 423 189 414 189 403 189 391 189 376 189 362 189 349 189 324 189 312 189 299 189 285 189 269 189 254 189 227 189 218 189 210 189 207 189 210 189 220 189 235 189 259 189 288 189 322 189 358 189 396 189 437 189 476 189 553 189 587 189 599 189 599 189 599 189 599 189 599 189 599 189 599 189 596 189 586 189 585 189 588 189 597 189 599 189 599 189 599 189 599 189 599 189 599 189 599 189 599 189 599 189 599 189 599 189 599 189 599 189 599 189 599 189 599 189 599 189 599 189 599 189 599 189 599 189 599 189 599 189 599 189 597 189 595 189 595 181 595 182 595 183 595 184 595 185 595 186 595 187 595 189 595 193 595 196 595 198 595 202 595 206 595 210 595 215 595 221 595 233 595 240 595 246 595 254 595 263 595 273 595 294 595 305 595 315 595 327 595 339 595 362 595 374 595 385 595 396 595 406 595 417 595 438 595 447 595 455 595 463 595 471 595 486 595 493 595 499 595 504 595 507 595 510 595 513 595 515 595 516 595 517 595 518 595 519 595 516 
26 2 0 1 0 1 0 209 -1 -1 0 6379 306 209 287 209 284 209 279 209 273 209 264 209 254 209 243 209 232 209 221 209 210 209 184 209 168 209 152 209 135 209 117 209 98 209 60 209 40 209 20 209 0 209 0 209 0 209 0 209 0 209 0 209 0 209 0 209 0 209 0 209 0 209 0 209 0 209 0 209 0 209 
26 2 0 1 0 1 283 459 -1 -1 0 6429 383 459 568 459 567 459 566 459 565 459 564 459 563 459 561 459 559 459 555 459 551 459 547 459 543 459 539 459 533 459 532 459 531 459 530 459 529 459 528 459 527 459 526 459 524 459 522 459 518 459 514 459 511 459 508 459 507 459 504 459 502 459 497 459 495 459 492 459 490 459 486 459 483 459 476 459 473 459 469 459 465 459 462 459 454 459 450 459 448 459 444 459 441 459 438 459 432 459 429 459 425 459 422 459 418 459 408 459 402 459 396 459 390 459 384 459 373 459 367 459 360 459 353 459 346 459 338 459 324 459 318 459 311 459 306 459 301 459 297 459 289 459 286 459 285 459 283 459 
26 2 0 1 0 1 77 599 -1 -1 0 4790 77 419 77 432 77 437 77 441 77 446 77 451 77 458 77 467 77 477 77 488 77 500 77 526 77 539 77 551 77 562 77 572 77 579 77 589 77 593 77 596 77 597 77 599 77 599 77 599 77 599 77 599 77 599 77 599 77 599 
26 2 0 1 0 1 59 109 -1 -1 0 6317 59 123 59 118 59 117 59 116 59 115 59 114 59 113 59 112 59 112 59 110 59 109 
26 2 0 1 0 2 149 50 0 6631 3 
26 2 0 1 0 2 183 50 0 2321 3 
26 2 0 1 0 2 249 349 0 4814 3 
26 2 0 1 0 2 183 116 0 3173 3 
26 2 0 1 0 2 383 183 1 2211 3 
26 2 0 1 0 2 349 116 1 1603 3 
26 2 0 1 0 2 216 482 0 2257 3 
26 2 0 1 0 2 416 516 0 1866 3 
26 2 0 1 0 2 449 549 0 1090 3 
26 2 0 1 0 2 416 449 0 1117 3 
26 2 0 1 0 2 149 316 0 1425 3 
26 2 0 1 0 2 516 183 1 1770 3 
26 2 0 1 0 2 482 249 1 1578 3 
26 2 0 1 0 2 283 249 1 2636 3 
26 2 0 1 0 2 249 149 0 4120 3 
26 2 0 1 0 2 516 549 1 1712 3 
26 2 0 1 0 2 216 416 0 2211 3 
26 2 0 1 0 2 216 50 0 1562 3 
26 2 0 1 0 2 316 216 1 1358 3 
26 2 0 1 0 2 50 316 0 1208 3 
26 2 0 1 0 2 149 516 0 1017 3 
26 2 0 1 0 2 416 216 1 1426 3 
26 2 0 1 0 2 383 216 1 892 3 
26 2 0 1 0 2 516 482 0 1631 3 
26 2 0 1 0 2 283 116 1 2855 3 
26 2 0 1 0 2 50 482 0 1311 3 
26 2 0 1 0 2 316 316 1 4310 3 
26 2 0 1 0 2 249 516 0 1279 3 
26 2 0 1 0 2 482 516 0 1561 3 
26 2 0 1 0 2 50 249 0 1163 3 
26 2 0 1 0 2 316 349 1 4415 3 
26 2 0 1 0 2 416 183 1 927 3 
26 2 0 1 0 1 0 27 -1 -1 0 10255 289 546 293 546 303 546 317 546 335 546 354 546 372 546 388 546 401 546 412 546 424 546 451 546 466 546 481 546 494 546 505 546 513 546 516 546 513 546 509 546 498 546 481 546 459 546 428 546 390 546 345 546 301 546 252 546 127 546 54 546 0 546 0 546 0 546 0 546 0 546 0 546 0 546 0 546 0 546 0 546 0 546 0 546 0 546 0 546 0 546 0 546 0 546 0 546 0 546 0 558 0 556 0 550 0 543 0 535 0 524 0 512 0 499 0 487 0 475 0 449 0 434 0 419 0 405 0 392 0 377 0 349 0 334 0 318 0 302 0 284 0 250 0 233 0 216 0 198 0 179 0 159 0 118 0 98 0 82 0 70 0 66 0 64 0 62 0 58 0 53 0 48 0 41 0 32 0 25 0 18 0 14 0 5 0 0 0 0 0 0 0 0 0 0 0 0 0 0 0 0 0 1 0 2 0 4 0 6 0 8 0 10 0 11 0 12 0 13 0 13 0 14 0 15 0 16 0 17 0 18 0 19 0 20 0 21 0 22 0 23 0 24 0 25 0 26 0 27 0 27 
26 2 0 1 0 1 599 10 -1 -1 1 5379 394 401 390 401 389 401 387 401 384 401 378 401 370 401 359 401 345 401 328 401 308 401 265 401 241 401 218 401 197 401 177 401 163 401 153 401 154 401 158 401 168 401 190 401 262 401 314 401 374 401 442 401 508 401 577 401 599 401 599 401 599 401 599 401 599 401 599 401 599 401 599 401 599 401 599 401 599 401 599 401 599 401 599 401 599 401 599 401 599 387 599 383 599 377 599 371 599 364 599 357 599 350 599 342 599 335 599 326 599 307 599 296 599 286 599 275 599 263 599 252 599 228 599 217 599 204 599 193 599 181 599 155 599 141 599 125 599 108 599 92 599 77 599 53 599 43 599 35 599 29 599 24 599 17 599 16 599 14 599 13 599 12 599 11 599 10 
26 2 0 1 0 1 0 391 -1 -1 0 7501 242 208 241 208 238 208 233 208 225 208 217 208 207 208 196 208 184 208 172 208 160 208 143 208 144 208 148 208 153 208 159 208 158 208 156 208 150 208 142 208 129 208 113 208 94 208 70 208 41 208 12 208 0 208 0 208 0 208 2 208 0 208 0 208 0 208 0 208 0 208 0 208 0 208 0 208 0 208 0 208 0 208 0 208 0 208 0 208 0 208 0 208 0 208 0 208 0 209 0 210 0 212 0 213 0 215 0 218 0 221 0 225 0 229 0 235 0 248 0 256 0 263 0 271 0 279 0 287 0 300 0 306 0 310 0 314 0 317 0 322 0 324 0 327 0 330 0 335 0 339 0 349 0 355 0 360 0 364 0 368 0 377 0 380 0 382 0 385 0 386 0 388 0 391 0 394 0 396 0 397 0 398 0 399 0 399 0 401 0 402 0 401 0 400 0 399 0 398 0 396 0 395 0 395 0 393 0 392 0 391 
26 2 0 1 0 1 594 412 -1 -1 1 6341 393 102 368 102 367 102 366 102 365 102 363 102 360 102 356 102 351 102 346 102 337 102 326 102 313 102 279 102 259 102 237 102 214 102 190 102 166 102 127 102 116 102 111 102 111 102 115 102 127 102 146 102 171 102 205 102 250 102 312 102 466 102 553 102 599 102 599 102 599 102 599 102 599 102 599 102 599 102 599 102 599 102 598 102 597 102 596 102 595 102 594 102 594 94 594 89 594 81 594 72 594 60 594 46 594 31 594 15 594 0 594 0 594 0 594 0 594 0 594 0 594 0 594 0 594 0 594 0 594 0 594 0 594 0 594 0 594 0 594 0 594 0 594 0 594 0 594 0 594 0 594 0 594 0 594 5 594 18 594 37 594 59 594 83 594 111 594 141 594 171 594 201 594 249 594 269 594 287 594 304 594 318 594 329 594 346 594 351 594 355 594 357 594 359 594 362 594 363 594 365 594 366 594 367 594 369 594 372 594 373 594 374 594 376 594 377 594 380 594 382 594 383 594 384 594 385 594 387 594 388 594 392 594 396 594 399 594 402 594 408 594 411 594 412 
26 2 0 1 0 1 312 35 -1 -1 1 15357 338 501 308 501 307 501 306 501 305 501 304 501 302 501 300 501 298 501 297 501 296 501 295 501 296 501 298 501 301 501 306 501 310 501 314 501 316 501 318 501 319 501 318 501 316 501 315 501 314 501 313 501 313 501 312 501 312 502 312 504 312 506 312 509 312 513 312 518 312 523 312 528 312 532 312 537 312 545 312 547 312 550 312 552 312 554 312 556 312 558 312 559 312 561 312 562 312 564 312 571 312 575 312 580 312 586 312 593 312 599 312 599 312 599 312 599 312 599 312 599 312 599 312 599 312 599 312 599 312 599 312 599 312 599 312 599 312 599 312 599 312 599 312 599 312 599 312 599 312 599 312 599 312 598 312 593 312 584 312 573 312 558 312 541 312 522 312 503 312 485 312 468 312 439 312 425 312 414 312 404 312 397 312 384 312 379 312 375 312 370 312 365 312 359 312 351 312 346 312 344 312 342 312 341 312 340 312 339 312 338 312 337 312 335 312 333 312 325 312 321 312 317 312 313 312 310 312 309 312 308 312 307 312 306 312 305 312 303 312 300 312 294 312 288 312 282 312 277 312 273 312 270 312 267 312 266 312 265 312 264 312 263 312 260 312 248 312 239 312 228 312 216 312 204 312 178 312 168 312 159 312 152 312 146 312 141 312 130 312 124 312 119 312 111 312 102 312 90 312 67 312 55 312 43 312 31 312 21 312 2 312 0 312 0 312 0 312 0 312 0 312 0 312 0 312 1 312 3 312 7 312 9 312 12 312 15 312 17 312 19 312 20 312 21 312 22 312 23 312 24 312 25 312 26 312 27 312 28 312 29 312 30 312 32 312 33 312 34 312 35 
26 2 0 1 0 1 515 29 -1 -1 1 3971 515 150 515 147 515 146 515 144 515 142 515 137 515 132 515 126 515 120 515 115 515 109 515 96 515 90 515 84 515 80 515 76 515 70 515 59 515 54 515 50 515 47 515 45 515 43 515 42 515 41 515 39 515 38 515 36 515 34 515 32 515 31 515 30 515 29 
26 2 0 1 0 1 502 403 -1 -1 1 4990 502 91 502 98 502 99 502 102 502 107 502 110 502 113 502 114 502 115 502 116 502 117 502 119 502 120 502 122 502 125 502 129 502 132 502 134 502 137 502 140 502 146 502 153 502 167 502 175 502 183 502 197 502 211 502 224 502 248 502 263 502 280 502 296 502 308 502 326 502 330 502 332 502 333 502 334 502 335 502 336 502 338 502 339 502 341 502 344 502 347 502 351 502 358 502 364 502 370 502 372 502 374 502 375 502 376 502 378 502 381 502 386 502 390 502 394 502 396 502 398 502 399 502 400 502 401 502 402 502 403 
26 2 0 1 0 1 242 67 -1 -1 1 9514 231 67 227 67 225 67 224 67 224 67 222 67 221 67 219 67 217 67 215 67 211 67 207 67 202 67 199 67 191 67 187 67 181 67 175 67 168 67 154 67 145 67 135 67 125 67 114 67 103 67 79 67 66 67 52 67 40 67 28 67 17 67 0 67 0 67 0 67 0 67 0 67 0 67 1 67 5 67 9 67 16 67 27 67 39 67 53 67 66 67 79 67 89 67 106 67 113 67 120 67 126 67 130 67 134 67 136 67 140 67 144 67 148 67 153 67 161 67 163 67 166 67 167 67 168 67 169 67 171 67 173 67 174 67 176 67 177 67 183 67 186 67 189 67 192 67 195 67 199 67 204 67 206 67 208 67 209 67 211 67 213 67 216 67 218 67 220 67 221 67 223 67 224 67 225 67 227 67 228 67 229 67 230 67 234 67 236 67 238 67 239 67 240 67 241 67 242 67 
26 2 0 1 0 1 330 529 -1 -1 0 5029 330 241 330 241 330 244 330 247 330 251 330 255 330 261 330 270 330 281 330 295 330 311 330 341 330 357 330 370 330 383 330 392 330 402 330 420 330 428 330 435 330 443 330 453 330 470 330 479 330 487 330 496 330 504 330 512 330 521 330 525 330 526 330 529 330 529 
26 2 0 1 0 1 517 529 -1 -1 0 4750 517 281 517 94 517 96 517 100 517 106 517 113 517 122 517 132 517 142 517 151 517 160 517 176 517 182 517 188 517 195 517 202 517 208 517 217 517 219 517 220 517 221 517 222 517 223 517 226 517 229 517 236 517 243 517 249 517 255 517 258 517 260 517 262 517 264 517 264 517 265 517 266 517 268 517 272 517 276 517 282 517 290 517 298 517 320 517 331 517 342 517 352 517 364 517 375 517 398 517 408 517 419 517 431 517 441 517 462 517 471 517 481 517 488 517 494 517 499 517 509 517 512 517 514 517 516 517 517 517 518 517 519 517 520 517 521 517 522 517 524 517 527 517 528 517 529 
26 2 0 1 0 1 282 522 -1 -1 0 4230 282 12 282 0 282 6 282 15 282 26 282 40 282 56 282 71 282 86 282 102 282 119 282 153 282 169 282 184 282 199 282 214 282 230 282 261 282 273 282 285 282 299 282 314 282 341 282 355 282 368 282 382 282 395 282 407 282 433 282 444 282 454 282 464 282 471 282 485 282 490 282 494 282 497 282 500 282 503 282 508 282 509 282 511 282 513 282 514 282 515 282 516 282 518 282 520 282 522 
26 2 0 1 0 1 283 262 -1 -1 1 10502 283 264 283 284 283 283 283 281 283 280 283 279 283 278 283 277 283 278 283 279 283 280 283 281 283 282 283 283 283 284 283 285 283 284 283 283 283 280 283 278 283 277 283 275 283 273 283 272 283 271 283 270 283 269 283 268 283 267 283 266 283 266 283 264 283 263 283 262 
26 2 0 1 0 1 134 162 -1 -1 0 4668 134 140 134 138 134 137 134 136 134 135 134 133 134 132 134 131 134 129 134 127 134 125 134 121 134 119 134 117 134 116 134 114 134 113 134 112 134 111 134 110 134 109 134 108 134 107 134 106 134 105 134 106 134 108 134 112 134 115 134 118 134 121 134 127 134 134 134 143 134 150 134 159 134 162 
26 2 0 1 0 1 599 493 -1 -1 1 7532 242 443 236 443 235 443 234 443 233 443 232 443 230 443 229 443 227 443 223 443 218 443 213 443 205 443 202 443 200 443 197 443 196 443 195 443 191 443 187 443 182 443 176 443 172 443 171 443 172 443 179 443 192 443 210 443 229 443 248 443 267 443 285 443 305 443 323 443 348 443 358 443 363 443 368 443 372 443 374 443 375 443 376 443 377 443 380 443 382 443 385 443 390 443 394 443 398 443 403 443 413 443 418 443 423 443 427 443 431 443 434 443 445 443 450 443 456 443 461 443 467 443 479 443 485 443 490 443 493 443 495 443 497 443 498 443 499 443 500 443 501 443 502 443 503 443 505 443 506 443 508 443 512 443 515 443 518 443 522 443 526 443 535 443 539 443 544 443 548 443 553 443 558 443 571 443 577 443 583 443 588 443 595 443 599 443 599 443 599 443 599 443 599 443 599 443 599 443 599 443 599 443 599 443 599 443 599 443 599 443 599 443 599 443 599 443 599 443 599 443 599 443 599 443 599 443 599 443 599 443 599 441 599 440 599 439 599 438 599 437 599 436 599 435 599 434 599 433 599 432 599 430 599 429 599 428 599 427 599 428 599 430 599 435 599 442 599 450 599 458 599 466 599 475 599 482 599 486 599 490 599 492 599 493 
26 2 0 1 0 1 448 147 -1 -1 1 8292 448 202 448 84 448 85 448 86 448 87 448 88 448 89 448 90 448 92 448 93 448 96 448 98 448 97 448 96 448 95 448 94 448 93 448 91 448 90 448 89 448 89 448 89 448 89 448 90 448 94 448 97 448 101 448 105 448 108 448 111 448 113 448 115 448 117 448 119 448 121 448 123 448 126 448 127 448 127 448 127 448 127 448 128 448 132 448 134 448 136 448 138 448 142 448 144 448 146 448 147 
26 2 0 1 0 1 103 552 -1 -1 0 4798 103 2 103 0 103 6 103 17 103 31 103 48 103 68 103 95 103 124 103 154 103 183 103 246 103 277 103 308 103 337 103 362 103 383 103 420 103 435 103 448 103 459 103 467 103 480 103 485 103 491 103 494 103 499 103 503 103 513 103 517 103 520 103 524 103 528 103 536 103 538 103 540 103 542 103 544 103 546 103 548 103 549 103 550 103 550 103 551 103 551 103 552 
26 2 0 1 0 2 216 383 0 4443 3 
26 2 0 1 0 2 316 516 0 1463 3 
26 2 0 1 0 2 482 183 1 1399 3 
26 2 0 1 0 2 516 283 1 1615 3 
26 2 0 1 0 2 283 183 1 1179 3 
26 2 0 1 0 2 216 549 0 959 3 
26 2 0 1 0 2 316 549 0 972 3 
26 2 0 1 0 2 183 216 0 3647 3 
26 2 0 1 0 2 116 149 0 1234 3 
26 2 0 1 0 2 83 416 0 1524 3 
26 2 0 1 0 2 316 249 1 1301 3 
26 2 0 1 0 2 349 416 0 967 3 
26 2 0 1 0 2 416 149 1 764 3 
26 2 0 1 0 2 416 416 0 711 3 
26 2 0 1 0 2 516 50 1 2185 3 
26 2 0 1 0 2 116 83 0 1945 3 
26 2 0 1 0 2 482 116 1 1120 3 
26 2 0 1 0 2 549 216 1 936 3 
26 2 0 1 0 2 383 549 0 912 3 
26 2 0 1 0 2 83 482 0 871 3 
26 2 0 1 0 2 482 316 1 997 3 
26 2 0 1 0 2 416 116 1 792 3 
26 2 0 1 0 2 283 50 1 1364 3 
26 2 0 1 0 2 50 449 0 974 3 
26 2 0 1 0 2 482 449 0 1341 3 
26 2 0 1 0 2 83 549 0 1021 3 
26 2 0 1 0 2 83 316 0 1110 3 
26 2 0 1 0 2 183 283 1 2700 3 
26 2 0 1 0 2 249 116 1 884 3 
26 2 0 1 0 2 83 516 0 831 3 
26 2 0 1 0 2 249 283 1 2173 3 
26 2 0 1 0 2 449 349 1 879 3 
26 2 0 1 0 1 148 77 -1 -1 1 9231 477 77 477 77 475 77 472 77 470 77 466 77 462 77 457 77 451 77 445 77 438 77 422 77 412 77 402 77 391 77 381 77 370 77 349 77 339 77 327 77 315 77 304 77 281 77 270 77 259 77 247 77 236 77 226 77 205 77 196 77 187 77 179 77 171 77 154 77 145 77 136 77 127 77 118 77 110 77 93 77 83 77 74 77 64 77 54 77 32 77 18 77 5 77 0 77 0 77 0 77 0 77 0 77 0 77 0 77 0 77 0 77 0 77 0 77 0 77 0 77 0 77 0 77 0 77 0 77 0 77 0 77 0 77 0 77 0 77 0 77 1 77 3 77 5 77 9 77 13 77 18 77 23 77 28 77 35 77 40 77 47 77 54 77 67 77 73 77 78 77 85 77 90 77 100 77 105 77 110 77 113 77 117 77 120 77 127 77 129 77 131 77 133 77 135 77 136 77 139 77 140 77 141 77 142 77 143 77 144 77 145 77 146 77 147 77 148 77 
26 2 0 1 0 1 351 300 -1 -1 1 9757 351 325 351 326 351 328 351 329 351 331 351 331 351 332 351 333 351 334 351 335 351 336 351 337 351 338 351 339 351 340 351 341 351 343 351 345 351 347 351 350 351 353 351 357 351 367 351 371 351 375 351 380 351 385 351 398 351 405 351 411 351 418 351 424 351 431 351 443 351 449 351 454 351 459 351 463 351 471 351 474 351 478 351 481 351 484 351 486 351 493 351 496 351 499 351 501 351 502 351 503 351 502 351 501 351 500 351 498 351 494 351 491 351 487 351 484 351 480 351 474 351 468 351 460 351 455 351 451 351 449 351 448 351 446 351 441 351 438 351 432 351 426 351 419 351 402 351 393 351 384 351 376 351 369 351 363 351 352 351 347 351 343 351 340 351 336 351 334 351 332 351 331 351 329 351 328 351 327 351 326 351 325 351 324 351 323 351 321 351 318 351 314 351 311 351 308 351 306 351 303 351 302 351 301 351 300 
26 2 0 1 0 1 185 85 -1 -1 1 11315 341 23 340 23 339 23 338 23 337 23 336 23 334 23 333 23 331 23 329 23 327 23 324 23 321 23 317 23 314 23 302 23 295 23 288 23 284 23 279 23 276 23 271 23 268 23 266 23 264 23 263 23 260 23 258 23 256 23 254 23 252 23 251 23 247 23 244 23 241 23 237 23 234 23 232 23 226 23 223 23 221 23 218 23 214 23 208 23 205 23 203 23 200 23 197 23 195 23 191 23 189 23 188 23 187 23 187 23 185 23 185 24 185 25 185 27 185 28 185 29 185 31 185 32 185 33 185 35 185 37 185 39 185 41 185 43 185 44 185 45 185 46 185 47 185 48 185 49 185 50 185 52 185 53 185 56 185 60 185 64 185 68 185 77 185 80 185 82 185 83 185 84 185 85 
26 2 0 1 0 1 145 95 -1 -1 1 6252 292 39 291 39 290 39 288 39 286 39 284 39 281 39 278 39 276 39 274 39 273 39 273 39 270 39 265 39 263 39 261 39 259 39 257 39 255 39 252 39 251 39 249 39 248 39 246 39 241 39 238 39 236 39 234 39 231 39 228 39 220 39 218 39 215 39 212 39 210 39 203 39 199 39 196 39 193 39 192 39 190 39 186 39 185 39 183 39 182 39 180 39 177 39 176 39 176 39 174 39 172 39 169 39 162 39 159 39 156 39 154 39 151 39 149 39 147 39 145 39 145 39 145 42 145 43 145 44 145 46 145 47 145 51 145 53 145 55 145 58 145 60 145 62 145 65 145 68 145 71 145 72 145 73 145 74 145 76 145 77 145 79 145 81 145 82 145 84 145 85 145 89 145 90 145 91 145 92 145 93 145 94 145 95 
26 2 0 1 0 1 0 272 -1 -1 0 5373 196 272 209 272 208 272 208 272 207 272 206 272 205 272 204 272 203 272 203 272 201 272 200 272 199 272 198 272 196 272 194 272 192 272 191 272 190 272 188 272 182 272 179 272 176 272 173 272 169 272 161 272 157 272 152 272 147 272 141 272 136 272 123 272 117 272 110 272 104 272 99 272 89 272 84 272 79 272 73 272 67 272 62 272 54 272 50 272 44 272 38 272 34 272 24 272 18 272 12 272 6 272 1 272 0 272 0 272 0 272 0 272 0 272 0 272 0 272 0 272 0 272 0 272 0 272 0 272 0 272 0 272 0 272 0 272 0 272 0 272 0 272 0 272 0 272 0 272 0 272 0 272 
26 2 0 1 0 1 37 140 -1 -1 0 6014 585 140 587 140 585 140 581 140 576 140 570 140 562 140 550 140 534 140 519 140 504 140 473 140 458 140 451 140 446 140 438 140 427 140 411 140 386 140 353 140 316 140 273 140 232 140 189 140 118 140 88 140 62 140 40 140 23 140 0 140 0 140 0 140 0 140 0 140 0 140 0 140 0 140 0 140 0 140 0 140 0 140 0 140 0 140 0 140 0 140 0 140 0 140 0 140 0 140 0 140 1 140 2 140 3 140 4 140 4 140 5 140 6 140 7 140 8 140 9 140 10 140 11 140 12 140 13 140 14 140 14 140 16 140 17 140 17 140 19 140 20 140 22 140 23 140 24 140 25 140 25 140 26 140 27 140 27 140 28 140 30 140 31 140 32 140 33 140 34 140 35 140 36 140 37 140 37 140 
26 2 0 1 0 1 599 578 -1 -1 1 4645 301 578 303 578 304 578 305 578 306 578 307 578 307 578 308 578 308 578 310 578 311 578 312 578 313 578 314 578 316 578 318 578 320 578 321 578 324 578 327 578 335 578 341 578 347 578 354 578 362 578 378 578 386 578 396 578 407 578 418 578 430 578 455 578 468 578 481 578 494 578 508 578 534 578 547 578 561 578 575 578 588 578 599 578 599 578 599 578 599 578 599 578 599 578 599 578 599 578 599 578 599 578 599 578 599 578 599 578 599 578 599 578 599 578 599 578 599 578 599 578 
26 2 0 1 0 1 367 539 -1 -1 0 4004 484 539 469 539 469 539 468 539 466 539 466 539 464 539 463 539 462 539 460 539 458 539 455 539 450 539 449 539 447 539 445 539 443 539 442 539 439 539 437 539 436 539 434 539 432 539 428 539 426 539 423 539 421 539 419 539 416 539 411 539 409 539 407 539 404 539 402 539 398 539 397 539 395 539 394 539 391 539 389 539 385 539 383 539 380 539 377 539 374 539 372 539 369 539 369 539 367 539 
26 2 0 1 0 1 116 187 -1 -1 0 17189 388 75 410 75 411 75 413 75 417 75 422 75 428 75 435 75 442 75 451 75 461 75 482 75 492 75 503 75 515 75 526 75 537 75 561 75 572 75 582 75 590 75 596 75 599 75 599 75 599 75 597 75 595 75 591 75 586 75 580 75 573 75 565 75 556 75 547 75 530 75 521 75 511 75 501 75 490 75 480 75 463 75 454 75 445 75 435 75 429 75 419 75 414 75 408 75 403 75 399 75 397 75 394 75 393 75 393 101 393 103 393 107 393 114 393 124 393 136 393 151 393 167 393 185 393 202 393 234 393 249 393 264 393 277 393 287 393 295 393 309 393 314 393 318 393 323 393 328 393 341 393 352 393 363 393 375 393 387 393 397 393 408 393 409 393 408 393 407 393 406 393 405 393 403 393 402 393 400 393 399 393 398 393 397 393 396 393 395 393 393 393 391 393 390 393 389 393 388 393 387 393 386 393 385 393 383 393 378 393 369 393 354 393 336 393 315 393 293 393 270 393 247 393 212 393 200 393 191 393 183 393 176 393 169 393 159 393 155 393 152 393 149 393 145 393 135 393 128 393 118 393 109 393 99 393 89 393 73 393 67 393 61 393 58 393 55 393 56 393 57 393 57 393 58 393 60 393 63 393 69 393 74 393 80 393 85 393 91 393 106 393 114 393 120 393 125 393 130 393 133 393 143 393 148 393 151 393 154 393 156 393 162 393 165 393 169 393 170 393 171 393 173 393 177 393 180 393 182 393 184 393 185 393 186 393 187 393 187 393 187 392 187 392 187 390 187 389 187 388 187 387 187 385 187 383 187 380 187 377 187 374 187 370 187 365 187 356 187 350 187 344 187 339 187 334 187 331 187 325 187 321 187 317 187 313 187 309 187 301 187 296 187 289 187 280 187 269 187 257 187 238 187 229 187 219 187 207 187 196 187 175 187 165 187 155 187 146 187 137 187 129 187 112 187 104 187 96 187 89 187 82 187 65 187 55 187 47 187 40 187 31 187 24 187 10 187 3 187 0 187 0 187 0 187 0 187 0 187 0 187 0 187 0 187 0 187 0 187 0 187 0 187 0 187 0 187 0 187 0 187 0 187 0 187 0 187 1 187 3 187 5 187 10 187 15 187 23 187 33 187 44 187 54 187 62 187 72 187 77 187 83 187 88 187 94 187 97 187 103 187 105 187 107 187 108 187 110 187 113 187 114 187 116 187 116 187 
26 2 0 1 0 1 57 210 -1 -1 0 5381 55 421 55 412 55 410 55 404 55 396 55 386 55 376 55 365 55 353 55 339 55 326 55 300 55 287 55 276 55 263 55 251 55 240 55 223 55 219 55 217 55 216 55 215 55 211 55 210 56 210 57 210 
26 2 0 1 0 1 271 328 -1 -1 0 5252 529 328 528 328 527 328 525 328 522 328 519 328 516 328 513 328 510 328 505 328 501 328 489 328 482 328 474 328 466 328 458 328 450 328 431 328 421 328 411 328 403 328 394 328 380 328 373 328 368 328 362 328 357 328 350 328 337 328 332 328 327 328 324 328 320 328 315 328 313 328 309 328 307 328 305 328 303 328 299 328 297 328 295 328 291 328 289 328 282 328 279 328 276 328 273 328 272 328 271 328 
26 2 0 1 0 1 307 248 -1 -1 1 8867 104 514 107 514 107 514 108 514 109 514 109 514 110 514 111 514 113 514 116 514 122 514 129 514 137 514 144 514 159 514 167 514 176 514 184 514 192 514 199 514 210 514 214 514 219 514 222 514 225 514 229 514 230 514 231 514 232 514 233 514 235 514 236 514 238 514 240 514 242 514 244 514 245 514 247 514 248 514 249 514 250 514 251 514 252 514 253 514 254 514 256 514 257 514 258 514 258 515 258 516 258 517 258 520 258 526 258 531 258 537 258 543 258 551 258 560 258 571 258 596 258 599 258 599 258 599 258 599 258 599 258 599 258 599 258 599 258 599 258 599 258 599 258 599 258 599 258 599 258 599 258 599 258 599 258 599 258 599 258 599 258 599 258 599 258 598 258 592 258 583 258 573 258 561 258 530 258 510 258 488 258 461 258 430 258 367 258 336 258 308 258 283 258 259 258 237 258 199 258 186 258 177 258 171 258 167 258 166 258 167 258 171 258 176 258 182 258 189 258 196 258 205 258 213 258 220 258 226 258 238 258 243 258 246 258 247 258 248 260 248 260 248 261 248 262 248 263 248 264 248 264 248 266 248 267 248 268 248 269 248 270 248 271 248 273 248 275 248 277 248 281 248 282 248 284 248 286 248 291 248 293 248 295 248 297 248 299 248 301 248 304 248 305 248 306 248 307 248 307 248 
26 2 0 1 0 1 157 285 -1 -1 0 6124 297 551 296 551 295 551 293 551 290 551 285 551 279 551 273 551 268 551 263 551 260 551 251 551 244 551 237 551 231 551 227 551 222 551 213 551 208 551 201 551 194 551 188 551 175 551 169 551 164 551 161 551 159 551 158 551 157 551 157 551 157 553 157 556 157 561 157 566 157 570 157 574 157 577 157 581 157 587 157 599 157 599 157 599 157 599 157 599 157 599 157 599 157 599 157 599 157 599 157 599 157 599 157 599 157 599 157 599 157 599 157 599 157 599 157 599 157 599 157 599 157 599 157 599 157 599 157 599 157 599 157 599 157 597 157 593 157 584 157 573 157 559 157 543 157 526 157 506 157 485 157 464 157 418 157 397 157 377 157 359 157 344 157 320 157 311 157 307 157 305 157 303 157 302 157 301 157 300 157 299 157 298 157 297 157 296 157 295 157 294 157 293 157 292 157 290 157 289 157 288 157 287 157 286 157 285 
26 2 0 1 0 1 599 498 -1 -1 1 9183 185 17 193 17 194 17 194 17 194 17 196 17 196 17 197 17 198 17 199 17 200 17 200 17 200 17 200 17 200 17 200 17 201 17 202 17 202 17 204 17 205 17 208 17 209 17 212 17 215 17 217 17 219 17 221 17 225 17 234 17 238 17 243 17 249 17 256 17 265 17 287 17 299 17 314 17 329 17 348 17 393 17 416 17 438 17 460 17 484 17 508 17 554 17 576 17 596 17 599 17 599 17 599 17 599 17 599 17 599 17 599 17 599 17 599 17 599 17 599 17 599 17 599 17 599 17 599 17 599 17 599 17 599 17 599 17 599 17 599 17 599 17 599 17 599 17 599 15 599 13 599 11 599 8 599 4 599 0 599 0 599 0 599 0 599 0 599 0 599 0 599 0 599 0 599 0 599 0 599 0 599 0 599 0 599 0 599 0 599 0 599 0 599 0 599 0 599 0 599 0 599 3 599 15 599 35 599 58 599 86 599 115 599 139 599 163 599 184 599 205 599 243 599 260 599 276 599 290 599 301 599 309 599 319 599 321 599 322 599 323 599 324 599 326 599 330 599 335 599 341 599 349 599 356 599 363 599 369 599 375 599 390 599 397 599 405 599 412 599 418 599 426 599 438 599 443 599 448 599 454 599 460 599 469 599 473 599 477 599 481 599 484 599 487 599 490 599 492 599 493 599 494 599 495 599 496 599 497 599 498 
26 2 0 1 0 1 252 249 -1 -1 1 7388 252 260 252 259 252 258 252 257 252 256 252 254 252 253 252 252 252 251 252 250 252 249 
26 2 0 1 0 1 221 498 -1 -1 0 6854 118 369 117 369 118 369 119 369 124 369 130 369 137 369 145 369 153 369 163 369 173 369 182 369 200 369 210 369 218 369 225 369 232 369 238 369 251 369 255 369 258 369 260 369 259 369 259 369 257 369 256 369 255 369 254 369 252 369 250 369 247 369 245 369 243 369 241 369 239 369 237 369 236 369 235 369 234 369 233 369 232 369 230 369 229 369 228 369 228 369 226 369 225 369 224 369 223 369 222 369 222 369 221 369 221 357 221 358 221 359 221 359 221 361 221 363 221 366 221 373 221 379 221 388 221 396 221 405 221 422 221 431 221 440 221 448 221 456 221 463 221 475 221 480 221 484 221 488 221 491 221 495 221 496 221 497 221 497 221 498 
26 2 0 1 0 2 416 383 1 3642 3 
26 2 0 1 0 2 83 383 0 2227 3 
26 2 0 1 0 2 549 549 0 2069 3 
26 2 0 1 0 2 283 316 1 1866 3 
26 2 0 1 0 2 316 83 1 1203 3 
26 2 0 1 0 2 283 283 1 1069 3 
26 2 0 1 0 2 149 449 0 1376 3 
26 2 0 1 0 2 549 249 1 1175 3 
26 2 0 1 0 2 516 416 0 1210 3 
26 2 0 1 0 2 83 216 1 1279 3 
26 2 0 1 0 2 449 283 1 1302 3 
26 2 0 1 0 2 216 249 1 876 3 
26 2 0 1 0 2 216 516 0 1248 3 
26 2 0 1 0 2 516 516 0 1743 3 
26 2 0 1 0 2 416 283 1 2074 3 
26 2 0 1 0 2 283 516 0 1237 3 
26 2 0 1 0 2 349 50 1 1877 3 
26 2 0 1 0 2 249 383 1 1648 3 
26 2 0 1 0 2 116 349 0 7360 3 
26 2 0 1 0 2 383 482 0 1405 3 
26 2 0 1 0 2 116 183 0 2317 3 
26 2 0 1 0 2 216 216 1 5699 3 
26 2 0 1 0 2 216 116 1 1169 3 
26 2 0 1 0 2 83 249 0 1495 3 
26 2 0 1 0 2 416 549 0 1696 3 
26 2 0 1 0 2 449 482 0 799 3 
26 2 0 1 0 2 516 316 1 945 3 
26 2 0 1 0 2 449 249 1 740 3 
26 2 0 1 0 2 183 149 1 2853 3 
26 2 0 1 0 2 149 416 0 956 3 
26 2 0 1 0 2 516 83 1 1101 3 
26 2 0 1 0 2 383 249 1 745 3 
26 2 0 1 0 1 313 185 -1 -1 1 17279 313 213 313 213 313 211 313 210 313 209 313 208 313 207 313 206 313 205 313 204 313 202 313 199 313 197 313 193 313 189 313 188 313 186 313 185 
26 2 0 1 0 1 52 474 -1 -1 0 7285 52 471 52 471 52 472 52 473 52 474 52 476 52 478 52 479 52 480 52 479 52 478 52 477 52 475 52 474 
26 2 0 1 0 1 268 263 -1 -1 1 6907 268 266 268 261 268 261 268 263 
26 2 0 1 0 1 182 147 -1 -1 1 5597 182 150 182 142 182 144 182 145 182 145 182 147 
26 2 0 1 0 1 485 573 -1 -1 0 5653 485 568 485 568 485 569 485 570 485 570 485 571 485 572 485 573 485 573 
26 2 0 1 0 1 102 25 -1 -1 1 8708 102 29 102 28 102 27 102 27 102 26 102 26 102 25 102 24 102 24 102 23 102 22 102 22 102 21 102 21 102 20 102 21 102 21 102 22 102 22 102 23 102 23 102 24 102 25 102 25 
26 2 0 1 0 1 345 82 -1 -1 1 15547 345 83 345 82 345 82 345 81 345 81 345 81 345 81 345 81 345 82 345 82 345 82 345 82 
26 2 0 1 0 1 252 389 -1 -1 0 6462 252 389 252 389 252 388 252 388 252 387 252 388 252 388 252 389 
26 2 0 1 0 1 28 394 -1 -1 0 6803 28 72 28 70 28 70 28 70 28 70 28 71 28 74 28 77 28 82 28 88 28 95 28 105 28 116 28 128 28 152 28 166 28 181 28 195 28 208 28 219 28 238 28 248 28 256 28 264 28 271 28 287 28 297 28 307 28 319 28 330 28 342 28 363 28 373 28 380 28 386 28 390 28 395 28 396 28 397 28 398 28 400 28 401 28 403 28 404 28 405 28 404 28 403 28 400 28 396 28 391 28 387 28 384 28 383 28 382 28 381 28 382 28 383 28 384 28 385 28 386 28 387 28 388 28 390 28 391 28 392 28 393 28 394 
26 2 0 1 0 1 330 96 -1 -1 1 11083 330 99 330 82 330 82 330 82 330 82 330 82 330 82 330 82 330 81 330 81 330 80 330 80 330 79 330 79 330 78 330 78 330 77 330 76 330 76 330 76 330 77 330 77 330 79 330 79 330 80 330 82 330 83 330 84 330 85 330 85 330 86 330 87 330 88 330 88 330 89 330 89 330 89 330 90 330 91 330 92 330 92 330 93 330 93 330 94 330 96 330 96 
26 2 0 1 0 1 0 171 -1 -1 0 6460 104 201 104 159 104 158 104 154 104 150 104 144 104 138 104 130 104 123 104 113 104 100 104 69 104 55 104 41 104 29 104 13 104 0 104 0 104 0 104 0 104 0 104 0 104 0 104 0 104 0 104 0 104 2 104 5 104 9 104 14 104 17 104 20 104 23 104 27 104 29 104 35 104 37 104 39 104 42 104 44 104 52 104 57 104 62 104 68 104 75 104 81 104 96 104 103 104 109 104 115 104 119 104 123 104 130 104 134 104 137 104 139 104 141 104 144 104 146 104 148 104 148 104 150 104 151 104 152 104 153 104 154 104 155 104 156 104 158 104 161 104 163 104 166 104 167 104 168 104 169 104 170 104 171 103 171 102 171 101 171 100 171 96 171 91 171 85 171 78 171 70 171 62 171 52 171 43 171 24 171 15 171 6 171 0 171 0 171 0 171 0 171 0 171 0 171 0 171 0 171 0 171 0 171 0 171 0 171 0 171 0 171 0 171 0 171 0 171 0 171 0 171 
26 2 0 1 0 1 0 504 -1 -1 0 5173 53 506 53 505 53 504 53 503 53 501 53 500 53 498 53 496 53 494 53 492 53 489 53 484 53 480 53 476 53 472 53 469 53 464 53 463 53 462 53 463 53 464 53 468 53 471 53 475 53 479 53 483 53 488 53 493 53 498 53 503 53 504 52 504 51 504 48 504 45 504 40 504 34 504 26 504 17 504 8 504 0 504 0 504 0 504 0 504 0 504 0 504 0 504 0 504 0 504 0 504 0 504 0 504 0 504 0 504 0 504 0 504 0 504 
26 2 0 1 0 1 257 261 -1 -1 0 6814 416 469 416 588 416 587 416 586 416 585 416 584 416 583 416 582 416 581 416 579 416 577 416 577 416 575 416 573 416 568 416 562 416 558 416 555 416 552 416 550 416 547 416 542 412 542 411 542 407 542 405 542 404 542 402 542 401 542 400 542 399 542 398 542 396 542 395 542 394 542 393 542 391 542 389 542 382 542 379 542 375 542 371 542 366 542 355 542 351 542 344 542 338 542 332 542 325 542 313 542 306 542 301 542 297 542 292 542 282 542 276 542 271 542 268 542 265 542 261 542 258 542 257 542 257 552 257 559 257 568 257 579 257 592 257 599 257 599 257 599 257 599 257 599 257 599 257 599 257 599 257 599 257 599 257 599 257 599 257 599 257 599 257 599 257 599 257 599 257 599 257 599 257 599 257 599 257 599 257 599 257 598 257 592 257 583 257 569 257 531 257 507 257 484 257 460 257 436 257 414 257 374 257 356 257 340 257 325 257 315 257 307 257 301 257 299 257 299 257 298 257 297 257 296 257 295 257 293 257 290 257 285 257 279 257 275 257 271 257 268 257 267 257 266 257 265 257 264 257 263 257 262 257 261 
26 2 0 1 0 1 131 99 -1 -1 1 5516 61 99 73 99 74 99 74 99 75 99 75 99 77 99 78 99 79 99 81 99 82 99 84 99 85 99 86 99 88 99 89 99 91 99 93 99 96 99 101 99 104 99 107 99 110 99 113 99 114 99 118 99 120 99 121 99 123 99 124 99 126 99 127 99 129 99 130 99 131 99 131 99 
26 2 0 1 0 1 18 224 -1 -1 0 6268 18 543 18 542 18 541 18 540 18 538 18 537 18 536 18 534 18 533 18 532 18 530 18 525 18 524 18 523 18 522 18 520 18 517 18 514 18 510 18 505 18 499 18 480 18 469 18 456 18 443 18 428 18 412 18 378 18 362 18 348 18 335 18 325 18 306 18 297 18 289 18 283 18 277 18 273 18 264 18 258 18 253 18 247 18 243 18 233 18 229 18 227 18 226 18 224 
26 2 0 1 0 1 301 283 -1 -1 1 9159 555 379 555 372 555 371 555 370 555 369 555 368 555 367 555 365 555 363 555 362 555 361 555 356 555 355 555 353 555 351 555 350 555 348 555 346 555 345 555 344 555 343 555 341 555 338 555 336 555 334 555 332 555 331 555 330 555 327 555 326 555 325 555 324 555 323 555 322 555 321 555 320 555 318 555 317 555 316 555 315 555 313 555 311 555 310 555 309 555 308 555 307 555 306 555 304 555 303 555 302 555 301 555 300 555 298 555 297 555 296 555 295 555 294 555 293 555 292 555 291 555 290 555 289 555 288 555 287 555 286 555 285 555 285 555 284 555 283 554 283 553 283 552 283 548 283 546 283 543 283 541 283 539 283 537 283 535 283 531 283 523 283 519 283 515 283 512 283 509 283 507 283 506 283 506 283 507 283 511 283 521 283 524 283 525 283 524 283 517 283 507 283 494 283 484 283 474 283 468 283 462 283 457 283 451 283 440 283 436 283 432 283 429 283 427 283 425 283 419 283 416 283 413 283 411 283 408 283 405 283 403 283 402 283 401 283 400 283 399 283 398 283 396 283 394 283 392 283 390 283 387 283 384 283 382 283 381 283 380 283 379 283 378 283 376 283 375 283 374 283 373 283 373 283 370 283 369 283 368 283 368 283 367 283 366 283 362 283 359 283 356 283 352 283 349 283 342 283 339 283 335 283 333 283 328 283 325 283 319 283 316 283 313 283 311 283 309 283 305 283 304 283 303 283 302 283 301 283 
26 2 0 1 0 2 149 216 1 5559 3 
26 2 0 1 0 2 349 249 1 890 3 
26 2 0 1 0 2 183 482 0 860 3 
26 2 0 1 0 2 283 549 0 888 3 
26 2 0 1 0 2 449 416 0 1400 3 
26 2 0 1 0 2 50 116 0 3511 3 
26 2 0 1 0 2 83 50 1 3133 3 
26 2 0 1 0 2 383 283 1 1501 3 
26 2 0 1 0 2 516 116 1 836 3 
26 2 0 1 0 2 116 50 1 971 3 
26 2 0 1 0 2 482 416 0 1476 3 
26 2 0 1 0 2 349 183 1 847 3 
26 2 0 1 0 2 549 482 0 1524 3 
26 2 0 1 0 2 216 283 1 1162 3 
26 2 0 1 0 2 249 449 0 1036 3 
26 2 0 1 0 2 116 449 0 766 3 
26 2 0 1 0 2 482 549 0 1319 3 
26 2 0 1 0 2 349 549 0 794 3 
26 2 0 1 0 2 50 383 0 1918 3 
26 2 0 1 0 2 549 149 1 1029 3 
26 2 0 1 0 2 249 482 0 1136 3 
26 2 0 1 0 2 349 283 1 979 3 
26 2 0 1 0 2 482 283 1 752 3 
26 2 0 1 0 2 316 482 0 827 3 
26 2 0 1 0 2 349 316 1 848 3 
26 2 0 1 0 2 116 549 0 879 3 
26 2 0 1 0 2 50 183 0 1822 3 
26 2 0 1 0 2 549 349 1 1626 3 
26 2 0 1 0 2 316 183 1 763 3 
26 2 0 1 0 2 83 283 1 1260 3 
26 2 0 1 0 2 50 216 0 1301 3 
26 2 0 1 0 2 50 349 0 1159 3 
26 2 0 1 0 1 141 370 -1 -1 0 15631 470 562 599 562 599 562 599 562 599 562 599 562 599 562 599 562 599 562 599 562 599 562 599 562 599 562 599 562 599 562 599 562 599 562 599 562 598 562 597 562 596 562 595 562 593 562 590 562 588 562 585 562 582 562 580 562 572 562 566 562 559 562 551 562 541 562 531 562 508 562 496 562 482 562 471 562 461 562 445 562 435 562 428 562 421 562 416 562 412 562 406 562 404 562 402 562 401 562 397 562 392 562 387 562 382 562 379 562 376 562 374 562 372 562 371 562 370 562 369 562 366 562 361 562 357 562 353 562 349 562 347 562 346 562 345 562 343 562 341 562 338 562 334 562 330 562 324 562 319 562 313 562 308 562 299 562 295 562 291 562 289 562 287 562 283 562 278 562 274 562 269 562 264 562 258 562 243 562 233 562 223 562 215 562 210 562 206 562 206 562 204 562 198 562 187 562 177 562 167 562 159 562 153 562 149 562 145 562 142 562 138 562 138 562 138 562 140 562 141 562 140 562 136 562 122 562 100 562 70 562 37 562 0 562 0 562 0 562 0 562 0 562 0 562 0 562 0 562 0 562 0 562 0 562 0 562 0 562 0 562 0 562 1 562 2 562 4 562 5 562 7 562 9 562 11 562 13 562 18 562 21 562 24 562 28 562 35 562 38 562 39 562 40 562 41 562 43 562 49 562 53 562 61 562 69 562 78 562 93 562 100 562 106 562 112 562 117 562 120 562 125 562 127 562 128 562 129 562 130 562 131 562 132 562 134 562 136 562 137 562 139 562 141 562 141 562 141 560 141 556 141 550 141 540 141 528 141 514 141 501 141 487 141 470 141 433 141 416 141 400 141 385 141 370 141 355 141 327 141 314 141 303 141 291 141 280 141 259 141 250 141 242 141 235 141 231 141 226 141 224 141 225 141 230 141 231 141 232 141 233 141 234 141 235 141 237 141 241 141 247 141 256 141 274 141 284 141 295 141 306 141 316 141 324 141 335 141 340 141 345 141 351 141 360 141 377 141 384 141 386 141 385 141 383 141 382 141 380 141 377 141 376 141 375 141 374 141 373 141 372 141 371 141 370 
26 2 0 1 0 1 0 323 -1 -1 0 4633 139 103 133 103 127 103 118 103 104 103 88 103 66 103 43 103 19 103 0 103 0 103 0 103 2 103 7 103 11 103 9 103 3 103 0 103 0 103 0 103 0 103 0 103 0 103 0 103 0 103 0 103 0 103 0 103 0 103 0 103 0 103 0 103 0 104 0 108 0 114 0 125 0 137 0 152 0 167 0 184 0 201 0 217 0 246 0 258 0 268 0 277 0 285 0 291 0 300 0 304 0 308 0 311 0 314 0 320 0 321 0 323 
26 2 0 1 0 1 318 274 -1 -1 1 5175 556 382 557 382 558 382 559 382 561 382 564 382 568 382 573 382 583 382 594 382 599 382 599 382 599 382 599 382 599 382 599 382 599 382 599 382 599 382 599 382 599 382 599 382 598 382 587 382 567 382 535 382 491 382 439 382 374 382 317 382 267 382 231 382 181 382 167 382 159 382 157 382 158 382 159 382 160 382 163 382 172 382 184 382 198 382 217 382 239 382 260 382 280 382 296 382 315 382 318 382 318 379 318 377 318 373 318 367 318 362 318 353 318 342 318 330 318 316 318 304 318 286 318 280 318 277 318 274 
26 2 0 1 0 1 146 302 -1 -1 0 5445 374 371 373 371 372 371 368 371 363 371 353 371 341 371 326 371 309 371 289 371 269 371 227 371 208 371 188 371 171 371 156 371 145 371 141 371 140 371 127 371 112 371 96 371 82 371 70 371 61 371 54 371 50 371 47 371 36 371 27 371 16 371 4 371 0 371 0 371 0 371 0 371 0 371 0 371 0 371 0 371 0 371 0 371 0 371 0 371 0 371 0 371 0 371 0 371 0 371 0 371 0 371 1 371 5 371 10 371 16 371 23 371 31 371 42 371 57 371 72 371 85 371 102 371 108 371 112 371 114 371 115 371 116 371 117 371 119 371 123 371 127 371 129 371 133 371 136 371 139 371 143 371 146 371 146 370 146 369 146 367 146 364 146 360 146 354 146 347 146 340 146 333 146 326 146 314 146 309 146 305 146 303 146 302 
26 2 0 1 0 1 184 287 -1 -1 0 4563 184 309 184 308 184 307 184 306 184 305 184 304 184 302 184 300 184 298 184 296 184 293 184 292 184 289 184 288 184 287 
26 2 0 1 0 1 389 21 -1 -1 1 5797 389 10 389 11 389 12 389 13 389 15 389 17 389 19 389 21 389 23 389 24 389 25 389 24 389 24 389 23 389 22 389 21 
26 2 0 1 0 1 321 214 -1 -1 1 4542 390 214 392 214 393 214 395 214 399 214 405 214 411 214 419 214 427 214 434 214 441 214 451 214 456 214 460 214 463 214 467 214 470 214 474 214 475 214 474 214 470 214 465 214 455 214 442 214 426 214 409 214 390 214 372 214 341 214 333 214 327 214 324 214 322 214 321 214 321 214 
26 2 0 1 0 1 0 86 -1 -1 0 4542 145 86 147 86 149 86 152 86 156 86 162 86 170 86 180 86 190 86 203 86 216 86 241 86 254 86 268 86 282 86 293 86 304 86 325 86 334 86 343 86 349 86 351 86 349 86 341 86 328 86 307 86 275 86 239 86 148 86 101 86 63 86 31 86 8 86 0 86 0 86 0 86 0 86 0 86 0 86 0 86 0 86 0 86 0 86 0 86 0 86 0 86 0 86 0 86 0 86 0 86 0 86 0 86 0 86 0 86 0 86 0 86 0 86 0 86 0 86 0 86 0 86 
26 2 0 1 0 1 343 113 -1 -1 1 5381 343 108 343 113 343 113 343 114 343 115 343 116 343 117 343 118 343 120 343 119 343 117 343 115 343 114 343 113 
26 2 0 1 0 1 456 375 -1 -1 1 5339 456 243 456 244 456 245 456 247 456 251 456 255 456 263 456 274 456 285 456 296 456 306 456 326 456 337 456 348 456 359 456 370 456 379 456 388 456 389 456 391 456 397 456 407 456 417 456 427 456 438 456 448 456 454 456 456 456 455 456 453 456 451 456 450 456 446 456 443 456 439 456 435 456 429 456 423 456 410 456 404 456 399 456 395 456 393 456 391 456 389 456 387 456 386 456 384 456 382 456 380 456 379 456 378 456 377 456 376 456 375 
26 2 0 1 0 1 30 286 -1 -1 0 6372 30 510 30 509 30 506 30 498 30 488 30 475 30 460 30 443 30 426 30 406 30 387 30 348 30 335 30 328 30 323 30 321 30 320 30 319 30 318 30 317 30 315 30 314 30 312 30 310 30 305 30 301 30 296 30 286 30 285 30 286 
26 2 0 1 0 1 143 333 -1 -1 0 4894 143 437 143 544 143 543 143 542 143 541 143 539 143 537 143 534 143 530 143 526 143 521 143 516 143 505 143 500 143 497 143 495 143 493 143 491 143 486 143 481 143 476 143 469 143 461 143 439 143 425 143 410 143 395 143 381 143 371 143 355 143 351 143 348 143 347 143 346 143 344 143 342 143 339 143 337 143 336 143 335 143 334 143 333 
26 2 0 1 0 1 185 240 -1 -1 0 4301 185 13 185 13 185 17 185 25 185 33 185 43 185 53 185 64 185 77 185 90 185 102 185 124 185 135 185 144 185 152 185 158 185 163 185 166 185 167 185 168 185 169 185 170 185 171 185 173 185 176 185 180 185 183 185 188 185 192 185 203 185 208 185 214 185 219 185 223 185 228 185 237 185 240 185 240 
26 2 0 1 0 1 574 213 -1 -1 1 3645 574 24 574 24 574 25 574 29 574 33 574 41 574 49 574 60 574 71 574 82 574 94 574 114 574 121 574 129 574 134 574 136 574 137 574 141 574 149 574 159 574 170 574 183 574 193 574 202 574 208 574 212 574 213 
26 2 0 1 0 1 569 539 -1 -1 1 5293 569 557 569 552 569 549 569 547 569 544 569 541 569 537 569 532 569 526 569 518 569 510 569 493 569 484 569 474 569 466 569 456 569 446 569 425 569 412 569 399 569 384 569 370 569 353 569 350 569 346 569 340 569 335 569 329 569 323 569 318 569 312 569 305 569 297 569 285 569 279 569 273 569 269 569 265 569 261 569 251 569 247 569 243 569 240 569 239 569 237 569 235 569 233 569 231 569 230 569 228 569 225 569 224 569 223 569 222 569 221 569 223 569 229 569 241 569 260 569 284 569 310 569 338 569 366 569 389 569 406 569 430 569 435 569 436 569 437 569 438 569 440 569 443 569 445 569 449 569 452 569 457 569 463 569 470 569 485 569 495 569 506 569 515 569 523 569 531 569 539 
26 2 0 1 0 1 426 587 -1 -1 0 3813 426 177 426 168 426 167 426 169 426 176 426 190 426 210 426 241 426 277 426 320 426 368 426 417 426 456 426 508 426 517 426 517 426 518 426 522 426 529 426 539 426 550 426 560 426 568 426 574 426 578 426 580 426 584 426 585 426 587 
26 2 0 1 0 2 149 149 1 3296 3 
26 2 0 1 0 2 283 416 0 2019 3 
26 2 0 1 0 2 116 383 1 2080 3 
26 2 0 1 0 2 50 416 0 1051 3 
26 2 0 1 0 2 383 416 0 1391 3 
26 2 0 1 0 2 482 349 1 788 3 
26 2 0 1 0 2 549 183 1 777 3 
26 2 0 1 0 2 216 83 1 1399 3 
26 2 0 1 0 2 149 482 0 720 3 
26 2 0 1 0 2 283 149 1 680 3 
26 2 0 1 0 2 383 449 0 649 3 
26 2 0 1 0 2 449 316 1 634 3 
26 2 0 1 0 2 283 83 1 963 3 
26 2 0 1 0 2 449 50 1 1202 3 
26 2 0 1 0 2 83 183 1 1435 3 
26 2 0 1 0 2 349 482 0 777 3 
26 2 0 1 0 2 316 449 0 665 3 
26 2 0 1 0 2 183 83 1 898 3 
26 2 0 1 0 2 149 283 1 730 3 
26 2 0 1 0 2 283 482 0 858 3 
26 2 0 1 0 2 349 216 1 613 3 
26 2 0 1 0 2 50 50 1 780 3 
26 2 0 1 0 2 449 216 1 753 3 
26 2 0 1 0 2 549 83 1 792 3 
26 2 0 1 0 2 249 549 0 697 3 
26 2 0 1 0 2 383 149 1 545 3 
26 2 0 1 0 2 183 449 0 671 3 
26 2 0 1 0 2 383 516 0 690 3 
26 2 0 1 0 2 50 516 0 714 3 
26 2 0 1 0 2 549 416 0 631 3 
26 2 0 1 0 2 383 50 1 857 3 
26 2 0 1 0 2 516 149 1 766 3 
26 2 0 1 0 1 149 599 -1 -1 0 6030 149 428 149 428 149 433 149 442 149 454 149 467 149 481 149 496 149 511 149 526 149 541 149 569 149 580 149 590 149 599 149 599 149 599 149 599 149 599 149 599 149 599 149 599 149 599 149 599 149 599 149 599 149 599 149 599 149 599 149 599 149 599 149 599 149 599 
26 2 0 1 0 1 570 138 -1 -1 1 3157 570 514 570 504 570 502 570 500 570 496 570 490 570 483 570 475 570 466 570 457 570 445 570 415 570 395 570 374 570 352 570 328 570 306 570 263 570 244 570 225 570 209 570 194 570 169 570 162 570 154 570 147 570 143 570 140 570 138 
26 2 0 1 0 1 418 599 -1 -1 0 3013 418 368 418 370 418 371 418 375 418 380 418 390 418 405 418 423 418 444 418 467 418 491 418 537 418 558 418 574 418 585 418 593 418 597 418 599 418 599 418 599 418 599 418 599 418 599 418 599 
26 2 0 1 0 1 480 228 -1 -1 1 3439 480 256 480 254 480 253 480 251 480 246 480 239 480 230 480 218 480 203 480 184 480 166 480 146 480 109 480 92 480 79 480 69 480 62 480 58 480 57 480 57 480 58 480 60 480 64 480 70 480 80 480 94 480 109 480 125 480 141 480 157 480 184 480 198 480 209 480 218 480 224 480 227 480 228 
26 2 0 1 0 1 143 477 -1 -1 0 4292 143 466 143 467 143 468 143 471 143 472 143 474 143 475 143 476 143 477 
26 2 0 1 0 1 386 266 -1 -1 1 3227 386 270 386 266 
26 2 0 1 0 1 521 429 -1 -1 1 5032 521 520 521 521 521 522 521 523 521 522 521 521 521 520 521 519 521 517 521 515 521 513 521 511 521 509 521 507 521 505 521 500 521 497 521 494 521 491 521 488 521 487 521 483 521 482 521 481 521 479 521 478 521 474 521 471 521 469 521 466 521 464 521 462 521 459 521 457 521 456 521 455 521 454 521 452 521 450 521 447 521 444 521 441 521 438 521 436 521 432 521 431 521 430 521 429 
26 2 0 1 0 1 254 465 -1 -1 0 3581 254 535 254 534 254 530 254 526 254 519 254 511 254 502 254 491 254 478 254 464 254 449 254 420 254 408 254 398 254 391 254 387 254 385 254 386 254 389 254 395 254 403 254 415 254 425 254 436 254 445 254 454 254 459 254 463 254 464 254 465 
26 2 0 1 0 1 272 322 -1 -1 0 3741 272 287 272 311 272 312 272 313 272 314 272 315 272 317 272 318 272 319 272 321 272 322 
26 2 0 1 0 1 486 298 -1 -1 1 3790 486 556 486 532 486 521 486 509 486 494 486 477 486 461 486 445 486 430 486 414 486 400 486 371 486 358 486 347 486 337 486 331 486 328 486 327 486 326 486 325 486 324 486 323 486 322 486 320 486 318 486 314 486 312 486 308 486 306 486 304 486 301 486 299 486 298 
26 2 0 1 0 1 223 310 -1 -1 0 3644 223 144 223 148 223 149 223 150 223 153 223 157 223 163 223 171 223 181 223 192 223 205 223 231 223 243 223 253 223 263 223 271 223 275 223 283 223 287 223 291 223 294 223 298 223 305 223 308 223 310 
26 2 0 1 0 1 326 264 -1 -1 1 6116 472 215 472 213 472 214 472 215 472 216 472 217 472 218 472 219 472 220 472 222 472 224 472 226 472 228 472 230 472 231 472 232 471 232 470 232 467 232 464 232 459 232 455 232 450 232 445 232 439 232 434 232 430 232 427 232 425 232 424 232 423 232 422 232 418 232 415 232 410 232 404 232 398 232 384 232 379 232 374 232 370 232 366 232 365 232 359 232 356 232 354 232 352 232 351 232 351 233 351 234 351 236 351 238 351 241 351 244 351 246 351 247 351 248 351 249 351 250 351 251 351 252 351 253 351 254 351 255 351 256 351 257 351 259 351 261 351 262 351 264 347 264 346 264 345 264 344 264 342 264 341 264 339 264 336 264 335 264 333 264 332 264 331 264 329 264 328 264 327 264 326 264 
26 2 0 1 0 1 27 303 -1 -1 0 5557 27 542 27 540 27 539 27 538 27 535 27 530 27 524 27 516 27 507 27 497 27 487 27 466 27 455 27 444 27 434 27 424 27 413 27 392 27 382 27 374 27 367 27 362 27 358 27 356 27 355 27 352 27 348 27 344 27 333 27 328 27 325 27 322 27 321 27 317 27 315 27 314 27 313 27 312 27 311 27 308 27 306 27 304 27 303 
26 2 0 1 0 1 41 307 -1 -1 0 4087 269 92 308 92 310 92 309 92 303 92 296 92 285 92 271 92 253 92 234 92 215 92 197 92 181 92 162 92 158 92 154 92 151 92 146 92 141 92 124 92 115 92 104 92 94 92 85 92 77 92 74 92 72 92 69 92 67 92 65 92 59 92 55 92 50 92 47 92 45 92 42 92 41 92 41 93 41 96 41 101 41 111 41 124 41 140 41 159 41 178 41 200 41 222 41 260 41 275 41 288 41 296 41 298 41 299 41 300 41 301 41 302 41 304 41 306 41 307 
26 2 0 1 0 1 188 318 -1 -1 0 5783 587 433 577 433 572 433 564 433 553 433 538 433 516 433 491 433 465 433 436 433 407 433 360 433 342 433 329 433 323 433 321 433 319 433 317 433 316 433 314 433 313 433 311 433 310 433 309 433 307 433 306 433 305 433 304 433 304 433 304 436 304 437 304 440 304 445 304 454 304 469 304 485 304 503 304 518 304 544 304 554 304 560 304 562 304 563 304 564 304 567 304 571 304 575 304 577 304 575 304 565 304 548 304 527 304 505 304 483 304 463 304 442 304 423 304 409 304 389 304 383 304 378 304 375 304 371 304 359 304 353 304 346 304 341 304 337 304 333 304 326 304 324 304 322 304 321 304 320 304 319 304 318 303 318 302 318 301 318 300 318 298 318 296 318 293 318 290 318 285 318 280 318 268 318 263 318 256 318 252 318 247 318 245 318 236 318 232 318 227 318 221 318 215 318 199 318 193 318 189 318 188 318 188 318 
26 2 0 1 0 1 65 286 -1 -1 0 4933 65 544 65 599 65 598 65 597 65 596 65 595 65 594 65 593 65 592 65 591 65 590 65 589 65 588 65 587 65 586 65 584 65 583 65 579 65 572 65 565 65 557 65 548 65 539 65 511 65 494 65 480 65 463 65 447 65 430 65 393 65 375 65 359 65 346 65 335 65 319 65 313 65 306 65 300 65 295 65 291 65 289 65 287 65 286 
26 2 0 1 0 2 216 349 1 3213 3 
26 2 0 1 0 2 416 482 0 691 3 
26 2 0 1 0 2 349 383 1 913 3 
26 2 0 1 0 2 183 383 0 2290 3 
26 2 0 1 0 2 449 116 1 802 3 
26 2 0 1 0 2 416 349 1 782 3 
26 2 0 1 0 2 349 83 1 716 3 
26 2 0 1 0 2 549 383 1 1428 3 
26 2 0 1 0 2 249 183 1 646 3 
26 2 0 1 0 2 149 249 1 708 3 
26 2 0 1 0 2 516 383 1 797 3 
26 2 0 1 0 2 283 383 1 805 3 
26 2 0 1 0 2 416 249 1 657 3 
26 2 0 1 0 2 549 316 1 602 3 
26 2 0 1 0 2 216 449 0 635 3 
26 2 0 1 0 2 83 83 1 727 3 
26 2 0 1 0 2 83 449 0 632 3 
26 2 0 1 0 2 183 349 1 800 3 
26 2 0 1 0 2 116 316 1 672 3 
26 2 0 1 0 2 449 83 1 746 3 
26 2 0 1 0 2 383 83 1 618 3 
26 2 0 1 0 2 482 149 1 564 3 
26 2 0 1 0 2 83 349 1 865 3 
26 2 0 1 0 2 149 83 1 649 3 
26 2 0 1 0 2 50 149 1 764 3 
26 2 0 1 0 2 349 516 0 658 3 
26 2 0 1 0 2 83 149 1 982 3 
26 2 0 1 0 2 482 50 1 1258 3 
26 2 0 1 0 2 316 283 1 673 3 
26 2 0 1 0 2 449 449 0 1104 3 
26 2 0 1 0 2 283 216 1 651 3 
26 2 0 1 0 2 149 116 1 656 3 
26 2 0 1 0 1 0 212 -1 -1 0 18032 302 212 299 212 281 212 262 212 240 212 213 212 178 212 133 212 74 212 9 212 0 212 0 212 0 212 0 212 0 212 0 212 0 212 0 212 0 212 0 212 
26 2 0 1 0 1 0 541 -1 -1 0 6085 407 541 405 541 404 541 403 541 401 541 398 541 393 541 389 541 382 541 374 541 364 541 354 541 331 541 319 541 305 541 290 541 276 541 260 541 235 541 228 541 225 541 222 541 216 541 203 541 186 541 163 541 139 541 113 541 88 541 62 541 35 541 0 541 0 541 0 541 0 541 0 541 0 541 0 541 0 541 0 541 0 541 0 541 0 541 0 541 0 541 0 541 0 541 
26 2 0 1 0 1 482 164 -1 -1 1 8294 482 166 482 197 482 198 482 199 482 198 482 197 482 196 482 195 482 194 482 193 482 192 482 191 482 190 482 188 482 187 482 186 482 185 482 184 482 183 482 182 482 181 482 180 482 178 482 176 482 174 482 172 482 169 482 166 482 165 482 164 482 164 
26 2 0 1 0 1 84 184 -1 -1 0 5021 256 453 256 432 256 423 256 411 256 396 256 379 256 360 256 342 256 325 256 308 256 290 256 256 256 239 256 224 256 209 256 193 256 176 256 144 256 133 256 123 256 117 256 114 256 111 256 112 256 113 256 115 256 119 256 123 256 130 256 137 256 145 256 152 256 159 256 165 256 174 256 175 256 176 256 177 256 178 256 180 256 182 256 183 256 184 255 184 254 184 250 184 243 184 235 184 226 184 216 184 203 184 189 184 173 184 143 184 129 184 116 184 105 184 96 184 89 184 84 184 
26 2 0 1 0 1 431 121 -1 -1 1 4197 431 30 431 26 431 27 431 29 431 31 431 34 431 38 431 42 431 46 431 50 431 53 431 57 431 62 431 63 431 64 431 65 431 66 431 68 431 70 431 73 431 78 431 86 431 94 431 102 431 108 431 118 431 121 
26 2 0 1 0 1 57 269 -1 -1 0 4445 57 442 57 430 57 429 57 428 57 426 57 422 57 417 57 412 57 407 57 400 57 393 57 381 57 374 57 369 57 364 57 361 57 358 57 350 57 347 57 343 57 338 57 330 57 310 57 299 57 288 57 280 57 273 57 270 57 269 57 269 
26 2 0 1 0 1 90 264 -1 -1 0 2980 90 380 90 379 90 376 90 371 90 364 90 355 90 344 90 334 90 325 90 317 90 308 90 290 90 282 90 275 90 270 90 267 90 265 90 264 
26 2 0 1 0 1 316 281 -1 -1 1 3206 316 389 316 409 316 408 316 406 316 404 316 400 316 396 316 391 316 386 316 380 316 374 316 362 316 356 316 350 316 348 316 347 316 346 316 345 316 345 316 343 316 340 316 337 316 332 316 325 316 318 316 311 316 294 316 287 316 283 316 281 
26 2 0 1 0 1 72 210 -1 -1 0 3534 72 87 72 72 72 68 72 63 72 57 72 51 72 45 72 40 72 35 72 31 72 29 72 26 72 24 72 23 72 23 72 23 72 23 72 23 72 25 72 26 72 32 72 39 72 49 72 63 72 98 72 118 72 137 72 155 72 171 72 185 72 205 72 210 
26 2 0 1 0 1 206 275 -1 -1 0 2932 206 375 206 359 206 353 206 347 206 339 206 331 206 322 206 313 206 305 206 298 206 291 206 279 206 276 206 275 
26 2 0 1 0 1 181 233 -1 -1 0 3077 181 133 181 158 181 159 181 163 181 167 181 172 181 180 181 188 181 198 181 208 181 216 181 224 181 232 181 233 
26 2 0 1 0 1 394 252 -1 -1 1 3111 394 192 394 185 394 184 394 183 394 181 394 180 394 179 394 179 394 180 394 182 394 186 394 191 394 196 394 202 394 208 394 213 394 219 394 224 394 237 394 243 394 247 394 249 394 251 394 252 
26 2 0 1 0 1 296 270 -1 -1 1 3357 296 582 296 547 296 549 296 552 296 557 296 562 296 565 296 567 296 566 296 560 296 548 296 534 296 518 296 502 296 486 296 471 296 436 296 416 296 400 296 385 296 371 296 358 296 337 296 331 296 325 296 322 296 320 296 319 296 318 296 317 296 315 296 314 296 310 296 303 296 299 296 295 296 291 296 286 296 276 296 273 296 271 296 270 
26 2 0 1 0 1 39 203 -1 -1 0 2931 39 420 39 445 39 443 39 438 39 433 39 423 39 408 39 391 39 370 39 349 39 327 39 287 39 267 39 249 39 232 39 220 39 210 39 204 39 203 39 203 
26 2 0 1 0 1 599 488 -1 -1 1 5149 265 41 441 41 438 41 432 41 424 41 414 41 402 41 387 41 369 41 349 41 328 41 278 41 249 41 219 41 185 41 151 41 117 41 51 41 19 41 0 41 0 41 0 41 0 41 0 41 1 41 9 41 21 41 41 41 72 41 109 41 171 41 256 41 342 41 517 41 592 41 599 41 599 41 599 41 599 41 599 41 599 41 599 41 599 44 599 49 599 54 599 61 599 69 599 79 599 91 599 104 599 117 599 131 599 159 599 173 599 187 599 199 599 210 599 220 599 237 599 245 599 252 599 259 599 269 599 290 599 304 599 319 599 335 599 350 599 366 599 393 599 404 599 414 599 425 599 433 599 447 599 452 599 458 599 463 599 468 599 474 599 481 599 484 599 486 599 487 599 487 599 488 
26 2 0 1 0 1 499 596 -1 -1 0 3453 499 131 499 97 499 102 499 108 499 118 499 132 499 149 499 168 499 191 499 215 499 240 499 289 499 310 499 331 499 348 499 363 499 376 499 398 499 405 499 411 499 415 499 419 499 427 499 432 499 437 499 443 499 451 499 461 499 484 499 498 499 512 499 525 499 539 499 564 499 574 499 582 499 588 499 593 499 596 
26 2 0 1 0 2 383 316 1 2361 3 
26 2 0 1 0 2 316 149 1 686 3 
26 2 0 1 0 2 50 283 0 1490 3 
26 2 0 1 0 2 183 249 1 1662 3 
26 2 0 1 0 2 149 549 0 1449 3 
26 2 0 1 0 2 383 116 1 1120 3 
26 2 0 1 0 2 149 383 1 1274 3 
26 2 0 1 0 2 249 416 0 907 3 
26 2 0 1 0 2 383 349 1 827 3 
26 2 0 1 0 2 249 50 1 841 3 
26 2 0 1 0 2 482 216 1 847 3 
26 2 0 1 0 2 349 149 1 719 3 
26 2 0 1 0 2 516 449 0 969 3 
26 2 0 1 0 2 516 349 1 1505 3 
26 2 0 1 0 2 216 149 1 777 3 
26 2 0 1 0 2 549 516 0 1378 3 
26 2 0 1 0 2 149 349 1 1520 3 
26 2 0 1 0 2 149 183 1 1990 3 
26 2 0 1 0 2 116 482 0 993 3 
26 2 0 1 0 2 349 449 0 1187 3 
26 2 0 1 0 2 249 216 1 3058 3 
26 2 0 1 0 2 116 116 0 1313 3 
26 2 0 1 0 2 549 50 1 1254 3 
26 2 0 1 0 2 482 383 1 1148 3 
26 2 0 1 0 2 316 116 1 845 3 
26 2 0 1 0 2 516 249 1 761 3 
26 2 0 1 0 2 249 316 1 823 3 
26 2 0 1 0 2 516 216 1 709 3 
26 2 0 1 0 2 549 449 0 916 3 
26 2 0 1 0 2 283 349 1 1243 3 
26 2 0 1 0 2 50 83 1 768 3 
26 2 0 1 0 2 116 416 0 1044 3 
