Subject 34 in condition 2
Training Condition: 0
Task: 1
Rule: [[[250, 350], [[4538, 4463], [4463, 4538]]], [[350, 250], [[4538, 4463], [4463, 4538]]]]
Noise: 0
CATA=1
CATB=0
Sample keys: 120 122
Resp keys: 307 309
Dim direction: 0 0
Dim minimum: 80 79
Test order: [6, 3, 2, 5, 4, 1, 0, 7]
34 2 0 1 0 1 599 599 -1 -1 0 11936 394 367 394 386 394 388 394 390 394 393 394 395 394 396 394 396 394 395 394 393 394 389 394 384 394 376 394 365 394 353 394 339 394 326 394 303 394 289 394 274 394 258 394 244 394 231 394 210 394 198 394 185 394 170 394 153 394 119 394 101 394 83 394 64 394 46 394 28 394 0 394 0 394 0 394 0 394 0 394 0 394 0 394 0 394 0 394 0 394 0 394 0 394 0 394 0 394 0 394 0 394 0 394 0 394 0 394 0 394 0 394 0 394 0 394 0 394 0 394 4 394 14 394 35 394 63 394 98 394 147 394 189 394 241 394 286 394 372 394 408 394 444 394 478 394 511 394 543 394 599 394 599 394 599 394 599 394 599 394 599 394 599 394 599 394 599 394 599 394 599 394 596 394 593 394 590 394 587 394 583 394 575 394 571 394 568 394 566 394 566 394 568 394 573 394 576 394 579 394 584 394 589 394 599 394 599 394 599 394 599 394 599 394 599 394 599 394 599 394 599 394 599 394 599 394 599 394 599 394 597 394 590 394 581 394 569 394 559 394 549 394 539 394 527 394 514 394 496 394 454 394 432 394 408 394 384 394 360 394 336 394 288 394 262 394 234 394 208 394 182 394 129 394 102 394 78 394 55 394 33 394 13 394 0 394 0 394 0 394 0 394 0 394 0 394 0 394 0 394 0 394 0 394 0 394 0 394 0 394 0 394 0 394 0 394 0 394 0 394 0 394 0 394 1 394 3 394 7 394 14 394 24 394 37 394 57 394 83 394 117 394 163 394 246 394 282 394 318 394 354 394 391 394 426 394 490 394 520 394 548 394 572 394 595 394 599 394 599 394 599 394 599 394 599 394 599 394 599 394 599 394 599 394 599 394 599 394 599 394 599 394 599 394 599 394 599 394 599 394 599 395 599 399 599 407 599 417 599 430 599 444 599 456 599 467 599 478 599 490 599 521 599 539 599 557 599 574 599 593 599 599 599 599 599 599 599 599 599 599 599 599 599 599 599 599 599 599 599 599 599 599 599 599 599 599 599 599 599 599 599 599 599 599 599 599 599 599 599 599 599 599 599 
34 2 0 1 0 1 599 0 -1 -1 0 6475 247 217 241 217 257 217 274 217 294 217 319 217 347 217 376 217 406 217 437 217 464 217 515 217 540 217 564 217 587 217 599 217 599 217 599 217 599 217 599 217 599 217 599 217 599 217 599 217 599 217 599 217 599 217 599 217 599 217 599 217 599 217 599 217 599 217 599 212 599 210 599 207 599 202 599 194 599 184 599 169 599 152 599 133 599 112 599 59 599 23 599 0 599 0 599 0 599 0 599 0 599 0 599 0 599 0 599 0 599 0 599 0 599 0 599 0 599 0 599 0 599 0 599 0 599 0 599 0 599 0 599 0 599 0 
34 2 0 1 0 1 599 407 -1 -1 1 15917 51 178 51 178 52 178 56 178 64 178 81 178 104 178 130 178 162 178 196 178 232 178 306 178 341 178 374 178 407 178 442 178 512 178 546 178 578 178 599 178 599 178 599 178 599 178 599 178 599 178 599 178 599 178 599 178 599 178 599 178 599 178 599 178 599 182 599 189 599 199 599 214 599 230 599 245 599 255 599 262 599 265 599 269 599 274 599 278 599 282 599 286 599 289 599 290 599 291 599 293 599 296 599 303 599 314 599 330 599 350 599 369 599 386 599 403 599 432 599 443 599 448 599 451 599 454 599 457 599 463 599 465 599 465 599 465 599 465 599 462 599 458 599 457 599 455 599 454 599 452 599 448 599 447 599 446 599 446 599 446 599 446 599 446 599 446 599 446 599 446 599 446 599 443 599 441 599 438 599 433 599 428 599 422 599 410 599 403 599 396 599 389 599 383 599 376 599 375 599 375 599 375 599 375 599 375 599 376 599 378 599 381 599 384 599 387 599 390 599 392 599 394 599 394 599 394 599 395 599 395 599 395 599 395 599 395 599 396 599 397 599 397 599 398 599 398 599 399 599 399 599 399 599 399 599 399 599 399 599 399 599 399 599 399 599 399 599 399 599 399 599 399 599 399 599 399 599 399 599 399 599 399 599 399 599 399 599 399 599 399 599 399 599 399 599 399 599 399 599 399 599 399 599 399 599 399 599 398 599 398 599 397 599 397 599 397 599 396 599 396 599 393 599 390 599 388 599 386 599 384 599 382 599 382 599 384 599 389 599 394 599 401 599 405 599 408 599 409 599 410 599 411 599 413 599 413 599 412 599 412 599 412 599 412 599 412 599 412 599 413 599 413 599 414 599 415 599 416 599 417 599 418 599 418 599 419 599 419 599 420 599 420 599 420 599 421 599 422 599 424 599 425 599 427 599 428 599 429 599 429 599 429 599 429 599 429 599 429 599 429 599 429 599 431 599 432 599 432 599 433 599 435 599 436 599 436 599 437 599 440 599 447 599 467 599 476 599 485 599 494 599 505 599 531 599 545 599 559 599 567 599 573 599 572 599 570 599 568 599 562 599 553 599 540 599 529 599 517 599 504 599 489 599 463 599 453 599 447 599 441 599 437 599 430 599 427 599 426 599 424 599 423 599 422 599 417 599 414 599 412 599 410 599 406 599 401 599 390 599 387 599 383 599 380 599 378 599 372 599 371 599 369 599 367 599 366 599 363 599 361 599 362 599 364 599 368 599 371 599 375 599 379 599 384 599 388 599 391 599 393 599 394 599 395 599 396 599 397 599 398 599 399 599 400 599 401 599 402 599 403 599 404 599 405 599 406 599 407 
34 2 0 1 0 1 599 248 -1 -1 1 8930 211 54 212 54 218 54 228 54 239 54 253 54 268 54 285 54 305 54 326 54 347 54 389 54 411 54 431 54 453 54 474 54 498 54 542 54 565 54 588 54 599 54 599 54 599 54 599 54 599 54 599 54 599 54 599 54 599 54 599 54 599 54 599 54 599 54 599 54 599 54 599 54 599 54 599 49 599 49 599 45 599 37 599 26 599 13 599 0 599 0 599 0 599 0 599 0 599 0 599 0 599 0 599 0 599 0 599 0 599 0 599 0 599 0 599 0 599 0 599 0 599 0 599 0 599 0 599 3 599 12 599 27 599 51 599 83 599 117 599 153 599 188 599 223 599 256 599 324 599 353 599 371 599 367 599 359 599 353 599 353 599 353 599 353 599 353 599 356 599 359 599 361 599 363 599 363 599 362 599 361 599 360 599 358 599 352 599 346 599 340 599 332 599 323 599 298 599 283 599 268 599 254 599 241 599 231 599 216 599 213 599 214 599 218 599 224 599 231 599 238 599 245 599 253 599 259 599 263 599 265 599 266 599 265 599 264 599 262 599 261 599 260 599 259 599 256 599 255 599 254 599 253 599 252 599 251 599 250 599 250 599 248 
34 2 0 1 0 1 599 223 -1 -1 1 8974 173 454 180 454 199 454 228 454 263 454 304 454 344 454 382 454 420 454 455 454 487 454 549 454 577 454 599 454 599 454 599 454 599 454 599 454 599 454 599 454 599 454 599 454 599 454 599 454 599 454 599 454 599 454 599 454 599 454 599 292 599 284 599 278 599 273 599 272 599 273 599 277 599 285 599 293 599 300 599 306 599 312 599 317 599 324 599 330 599 339 599 341 599 344 599 348 599 351 599 354 599 357 599 359 599 357 599 352 599 346 599 340 599 337 599 336 599 336 599 336 599 336 599 340 599 349 599 358 599 369 599 380 599 392 599 420 599 433 599 446 599 458 599 470 599 480 599 497 599 503 599 501 599 499 599 495 599 489 599 480 599 468 599 455 599 443 599 432 599 423 599 407 599 398 599 390 599 382 599 376 599 362 599 355 599 351 599 347 599 342 599 337 599 323 599 315 599 309 599 305 599 302 599 298 599 285 599 278 599 271 599 264 599 260 599 248 599 242 599 239 599 238 599 236 599 235 599 231 599 229 599 227 599 226 599 225 599 224 599 223 
34 2 0 1 0 1 599 0 -1 -1 1 4769 466 341 469 341 481 341 500 341 526 341 558 341 593 341 599 341 599 341 599 341 599 341 599 341 599 341 599 341 599 341 599 341 599 341 599 341 599 341 599 341 599 341 599 341 599 341 599 341 599 341 599 341 599 341 599 341 599 341 599 341 599 341 599 340 599 338 599 336 599 333 599 330 599 328 599 327 599 323 599 313 599 305 599 292 599 276 599 260 599 243 599 219 599 209 599 199 599 187 599 177 599 161 599 153 599 147 599 142 599 136 599 129 599 109 599 97 599 83 599 68 599 52 599 17 599 0 599 0 599 0 599 0 599 0 599 0 599 0 599 0 599 0 599 0 599 0 599 0 599 0 
34 2 0 1 0 1 599 0 -1 -1 1 5006 99 593 97 593 101 593 108 593 122 593 141 593 162 593 191 593 223 593 257 593 289 593 356 593 387 593 420 593 452 593 485 593 516 593 578 593 599 593 599 593 599 593 599 593 599 593 599 593 599 593 599 593 599 593 599 593 599 593 599 593 599 593 599 593 599 591 599 587 599 579 599 564 599 544 599 521 599 495 599 467 599 437 599 406 599 342 599 307 599 273 599 239 599 208 599 177 599 113 599 80 599 47 599 14 599 0 599 0 599 0 599 0 599 0 599 0 599 0 599 0 599 0 599 0 599 0 599 0 599 0 
34 2 0 1 0 1 599 599 -1 -1 0 5836 220 405 279 405 283 405 294 405 312 405 335 405 365 405 396 405 425 405 456 405 487 405 556 405 591 405 599 405 599 405 599 405 599 405 599 405 599 405 599 405 599 405 599 405 599 405 599 405 599 405 599 405 599 405 599 404 599 404 599 403 599 403 599 401 599 398 599 395 599 392 599 389 599 385 599 379 599 360 599 354 599 350 599 349 599 349 599 349 599 350 599 351 599 355 599 359 599 365 599 387 599 405 599 425 599 447 599 474 599 503 599 553 599 571 599 581 599 586 599 586 599 562 599 536 599 502 599 464 599 415 599 352 599 182 599 95 599 11 599 0 599 0 599 0 599 0 599 0 599 0 599 0 599 0 599 0 599 0 599 0 599 0 599 0 599 0 599 0 599 1 599 7 599 16 599 31 599 51 599 78 599 107 599 141 599 182 599 289 599 354 599 425 599 507 599 578 599 599 599 599 599 599 599 599 599 599 599 599 599 599 599 599 599 599 599 599 599 599 599 599 599 599 599 599 599 599 
34 2 0 1 0 1 599 0 -1 -1 1 4791 525 327 507 327 516 327 533 327 557 327 587 327 599 327 599 327 599 327 599 327 599 327 599 327 599 327 599 327 599 327 599 327 599 327 599 327 599 327 599 327 599 327 599 326 599 321 599 313 599 302 599 290 599 275 599 258 599 242 599 223 599 206 599 171 599 154 599 139 599 129 599 124 599 122 599 118 599 114 599 107 599 98 599 85 599 52 599 35 599 16 599 0 599 0 599 0 599 0 599 0 599 0 599 0 599 0 599 0 599 0 599 0 599 0 599 0 599 0 
34 2 0 1 0 1 599 396 -1 -1 1 7310 108 231 109 231 114 231 124 231 140 231 166 231 200 231 235 231 272 231 315 231 366 231 480 231 525 231 566 231 599 231 599 231 599 231 599 231 599 231 599 231 599 231 599 231 599 231 599 231 599 231 599 231 599 231 599 231 599 231 599 231 599 252 599 251 599 241 599 235 599 235 599 236 599 242 599 253 599 269 599 286 599 306 599 345 599 362 599 379 599 397 599 417 599 435 599 468 599 478 599 484 599 489 599 492 599 493 599 494 599 495 599 496 599 497 599 498 599 499 599 500 599 501 599 502 599 503 599 503 599 504 599 505 599 507 599 512 599 518 599 523 599 529 599 535 599 543 599 549 599 564 599 573 599 585 599 599 599 599 599 599 599 599 599 599 599 599 599 599 599 599 599 599 599 599 599 599 599 599 599 599 599 599 599 599 599 598 599 595 599 592 599 587 599 583 599 578 599 571 599 564 599 558 599 551 599 537 599 528 599 519 599 511 599 504 599 495 599 471 599 461 599 451 599 443 599 435 599 415 599 406 599 400 599 393 599 387 599 380 599 369 599 363 599 359 599 354 599 350 599 347 599 343 599 342 599 340 599 339 599 338 599 337 599 337 599 338 599 340 599 342 599 345 599 351 599 356 599 360 599 363 599 367 599 369 599 374 599 377 599 379 599 380 599 381 599 383 599 386 599 387 599 388 599 389 599 393 599 394 599 396 
34 2 0 1 0 1 599 510 -1 -1 1 5355 38 292 35 292 36 292 40 292 46 292 57 292 74 292 95 292 125 292 167 292 223 292 289 292 432 292 505 292 575 292 599 292 599 292 599 292 599 292 599 292 599 292 599 292 599 292 599 292 599 278 599 288 599 302 599 317 599 331 599 345 599 361 599 378 599 396 599 414 599 448 599 465 599 482 599 497 599 510 599 521 599 539 599 548 599 556 599 563 599 571 599 584 599 591 599 596 599 599 599 599 599 599 599 599 599 599 599 599 599 599 599 599 599 599 599 599 599 599 599 599 599 599 599 599 599 598 599 596 599 592 599 585 599 577 599 571 599 565 599 559 599 552 599 544 599 530 599 525 599 519 599 516 599 514 599 512 599 510 
34 2 0 1 0 1 0 267 -1 -1 0 5012 129 267 128 267 120 267 109 267 96 267 80 267 65 267 50 267 33 267 14 267 0 267 0 267 0 267 0 267 0 267 0 267 0 267 0 267 0 267 0 267 0 267 0 267 0 267 0 267 0 267 0 267 0 267 0 267 0 267 
34 2 0 1 0 1 599 235 -1 -1 1 5726 43 580 44 580 40 580 35 580 29 580 22 580 12 580 1 580 0 580 0 580 0 580 0 580 0 580 0 580 0 580 0 580 0 580 0 580 0 580 0 580 0 580 0 580 4 580 12 580 24 580 39 580 54 580 66 580 78 580 91 580 107 580 134 580 145 580 152 580 157 580 160 580 162 580 165 580 167 580 169 580 173 580 179 580 185 580 189 580 191 580 192 580 196 580 203 580 222 580 232 580 244 580 264 580 288 580 317 580 375 580 410 580 454 580 500 580 538 580 599 580 599 580 599 580 599 580 599 580 599 580 599 580 599 580 599 580 599 580 599 577 599 571 599 566 599 558 599 547 599 531 599 514 599 496 599 476 599 458 599 418 599 395 599 374 599 358 599 341 599 326 599 296 599 284 599 275 599 267 599 260 599 246 599 242 599 240 599 239 599 237 599 236 599 235 
34 2 0 1 0 1 369 396 -1 -1 0 6101 337 554 207 554 208 554 212 554 216 554 223 554 231 554 240 554 252 554 267 554 282 554 310 554 321 554 328 554 332 554 334 554 335 554 337 554 339 554 340 554 341 554 342 554 343 554 346 554 351 554 356 554 360 554 362 554 364 554 366 554 367 554 368 554 369 554 369 549 369 545 369 538 369 530 369 521 369 512 369 504 369 497 369 490 369 480 369 464 369 460 369 457 369 456 369 455 369 454 369 453 369 451 369 449 369 448 369 446 369 444 369 441 369 438 369 435 369 428 369 423 369 418 369 414 369 411 369 409 369 405 369 404 369 402 369 401 369 400 369 399 369 398 369 397 369 396 
34 2 0 1 0 1 87 0 -1 -1 1 4389 87 421 87 425 87 422 87 418 87 413 87 407 87 397 87 384 87 373 87 363 87 355 87 332 87 319 87 306 87 292 87 280 87 269 87 246 87 233 87 220 87 207 87 193 87 170 87 161 87 152 87 143 87 133 87 124 87 111 87 109 87 107 87 106 87 105 87 104 87 103 87 100 87 95 87 89 87 82 87 74 87 66 87 58 87 51 87 44 87 31 87 26 87 21 87 18 87 16 87 13 87 6 87 3 87 0 87 0 87 0 87 0 87 0 87 0 87 0 87 0 87 0 87 0 87 0 87 0 87 0 87 0 87 0 87 0 87 0 87 0 87 0 87 0 
34 2 0 1 0 1 47 0 -1 -1 1 3613 47 379 47 382 47 372 47 359 47 343 47 326 47 308 47 289 47 270 47 250 47 230 47 192 47 174 47 158 47 142 47 130 47 119 47 99 47 92 47 86 47 79 47 71 47 52 47 44 47 35 47 26 47 16 47 7 47 0 47 0 47 0 47 0 47 0 47 0 47 0 47 0 47 0 47 0 47 0 47 0 47 0 47 0 47 0 
34 2 0 1 0 2 482 416 1 10428 4 
34 2 0 1 0 2 50 183 1 7157 3 
34 2 0 1 0 2 482 549 0 5790 5 
34 2 0 1 0 2 283 549 0 3970 3 
34 2 0 1 0 2 349 283 1 3039 3 
34 2 0 1 0 2 249 482 0 2261 3 
34 2 0 1 0 2 116 50 1 1978 3 
34 2 0 1 0 2 116 549 0 1536 3 
34 2 0 1 0 2 549 349 1 2399 4 
34 2 0 1 0 2 116 449 0 3600 3 
34 2 0 1 0 2 316 183 1 1674 3 
34 2 0 1 0 2 449 416 1 2637 4 
34 2 0 1 0 2 83 283 1 2157 2 
34 2 0 1 0 2 516 116 1 2205 3 
34 2 0 1 0 2 183 482 0 1785 3 
34 2 0 1 0 2 50 383 1 3278 1 
34 2 0 1 0 2 349 549 0 2156 2 
34 2 0 1 0 2 349 249 1 2456 2 
34 2 0 1 0 2 349 316 1 1335 2 
34 2 0 1 0 2 482 283 1 1594 2 
34 2 0 1 0 2 249 449 1 1605 2 
34 2 0 1 0 2 50 216 1 5544 2 
34 2 0 1 0 2 50 349 1 1358 2 
34 2 0 1 0 2 383 283 1 1376 2 
34 2 0 1 0 2 316 482 0 1440 2 
34 2 0 1 0 2 83 50 1 2022 2 
34 2 0 1 0 2 149 216 1 1513 2 
34 2 0 1 0 2 549 149 1 2007 2 
34 2 0 1 0 2 50 116 1 811 2 
34 2 0 1 0 2 549 482 0 897 2 
34 2 0 1 0 2 349 183 1 1289 2 
34 2 0 1 0 2 216 283 1 1771 2 
34 2 0 1 0 1 265 245 -1 -1 1 11237 461 152 461 453 461 452 461 450 461 448 461 445 461 440 461 431 461 421 461 408 461 394 461 361 461 344 461 327 461 313 461 302 461 295 461 293 461 294 461 297 461 303 461 314 461 331 461 350 461 366 461 379 461 390 461 400 461 414 461 417 461 416 461 415 461 414 459 414 457 414 454 414 450 414 443 414 430 414 415 414 397 414 379 414 360 414 318 414 298 414 281 414 266 414 252 414 237 414 205 414 191 414 183 414 180 414 179 414 176 414 175 414 174 414 171 414 165 414 156 414 144 414 128 414 109 414 86 414 60 414 36 414 0 414 0 414 0 414 0 414 0 414 0 414 1 414 5 414 12 414 23 414 35 414 49 414 64 414 79 414 97 414 133 414 149 414 165 414 179 414 190 414 198 414 210 414 215 414 218 414 220 414 221 414 223 414 227 414 234 414 240 414 246 414 251 414 258 414 263 414 265 414 265 416 265 418 265 423 265 424 265 424 265 424 265 423 265 419 265 412 265 403 265 375 265 361 265 351 265 342 265 335 265 327 265 314 265 308 265 302 265 295 265 287 265 278 265 276 265 275 265 274 265 273 265 272 265 271 265 269 265 267 265 265 265 261 265 257 265 254 265 252 265 251 265 250 265 249 265 248 265 247 265 246 265 246 265 245 
34 2 0 1 0 1 482 115 -1 -1 1 8212 482 108 482 114 482 115 482 116 482 118 482 120 482 121 482 122 482 123 482 125 482 124 482 123 482 122 482 121 482 120 482 119 482 118 482 117 482 116 482 115 
34 2 0 1 0 1 111 551 -1 -1 0 3750 111 237 111 241 111 243 111 253 111 264 111 275 111 286 111 298 111 311 111 322 111 334 111 358 111 371 111 382 111 391 111 400 111 412 111 442 111 459 111 475 111 493 111 510 111 537 111 546 111 550 111 551 
34 2 0 1 0 1 549 599 -1 -1 0 3605 549 256 549 255 549 263 549 277 549 300 549 324 549 348 549 368 549 389 549 411 549 430 549 466 549 480 549 490 549 495 549 499 549 502 549 506 549 507 549 509 549 513 549 519 549 527 549 539 549 550 549 561 549 571 549 581 549 598 549 599 549 599 549 599 549 599 549 599 549 599 
34 2 0 1 0 1 19 599 -1 -1 1 3117 19 451 19 444 19 451 19 466 19 487 19 508 19 527 19 546 19 563 19 582 19 599 19 599 19 599 19 599 19 599 19 599 19 599 19 599 19 599 19 599 
34 2 0 1 0 1 227 599 -1 -1 0 3117 227 42 227 39 227 47 227 60 227 77 227 98 227 123 227 155 227 191 227 228 227 272 227 370 227 407 227 441 227 474 227 501 227 523 227 555 227 568 227 577 227 587 227 598 227 599 227 599 227 599 227 599 227 599 227 599 227 599 227 599 227 599 227 599 227 599 
34 2 0 1 0 1 269 397 -1 -1 0 3966 269 136 269 133 269 142 269 155 269 172 269 191 269 212 269 238 269 268 269 300 269 328 269 362 269 371 269 376 269 379 269 381 269 381 269 383 269 384 269 389 269 397 269 406 269 411 269 414 269 418 269 425 269 432 269 434 269 433 269 432 269 431 269 429 269 427 269 423 269 419 269 416 269 414 269 411 269 407 269 402 269 399 269 397 
34 2 0 1 0 1 8 394 -1 -1 0 4406 8 224 8 230 8 244 8 259 8 275 8 290 8 303 8 314 8 322 8 328 8 333 8 339 8 340 8 341 8 344 8 350 8 361 8 374 8 386 8 397 8 407 8 418 8 429 8 442 8 443 8 443 8 445 8 444 8 444 8 443 8 443 8 441 8 439 8 437 8 435 8 433 8 432 8 428 8 426 8 425 8 423 8 422 8 421 8 420 8 419 8 418 8 416 8 416 8 415 8 414 8 412 8 411 8 411 8 409 8 408 8 407 8 406 8 405 8 403 8 400 8 399 8 397 8 396 8 395 8 395 8 394 
34 2 0 1 0 1 35 391 -1 -1 0 4279 35 556 35 555 35 557 35 557 35 556 35 552 35 546 35 536 35 525 35 514 35 507 35 501 35 496 35 488 35 485 35 481 35 478 35 475 35 473 35 469 35 467 35 467 35 465 35 464 35 462 35 459 35 456 35 452 35 447 35 443 35 441 35 440 35 439 35 438 35 437 35 436 35 434 35 432 35 424 35 419 35 416 35 415 35 414 35 413 35 411 35 409 35 408 35 406 35 404 35 402 35 401 35 400 35 399 35 398 35 397 35 396 35 395 35 394 35 393 35 392 35 391 
34 2 0 1 0 1 386 405 -1 -1 0 4725 386 402 386 401 386 402 386 403 386 404 386 405 
34 2 0 1 0 1 347 0 -1 -1 1 4372 347 23 347 24 347 25 347 28 347 35 347 47 347 62 347 78 347 95 347 111 347 128 347 144 347 175 347 183 347 189 347 191 347 190 347 185 347 175 347 162 347 145 347 126 347 102 347 53 347 31 347 11 347 0 347 0 347 0 347 0 347 0 347 0 347 0 347 0 347 0 347 0 347 0 347 0 347 0 347 0 347 0 347 0 347 0 347 0 
34 2 0 1 0 1 469 599 -1 -1 0 3406 469 496 469 498 469 499 469 500 469 501 469 502 469 503 469 505 469 508 469 511 469 515 469 519 469 527 469 531 469 539 469 549 469 560 469 572 469 599 469 599 469 599 469 599 469 599 469 599 469 599 469 599 469 599 469 599 469 599 469 599 469 599 469 599 
34 2 0 1 0 1 443 319 -1 -1 1 3430 443 469 443 465 443 464 443 462 443 458 443 450 443 443 443 435 443 427 443 416 443 405 443 393 443 382 443 361 443 350 443 340 443 329 443 320 443 312 443 301 443 299 443 300 443 302 443 305 443 308 443 312 443 314 443 317 443 319 
34 2 0 1 0 1 410 288 -1 -1 1 3317 410 160 410 160 410 162 410 162 410 164 410 167 410 173 410 181 410 190 410 199 410 209 410 230 410 241 410 253 410 265 410 275 410 281 410 287 410 288 
34 2 0 1 0 1 297 394 -1 -1 0 5654 297 533 297 530 297 529 297 527 297 524 297 521 297 518 297 513 297 506 297 498 297 490 297 484 297 473 297 468 297 464 297 461 297 459 297 457 297 451 297 448 297 446 297 443 297 442 297 440 297 439 297 438 297 437 297 435 297 433 297 431 297 431 297 429 297 428 297 427 297 426 297 425 297 424 297 424 297 424 297 422 297 422 297 421 297 421 297 420 297 420 297 419 297 418 297 418 297 417 297 417 297 416 297 416 297 415 297 415 297 415 297 415 297 413 297 413 297 413 297 413 297 413 297 413 297 413 297 413 297 413 297 413 297 413 297 414 297 415 297 415 297 415 297 415 297 415 297 415 297 416 297 416 297 418 297 422 297 425 297 427 297 429 297 430 297 431 297 435 297 438 297 439 297 440 297 443 297 448 297 457 297 460 297 463 297 465 297 467 297 468 297 468 297 468 297 468 297 465 297 460 297 446 297 439 297 433 297 429 297 428 297 424 297 423 297 421 297 419 297 416 297 413 297 407 297 404 297 403 297 402 297 402 297 402 297 401 297 400 297 399 297 398 297 397 297 397 297 397 297 396 297 396 297 396 297 395 297 394 
34 2 0 1 0 1 280 301 -1 -1 0 3363 280 112 280 127 280 129 280 132 280 135 280 138 280 144 280 154 280 165 280 182 280 200 280 218 280 254 280 265 280 273 280 282 280 288 280 294 280 299 280 301 
34 2 0 1 0 2 516 149 1 4121 3 
34 2 0 1 0 2 383 449 0 1513 3 
34 2 0 1 0 2 549 416 0 1610 3 
34 2 0 1 0 2 449 50 1 2378 3 
34 2 0 1 0 2 149 283 1 1686 4 
34 2 0 1 0 2 83 183 1 1049 3 
34 2 0 1 0 2 50 50 1 1367 3 
34 2 0 1 0 2 149 149 1 2141 3 
34 2 0 1 0 2 383 516 0 1174 3 
34 2 0 1 0 2 349 216 1 944 3 
34 2 0 1 0 2 316 449 0 1014 3 
34 2 0 1 0 2 449 316 1 773 3 
34 2 0 1 0 2 249 549 0 779 3 
34 2 0 1 0 2 50 416 0 1770 3 
34 2 0 1 0 2 283 416 0 762 3 
34 2 0 1 0 2 549 83 1 961 3 
34 2 0 1 0 2 383 416 0 1163 3 
34 2 0 1 0 2 116 383 1 691 3 
34 2 0 1 0 2 50 516 0 739 3 
34 2 0 1 0 2 149 482 0 762 3 
34 2 0 1 0 2 183 449 0 743 3 
34 2 0 1 0 2 349 482 0 547 3 
34 2 0 1 0 2 449 216 1 829 3 
34 2 0 1 0 2 482 349 1 716 3 
34 2 0 1 0 2 383 50 1 905 3 
34 2 0 1 0 2 283 149 0 1171 3 
34 2 0 1 0 2 283 482 0 1104 3 
34 2 0 1 0 2 549 183 1 717 3 
34 2 0 1 0 2 283 83 1 616 3 
34 2 0 1 0 2 383 149 1 476 3 
34 2 0 1 0 2 216 83 1 1235 4 
34 2 0 1 0 2 183 83 1 592 4 
34 2 0 1 0 1 281 111 -1 -1 1 9303 121 111 301 111 300 111 298 111 294 111 288 111 281 111 270 111 258 111 246 111 235 111 214 111 205 111 198 111 193 111 190 111 187 111 180 111 174 111 167 111 160 111 148 111 115 111 95 111 70 111 42 111 14 111 0 111 0 111 0 111 0 111 0 111 0 111 7 111 17 111 32 111 50 111 73 111 104 111 179 111 215 111 248 111 279 111 308 111 333 111 368 111 377 111 381 111 381 111 380 111 379 111 377 111 375 111 371 111 367 111 360 111 353 111 346 111 336 111 327 111 316 111 299 111 293 111 288 111 286 111 283 111 282 111 281 111 
34 2 0 1 0 1 0 187 -1 -1 0 3413 155 187 155 187 150 187 142 187 131 187 118 187 103 187 87 187 69 187 47 187 24 187 0 187 0 187 0 187 0 187 0 187 0 187 0 187 0 187 0 187 0 187 0 187 0 187 
34 2 0 1 0 1 0 202 -1 -1 0 5910 277 392 303 392 304 392 303 392 297 392 285 392 265 392 242 392 217 392 195 392 173 392 151 392 128 392 92 392 78 392 67 392 58 392 51 392 43 392 31 392 25 392 20 392 14 392 6 392 0 392 0 392 0 392 0 392 0 392 0 392 0 392 0 392 0 392 0 392 0 392 0 392 0 392 0 392 0 392 0 392 1 392 4 392 7 392 9 392 11 392 15 392 29 392 36 392 40 392 41 392 41 392 41 392 40 392 39 392 37 392 33 392 28 392 22 392 11 392 0 392 0 392 0 392 0 392 0 392 0 392 0 392 0 392 0 392 0 392 0 392 0 392 0 392 0 392 0 392 0 392 0 392 0 398 0 397 0 394 0 391 0 387 0 382 0 377 0 371 0 365 0 360 0 353 0 338 0 330 0 323 0 315 0 307 0 301 0 291 0 288 0 285 0 282 0 280 0 278 0 277 0 277 0 276 0 275 0 274 0 272 0 270 0 270 0 269 0 267 0 265 0 264 0 260 0 257 0 254 0 250 0 246 0 244 0 239 0 235 0 230 0 226 0 222 0 216 0 211 0 208 0 206 0 204 0 203 0 202 
34 2 0 1 0 1 0 229 -1 -1 0 5741 141 530 154 530 152 530 146 530 137 530 125 530 109 530 92 530 74 530 57 530 39 530 0 530 0 530 0 530 0 530 0 530 0 530 0 530 0 530 0 530 0 530 0 530 0 530 0 530 0 530 0 530 0 529 0 527 0 525 0 520 0 515 0 508 0 502 0 497 0 491 0 485 0 477 0 472 0 469 0 465 0 461 0 459 0 457 0 449 0 440 0 434 0 426 0 419 0 415 0 412 0 410 0 408 0 402 0 400 0 398 0 394 0 390 0 384 0 369 0 361 0 351 0 342 0 333 0 316 0 307 0 299 0 291 0 285 0 280 0 272 0 268 0 264 0 259 0 257 0 253 0 251 0 250 0 249 0 248 0 247 0 246 0 245 0 243 0 241 0 239 0 239 0 238 0 238 0 237 0 235 0 234 0 233 0 232 0 232 0 232 0 231 0 231 0 231 0 230 0 229 0 229 0 229 
34 2 0 1 0 1 190 444 -1 -1 0 4484 158 444 168 444 172 444 176 444 180 444 183 444 186 444 189 444 190 444 
34 2 0 1 0 1 0 599 -1 -1 1 4430 424 38 423 38 422 38 421 38 419 38 418 38 417 38 416 38 415 38 414 38 413 38 411 38 407 38 395 38 378 38 355 38 329 38 298 38 262 38 221 38 136 38 103 38 72 38 43 38 17 38 0 38 0 38 0 38 0 38 0 38 0 38 0 38 0 38 0 38 0 38 0 38 0 39 0 41 0 47 0 56 0 67 0 83 0 105 0 129 0 156 0 186 0 257 0 296 0 331 0 364 0 395 0 430 0 496 0 522 0 544 0 566 0 584 0 599 0 599 0 599 0 599 0 599 0 599 0 599 0 599 0 599 0 599 0 599 0 599 
34 2 0 1 0 1 0 407 -1 -1 0 8573 322 302 322 293 322 285 322 280 322 279 322 281 322 285 322 293 322 302 322 311 322 323 322 371 322 415 322 471 322 529 322 585 322 599 322 599 322 599 322 599 322 599 322 599 322 597 322 589 322 575 322 556 322 531 322 499 322 465 322 433 322 408 322 376 322 366 322 361 322 362 322 366 322 372 322 381 322 396 322 417 322 438 322 462 322 489 322 518 322 569 322 589 322 599 322 599 322 599 322 599 322 599 322 599 322 599 322 599 322 599 322 599 322 599 321 599 317 599 309 599 293 599 272 599 254 599 235 599 212 599 183 599 150 599 81 599 50 599 17 599 0 599 0 599 0 599 0 599 0 599 0 599 0 599 0 599 0 599 0 599 0 599 0 599 0 599 0 599 0 599 0 599 0 599 0 599 0 599 0 599 0 599 0 599 0 599 0 599 0 599 0 599 0 599 0 599 0 599 0 599 0 599 0 599 0 599 0 599 0 599 0 599 0 599 0 599 0 599 0 599 0 599 0 599 0 599 0 599 0 598 0 597 0 583 0 599 0 599 0 599 0 599 0 599 0 599 0 599 0 599 0 599 0 599 0 599 0 599 0 599 0 599 0 599 0 598 0 597 0 595 0 593 0 589 0 582 0 573 0 565 0 553 0 538 0 518 0 470 0 446 0 424 0 403 0 384 0 367 0 340 0 333 0 329 0 330 0 332 0 335 0 338 0 342 0 347 0 353 0 358 0 362 0 367 0 374 0 377 0 382 0 387 0 392 0 395 0 397 0 398 0 400 0 401 0 402 0 403 0 405 0 406 0 407 
34 2 0 1 0 1 7 0 -1 -1 1 6383 497 517 492 517 484 517 469 517 451 517 432 517 408 517 380 517 350 517 319 517 288 517 223 517 197 517 174 517 153 517 131 517 110 517 71 517 54 517 37 517 21 517 7 517 0 517 0 517 0 517 0 517 0 517 0 517 0 517 0 517 0 517 0 517 0 517 0 517 0 517 0 517 0 517 0 517 1 517 7 517 7 524 7 534 7 544 7 550 7 555 7 561 7 568 7 575 7 583 7 589 7 599 7 599 7 599 7 599 7 599 7 599 7 599 7 599 7 597 7 589 7 576 7 561 7 546 7 529 7 509 7 488 7 469 7 452 7 418 7 400 7 384 7 368 7 355 7 346 7 335 7 332 7 329 7 328 7 327 7 326 7 327 7 328 7 327 7 323 7 318 7 314 7 310 7 305 7 298 7 290 7 283 7 275 7 251 7 236 7 222 7 211 7 197 7 183 7 150 7 130 7 110 7 89 7 72 7 46 7 35 7 22 7 11 7 3 7 0 7 0 7 0 7 0 7 0 7 0 7 0 7 0 7 0 7 0 7 0 7 0 7 0 7 0 7 0 7 0 7 0 7 0 7 0 7 0 7 0 7 0 7 0 
34 2 0 1 0 1 0 0 -1 -1 0 5379 481 483 481 487 481 485 481 482 481 475 481 466 481 455 481 440 481 423 481 404 481 382 481 358 481 302 481 270 481 240 481 216 481 195 481 176 481 144 481 134 481 130 481 129 481 130 481 132 481 138 481 146 481 157 481 170 481 183 481 194 481 204 481 210 481 220 481 226 481 230 481 232 481 233 481 235 481 244 481 249 481 251 481 249 481 243 481 234 481 222 481 210 481 195 481 178 481 159 481 138 481 115 481 64 481 39 481 15 481 0 481 0 481 0 481 0 481 0 481 0 481 0 481 0 481 0 481 0 481 0 481 0 481 0 503 0 493 0 482 0 471 0 463 0 454 0 445 0 434 0 425 0 415 0 391 0 373 0 353 0 331 0 309 0 286 0 229 0 198 0 163 0 129 0 95 0 26 0 0 0 0 0 0 0 0 0 0 0 0 0 0 0 0 0 0 0 0 0 0 0 0 0 0 0 0 0 0 0 0 0 
34 2 0 1 0 1 0 0 -1 -1 1 5181 228 507 228 599 228 599 228 594 228 584 228 568 228 547 228 522 228 496 228 469 228 438 228 401 228 328 228 303 228 282 228 262 228 240 228 204 228 200 228 199 228 190 228 179 228 168 228 158 228 149 228 141 228 133 228 125 228 117 228 90 228 73 228 56 228 40 228 23 228 4 228 0 228 0 228 0 228 0 228 0 228 0 228 0 228 0 228 0 228 0 228 0 228 0 268 0 254 0 238 0 223 0 212 0 200 0 186 0 172 0 159 0 141 0 100 0 77 0 53 0 27 0 0 0 0 0 0 0 0 0 0 0 0 0 0 0 0 0 0 0 0 0 0 0 0 0 0 0 
34 2 0 1 0 1 0 2 -1 -1 0 4410 234 91 234 180 234 176 234 169 234 160 234 146 234 128 234 106 234 83 234 61 234 39 234 0 234 0 234 0 234 0 234 0 234 0 234 0 234 0 234 0 234 0 234 0 234 0 234 0 234 0 234 0 234 2 232 2 228 2 223 2 214 2 202 2 188 2 178 2 168 2 156 2 139 2 98 2 72 2 42 2 10 2 0 2 0 2 0 2 0 2 0 2 0 2 0 2 0 2 0 2 0 2 0 2 0 2 0 2 0 2 0 2 0 2 
34 2 0 1 0 1 0 3 -1 -1 0 4061 282 164 282 180 282 176 282 163 282 146 282 124 282 101 282 80 282 59 282 35 282 11 282 0 282 0 282 0 282 0 282 0 282 0 282 0 282 0 282 0 282 0 282 0 282 0 282 0 282 0 282 3 301 3 297 3 290 3 280 3 268 3 255 3 240 3 222 3 202 3 177 3 114 3 77 3 35 3 0 3 0 3 0 3 0 3 0 3 0 3 0 3 0 3 0 3 0 3 0 3 0 3 
34 2 0 1 0 1 0 598 -1 -1 1 6126 117 273 117 440 117 438 117 434 117 431 117 428 117 429 117 435 117 442 117 453 117 468 117 490 117 519 117 553 117 588 117 599 117 599 117 599 117 599 117 599 117 599 117 599 117 599 117 599 117 599 117 599 117 599 117 599 117 599 117 599 117 599 117 599 117 599 117 598 107 598 105 598 101 598 94 598 83 598 68 598 49 598 26 598 0 598 0 598 0 598 0 598 0 598 0 598 0 598 0 598 0 598 0 598 0 598 0 598 0 598 0 598 0 598 0 598 0 598 
34 2 0 1 0 1 599 0 -1 -1 0 4692 366 484 360 484 361 484 362 484 363 484 367 484 378 484 396 484 421 484 452 484 490 484 535 484 577 484 599 484 599 484 599 484 599 484 599 484 597 484 594 484 592 484 593 484 599 484 599 484 599 484 599 484 599 484 599 484 599 484 599 484 599 484 599 484 599 484 599 484 599 484 599 484 599 484 599 484 599 484 599 484 599 482 599 480 599 479 599 476 599 470 599 463 599 454 599 442 599 427 599 409 599 358 599 323 599 286 599 247 599 205 599 163 599 77 599 40 599 5 599 0 599 0 599 0 599 0 599 0 599 0 599 0 599 0 599 0 599 0 599 0 599 0 599 0 599 0 599 0 599 0 599 0 599 0 599 0 599 0 599 0 599 0 599 0 599 0 
34 2 0 1 0 1 599 599 -1 -1 1 5840 387 499 416 499 411 499 404 499 396 499 387 499 377 499 364 499 347 499 326 499 302 499 250 499 218 499 181 499 140 499 103 499 68 499 0 499 0 499 0 499 0 499 0 499 0 499 0 499 0 499 0 499 0 499 0 499 3 499 14 499 34 499 64 499 100 499 213 499 282 499 361 499 445 499 530 499 599 499 599 499 599 499 599 499 599 499 599 499 599 499 599 499 599 499 599 499 599 499 599 499 599 499 599 499 599 500 599 503 599 508 599 515 599 523 599 535 599 549 599 565 599 582 599 599 599 599 599 599 599 599 599 599 599 599 599 599 599 599 599 599 599 599 599 599 599 599 599 599 599 599 599 599 599 599 599 599 599 599 
34 2 0 1 0 1 599 363 -1 -1 1 5436 448 378 409 378 413 378 416 378 421 378 425 378 427 378 432 378 438 378 445 378 452 378 461 378 463 378 465 378 467 378 468 378 467 378 466 378 464 378 465 378 473 378 483 378 497 378 514 378 539 378 574 378 599 378 599 378 599 378 599 378 599 378 599 378 599 378 599 378 599 378 599 378 599 378 599 401 599 401 599 402 599 403 599 403 599 404 599 405 599 409 599 414 599 420 599 425 599 428 599 432 599 434 599 435 599 434 599 433 599 430 599 427 599 422 599 417 599 413 599 408 599 405 599 398 599 394 599 392 599 391 599 390 599 387 599 386 599 385 599 384 599 383 599 383 599 382 599 381 599 380 599 379 599 377 599 374 599 371 599 369 599 366 599 365 599 364 599 363 
34 2 0 1 0 2 549 316 0 4590 1 
34 2 0 1 0 2 349 383 0 1596 1 
34 2 0 1 0 2 183 383 0 1160 1 
34 2 0 1 0 2 149 116 1 1474 1 
34 2 0 1 0 2 416 249 0 955 1 
34 2 0 1 0 2 216 449 1 906 1 
34 2 0 1 0 2 216 349 0 1162 1 
34 2 0 1 0 2 149 83 1 1896 1 
34 2 0 1 0 2 116 316 1 731 1 
34 2 0 1 0 2 449 116 0 1033 1 
34 2 0 1 0 2 50 149 0 622 1 
34 2 0 1 0 2 283 383 0 2251 1 
34 2 0 1 0 2 83 349 0 804 1 
34 2 0 1 0 2 316 283 0 740 1 
34 2 0 1 0 2 549 383 0 703 1 
34 2 0 1 0 2 482 149 0 745 1 
34 2 0 1 0 2 449 449 0 1464 1 
34 2 0 1 0 2 249 183 0 826 1 
34 2 0 1 0 2 482 50 0 805 1 
34 2 0 1 0 2 83 83 0 971 1 
34 2 0 1 0 2 349 516 1 970 1 
34 2 0 1 0 2 449 83 0 2054 1 
34 2 0 1 0 2 416 482 1 1224 1 
34 2 0 1 0 2 416 349 0 991 1 
34 2 0 1 0 2 516 383 0 1190 1 
34 2 0 1 0 2 349 83 0 1086 1 
34 2 0 1 0 2 183 349 0 725 1 
34 2 0 1 0 2 83 449 1 1148 1 
34 2 0 1 0 2 383 83 0 652 1 
34 2 0 1 0 2 149 249 0 822 1 
34 2 0 1 0 2 83 149 0 587 1 
34 2 0 1 0 2 283 216 0 665 1 
34 2 0 1 0 1 1 0 -1 -1 1 6295 192 20 429 20 433 20 452 20 482 20 517 20 549 20 579 20 599 20 599 20 599 20 599 20 599 20 599 20 599 20 599 20 599 20 599 20 599 20 599 20 599 20 599 20 599 20 599 20 599 20 599 20 599 20 598 20 594 20 571 20 549 20 516 20 479 20 418 20 276 20 202 20 133 20 67 20 10 20 0 20 0 20 0 20 0 20 0 20 0 20 0 20 0 20 0 20 0 20 0 20 0 20 0 20 0 20 0 20 0 20 0 20 0 20 0 20 0 20 0 20 1 20 1 18 1 12 1 5 1 0 1 0 1 0 1 0 1 0 1 0 1 0 1 0 1 0 1 0 1 0 1 0 1 0 1 0 1 0 1 0 1 0 1 0 
34 2 0 1 0 1 599 0 -1 -1 0 4653 169 482 195 482 201 482 214 482 235 482 267 482 314 482 375 482 431 482 487 482 541 482 599 482 599 482 599 482 599 482 599 482 599 482 599 482 599 482 599 482 599 482 599 482 599 482 599 482 599 482 599 482 599 482 599 482 599 482 599 479 599 478 599 476 599 469 599 457 599 441 599 418 599 386 599 342 599 292 599 159 599 86 599 1 599 0 599 0 599 0 599 0 599 0 599 0 599 0 599 0 599 0 599 0 599 0 599 0 599 0 599 0 599 0 
34 2 0 1 0 1 599 0 -1 -1 1 3483 7 167 15 167 15 167 17 167 23 167 40 167 61 167 95 167 135 167 191 167 262 167 435 167 514 167 591 167 599 167 599 167 599 167 599 167 599 167 599 167 599 167 599 167 599 167 599 152 599 142 599 130 599 115 599 95 599 66 599 15 599 0 599 0 599 0 599 0 599 0 599 0 599 0 599 0 599 0 599 0 599 0 
34 2 0 1 0 1 362 358 -1 -1 1 4372 529 464 528 464 526 464 521 464 513 464 503 464 491 464 474 464 457 464 438 464 416 464 368 464 343 464 321 464 303 464 288 464 277 464 267 464 266 464 267 464 269 464 272 464 274 464 275 464 276 464 277 464 278 464 279 464 280 464 281 464 283 464 289 464 297 464 307 464 318 464 329 464 338 464 355 464 359 464 361 464 362 464 362 463 362 461 362 455 362 446 362 432 362 416 362 401 362 387 362 373 362 359 362 337 362 331 362 329 362 330 362 331 362 333 362 336 362 340 362 342 362 346 362 348 362 352 362 354 362 357 362 358 
34 2 0 1 0 1 242 332 -1 -1 0 4022 308 498 341 498 339 498 334 498 325 498 313 498 295 498 275 498 251 498 229 498 210 498 175 498 160 498 146 498 135 498 126 498 120 498 121 498 124 498 129 498 137 498 150 498 164 498 178 498 192 498 205 498 213 498 229 498 236 498 240 498 242 498 242 496 242 495 242 492 242 485 242 476 242 465 242 452 242 438 242 424 242 409 242 381 242 370 242 359 242 352 242 346 242 341 242 334 242 332 
34 2 0 1 0 1 357 222 -1 -1 1 4524 143 39 153 39 157 39 163 39 176 39 193 39 214 39 235 39 254 39 273 39 288 39 320 39 335 39 347 39 355 39 357 39 357 38 357 37 357 34 357 27 357 15 357 0 357 0 357 0 357 0 357 0 357 0 357 0 357 0 357 0 357 0 357 0 357 0 357 0 357 0 357 1 357 7 357 21 357 41 357 68 357 101 357 137 357 174 357 211 357 245 357 312 357 341 357 359 357 373 357 382 357 384 357 383 357 382 357 380 357 379 357 378 357 375 357 369 357 362 357 353 357 341 357 314 357 299 357 284 357 270 357 259 357 250 357 231 357 224 357 222 
34 2 0 1 0 1 582 331 -1 -1 1 3453 582 318 582 320 582 322 582 324 582 323 582 324 582 327 582 334 582 345 582 357 582 369 582 379 582 385 582 383 582 381 582 378 582 376 582 375 582 375 582 374 582 372 582 369 582 364 582 355 582 346 582 340 582 335 582 332 582 331 
34 2 0 1 0 1 599 546 -1 -1 1 4653 129 381 128 381 129 381 130 381 131 381 133 381 136 381 146 381 163 381 187 381 215 381 246 381 321 381 368 381 416 381 455 381 489 381 518 381 562 381 579 381 595 381 599 381 599 381 599 381 599 381 599 381 599 381 599 381 599 381 599 381 599 381 599 381 599 381 599 381 599 381 599 381 599 381 599 381 599 381 599 381 599 381 599 381 599 382 599 381 599 381 599 377 599 376 599 374 599 371 599 365 599 357 599 349 599 331 599 318 599 304 599 290 599 276 599 261 599 229 599 211 599 194 599 180 599 169 599 164 599 162 599 164 599 170 599 178 599 189 599 203 599 217 599 234 599 253 599 293 599 315 599 336 599 354 599 370 599 387 599 414 599 427 599 438 599 447 599 458 599 478 599 484 599 489 599 495 599 503 599 509 599 522 599 527 599 532 599 536 599 540 599 545 599 546 
34 2 0 1 0 1 599 599 -1 -1 1 4675 230 35 0 35 0 35 0 35 0 35 0 35 1 35 3 35 7 35 14 35 25 35 40 35 57 35 76 35 97 35 119 35 176 35 209 35 245 35 280 35 317 35 353 35 426 35 466 35 499 35 531 35 562 35 599 35 599 35 599 35 599 35 599 35 599 35 599 35 599 38 599 42 599 50 599 62 599 78 599 95 599 114 599 134 599 155 599 176 599 217 599 239 599 260 599 279 599 297 599 314 599 338 599 346 599 354 599 363 599 374 599 399 599 413 599 430 599 451 599 475 599 498 599 540 599 558 599 575 599 592 599 599 599 599 599 599 599 599 599 599 599 599 599 599 
34 2 0 1 0 1 599 599 -1 -1 1 3989 279 320 84 320 84 320 88 320 99 320 117 320 139 320 167 320 192 320 224 320 255 320 288 320 319 320 361 320 374 320 379 320 380 320 388 320 418 320 477 320 557 320 599 320 599 320 599 320 599 320 599 320 599 320 599 320 599 320 599 320 599 321 599 327 599 341 599 358 599 378 599 400 599 426 599 455 599 485 599 514 599 575 599 599 599 599 599 599 599 599 599 599 599 599 599 599 599 599 599 599 599 599 599 599 599 599 599 599 
34 2 0 1 0 1 407 380 -1 -1 1 4095 407 275 407 0 407 0 407 0 407 0 407 0 407 0 407 0 407 0 407 0 407 0 407 0 407 0 407 1 407 9 407 21 407 36 407 71 407 95 407 122 407 143 407 162 407 192 407 203 407 211 407 214 407 215 407 216 407 220 407 229 407 244 407 263 407 282 407 300 407 319 407 337 407 353 407 376 407 380 
34 2 0 1 0 1 239 322 -1 -1 0 3245 124 322 83 322 84 322 86 322 91 322 100 322 114 322 131 322 149 322 168 322 187 322 217 322 227 322 235 322 239 322 
34 2 0 1 0 1 574 475 -1 -1 1 3085 574 234 574 230 574 232 574 238 574 247 574 259 574 277 574 298 574 322 574 345 574 371 574 421 574 441 574 456 574 467 574 473 574 475 574 475 
34 2 0 1 0 1 16 599 -1 -1 1 3796 153 390 10 390 0 390 0 390 0 390 0 390 0 390 0 390 0 390 0 390 0 390 0 390 0 390 0 390 0 390 0 390 0 390 1 390 3 390 6 390 11 390 16 390 16 399 16 403 16 412 16 428 16 452 16 484 16 520 16 552 16 583 16 599 16 599 16 599 16 599 16 599 16 599 
34 2 0 1 0 1 237 437 -1 -1 0 3067 237 242 237 238 237 238 237 239 237 242 237 247 237 256 237 271 237 288 237 302 237 311 237 319 237 344 237 359 237 371 237 383 237 396 237 409 237 430 237 435 237 437 
34 2 0 1 0 1 210 489 -1 -1 0 3939 279 489 266 489 264 489 262 489 256 489 247 489 236 489 226 489 219 489 214 489 212 489 210 489 
34 2 0 1 0 2 183 183 1 3772 2 
34 2 0 1 0 2 449 516 0 1249 2 
34 2 0 1 0 2 383 383 1 846 2 
34 2 0 1 0 2 83 116 1 1263 2 
34 2 0 1 0 2 416 50 1 899 2 
34 2 0 1 0 2 549 283 1 690 2 
34 2 0 1 0 2 116 516 0 780 2 
34 2 0 1 0 2 183 516 0 733 2 
34 2 0 1 0 2 549 116 1 636 2 
34 2 0 1 0 2 116 216 1 674 2 
34 2 0 1 0 2 416 316 1 643 2 
34 2 0 1 0 2 283 449 0 1299 2 
34 2 0 1 0 2 116 249 1 610 2 
34 2 0 1 0 2 449 149 1 585 2 
34 2 0 1 0 2 216 183 1 586 2 
34 2 0 1 0 2 216 316 1 629 2 
34 2 0 1 0 2 482 83 1 725 2 
34 2 0 1 0 2 316 416 0 2620 2 
34 2 0 1 0 2 249 83 1 752 2 
34 2 0 1 0 2 249 249 1 1074 2 
34 2 0 1 0 2 449 383 1 763 2 
34 2 0 1 0 2 183 316 1 647 2 
34 2 0 1 0 2 116 283 1 831 2 
34 2 0 1 0 2 449 183 1 848 2 
34 2 0 1 0 2 349 349 1 899 2 
34 2 0 1 0 2 316 383 1 911 2 
34 2 0 1 0 2 482 482 0 940 2 
34 2 0 1 0 2 183 549 0 868 2 
34 2 0 1 0 2 316 50 1 962 2 
34 2 0 1 0 2 183 416 0 3879 2 
34 2 0 1 0 2 50 549 0 1118 2 
34 2 0 1 0 2 416 83 1 1262 2 
34 2 0 1 0 1 74 379 -1 -1 0 4631 47 379 61 379 65 379 68 379 70 379 71 379 72 379 72 379 73 379 74 379 
34 2 0 1 0 1 378 390 -1 -1 0 4669 378 43 378 31 378 38 378 49 378 64 378 85 378 110 378 132 378 151 378 167 378 182 378 205 378 213 378 216 378 217 378 218 378 222 378 231 378 236 378 245 378 260 378 283 378 335 378 352 378 364 378 371 378 378 378 384 378 388 378 390 
34 2 0 1 0 1 599 332 -1 -1 1 6373 55 258 185 258 184 258 182 258 180 258 179 258 180 258 186 258 198 258 213 258 232 258 255 258 278 258 297 258 311 258 328 258 332 258 334 258 335 258 336 258 340 258 349 258 365 258 390 258 421 258 453 258 487 258 521 258 583 258 599 258 599 258 599 258 599 258 599 258 599 258 599 258 599 258 599 258 599 258 599 258 599 258 599 258 599 258 599 258 599 258 599 258 599 258 599 258 599 259 599 262 599 264 599 266 599 267 599 269 599 273 599 281 599 296 599 319 599 380 599 412 599 437 599 457 599 473 599 487 599 512 599 522 599 531 599 535 599 534 599 529 599 521 599 508 599 493 599 477 599 458 599 439 599 425 599 414 599 392 599 379 599 366 599 355 599 348 599 343 599 335 599 333 599 332 
34 2 0 1 0 1 339 354 -1 -1 0 3828 274 282 269 282 276 282 281 282 283 282 286 282 290 282 296 282 303 282 308 282 311 282 313 282 315 282 315 282 317 282 318 282 320 282 321 282 323 282 325 282 329 282 334 282 337 282 339 282 339 287 339 289 339 295 339 304 339 314 339 325 339 334 339 342 339 347 339 352 339 354 
34 2 0 1 0 1 599 516 -1 -1 1 5444 392 549 374 549 374 549 379 549 390 549 407 549 427 549 448 549 468 549 488 549 507 549 530 549 575 549 595 549 599 549 599 549 599 549 599 549 599 549 599 549 599 549 599 549 599 549 599 549 599 549 599 549 599 549 599 549 599 549 599 549 599 548 599 547 599 546 599 540 599 533 599 520 599 499 599 470 599 438 599 403 599 367 599 331 599 235 599 177 599 117 599 54 599 0 599 0 599 0 599 0 599 0 599 0 599 0 599 0 599 0 599 0 599 0 599 0 599 1 599 9 599 25 599 46 599 72 599 102 599 133 599 162 599 184 599 203 599 248 599 273 599 291 599 306 599 318 599 330 599 358 599 366 599 365 599 364 599 363 599 364 599 370 599 380 599 391 599 400 599 412 599 425 599 440 599 453 599 465 599 489 599 504 599 519 599 531 599 539 599 547 599 568 599 578 599 583 599 585 599 583 599 580 599 578 599 575 599 570 599 561 599 550 599 538 599 532 599 527 599 520 599 516 
34 2 0 1 0 1 365 348 -1 -1 1 4037 252 267 253 267 255 267 258 267 263 267 269 267 275 267 282 267 290 267 298 267 306 267 322 267 331 267 341 267 349 267 357 267 362 267 365 267 365 268 365 269 365 271 365 276 365 281 365 290 365 301 365 312 365 322 365 331 365 343 365 346 365 347 365 348 
34 2 0 1 0 1 168 478 -1 -1 0 4326 168 349 168 332 168 336 168 342 168 348 168 356 168 365 168 376 168 385 168 395 168 403 168 418 168 423 168 425 168 427 168 428 168 429 168 434 168 443 168 451 168 458 168 464 168 469 168 474 168 478 
34 2 0 1 0 1 414 330 -1 -1 1 3060 414 154 414 155 414 163 414 176 414 190 414 205 414 218 414 233 414 248 414 263 414 275 414 291 414 299 414 305 414 307 414 308 414 309 414 310 414 313 414 320 414 325 414 328 414 330 
34 2 0 1 0 1 266 348 -1 -1 0 3484 266 473 266 458 266 460 266 461 266 462 266 460 266 456 266 450 266 444 266 437 266 428 266 420 266 411 266 403 266 393 266 373 266 362 266 352 266 344 266 340 266 337 266 335 266 335 266 336 266 340 266 343 266 347 266 348 
34 2 0 1 0 1 452 367 -1 -1 1 3325 452 449 452 448 452 446 452 442 452 435 452 426 452 415 452 404 452 393 452 382 452 373 452 353 452 342 452 331 452 324 452 321 452 323 452 326 452 330 452 337 452 345 452 353 452 359 452 363 452 366 452 367 
34 2 0 1 0 1 77 354 -1 -1 0 3532 77 416 77 415 77 413 77 409 77 405 77 403 77 401 77 398 77 397 77 395 77 394 77 393 77 392 77 391 77 390 77 389 77 388 77 387 77 386 77 384 77 383 77 382 77 380 77 378 77 376 77 374 77 371 77 368 77 360 77 358 77 356 77 355 77 354 
34 2 0 1 0 1 440 453 -1 -1 0 3343 440 402 440 402 440 402 440 402 440 402 440 404 440 406 440 407 440 408 440 410 440 411 440 412 440 413 440 415 440 417 440 421 440 425 440 427 440 428 440 429 440 430 440 431 440 437 440 442 440 447 440 450 440 452 440 453 
34 2 0 1 0 1 36 354 -1 -1 0 4748 36 373 36 373 36 373 36 373 36 373 36 372 36 372 36 372 36 371 36 371 36 370 36 370 36 369 36 369 36 368 36 368 36 368 36 366 36 366 36 365 36 365 36 364 36 364 36 363 36 362 36 362 36 360 36 359 36 359 36 357 36 356 36 355 36 354 
34 2 0 1 0 1 338 309 -1 -1 1 3414 338 356 338 355 338 354 338 351 338 347 338 343 338 339 338 335 338 328 338 321 338 315 338 304 338 299 338 294 338 289 338 287 338 285 338 286 338 291 338 297 338 302 338 306 338 308 338 309 
34 2 0 1 0 1 453 281 -1 -1 1 3270 453 466 453 463 453 455 453 445 453 435 453 421 453 402 453 380 453 360 453 343 453 327 453 300 453 289 453 283 453 281 453 281 453 281 
34 2 0 1 0 1 383 477 -1 -1 0 3349 383 294 383 302 383 303 383 307 383 312 383 320 383 330 383 341 383 350 383 359 383 367 383 386 383 399 383 410 383 418 383 424 383 430 383 439 383 441 383 442 383 443 383 445 383 447 383 451 383 455 383 460 383 465 383 470 383 474 383 477 
34 2 0 1 0 2 83 249 1 3544 3 
34 2 0 1 0 2 516 316 1 1258 3 
34 2 0 1 0 2 183 149 1 1019 3 
34 2 0 1 0 2 216 116 1 622 3 
34 2 0 1 0 2 383 482 0 1382 3 
34 2 0 1 0 2 516 516 0 673 3 
34 2 0 1 0 2 249 383 0 969 3 
34 2 0 1 0 2 549 249 1 731 3 
34 2 0 1 0 2 149 449 0 801 3 
34 2 0 1 0 2 216 216 1 748 3 
34 2 0 1 0 2 383 249 1 1329 3 
34 2 0 1 0 2 449 283 1 657 3 
34 2 0 1 0 2 83 216 1 818 3 
34 2 0 1 0 2 416 283 1 770 3 
34 2 0 1 0 2 549 549 0 778 3 
34 2 0 1 0 2 449 249 1 801 3 
34 2 0 1 0 2 516 416 0 984 3 
34 2 0 1 0 2 283 316 1 1059 3 
34 2 0 1 0 2 449 482 0 769 3 
34 2 0 1 0 2 116 183 1 681 3 
34 2 0 1 0 2 283 516 0 568 3 
34 2 0 1 0 2 83 383 0 911 3 
34 2 0 1 0 2 516 83 1 968 3 
34 2 0 1 0 2 116 349 0 1285 3 
34 2 0 1 0 2 216 249 1 839 3 
34 2 0 1 0 2 349 50 1 1172 3 
34 2 0 1 0 2 416 549 0 1088 3 
34 2 0 1 0 2 316 83 1 838 3 
34 2 0 1 0 2 149 416 0 1223 3 
34 2 0 1 0 2 283 283 1 1721 3 
34 2 0 1 0 2 216 516 0 724 3 
34 2 0 1 0 2 416 383 0 1475 3 
34 2 0 1 0 1 239 225 -1 -1 1 9910 84 23 0 23 4 23 14 23 28 23 46 23 61 23 75 23 89 23 102 23 116 23 142 23 151 23 158 23 163 23 166 23 169 23 170 23 171 23 173 23 175 23 180 23 196 23 209 23 224 23 244 23 266 23 291 23 346 23 379 23 412 23 447 23 484 23 553 23 586 23 599 23 599 23 599 23 599 23 599 23 599 23 599 23 598 23 595 23 590 23 584 23 576 23 567 23 555 23 538 23 519 23 497 23 445 23 415 23 384 23 352 23 318 23 286 23 225 23 200 23 177 23 157 23 140 23 115 23 109 23 107 23 108 23 110 23 112 23 117 23 125 23 136 23 149 23 162 23 173 23 185 23 207 23 217 23 223 23 226 23 227 23 228 23 228 23 230 23 231 23 232 23 232 23 233 23 234 23 235 23 236 23 237 23 238 23 239 23 239 23 239 25 239 29 239 37 239 49 239 61 239 74 239 86 239 99 239 111 239 139 239 153 239 165 239 175 239 181 239 188 239 193 239 195 239 197 239 198 239 201 239 204 239 206 239 208 239 211 239 216 239 220 239 223 239 225 
34 2 0 1 0 1 141 229 -1 -1 0 3629 141 224 141 220 141 222 141 225 141 227 141 229 
34 2 0 1 0 1 40 228 -1 -1 0 4107 40 591 40 591 40 592 40 593 40 596 40 599 40 599 40 599 40 599 40 599 40 599 40 599 40 599 40 599 40 599 40 599 40 599 40 599 40 599 40 599 40 599 40 599 40 599 40 599 40 599 40 599 40 599 40 599 40 599 40 599 40 599 40 599 40 599 40 595 40 590 40 583 40 571 40 553 40 528 40 474 40 448 40 417 40 384 40 350 40 290 40 265 40 242 40 218 40 196 40 177 40 152 40 147 40 145 40 144 40 145 40 146 40 148 40 150 40 155 40 160 40 167 40 177 40 188 40 199 40 218 40 224 40 226 40 228 
34 2 0 1 0 1 91 253 -1 -1 0 3269 91 34 91 34 91 35 91 41 91 55 91 76 91 96 91 117 91 137 91 158 91 179 91 198 91 229 91 239 91 247 91 253 
34 2 0 1 0 1 565 206 -1 -1 1 3046 565 165 565 161 565 165 565 169 565 175 565 180 565 183 565 187 565 193 565 198 565 203 565 206 
34 2 0 1 0 1 550 0 -1 -1 1 3052 550 376 550 375 550 365 550 347 550 322 550 290 550 259 550 222 550 185 550 143 550 106 550 36 550 7 550 0 550 0 550 0 550 0 550 0 550 0 550 0 550 0 550 0 550 0 
34 2 0 1 0 1 195 320 -1 -1 0 3045 195 166 195 167 195 169 195 173 195 179 195 187 195 198 195 213 195 229 195 249 195 268 195 295 195 302 195 309 195 315 195 319 195 320 
34 2 0 1 0 1 581 552 -1 -1 1 2896 581 365 581 364 581 363 581 364 581 366 581 370 581 376 581 385 581 396 581 413 581 432 581 450 581 466 581 496 581 512 581 527 581 538 581 545 581 550 581 552 
34 2 0 1 0 1 543 599 -1 -1 0 3538 543 109 543 110 543 122 543 139 543 160 543 180 543 202 543 231 543 263 543 296 543 324 543 365 543 383 543 399 543 411 543 418 543 421 543 424 543 426 543 430 543 433 543 438 543 454 543 464 543 474 543 485 543 497 543 510 543 538 543 553 543 568 543 581 543 594 543 599 543 599 543 599 543 599 543 599 543 599 
34 2 0 1 0 1 439 465 -1 -1 0 4502 439 22 439 0 439 0 439 0 439 0 439 0 439 0 439 0 439 0 439 0 439 0 439 0 439 0 439 0 439 0 439 0 439 0 439 0 439 0 439 0 439 0 439 0 439 0 439 0 439 0 439 0 439 0 439 0 439 0 439 2 439 10 439 26 439 46 439 72 439 102 439 134 439 165 439 192 439 219 439 269 439 291 439 307 439 319 439 328 439 334 439 343 439 346 439 347 439 348 439 349 439 361 439 374 439 388 439 403 439 420 439 441 439 487 439 502 439 517 439 531 439 546 439 564 439 565 439 564 439 563 439 562 439 558 439 551 439 544 439 540 439 535 439 527 439 514 439 500 439 482 439 477 439 471 439 467 439 465 
34 2 0 1 0 1 234 334 -1 -1 0 4292 234 423 234 419 234 421 234 424 234 429 234 435 234 441 234 446 234 452 234 458 234 462 234 467 234 469 234 470 234 471 234 471 234 473 234 472 234 469 234 463 234 453 234 441 234 430 234 421 234 415 234 410 234 403 234 392 234 389 234 388 234 387 234 386 234 385 234 384 234 383 234 381 234 380 234 379 234 378 234 375 234 373 234 372 234 371 234 370 234 368 234 367 234 366 234 364 234 363 234 362 234 361 234 360 234 359 234 358 234 357 234 355 234 352 234 350 234 348 234 346 234 344 234 343 234 342 234 341 234 340 234 340 234 339 234 338 234 337 234 337 234 335 234 335 234 334 
34 2 0 1 0 1 434 65 -1 -1 1 3893 434 486 434 484 434 483 434 482 434 480 434 479 434 477 434 475 434 473 434 472 434 470 434 468 434 462 434 457 434 451 434 443 434 433 434 423 434 403 434 391 434 379 434 365 434 352 434 330 434 321 434 312 434 302 434 293 434 285 434 270 434 264 434 257 434 249 434 243 434 231 434 225 434 219 434 213 434 208 434 201 434 187 434 180 434 173 434 164 434 154 434 145 434 126 434 117 434 108 434 99 434 91 434 78 434 73 434 70 434 67 434 66 434 65 
34 2 0 1 0 1 361 298 -1 -1 1 3620 361 596 361 599 361 599 361 599 361 599 361 599 361 599 361 599 361 599 361 599 361 599 361 599 361 599 361 599 361 599 361 599 361 599 361 599 361 599 361 599 361 599 361 599 361 599 361 599 361 598 361 590 361 581 361 568 361 551 361 530 361 509 361 486 361 463 361 418 361 398 361 378 361 359 361 343 361 327 361 308 361 301 361 299 361 298 
34 2 0 1 0 1 521 525 -1 -1 0 3093 521 342 521 345 521 346 521 348 521 354 521 361 521 370 521 381 521 395 521 410 521 425 521 455 521 470 521 483 521 493 521 501 521 508 521 519 521 523 521 525 
34 2 0 1 0 1 581 196 -1 -1 1 2712 581 252 581 250 581 249 581 248 581 246 581 243 581 236 581 227 581 219 581 212 581 205 581 199 581 196 
34 2 0 1 0 1 149 403 -1 -1 0 4690 149 541 149 537 149 535 149 530 149 523 149 513 149 501 149 490 149 479 149 468 149 457 149 436 149 427 149 422 149 421 149 420 149 419 149 417 149 415 149 413 149 412 149 410 149 409 149 408 149 407 149 406 149 405 149 404 149 403 
34 2 0 1 0 2 449 549 0 3267 2 
34 2 0 1 0 2 149 516 0 790 2 
34 2 0 1 0 2 283 249 1 840 2 
34 2 0 1 0 2 482 516 0 898 2 
34 2 0 1 0 2 416 216 1 947 2 
34 2 0 1 0 2 316 349 0 1400 2 
34 2 0 1 0 2 50 316 1 1828 2 
34 2 0 1 0 2 383 183 1 996 2 
34 2 0 1 0 2 283 116 1 715 2 
34 2 0 1 0 2 482 249 1 896 2 
34 2 0 1 0 2 516 549 0 564 2 
34 2 0 1 0 2 149 50 1 867 2 
34 2 0 1 0 2 216 482 0 849 2 
34 2 0 1 0 2 249 149 1 797 2 
34 2 0 1 0 2 316 316 1 1300 2 
34 2 0 1 0 2 149 316 1 661 2 
34 2 0 1 0 2 50 482 0 672 2 
34 2 0 1 0 2 416 183 1 693 2 
34 2 0 1 0 2 183 50 1 1113 2 
34 2 0 1 0 2 516 183 1 782 2 
34 2 0 1 0 2 383 216 1 627 2 
34 2 0 1 0 2 216 416 0 778 2 
34 2 0 1 0 2 316 216 1 648 2 
34 2 0 1 0 2 249 349 1 711 2 
34 2 0 1 0 2 516 482 0 807 2 
34 2 0 1 0 2 349 116 1 659 2 
34 2 0 1 0 2 50 249 1 646 2 
34 2 0 1 0 2 416 449 0 1146 2 
34 2 0 1 0 2 216 50 1 1697 2 
34 2 0 1 0 2 416 516 0 714 2 
34 2 0 1 0 2 249 516 0 696 2 
34 2 0 1 0 2 183 116 1 599 2 
34 2 0 1 0 1 228 293 -1 -1 0 10264 228 184 228 474 228 478 228 485 228 493 228 506 228 522 228 542 228 561 228 579 228 593 228 599 228 599 228 599 228 599 228 599 228 598 228 597 228 595 228 592 228 587 228 584 228 582 228 581 228 580 228 579 228 578 228 574 228 567 228 556 228 545 228 533 228 524 228 515 228 502 228 496 228 490 228 487 228 484 228 480 228 472 228 469 228 466 228 464 228 461 228 458 228 457 228 457 228 458 228 458 228 457 228 455 228 451 228 445 228 438 228 431 228 423 228 417 228 410 228 405 228 394 228 392 228 390 228 390 228 389 228 388 228 385 228 383 228 380 228 378 228 374 228 360 228 355 228 350 228 345 228 342 228 338 228 333 228 329 228 327 228 325 228 324 228 321 228 321 228 321 228 321 228 321 228 321 228 320 228 320 228 320 228 320 228 320 228 320 228 320 228 320 228 320 228 320 228 322 228 324 228 327 228 331 228 333 228 333 228 334 228 337 228 341 228 346 228 346 228 348 228 351 228 355 228 363 228 364 228 364 228 364 228 364 228 364 228 361 228 361 228 357 228 351 228 345 228 338 228 329 228 319 228 308 228 298 228 291 228 286 228 277 228 275 228 274 228 275 228 277 228 281 228 285 228 289 228 293 228 295 228 296 228 295 228 294 228 293 
34 2 0 1 0 1 214 279 -1 -1 0 2916 214 392 214 390 214 388 214 382 214 376 214 369 214 363 214 356 214 348 214 341 214 333 214 321 214 316 214 311 214 305 214 300 214 295 214 288 214 284 214 282 214 280 214 279 
34 2 0 1 0 1 492 274 -1 -1 1 3154 492 104 492 114 492 113 492 111 492 110 492 109 492 108 492 111 492 122 492 142 492 161 492 179 492 197 492 216 492 235 492 252 492 265 492 278 492 282 492 281 492 280 492 278 492 277 492 276 492 276 492 274 
34 2 0 1 0 1 59 223 -1 -1 0 3718 59 211 59 211 59 212 59 214 59 216 59 219 59 222 59 223 59 223 
34 2 0 1 0 1 459 221 -1 -1 1 2894 459 129 459 130 459 134 459 140 459 146 459 154 459 163 459 173 459 181 459 189 459 196 459 210 459 215 459 220 459 221 
34 2 0 1 0 1 326 270 -1 -1 1 3406 326 318 326 318 326 314 326 307 326 298 326 292 326 289 326 288 326 286 326 284 326 282 326 279 326 277 326 276 326 275 326 274 326 272 326 271 326 270 
34 2 0 1 0 1 535 254 -1 -1 1 3469 535 95 535 94 535 96 535 106 535 119 535 132 535 144 535 157 535 172 535 186 535 199 535 209 535 222 535 229 535 234 535 236 535 237 535 238 535 239 535 242 535 245 535 246 535 246 535 248 535 249 535 249 535 250 535 252 535 253 535 254 
34 2 0 1 0 1 399 350 -1 -1 1 6014 399 180 399 143 399 147 399 154 399 163 399 175 399 185 399 193 399 202 399 211 399 220 399 231 399 233 399 234 399 237 399 244 399 254 399 266 399 278 399 288 399 294 399 299 399 305 399 306 399 305 399 303 399 302 399 301 399 301 399 299 399 298 399 297 399 296 399 295 399 290 399 290 399 289 399 288 399 287 399 286 399 284 399 282 399 279 399 275 399 268 399 266 399 264 399 266 399 273 399 284 399 293 399 300 399 304 399 307 399 310 399 312 399 313 399 314 399 315 399 316 399 318 399 322 399 325 399 328 399 330 399 330 399 333 399 337 399 341 399 344 399 347 399 348 399 349 399 350 
34 2 0 1 0 1 32 356 -1 -1 0 4157 32 486 32 471 32 467 32 465 32 463 32 458 32 453 32 449 32 443 32 438 32 433 32 423 32 416 32 412 32 408 32 407 32 405 32 404 32 402 32 401 32 400 32 399 32 398 32 396 32 394 32 393 32 392 32 391 32 390 32 389 32 388 32 387 32 386 32 385 32 384 32 383 32 383 32 382 32 380 32 378 32 375 32 372 32 369 32 363 32 360 32 358 32 356 
34 2 0 1 0 1 309 340 -1 -1 0 4028 309 68 309 69 309 82 309 98 309 119 309 142 309 162 309 177 309 189 309 201 309 215 309 239 309 246 309 248 309 250 309 254 309 263 309 275 309 286 309 294 309 299 309 303 309 307 309 309 309 311 309 312 309 312 309 313 309 315 309 319 309 323 309 325 309 326 309 327 309 330 309 334 309 338 309 339 309 340 
34 2 0 1 0 1 458 360 -1 -1 1 3484 458 423 458 420 458 417 458 409 458 402 458 396 458 390 458 381 458 369 458 355 458 342 458 322 458 314 458 310 458 308 458 309 458 312 458 316 458 322 458 331 458 340 458 348 458 353 458 356 458 357 458 358 458 360 
34 2 0 1 0 1 493 347 -1 -1 1 3646 493 566 493 565 493 563 493 560 493 553 493 544 493 531 493 515 493 498 493 482 493 467 493 432 493 411 493 394 493 381 493 369 493 357 493 329 493 321 493 314 493 310 493 306 493 303 493 301 493 302 493 304 493 308 493 314 493 321 493 328 493 335 493 340 493 345 493 347 
34 2 0 1 0 1 571 303 -1 -1 1 3451 571 543 571 541 571 537 571 531 571 523 571 515 571 505 571 494 571 481 571 466 571 451 571 420 571 406 571 391 571 375 571 360 571 348 571 324 571 312 571 299 571 290 571 284 571 274 571 271 571 270 571 270 571 271 571 274 571 278 571 284 571 290 571 296 571 298 571 300 571 301 571 302 571 303 
34 2 0 1 0 1 127 342 -1 -1 0 3093 127 314 127 315 127 319 127 325 127 331 127 333 127 335 127 338 127 340 127 342 
34 2 0 1 0 1 346 348 -1 -1 0 3773 346 344 346 345 346 349 346 355 346 360 346 368 346 381 346 396 346 408 346 416 346 422 346 433 346 437 346 436 346 433 346 429 346 425 346 421 346 416 346 411 346 404 346 397 346 391 346 382 346 376 346 369 346 365 346 362 346 361 346 357 346 355 346 354 346 354 346 352 346 350 346 349 346 348 
34 2 0 1 0 1 257 322 -1 -1 0 3613 257 500 257 498 257 493 257 487 257 479 257 469 257 451 257 432 257 413 257 394 257 376 257 344 257 332 257 322 257 315 257 308 257 302 257 300 257 299 257 299 257 300 257 304 257 309 257 314 257 318 257 320 257 322 
34 2 0 1 0 2 316 249 1 2736 2 
34 2 0 1 0 2 549 216 1 1166 2 
34 2 0 1 0 2 183 216 1 532 2 
34 2 0 1 0 2 83 549 0 701 2 
34 2 0 1 0 2 516 50 1 859 2 
34 2 0 1 0 2 283 50 1 621 2 
34 2 0 1 0 2 116 149 1 518 2 
34 2 0 1 0 2 116 83 1 502 2 
34 2 0 1 0 2 216 383 0 1814 2 
34 2 0 1 0 2 83 516 0 1017 2 
34 2 0 1 0 2 283 183 1 755 2 
34 2 0 1 0 2 316 516 0 990 2 
34 2 0 1 0 2 83 416 0 1297 2 
34 2 0 1 0 2 449 349 0 860 2 
34 2 0 1 0 2 50 449 0 734 2 
34 2 0 1 0 2 349 416 0 619 2 
34 2 0 1 0 2 249 116 1 673 2 
34 2 0 1 0 2 482 449 0 776 2 
34 2 0 1 0 2 482 116 1 627 2 
34 2 0 1 0 2 416 116 1 1408 3 
34 2 0 1 0 2 482 183 1 1918 3 
34 2 0 1 0 2 316 549 0 1136 2 
34 2 0 1 0 2 383 549 0 902 3 
34 2 0 1 0 2 183 283 1 835 3 
34 2 0 1 0 2 416 149 1 690 3 
34 2 0 1 0 2 216 549 0 1036 3 
34 2 0 1 0 2 416 416 0 1508 3 
34 2 0 1 0 2 83 316 1 2353 2 
34 2 0 1 0 2 249 283 1 687 3 
34 2 0 1 0 2 83 482 0 1142 3 
34 2 0 1 0 2 482 316 1 2289 2 
34 2 0 1 0 2 516 283 1 891 2 
34 2 0 1 0 1 553 325 -1 -1 1 7185 401 325 599 325 597 325 593 325 589 325 584 325 577 325 568 325 560 325 553 325 
34 2 0 1 0 1 102 179 -1 -1 0 2963 102 250 102 63 102 66 102 72 102 80 102 90 102 101 102 114 102 127 102 140 102 152 102 173 102 179 
34 2 0 1 0 1 495 339 -1 -1 1 2773 495 406 495 405 495 401 495 392 495 382 495 371 495 361 495 350 495 339 
34 2 0 1 0 1 113 256 -1 -1 0 3156 113 58 113 55 113 54 113 58 113 72 113 93 113 112 113 132 113 153 113 178 113 202 113 225 113 244 113 278 113 291 113 300 113 304 113 306 113 306 113 305 113 304 113 300 113 292 113 286 113 282 113 277 113 272 113 267 113 263 113 256 
34 2 0 1 0 1 353 84 -1 -1 1 2853 353 192 353 188 353 180 353 167 353 153 353 142 353 131 353 119 353 108 353 97 353 90 353 85 353 84 
34 2 0 1 0 1 121 254 -1 -1 0 2819 121 294 121 293 121 292 121 289 121 285 121 277 121 268 121 260 121 256 121 255 121 254 
34 2 0 1 0 1 43 236 -1 -1 0 4269 43 218 43 218 43 219 43 222 43 224 43 228 43 231 43 235 43 236 43 236 
34 2 0 1 0 1 8 202 -1 -1 0 3557 8 195 8 197 8 199 8 200 8 201 8 202 
34 2 0 1 0 1 349 384 -1 -1 0 3076 349 529 349 528 349 527 349 525 349 520 349 512 349 504 349 496 349 491 349 485 349 478 349 471 349 454 349 445 349 434 349 422 349 408 349 398 349 387 349 385 349 384 
34 2 0 1 0 1 528 0 -1 -1 1 2948 528 336 528 334 528 326 528 315 528 299 528 277 528 248 528 216 528 176 528 130 528 86 528 11 528 0 528 0 528 0 528 0 528 0 528 0 528 0 528 0 528 0 528 0 528 0 
34 2 0 1 0 1 34 119 -1 -1 0 3852 34 553 34 557 34 560 34 565 34 574 34 585 34 599 34 599 34 599 34 599 34 599 34 597 34 586 34 568 34 549 34 530 34 512 34 493 34 475 34 457 34 426 34 413 34 398 34 380 34 362 34 348 34 329 34 324 34 320 34 316 34 312 34 309 34 303 34 300 34 291 34 279 34 267 34 239 34 223 34 207 34 191 34 175 34 163 34 143 34 133 34 123 34 119 
34 2 0 1 0 1 522 105 -1 -1 1 2951 522 217 522 238 522 232 522 222 522 205 522 189 522 173 522 157 522 144 522 132 522 120 522 105 
34 2 0 1 0 1 288 209 -1 -1 1 2805 288 328 288 318 288 317 288 315 288 311 288 304 288 293 288 279 288 262 288 247 288 235 288 218 288 213 288 210 288 209 
34 2 0 1 0 1 292 231 -1 -1 1 2883 292 24 292 23 292 24 292 27 292 35 292 46 292 57 292 68 292 83 292 101 292 119 292 136 292 168 292 184 292 201 292 214 292 224 292 229 292 231 
34 2 0 1 0 1 478 279 -1 -1 1 2861 478 456 478 454 478 454 478 451 478 445 478 438 478 427 478 416 478 402 478 387 478 372 478 336 478 320 478 305 478 292 478 284 478 281 478 279 
34 2 0 1 0 1 21 342 -1 -1 0 3053 21 81 21 82 21 88 21 97 21 108 21 125 21 142 21 159 21 173 21 182 21 193 21 220 21 233 21 240 21 244 21 248 21 253 21 271 21 279 21 284 21 289 21 300 21 325 21 333 21 339 21 341 21 342 
34 2 0 1 0 2 316 149 1 4401 2 
34 2 0 1 0 2 383 316 1 1339 2 
34 2 0 1 0 2 383 116 0 1258 2 
34 2 0 1 0 2 249 316 1 841 2 
34 2 0 1 0 2 482 383 0 783 2 
34 2 0 1 0 2 516 449 0 653 2 
34 2 0 1 0 2 149 349 1 644 2 
34 2 0 1 0 2 516 249 1 673 2 
34 2 0 1 0 2 482 216 1 601 2 
34 2 0 1 0 2 516 349 1 746 2 
34 2 0 1 0 2 549 449 0 559 2 
34 2 0 1 0 2 149 183 1 676 2 
34 2 0 1 0 2 549 516 0 749 2 
34 2 0 1 0 2 116 482 0 692 2 
34 2 0 1 0 2 349 149 0 1567 2 
34 2 0 1 0 2 549 50 1 1185 2 
34 2 0 1 0 2 149 383 1 663 2 
34 2 0 1 0 2 249 216 1 899 2 
34 2 0 1 0 2 50 83 1 604 2 
34 2 0 1 0 2 249 50 1 685 2 
34 2 0 1 0 2 149 549 0 633 2 
34 2 0 1 0 2 383 349 1 563 2 
34 2 0 1 0 2 283 349 1 682 2 
34 2 0 1 0 2 50 283 1 586 2 
34 2 0 1 0 2 249 416 0 1044 2 
34 2 0 1 0 2 116 116 1 697 2 
34 2 0 1 0 2 316 116 1 652 2 
34 2 0 1 0 2 216 149 1 599 2 
34 2 0 1 0 2 116 416 0 744 2 
34 2 0 1 0 2 349 449 0 715 2 
34 2 0 1 0 2 516 216 1 942 2 
34 2 0 1 0 2 183 249 1 698 2 
