Subject 43 in condition 3
Training Condition: 0
Task: 1
Rule: [[[250, 250], [[4538, -4463], [-4463, 4538]]], [[350, 350], [[4538, -4463], [-4463, 4538]]]]
Noise: 0
CATA=1
CATB=0
Sample keys: 122 120
Resp keys: 309 307
Dim direction: 1 0
Dim minimum: 72 51
Test order: [3, 2, 5, 1, 6, 0, 4, 7]
43 3 0 1 1 1 223 576 -1 -1 1 6599 395 576 396 576 400 576 404 576 408 576 411 576 414 576 423 576 431 576 449 576 457 576 463 576 472 576 476 576 480 576 482 576 484 576 484 576 485 576 485 576 485 576 484 576 483 576 481 576 480 576 479 576 479 576 477 576 476 576 475 576 474 576 473 576 471 576 465 576 462 576 456 576 454 576 453 576 450 576 449 576 448 576 447 576 446 576 445 576 445 576 443 576 442 576 441 576 438 576 438 576 437 576 437 576 436 576 435 576 434 576 434 576 433 576 433 576 432 576 431 576 430 576 428 576 425 576 421 576 413 576 408 576 404 576 398 576 395 576 392 576 384 576 380 576 372 576 368 576 365 576 359 576 354 576 350 576 340 576 335 576 330 576 323 576 321 576 319 576 318 576 317 576 313 576 309 576 303 576 288 576 281 576 264 576 256 576 245 576 223 576 
43 3 0 1 1 1 599 354 -1 -1 1 12062 430 400 430 332 430 330 430 328 430 325 430 322 430 320 430 318 430 318 430 317 430 316 430 315 430 315 430 314 430 316 430 318 430 322 430 325 430 329 430 331 430 334 430 336 430 338 430 340 430 342 430 342 430 343 430 343 430 344 430 344 430 344 430 345 430 345 430 345 430 346 430 346 430 346 430 347 430 347 430 347 430 348 430 348 430 348 430 348 430 348 430 350 430 350 430 350 430 350 430 350 430 350 430 351 430 351 430 351 430 351 430 351 430 351 430 351 430 351 430 352 430 352 430 352 430 352 430 352 430 352 430 353 430 353 430 353 430 353 430 353 430 354 430 354 430 354 430 354 430 354 428 354 423 354 417 354 410 354 399 354 393 354 379 354 374 354 370 354 366 354 365 354 363 354 355 354 350 354 343 354 325 354 310 354 282 354 270 354 257 354 235 354 232 354 234 354 242 354 252 354 263 354 275 354 292 354 334 354 352 354 387 354 405 354 424 354 452 354 462 354 473 354 489 354 495 354 501 354 508 354 509 354 512 354 517 354 522 354 530 354 537 354 546 354 558 354 563 354 567 354 575 354 578 354 587 354 590 354 593 354 599 354 599 354 599 354 599 354 599 354 599 354 599 354 599 354 599 354 599 354 599 354 599 354 599 354 599 354 599 354 
43 3 0 1 1 1 0 379 -1 -1 0 9905 53 379 54 379 55 379 55 379 55 379 55 379 55 379 55 379 55 379 55 379 49 379 43 379 28 379 17 379 5 379 0 379 0 379 0 379 0 379 0 379 0 379 0 379 0 379 0 379 0 379 0 379 0 379 0 379 0 379 0 379 0 379 0 379 0 379 0 379 0 379 0 379 0 379 0 379 0 379 0 379 
43 3 0 1 1 1 150 140 -1 -1 0 6361 129 140 174 140 174 140 176 140 180 140 190 140 206 140 225 140 271 140 297 140 341 140 354 140 363 140 371 140 373 140 375 140 378 140 382 140 384 140 385 140 385 140 382 140 374 140 362 140 349 140 334 140 296 140 276 140 238 140 219 140 198 140 154 140 131 140 109 140 73 140 59 140 47 140 35 140 34 140 35 140 38 140 98 140 103 140 107 140 112 140 117 140 125 140 142 140 147 140 148 140 150 140 
43 3 0 1 1 1 599 82 -1 -1 1 19972 182 82 73 82 73 82 73 82 73 82 73 82 73 82 73 82 74 82 74 82 74 82 75 82 75 82 76 82 76 82 77 82 77 82 77 82 77 82 78 82 78 82 78 82 78 82 77 82 77 82 77 82 76 82 76 82 76 82 76 82 75 82 75 82 75 82 75 82 75 82 75 82 75 82 75 82 75 82 75 82 75 82 75 82 74 82 72 82 71 82 70 82 69 82 68 82 66 82 65 82 65 82 64 82 64 82 63 82 62 82 62 82 62 82 65 82 68 82 72 82 82 82 88 82 94 82 99 82 105 82 111 82 112 82 109 82 104 82 98 82 90 82 81 82 66 82 59 82 48 82 43 82 39 82 31 82 28 82 24 82 16 82 12 82 8 82 0 82 0 82 0 82 0 82 0 82 0 82 0 82 0 82 0 82 0 82 0 82 0 82 0 82 0 82 0 82 0 82 1 82 5 82 12 82 23 82 35 82 69 82 95 82 125 82 194 82 230 82 303 82 337 82 371 82 435 82 463 82 488 82 526 82 542 82 568 82 579 82 589 82 599 82 599 82 599 82 599 82 599 82 599 82 599 82 599 82 599 82 599 82 599 82 599 82 599 82 599 82 599 82 599 82 599 82 599 82 599 82 599 82 599 82 599 82 599 82 
43 3 0 1 1 1 293 35 -1 -1 0 17473 293 247 293 245 293 241 293 237 293 235 293 232 293 230 293 225 293 221 293 214 293 210 293 208 293 204 293 201 293 197 293 189 293 185 293 182 293 180 293 179 293 176 293 174 293 169 293 159 293 155 293 151 293 147 293 145 293 134 293 129 293 123 293 113 293 109 293 105 293 95 293 93 293 91 293 86 293 83 293 80 293 79 293 78 293 78 293 77 293 76 293 75 293 74 293 73 293 71 293 70 293 70 293 69 293 68 293 67 293 66 293 65 293 65 293 64 293 62 293 60 293 58 293 53 293 51 293 49 293 48 293 46 293 45 293 45 293 44 293 43 293 42 293 41 293 40 293 40 293 38 293 37 293 36 293 35 293 35 
43 3 0 1 1 1 599 67 -1 -1 1 9184 155 67 157 67 155 67 151 67 147 67 144 67 140 67 127 67 118 67 98 67 86 67 72 67 48 67 35 67 23 67 1 67 0 67 0 67 0 67 0 67 0 67 0 67 0 67 1 67 5 67 13 67 25 67 38 67 54 67 98 67 120 67 164 67 188 67 213 67 255 67 275 67 295 67 334 67 352 67 369 67 402 67 418 67 443 67 453 67 464 67 482 67 490 67 500 67 522 67 534 67 557 67 569 67 581 67 599 67 599 67 599 67 599 67 599 67 599 67 599 67 599 67 599 67 599 67 599 67 599 67 599 67 599 67 599 67 599 67 
43 3 0 1 1 1 11 333 -1 -1 0 8610 55 333 55 333 56 333 57 333 58 333 59 333 59 333 60 333 61 333 63 333 65 333 66 333 67 333 64 333 60 333 51 333 41 333 33 333 26 333 17 333 13 333 11 333 10 333 11 333 
43 3 0 1 1 1 537 303 -1 -1 1 12171 537 125 537 127 537 133 537 138 537 145 537 156 537 171 537 206 537 221 537 250 537 263 537 273 537 282 537 286 537 290 537 297 537 299 537 301 537 301 537 302 537 303 
43 3 0 1 1 1 156 339 -1 -1 0 12937 156 52 156 51 156 48 156 43 156 37 156 31 156 25 156 12 156 7 156 0 156 0 156 0 156 0 156 0 156 0 156 0 156 2 156 6 156 12 156 23 156 36 156 55 156 97 156 117 156 163 156 184 156 204 156 244 156 259 156 273 156 293 156 299 156 305 156 315 156 321 156 330 156 332 156 334 156 337 156 338 156 338 156 339 
43 3 0 1 1 1 599 52 -1 -1 1 9067 105 52 119 52 111 52 103 52 93 52 83 52 73 52 51 52 39 52 15 52 4 52 0 52 0 52 0 52 0 52 0 52 0 52 0 52 0 52 0 52 0 52 0 52 0 52 1 52 6 52 14 52 24 52 37 52 51 52 82 52 99 52 137 52 157 52 176 52 217 52 236 52 253 52 285 52 300 52 328 52 339 52 351 52 373 52 383 52 393 52 415 52 425 52 436 52 453 52 462 52 476 52 483 52 490 52 505 52 512 52 520 52 537 52 546 52 554 52 569 52 578 52 596 52 599 52 599 52 599 52 599 52 599 52 599 52 599 52 599 52 599 52 599 52 599 52 599 52 599 52 599 52 599 52 
43 3 0 1 1 1 482 193 -1 -1 1 4953 482 275 482 78 482 82 482 86 482 90 482 95 482 102 482 118 482 127 482 145 482 155 482 162 482 177 482 183 482 188 482 193 
43 3 0 1 1 1 514 18 -1 -1 0 3739 516 18 514 18 
43 3 0 1 1 1 260 0 -1 -1 0 7955 260 411 260 411 260 409 260 404 260 395 260 382 260 362 260 301 260 268 260 216 260 201 260 189 260 172 260 164 260 156 260 128 260 110 260 90 260 57 260 43 260 16 260 5 260 0 260 0 260 0 260 0 260 3 260 4 260 5 260 4 260 2 260 0 260 0 260 0 260 0 260 0 260 0 260 0 260 0 260 0 260 0 260 0 260 0 260 0 260 0 260 0 
43 3 0 1 1 1 0 304 -1 -1 0 6346 129 304 359 304 358 304 358 304 357 304 356 304 356 304 355 304 355 304 354 304 356 304 358 304 361 304 365 304 369 304 372 304 379 304 383 304 393 304 399 304 406 304 422 304 430 304 438 304 447 304 448 304 447 304 442 304 433 304 421 304 407 304 390 304 340 304 308 304 247 304 220 304 196 304 149 304 127 304 106 304 66 304 47 304 29 304 0 304 0 304 0 304 0 304 0 304 0 304 0 304 0 304 0 304 
43 3 0 1 1 1 599 257 -1 -1 1 6795 390 257 599 257 599 257 598 257 597 257 595 257 593 257 590 257 582 257 578 257 572 257 570 257 568 257 566 257 564 257 563 257 561 257 561 257 562 257 566 257 572 257 581 257 590 257 598 257 599 257 599 257 599 257 599 257 599 257 599 257 599 257 599 257 599 257 599 257 599 257 599 257 599 257 599 257 599 257 599 257 
43 3 0 1 1 2 283 83 0 4016 4 
43 3 0 1 1 2 316 449 0 7546 3 
43 3 0 1 1 2 449 50 1 2378 5 
43 3 0 1 1 2 383 416 0 7842 3 
43 3 0 1 1 2 549 183 1 2140 5 
43 3 0 1 1 2 50 50 0 2024 5 
43 3 0 1 1 2 50 516 0 1157 5 
43 3 0 1 1 2 383 516 0 3325 4 
43 3 0 1 1 2 482 349 1 3360 3 
43 3 0 1 1 2 449 216 0 2982 3 
43 3 0 1 1 2 283 482 0 3001 5 
43 3 0 1 1 2 116 383 0 1863 5 
43 3 0 1 1 2 383 50 1 2685 3 
43 3 0 1 1 2 50 416 0 1706 5 
43 3 0 1 1 2 349 482 0 2108 4 
43 3 0 1 1 2 183 449 0 1390 5 
43 3 0 1 1 2 516 149 1 1681 3 
43 3 0 1 1 2 83 183 0 1627 5 
43 3 0 1 1 2 383 449 1 6124 3 
43 3 0 1 1 2 149 482 0 1710 5 
43 3 0 1 1 2 549 416 1 1825 5 
43 3 0 1 1 2 249 549 0 1985 3 
43 3 0 1 1 2 183 83 0 1849 4 
43 3 0 1 1 2 283 416 0 1857 4 
43 3 0 1 1 2 549 83 1 1794 5 
43 3 0 1 1 2 216 83 0 2160 4 
43 3 0 1 1 2 449 316 0 2532 4 
43 3 0 1 1 2 283 149 0 1491 5 
43 3 0 1 1 2 349 216 0 3542 4 
43 3 0 1 1 2 383 149 0 1112 5 
43 3 0 1 1 2 149 149 0 1171 5 
43 3 0 1 1 2 149 283 0 786 5 
43 3 0 1 1 1 304 427 -1 -1 1 8341 397 427 398 427 405 427 418 427 439 427 464 427 492 427 546 427 575 427 599 427 599 427 599 427 599 427 599 427 599 427 599 427 599 427 599 427 599 427 599 427 599 427 599 427 599 427 599 427 599 427 597 427 573 427 543 427 449 427 382 427 304 427 
43 3 0 1 1 1 311 469 -1 -1 1 8152 50 469 0 469 0 469 0 469 0 469 0 469 0 469 0 469 0 469 0 469 0 469 0 469 0 469 0 469 0 469 0 469 0 469 0 469 0 469 0 469 0 469 0 469 0 469 0 469 0 469 0 469 0 469 0 469 0 469 0 469 0 469 0 469 0 469 0 469 0 469 0 469 0 469 0 469 0 469 0 469 0 469 0 469 1 469 3 469 7 469 14 469 21 469 28 469 40 469 46 469 61 469 67 469 73 469 86 469 90 469 94 469 102 469 105 469 109 469 116 469 119 469 124 469 127 469 129 469 133 469 135 469 139 469 148 469 153 469 162 469 166 469 168 469 170 469 171 469 171 469 172 469 174 469 176 469 181 469 185 469 193 469 198 469 202 469 210 469 215 469 219 469 230 469 235 469 244 469 247 469 251 469 258 469 261 469 263 469 268 469 270 469 270 469 271 469 272 469 273 469 274 469 275 469 276 469 278 469 280 469 283 469 284 469 285 469 285 469 286 469 287 469 287 469 288 469 290 469 292 469 294 469 294 469 296 469 298 469 298 469 300 469 304 469 306 469 309 469 310 469 311 469 
43 3 0 1 1 1 247 393 -1 -1 1 12906 52 393 0 393 0 393 0 393 0 393 0 393 0 393 0 393 0 393 0 393 0 393 0 393 0 393 0 393 0 393 0 393 0 393 0 393 0 393 0 393 0 393 0 393 0 393 0 393 0 393 0 393 0 393 0 393 0 393 0 393 0 393 0 393 0 393 0 393 0 393 0 393 0 393 0 393 0 393 0 393 0 393 0 393 0 393 0 393 0 393 0 393 0 393 0 393 0 393 0 393 0 393 0 393 0 393 0 393 1 393 1 393 1 393 1 393 1 393 2 393 3 393 7 393 8 393 10 393 12 393 14 393 19 393 25 393 30 393 34 393 40 393 46 393 57 393 61 393 66 393 70 393 75 393 79 393 87 393 91 393 94 393 98 393 101 393 106 393 108 393 110 393 111 393 112 393 112 393 113 393 113 393 113 393 113 393 113 393 114 393 114 393 114 393 114 393 115 393 116 393 118 393 119 393 119 393 120 393 122 393 124 393 125 393 126 393 128 393 130 393 132 393 136 393 139 393 142 393 145 393 148 393 152 393 159 393 163 393 167 393 171 393 174 393 181 393 184 393 187 393 191 393 194 393 197 393 202 393 205 393 208 393 210 393 213 393 217 393 220 393 222 393 224 393 226 393 228 393 233 393 235 393 236 393 238 393 240 393 244 393 246 393 248 393 250 393 252 393 253 393 256 393 257 393 259 393 260 393 262 393 264 393 265 393 266 393 267 393 268 393 269 393 270 393 271 393 271 393 273 393 273 393 275 393 277 393 278 393 279 393 280 393 282 393 283 393 284 393 285 393 286 393 286 393 287 393 288 393 289 393 290 393 291 393 293 393 295 393 297 393 298 393 299 393 300 393 300 393 301 393 301 393 301 393 302 393 302 393 302 393 303 393 303 393 302 393 300 393 298 393 296 393 293 393 287 393 284 393 280 393 278 393 275 393 270 393 268 393 265 393 261 393 259 393 257 393 254 393 252 393 249 393 248 393 247 393 247 393 
43 3 0 1 1 1 268 40 -1 -1 0 9297 368 40 368 40 368 40 368 40 367 40 366 40 366 40 366 40 365 40 365 40 364 40 364 40 364 40 363 40 363 40 363 40 363 40 363 40 363 40 362 40 362 40 361 40 361 40 361 40 360 40 360 40 359 40 359 40 358 40 357 40 356 40 355 40 354 40 353 40 353 40 352 40 352 40 352 40 351 40 351 40 350 40 350 40 349 40 349 40 349 40 349 40 348 40 348 40 348 40 348 40 348 40 348 40 347 40 347 40 347 40 346 40 346 40 345 40 344 40 344 40 344 40 343 40 342 40 342 40 341 40 341 40 340 40 339 40 338 40 336 40 335 40 335 40 334 40 333 40 333 40 331 40 330 40 327 40 325 40 324 40 323 40 322 40 321 40 320 40 319 40 318 40 317 40 316 40 315 40 314 40 313 40 312 40 311 40 310 40 309 40 308 40 307 40 306 40 305 40 304 40 302 40 302 40 301 40 300 40 299 40 298 40 296 40 296 40 295 40 294 40 293 40 291 40 290 40 289 40 289 40 288 40 286 40 286 40 285 40 284 40 283 40 282 40 280 40 279 40 278 40 277 40 276 40 274 40 274 40 273 40 272 40 272 40 271 40 270 40 270 40 270 40 270 40 270 40 270 40 270 40 270 40 270 40 269 40 269 40 269 40 269 40 269 40 268 40 
43 3 0 1 1 1 0 220 -1 -1 0 8817 244 220 211 220 209 220 206 220 204 220 201 220 198 220 192 220 190 220 185 220 182 220 72 220 74 220 77 220 80 220 82 220 85 220 89 220 93 220 100 220 104 220 108 220 117 220 122 220 126 220 134 220 138 220 141 220 150 220 153 220 160 220 163 220 167 220 175 220 179 220 182 220 186 220 187 220 185 220 181 220 176 220 171 220 164 220 151 220 146 220 137 220 132 220 126 220 117 220 112 220 107 220 99 220 95 220 93 220 91 220 89 220 86 220 84 220 82 220 78 220 76 220 75 220 72 220 71 220 69 220 69 220 68 220 66 220 66 220 65 220 63 220 62 220 61 220 59 220 58 220 57 220 55 220 54 220 52 220 50 220 48 220 44 220 42 220 40 220 36 220 35 220 31 220 30 220 28 220 23 220 21 220 19 220 14 220 12 220 9 220 7 220 5 220 1 220 0 220 0 220 0 220 0 220 0 220 0 220 0 220 0 220 0 220 0 220 0 220 0 220 0 220 0 220 0 220 0 220 0 220 0 220 0 220 0 220 0 220 
43 3 0 1 1 1 240 87 -1 -1 0 9776 158 87 266 87 267 87 267 87 267 87 267 87 267 87 267 87 267 87 267 87 266 87 266 87 266 87 265 87 265 87 265 87 265 87 264 87 264 87 264 87 263 87 263 87 263 87 263 87 263 87 263 87 261 87 261 87 261 87 261 87 261 87 261 87 261 87 261 87 259 87 259 87 259 87 257 87 257 87 257 87 257 87 257 87 257 87 255 87 255 87 253 87 251 87 249 87 247 87 246 87 244 87 243 87 242 87 242 87 242 87 242 87 241 87 241 87 241 87 241 87 241 87 241 87 241 87 241 87 240 87 240 87 240 87 240 87 240 87 240 87 240 87 240 87 240 87 240 87 240 87 240 87 240 87 240 87 240 87 240 87 240 87 240 87 
43 3 0 1 1 1 429 272 -1 -1 1 5986 429 227 429 273 429 273 429 273 429 273 429 273 429 273 429 273 429 273 429 273 429 273 429 272 
43 3 0 1 1 1 302 133 -1 -1 0 5611 302 123 302 124 302 125 302 127 302 128 302 129 302 129 302 130 302 131 302 131 302 133 
43 3 0 1 1 1 422 562 -1 -1 1 4360 422 554 422 555 422 556 422 558 422 559 422 560 422 561 422 562 
43 3 0 1 1 1 430 340 -1 -1 1 4289 430 321 430 323 430 324 430 325 430 326 430 328 430 330 430 332 430 333 430 334 430 336 430 338 430 340 430 340 
43 3 0 1 1 1 334 223 -1 -1 0 6019 334 327 334 181 334 182 334 184 334 186 334 188 334 192 334 205 334 211 334 219 334 221 334 223 
43 3 0 1 1 1 495 526 -1 -1 1 5002 495 413 495 486 495 492 495 497 495 503 495 508 495 511 495 514 495 515 495 519 495 523 495 525 495 526 
43 3 0 1 1 1 564 227 -1 -1 1 5002 564 248 564 185 564 186 564 188 564 193 564 200 564 207 564 213 564 221 564 224 564 226 564 226 564 227 
43 3 0 1 1 1 384 527 -1 -1 1 5873 384 486 384 497 384 500 384 507 384 514 384 519 384 522 384 526 384 526 384 526 384 526 384 527 
43 3 0 1 1 1 140 516 -1 -1 1 3976 140 524 140 588 140 588 140 588 140 588 140 588 140 584 140 575 140 558 140 549 140 535 140 518 140 516 
43 3 0 1 1 1 502 35 -1 -1 0 4500 502 52 502 105 502 104 502 103 502 101 502 98 502 94 502 86 502 80 502 67 502 59 502 54 502 45 502 43 502 40 502 37 502 36 502 36 502 35 
43 3 0 1 1 2 416 249 1 6989 4 
43 3 0 1 1 2 316 283 0 2520 4 
43 3 0 1 1 2 183 383 0 1461 5 
43 3 0 1 1 2 383 83 1 5159 3 
43 3 0 1 1 2 349 383 0 1621 4 
43 3 0 1 1 2 516 383 1 2366 5 
43 3 0 1 1 2 83 83 0 1777 5 
43 3 0 1 1 2 149 249 0 1098 5 
43 3 0 1 1 2 482 149 1 2235 5 
43 3 0 1 1 2 83 449 0 1012 5 
43 3 0 1 1 2 549 383 0 3657 3 
43 3 0 1 1 2 183 349 0 1668 5 
43 3 0 1 1 2 349 516 1 2807 4 
43 3 0 1 1 2 149 116 0 1326 5 
43 3 0 1 1 2 149 83 0 1065 5 
43 3 0 1 1 2 283 216 0 2174 4 
43 3 0 1 1 2 216 349 0 2090 5 
43 3 0 1 1 2 449 449 1 2044 5 
43 3 0 1 1 2 50 149 0 1238 5 
43 3 0 1 1 2 216 449 0 1255 5 
43 3 0 1 1 2 449 116 1 1521 4 
43 3 0 1 1 2 449 83 1 1101 4 
43 3 0 1 1 2 482 50 1 891 4 
43 3 0 1 1 2 349 83 0 10568 4 
43 3 0 1 1 2 83 149 0 1322 5 
43 3 0 1 1 2 416 349 1 2086 4 
43 3 0 1 1 2 83 349 0 853 5 
43 3 0 1 1 2 249 183 0 1952 5 
43 3 0 1 1 2 416 482 1 2949 5 
43 3 0 1 1 2 116 316 0 1292 5 
43 3 0 1 1 2 549 316 1 1290 5 
43 3 0 1 1 2 283 383 0 4426 4 
43 3 0 1 1 1 500 487 -1 -1 1 5123 500 488 500 487 
43 3 0 1 1 1 129 526 -1 -1 1 4971 129 523 129 559 129 557 129 553 129 545 129 537 129 532 129 527 129 526 
43 3 0 1 1 1 553 174 -1 -1 1 4841 553 183 553 167 553 169 553 171 553 173 553 174 553 174 
43 3 0 1 1 1 490 269 -1 -1 1 3587 490 288 490 287 490 281 490 277 490 274 490 273 490 272 490 271 490 270 490 269 
43 3 0 1 1 1 469 221 -1 -1 1 3914 469 309 469 260 469 257 469 252 469 245 469 241 469 237 469 229 469 225 469 222 469 221 
43 3 0 1 1 1 502 301 -1 -1 1 3753 502 322 502 326 502 325 502 321 502 317 502 313 502 310 502 308 502 305 502 304 502 303 502 301 
43 3 0 1 1 1 181 459 -1 -1 1 3883 181 424 181 459 
43 3 0 1 1 1 483 73 -1 -1 0 5843 483 79 483 105 483 101 483 94 483 88 483 83 483 81 483 78 483 77 483 76 483 74 483 73 
43 3 0 1 1 1 433 457 -1 -1 1 8465 433 485 433 483 433 477 433 472 433 468 433 466 433 463 433 460 433 458 433 457 
43 3 0 1 1 1 230 570 -1 -1 1 3499 230 564 230 565 230 566 230 567 230 568 230 569 230 570 
43 3 0 1 1 1 490 335 -1 -1 1 8364 490 321 490 324 490 327 490 330 490 333 490 335 
43 3 0 1 1 1 491 89 -1 -1 0 4850 491 102 491 101 491 97 491 95 491 91 491 90 491 89 
43 3 0 1 1 1 534 60 -1 -1 0 5194 534 344 534 344 534 334 534 321 534 307 534 293 534 280 534 262 534 256 534 244 534 239 534 233 534 219 534 212 534 206 534 193 534 187 534 181 534 171 534 167 534 156 534 150 534 145 534 133 534 127 534 123 534 117 534 115 534 109 534 106 534 104 534 100 534 98 534 96 534 93 534 91 534 89 534 83 534 81 534 77 534 75 534 73 534 69 534 66 534 63 534 60 
43 3 0 1 1 1 128 522 -1 -1 1 6818 140 522 236 522 236 522 236 522 236 522 236 522 238 522 239 522 240 522 241 522 241 522 240 522 233 522 221 522 204 522 186 522 168 522 141 522 134 522 130 522 129 522 128 522 
43 3 0 1 1 1 242 397 -1 -1 1 2366 242 388 242 397 242 397 
43 3 0 1 1 1 429 324 -1 -1 1 6943 500 324 437 324 435 324 434 324 434 324 432 324 431 324 430 324 429 324 429 324 
43 3 0 1 1 2 216 183 0 4638 4 
43 3 0 1 1 2 183 516 0 2590 5 
43 3 0 1 1 2 482 83 1 4819 4 
43 3 0 1 1 2 116 216 0 2847 5 
43 3 0 1 1 2 449 383 1 3192 5 
43 3 0 1 1 2 183 316 0 4165 4 
43 3 0 1 1 2 83 116 0 4016 4 
43 3 0 1 1 2 349 349 1 2101 3 
43 3 0 1 1 2 449 183 1 4016 5 
43 3 0 1 1 2 383 383 1 1929 5 
43 3 0 1 1 2 449 149 1 3539 5 
43 3 0 1 1 2 416 316 1 2141 5 
43 3 0 1 1 2 50 549 0 1976 5 
43 3 0 1 1 2 283 449 1 2568 4 
43 3 0 1 1 2 316 50 0 2367 5 
43 3 0 1 1 2 482 482 1 2012 5 
43 3 0 1 1 2 449 516 1 2825 4 
43 3 0 1 1 2 183 416 1 2175 4 
43 3 0 1 1 2 183 183 0 6085 5 
43 3 0 1 1 2 116 283 1 1515 4 
43 3 0 1 1 2 316 416 1 1176 4 
43 3 0 1 1 2 116 249 1 1158 4 
43 3 0 1 1 2 549 116 1 2117 4 
43 3 0 1 1 2 183 549 0 1656 5 
43 3 0 1 1 2 416 83 1 4644 4 
43 3 0 1 1 2 249 83 0 1589 5 
43 3 0 1 1 2 549 283 1 1658 5 
43 3 0 1 1 2 116 516 0 1691 5 
43 3 0 1 1 2 216 316 1 1406 4 
43 3 0 1 1 2 416 50 0 4383 3 
43 3 0 1 1 2 249 249 1 1697 4 
43 3 0 1 1 2 316 383 1 2146 5 
43 3 0 1 1 1 391 488 -1 -1 1 9997 372 488 373 488 378 488 383 488 387 488 390 488 391 488 
43 3 0 1 1 1 0 273 -1 -1 0 7346 142 273 142 273 142 273 141 273 140 273 139 273 138 273 137 273 136 273 134 273 134 273 133 273 133 273 133 273 133 273 133 273 133 273 133 273 133 273 133 273 133 273 132 273 130 273 126 273 124 273 122 273 120 273 119 273 118 273 117 273 116 273 116 273 115 273 115 273 115 273 115 273 115 273 116 273 118 273 120 273 122 273 124 273 128 273 130 273 133 273 139 273 141 273 143 273 146 273 148 273 149 273 151 273 151 273 151 273 151 273 151 273 150 273 148 273 146 273 145 273 145 273 145 273 146 273 150 273 156 273 160 273 165 273 170 273 180 273 183 273 188 273 189 273 189 273 188 273 184 273 180 273 175 273 162 273 155 273 146 273 122 273 106 273 88 273 52 273 33 273 3 273 0 273 0 273 0 273 0 273 0 273 0 273 0 273 0 273 0 273 0 273 0 273 0 273 0 273 0 273 0 273 0 273 0 273 0 273 
43 3 0 1 1 1 0 397 -1 -1 0 7879 546 397 546 397 546 397 545 397 544 397 543 397 541 397 538 397 537 397 534 397 533 397 532 397 528 397 527 397 526 397 524 397 522 397 521 397 518 397 517 397 516 397 515 397 514 397 513 397 512 397 512 397 509 397 508 397 508 397 508 397 508 397 510 397 511 397 512 397 516 397 519 397 523 397 532 397 536 397 544 397 549 397 553 397 557 397 558 397 558 397 561 397 564 397 567 397 573 397 579 397 589 397 592 397 592 397 596 397 599 397 599 397 599 397 599 397 599 397 599 397 599 397 599 397 599 397 599 397 599 397 599 397 599 397 599 397 599 397 596 397 592 397 590 397 582 397 577 397 574 397 566 397 563 397 562 397 563 397 568 397 578 397 596 397 599 397 599 397 599 397 599 397 599 397 599 397 599 397 599 397 599 397 599 397 599 397 599 397 599 397 599 397 599 397 599 397 599 397 599 397 599 397 599 397 585 397 573 397 553 397 518 397 472 397 402 397 228 397 123 397 0 397 0 397 0 397 0 397 0 397 0 397 0 397 0 397 0 397 0 397 0 397 0 397 0 397 0 397 0 397 0 397 0 397 0 397 0 397 0 397 0 397 0 397 0 397 0 397 0 397 0 397 0 397 0 397 0 397 0 397 0 397 
43 3 0 1 1 1 278 372 -1 -1 1 6521 278 369 278 371 278 371 278 372 278 372 
43 3 0 1 1 1 0 270 -1 -1 0 6571 115 270 116 270 117 270 117 270 119 270 122 270 126 270 129 270 134 270 138 270 141 270 142 270 143 270 145 270 146 270 147 270 147 270 148 270 148 270 149 270 150 270 149 270 147 270 144 270 139 270 134 270 126 270 107 270 98 270 77 270 66 270 56 270 37 270 28 270 21 270 5 270 0 270 0 270 0 270 0 270 0 270 0 270 0 270 0 270 0 270 0 270 
43 3 0 1 1 1 175 188 -1 -1 0 3106 175 187 175 188 
43 3 0 1 1 1 302 260 -1 -1 0 5953 302 239 302 260 302 260 
43 3 0 1 1 1 262 312 -1 -1 0 5821 262 62 262 64 262 67 262 72 262 80 262 90 262 103 262 130 262 139 262 156 262 164 262 169 262 174 262 177 262 179 262 186 262 190 262 195 262 203 262 207 262 212 262 214 262 217 262 225 262 231 262 238 262 248 262 253 262 266 262 270 262 274 262 285 262 293 262 298 262 305 262 307 262 309 262 310 262 310 262 311 262 311 262 312 262 312 
43 3 0 1 1 1 83 141 -1 -1 0 10681 83 143 83 139 83 140 83 141 
43 3 0 1 1 1 599 34 -1 -1 1 8139 381 34 381 34 381 34 381 34 380 34 379 34 378 34 376 34 376 34 373 34 372 34 372 34 370 34 370 34 370 34 373 34 375 34 377 34 378 34 379 34 379 34 379 34 379 34 379 34 379 34 379 34 379 34 379 34 379 34 379 34 378 34 376 34 373 34 372 34 372 34 371 34 370 34 368 34 363 34 361 34 359 34 354 34 352 34 347 34 344 34 341 34 335 34 334 34 332 34 332 34 330 34 329 34 329 34 329 34 330 34 330 34 330 34 330 34 330 34 329 34 327 34 324 34 320 34 320 34 319 34 315 34 311 34 308 34 307 34 306 34 305 34 305 34 310 34 324 34 330 34 335 34 342 34 343 34 343 34 331 34 323 34 306 34 296 34 285 34 264 34 252 34 242 34 220 34 209 34 198 34 179 34 171 34 161 34 158 34 156 34 156 34 156 34 156 34 156 34 157 34 160 34 161 34 162 34 164 34 165 34 167 34 174 34 183 34 198 34 246 34 272 34 321 34 342 34 362 34 400 34 417 34 432 34 458 34 469 34 487 34 494 34 501 34 511 34 516 34 522 34 533 34 539 34 546 34 554 34 559 34 566 34 570 34 574 34 578 34 582 34 583 34 586 34 586 34 587 34 588 34 589 34 591 34 594 34 595 34 598 34 598 34 599 34 599 34 599 34 
43 3 0 1 1 1 527 346 -1 -1 1 4920 527 235 527 215 527 215 527 215 527 214 527 214 527 214 527 215 527 216 527 217 527 217 527 217 527 218 527 218 527 218 527 216 527 216 527 215 527 214 527 213 527 213 527 212 527 212 527 213 527 216 527 221 527 238 527 248 527 268 527 279 527 291 527 312 527 321 527 328 527 339 527 342 527 344 527 345 527 346 527 346 527 346 
43 3 0 1 1 1 599 568 -1 -1 1 9281 63 568 62 568 62 568 61 568 60 568 60 568 59 568 59 568 58 568 57 568 57 568 56 568 56 568 55 568 54 568 51 568 49 568 49 568 48 568 48 568 46 568 46 568 46 568 46 568 47 568 47 568 49 568 51 568 55 568 58 568 61 568 71 568 76 568 81 568 88 568 92 568 96 568 104 568 107 568 112 568 115 568 120 568 129 568 134 568 138 568 149 568 156 568 169 568 175 568 180 568 191 568 196 568 199 568 204 568 205 568 205 568 207 568 207 568 207 568 206 568 205 568 202 568 199 568 196 568 189 568 186 568 183 568 178 568 174 568 165 568 164 568 164 568 164 568 164 568 164 568 163 568 162 568 153 568 140 568 122 568 83 568 65 568 46 568 25 568 40 568 52 568 67 568 74 568 97 568 116 568 122 568 141 568 141 568 133 568 123 568 129 568 144 568 134 568 138 568 168 568 177 568 189 568 202 568 165 568 103 568 0 568 0 568 0 568 0 568 0 568 0 568 0 568 0 568 0 568 0 568 0 568 0 568 0 568 0 568 0 568 0 568 7 568 26 568 53 568 129 568 174 568 278 568 329 568 376 568 458 568 498 568 538 568 599 568 599 568 599 568 599 568 599 568 599 568 599 568 599 568 599 568 599 568 599 568 599 568 599 568 599 568 599 568 
43 3 0 1 1 1 316 46 -1 -1 0 12106 233 46 233 46 232 46 232 46 232 46 232 46 232 46 232 46 232 46 232 46 232 46 232 46 232 46 232 46 232 46 232 46 232 46 232 46 232 46 232 46 232 46 232 46 231 46 231 46 231 46 231 46 231 46 231 46 231 46 231 46 231 46 231 46 232 46 233 46 234 46 234 46 235 46 235 46 235 46 235 46 235 46 236 46 236 46 236 46 236 46 236 46 236 46 236 46 235 46 235 46 233 46 233 46 233 46 233 46 233 46 233 46 233 46 233 46 232 46 231 46 229 46 227 46 226 46 224 46 222 46 221 46 219 46 218 46 218 46 214 46 213 46 210 46 209 46 207 46 202 46 201 46 199 46 199 46 199 46 199 46 199 46 199 46 202 46 205 46 212 46 214 46 219 46 224 46 227 46 231 46 237 46 239 46 245 46 247 46 248 46 250 46 250 46 252 46 252 46 252 46 253 46 254 46 255 46 255 46 255 46 255 46 255 46 255 46 255 46 255 46 254 46 253 46 253 46 252 46 250 46 249 46 248 46 245 46 243 46 241 46 236 46 234 46 225 46 219 46 214 46 203 46 198 46 193 46 181 46 174 46 162 46 158 46 153 46 146 46 144 46 143 46 143 46 140 46 136 46 128 46 123 46 116 46 110 46 102 46 79 46 64 46 48 46 19 46 10 46 0 46 0 46 0 46 0 46 0 46 0 46 0 46 0 46 0 46 0 46 0 46 0 46 0 46 0 46 0 46 0 46 0 46 0 46 0 46 0 46 0 46 0 46 0 46 0 46 0 46 0 46 0 46 0 46 0 46 0 46 4 46 8 46 16 46 38 46 52 46 69 46 101 46 119 46 135 46 162 46 173 46 195 46 207 46 215 46 226 46 231 46 238 46 257 46 264 46 273 46 277 46 279 46 280 46 281 46 281 46 281 46 281 46 281 46 281 46 281 46 281 46 282 46 283 46 284 46 286 46 287 46 291 46 292 46 293 46 297 46 298 46 300 46 303 46 304 46 305 46 308 46 309 46 310 46 311 46 311 46 311 46 311 46 311 46 312 46 312 46 312 46 313 46 314 46 315 46 316 46 316 46 316 46 
43 3 0 1 1 1 496 290 -1 -1 1 8896 227 290 227 290 226 290 225 290 223 290 222 290 220 290 218 290 217 290 216 290 214 290 212 290 210 290 208 290 207 290 205 290 204 290 204 290 203 290 202 290 201 290 201 290 200 290 200 290 197 290 193 290 189 290 178 290 172 290 167 290 158 290 154 290 152 290 147 290 145 290 143 290 140 290 139 290 137 290 137 290 137 290 136 290 136 290 136 290 132 290 130 290 123 290 120 290 117 290 109 290 105 290 101 290 92 290 87 290 83 290 75 290 70 290 67 290 64 290 63 290 63 290 63 290 61 290 58 290 61 290 70 290 72 290 81 290 117 290 147 290 180 290 267 290 315 290 362 290 446 290 485 290 555 290 587 290 599 290 599 290 599 290 599 290 599 290 599 290 599 290 599 290 599 290 599 290 599 290 599 290 599 290 599 290 599 290 597 290 594 290 590 290 587 290 580 290 577 290 574 290 572 290 570 290 566 290 564 290 561 290 556 290 553 290 550 290 546 290 544 290 540 290 537 290 535 290 529 290 527 290 524 290 518 290 516 290 513 290 513 290 513 290 513 290 513 290 512 290 510 290 510 290 508 290 506 290 504 290 503 290 502 290 502 290 501 290 501 290 501 290 501 290 500 290 500 290 500 290 500 290 500 290 500 290 498 290 498 290 498 290 498 290 498 290 496 290 496 290 496 290 496 290 
43 3 0 1 1 1 409 402 -1 -1 1 8609 590 402 590 402 590 402 590 402 590 402 590 402 590 402 590 402 590 402 590 402 590 402 590 402 590 402 590 402 590 402 590 402 590 402 590 402 590 402 590 402 590 402 590 402 590 402 590 402 591 402 591 402 592 402 593 402 594 402 595 402 595 402 595 402 595 402 596 402 596 402 597 402 597 402 597 402 597 402 597 402 597 402 597 402 597 402 597 402 597 402 597 402 597 402 597 402 597 402 595 402 592 402 589 402 584 402 582 402 578 402 577 402 576 402 576 402 575 402 575 402 573 402 572 402 571 402 569 402 568 402 566 402 566 402 565 402 563 402 562 402 561 402 558 402 557 402 555 402 553 402 552 402 549 402 548 402 547 402 544 402 543 402 541 402 540 402 538 402 536 402 535 402 533 402 531 402 529 402 528 402 525 402 524 402 521 402 519 402 516 402 513 402 511 402 509 402 505 402 504 402 501 402 498 402 496 402 492 402 490 402 488 402 484 402 482 402 480 402 475 402 474 402 472 402 469 402 468 402 466 402 466 402 464 402 463 402 462 402 461 402 458 402 457 402 456 402 455 402 455 402 455 402 455 402 455 402 455 402 454 402 454 402 453 402 452 402 451 402 450 402 450 402 449 402 449 402 448 402 447 402 446 402 445 402 443 402 441 402 439 402 437 402 436 402 433 402 432 402 432 402 431 402 431 402 431 402 431 402 429 402 429 402 428 402 428 402 426 402 425 402 423 402 422 402 421 402 420 402 419 402 419 402 417 402 417 402 416 402 415 402 415 402 414 402 414 402 414 402 413 402 413 402 412 402 411 402 410 402 410 402 410 402 409 402 409 402 
43 3 0 1 1 1 265 397 -1 -1 1 6282 585 397 577 397 577 397 577 397 577 397 577 397 576 397 576 397 576 397 576 397 576 397 576 397 578 397 579 397 581 397 586 397 586 397 590 397 595 397 598 397 599 397 599 397 599 397 599 397 599 397 599 397 599 397 599 397 599 397 599 397 599 397 598 397 596 397 592 397 580 397 570 397 560 397 533 397 520 397 497 397 486 397 477 397 457 397 451 397 444 397 432 397 428 397 423 397 417 397 414 397 408 397 404 397 401 397 393 397 389 397 384 397 375 397 369 397 358 397 353 397 348 397 337 397 331 397 325 397 314 397 308 397 301 397 290 397 284 397 276 397 272 397 270 397 266 397 265 397 265 397 265 397 265 397 266 397 268 397 270 397 273 397 277 397 278 397 279 397 279 397 279 397 279 397 278 397 277 397 275 397 273 397 271 397 268 397 266 397 265 397 265 397 
43 3 0 1 1 2 183 50 0 5411 4 
43 3 0 1 1 2 249 516 0 4806 3 
43 3 0 1 1 2 416 516 1 1322 5 
43 3 0 1 1 2 216 50 0 1610 4 
43 3 0 1 1 2 50 316 0 1081 5 
43 3 0 1 1 2 416 183 1 1513 5 
43 3 0 1 1 2 316 316 1 3402 4 
43 3 0 1 1 2 349 116 1 1781 5 
43 3 0 1 1 2 516 482 1 1154 5 
43 3 0 1 1 2 383 216 1 2127 4 
43 3 0 1 1 2 316 216 0 1887 4 
43 3 0 1 1 2 216 416 0 1137 5 
43 3 0 1 1 2 516 549 1 1134 4 
43 3 0 1 1 2 283 116 0 2019 5 
43 3 0 1 1 2 416 216 1 1846 4 
43 3 0 1 1 2 50 482 0 1220 5 
43 3 0 1 1 2 216 482 0 1049 5 
43 3 0 1 1 2 416 449 1 1246 4 
43 3 0 1 1 2 249 149 0 2184 5 
43 3 0 1 1 2 50 249 0 851 5 
43 3 0 1 1 2 482 516 1 1324 5 
43 3 0 1 1 2 383 183 1 1745 4 
43 3 0 1 1 2 149 316 0 1985 5 
43 3 0 1 1 2 516 183 1 1953 5 
43 3 0 1 1 2 149 516 0 1120 5 
43 3 0 1 1 2 249 349 1 4856 4 
43 3 0 1 1 2 482 249 1 1375 5 
43 3 0 1 1 2 149 50 0 835 5 
43 3 0 1 1 2 449 549 1 1060 5 
43 3 0 1 1 2 316 349 0 2263 3 
43 3 0 1 1 2 183 116 0 1305 5 
43 3 0 1 1 2 283 249 0 2698 4 
43 3 0 1 1 1 561 107 -1 -1 1 7275 561 121 561 207 561 203 561 199 561 191 561 182 561 171 561 147 561 134 561 115 561 111 561 109 561 108 561 107 
43 3 0 1 1 1 177 403 -1 -1 0 5644 113 403 111 403 110 403 110 403 110 403 109 403 109 403 109 403 109 403 107 403 106 403 106 403 104 403 103 403 102 403 100 403 98 403 97 403 95 403 95 403 92 403 92 403 92 403 92 403 92 403 92 403 92 403 92 403 94 403 96 403 99 403 101 403 102 403 104 403 108 403 111 403 117 403 121 403 124 403 128 403 131 403 137 403 140 403 142 403 144 403 146 403 147 403 152 403 153 403 154 403 155 403 156 403 156 403 158 403 160 403 162 403 164 403 165 403 167 403 168 403 169 403 169 403 169 403 169 403 172 403 173 403 173 403 173 403 173 403 173 403 173 403 174 403 175 403 176 403 177 403 177 403 177 403 177 403 178 403 179 403 180 403 180 403 180 403 180 403 179 403 178 403 177 403 177 403 177 403 177 403 177 403 177 403 177 403 
43 3 0 1 1 1 412 379 -1 -1 1 4759 412 388 412 388 412 387 412 385 412 383 412 382 412 381 412 380 412 379 
43 3 0 1 1 1 323 238 -1 -1 0 4250 323 250 323 249 323 248 323 247 323 245 323 244 323 243 323 242 323 241 323 240 323 238 
43 3 0 1 1 1 138 81 -1 -1 0 3450 138 89 138 88 138 87 138 85 138 83 138 82 138 81 
43 3 0 1 1 1 366 549 -1 -1 1 3585 366 554 366 553 366 552 366 552 366 551 366 550 366 550 366 549 
43 3 0 1 1 1 419 214 -1 -1 1 3242 419 236 419 235 419 233 419 231 419 230 419 227 419 223 419 217 419 215 419 215 419 214 
43 3 0 1 1 1 519 120 -1 -1 1 4441 519 73 519 75 519 77 519 80 519 86 519 94 519 101 519 112 519 115 519 120 
43 3 0 1 1 1 255 395 -1 -1 1 8833 55 395 56 395 55 395 54 395 53 395 52 395 51 395 50 395 49 395 47 395 46 395 44 395 43 395 40 395 38 395 33 395 31 395 28 395 28 395 30 395 34 395 41 395 48 395 57 395 73 395 81 395 93 395 98 395 103 395 114 395 120 395 126 395 138 395 144 395 149 395 160 395 166 395 176 395 181 395 185 395 191 395 194 395 196 395 200 395 202 395 206 395 208 395 211 395 216 395 218 395 220 395 222 395 223 395 223 395 223 395 224 395 224 395 224 395 224 395 226 395 226 395 227 395 227 395 227 395 229 395 229 395 230 395 231 395 233 395 235 395 236 395 239 395 241 395 243 395 247 395 249 395 251 395 254 395 255 395 255 395 
43 3 0 1 1 1 34 0 -1 -1 0 4994 34 75 34 0 34 0 34 0 
43 3 0 1 1 1 579 261 -1 -1 1 5035 579 281 579 280 579 279 579 277 579 276 579 274 579 272 579 270 579 269 579 265 579 264 579 263 579 262 579 261 579 261 
43 3 0 1 1 1 20 12 -1 -1 0 3994 20 44 20 43 20 40 20 37 20 32 20 28 20 24 20 16 20 15 20 13 20 12 
43 3 0 1 1 1 521 44 -1 -1 0 4410 521 46 521 39 521 40 521 42 521 44 
43 3 0 1 1 1 10 452 -1 -1 0 3915 10 474 10 473 10 467 10 459 10 454 10 453 10 452 
43 3 0 1 1 1 196 522 -1 -1 1 3343 196 522 196 522 
43 3 0 1 1 1 131 551 -1 -1 1 2803 131 558 131 558 131 556 131 554 131 552 131 551 
43 3 0 1 1 2 216 283 0 3163 4 
43 3 0 1 1 2 249 482 0 2834 4 
43 3 0 1 1 2 482 283 1 1117 4 
43 3 0 1 1 2 116 549 0 1254 4 
43 3 0 1 1 2 183 482 0 2190 4 
43 3 0 1 1 2 316 183 1 1146 5 
43 3 0 1 1 2 149 216 0 2299 4 
43 3 0 1 1 2 549 149 1 1338 5 
43 3 0 1 1 2 50 383 0 1045 5 
43 3 0 1 1 2 349 316 1 2132 5 
43 3 0 1 1 2 549 349 1 813 5 
43 3 0 1 1 2 316 482 1 723 5 
43 3 0 1 1 2 83 50 0 691 5 
43 3 0 1 1 2 349 249 1 1751 5 
43 3 0 1 1 2 50 116 0 845 5 
43 3 0 1 1 2 50 349 0 600 5 
43 3 0 1 1 2 249 449 0 686 5 
43 3 0 1 1 2 549 482 1 890 5 
43 3 0 1 1 2 116 449 0 724 5 
43 3 0 1 1 2 349 283 1 2113 4 
43 3 0 1 1 2 116 50 0 785 4 
43 3 0 1 1 2 83 283 0 1192 4 
43 3 0 1 1 2 383 283 1 935 4 
43 3 0 1 1 2 349 549 1 1326 4 
43 3 0 1 1 2 516 116 1 663 4 
43 3 0 1 1 2 482 549 1 579 4 
43 3 0 1 1 2 449 416 1 653 4 
43 3 0 1 1 2 482 416 1 578 4 
43 3 0 1 1 2 50 183 0 1260 5 
43 3 0 1 1 2 349 183 0 8270 3 
43 3 0 1 1 2 283 549 1 3974 4 
43 3 0 1 1 2 50 216 0 766 5 
43 3 0 1 1 1 432 341 -1 -1 1 6389 448 341 445 341 439 341 433 341 432 341 
43 3 0 1 1 1 492 405 -1 -1 1 9322 518 405 517 405 515 405 512 405 507 405 503 405 499 405 493 405 492 405 
43 3 0 1 1 1 403 375 -1 -1 1 5475 544 375 545 375 547 375 548 375 550 375 552 375 552 375 554 375 555 375 557 375 560 375 562 375 564 375 564 375 564 375 563 375 563 375 560 375 555 375 551 375 540 375 534 375 529 375 517 375 511 375 498 375 492 375 486 375 474 375 467 375 461 375 453 375 448 375 446 375 441 375 439 375 434 375 432 375 430 375 427 375 426 375 425 375 424 375 424 375 422 375 421 375 419 375 416 375 415 375 414 375 412 375 411 375 410 375 409 375 409 375 407 375 406 375 406 375 405 375 404 375 403 375 403 375 403 375 
43 3 0 1 1 1 443 212 -1 -1 1 7161 340 212 356 212 356 212 356 212 356 212 357 212 359 212 368 212 375 212 391 212 399 212 405 212 414 212 417 212 418 212 419 212 419 212 419 212 419 212 420 212 421 212 421 212 422 212 424 212 425 212 426 212 427 212 428 212 429 212 429 212 430 212 430 212 430 212 430 212 432 212 433 212 436 212 438 212 439 212 442 212 443 212 443 212 443 212 
43 3 0 1 1 1 339 487 -1 -1 1 6363 478 487 478 487 478 487 478 487 477 487 477 487 477 487 475 487 475 487 475 487 475 487 474 487 474 487 473 487 473 487 471 487 471 487 471 487 470 487 470 487 467 487 467 487 466 487 464 487 463 487 462 487 460 487 459 487 458 487 457 487 455 487 453 487 452 487 451 487 448 487 447 487 446 487 446 487 446 487 445 487 444 487 443 487 441 487 440 487 439 487 436 487 435 487 433 487 431 487 430 487 430 487 429 487 428 487 428 487 428 487 428 487 428 487 428 487 428 487 428 487 427 487 427 487 427 487 427 487 427 487 427 487 427 487 427 487 427 487 427 487 427 487 427 487 427 487 426 487 425 487 423 487 421 487 419 487 414 487 411 487 406 487 403 487 400 487 396 487 393 487 389 487 383 487 379 487 369 487 364 487 360 487 348 487 343 487 338 487 329 487 326 487 325 487 325 487 325 487 325 487 327 487 328 487 329 487 331 487 335 487 337 487 338 487 338 487 339 487 
43 3 0 1 1 1 541 496 -1 -1 1 4588 576 496 593 496 592 496 591 496 590 496 590 496 590 496 591 496 592 496 592 496 592 496 592 496 590 496 589 496 587 496 584 496 582 496 580 496 577 496 575 496 572 496 570 496 569 496 566 496 564 496 561 496 557 496 555 496 551 496 549 496 547 496 544 496 542 496 541 496 540 496 539 496 539 496 540 496 540 496 540 496 540 496 541 496 
43 3 0 1 1 1 0 252 -1 -1 0 7810 201 252 538 252 538 252 537 252 537 252 535 252 534 252 532 252 528 252 520 252 516 252 512 252 505 252 503 252 501 252 498 252 498 252 499 252 500 252 500 252 500 252 500 252 501 252 501 252 501 252 500 252 497 252 496 252 495 252 494 252 493 252 493 252 493 252 494 252 494 252 494 252 494 252 493 252 493 252 491 252 491 252 491 252 491 252 491 252 491 252 489 252 488 252 486 252 485 252 485 252 485 252 485 252 485 252 486 252 486 252 488 252 490 252 492 252 502 252 514 252 533 252 597 252 599 252 599 252 599 252 599 252 599 252 599 252 599 252 599 252 599 252 599 252 599 252 599 252 599 252 599 252 599 252 599 252 599 252 596 252 565 252 542 252 506 252 400 252 332 252 259 252 110 252 35 252 0 252 0 252 0 252 0 252 0 252 0 252 0 252 0 252 0 252 0 252 0 252 0 252 0 252 0 252 0 252 0 252 0 252 0 252 0 252 0 252 0 252 0 252 2 252 4 252 4 252 9 252 12 252 14 252 16 252 16 252 16 252 16 252 16 252 14 252 14 252 13 252 13 252 13 252 12 252 9 252 9 252 5 252 4 252 3 252 2 252 1 252 1 252 1 252 2 252 2 252 4 252 5 252 8 252 9 252 11 252 13 252 13 252 13 252 13 252 13 252 10 252 5 252 0 252 0 252 0 252 0 252 0 252 0 252 0 252 0 252 0 252 0 252 0 252 0 252 0 252 0 252 0 252 0 252 0 252 0 252 0 252 0 252 0 252 0 252 0 252 0 252 0 252 0 252 0 252 0 252 0 252 0 252 0 252 0 252 0 252 0 252 0 252 0 252 0 252 0 252 0 252 0 252 0 252 0 252 0 252 0 252 0 252 0 252 0 252 0 252 0 252 0 252 0 252 0 252 0 252 0 252 0 252 0 252 0 252 0 252 0 252 0 252 0 252 0 252 0 252 0 252 0 252 0 252 
43 3 0 1 1 1 354 280 -1 -1 1 6818 521 280 522 280 522 280 522 280 521 280 521 280 521 280 521 280 522 280 524 280 524 280 525 280 526 280 527 280 528 280 530 280 531 280 532 280 533 280 533 280 535 280 535 280 535 280 535 280 535 280 536 280 537 280 538 280 539 280 540 280 541 280 542 280 543 280 543 280 543 280 543 280 543 280 542 280 540 280 537 280 535 280 533 280 533 280 531 280 531 280 531 280 530 280 530 280 529 280 528 280 528 280 528 280 528 280 529 280 529 280 529 280 529 280 531 280 532 280 532 280 532 280 532 280 532 280 532 280 533 280 535 280 537 280 541 280 558 280 573 280 590 280 599 280 599 280 599 280 599 280 599 280 599 280 599 280 599 280 599 280 599 280 599 280 599 280 599 280 599 280 599 280 599 280 599 280 599 280 599 280 599 280 597 280 596 280 593 280 591 280 589 280 587 280 583 280 572 280 565 280 558 280 544 280 537 280 517 280 503 280 492 280 471 280 459 280 448 280 427 280 418 280 409 280 396 280 392 280 383 280 379 280 375 280 369 280 367 280 365 280 364 280 363 280 361 280 360 280 359 280 357 280 356 280 356 280 356 280 356 280 356 280 356 280 356 280 355 280 355 280 355 280 355 280 354 280 354 280 
43 3 0 1 1 1 316 535 -1 -1 1 10408 139 535 139 535 139 535 138 535 138 535 138 535 138 535 138 535 137 535 136 535 135 535 134 535 132 535 131 535 131 535 129 535 129 535 128 535 128 535 128 535 128 535 128 535 128 535 128 535 128 535 128 535 128 535 129 535 131 535 133 535 133 535 134 535 134 535 134 535 134 535 134 535 134 535 133 535 132 535 131 535 130 535 130 535 129 535 129 535 129 535 129 535 129 535 128 535 128 535 126 535 125 535 124 535 124 535 122 535 121 535 119 535 117 535 116 535 116 535 115 535 114 535 112 535 110 535 107 535 99 535 94 535 88 535 77 535 69 535 58 535 53 535 49 535 39 535 33 535 28 535 19 535 16 535 8 535 4 535 1 535 0 535 0 535 0 535 0 535 0 535 0 535 0 535 0 535 0 535 0 535 0 535 0 535 0 535 0 535 0 535 0 535 0 535 0 535 4 535 5 535 7 535 12 535 13 535 17 535 20 535 20 535 20 535 20 535 19 535 17 535 16 535 16 535 16 535 16 535 16 535 16 535 16 535 16 535 15 535 14 535 12 535 12 535 10 535 9 535 8 535 7 535 6 535 4 535 1 535 0 535 0 535 0 535 0 535 0 535 0 535 0 535 0 535 0 535 0 535 0 535 0 535 0 535 0 535 0 535 0 535 0 535 0 535 0 535 0 535 0 535 0 535 0 535 0 535 0 535 0 535 0 535 0 535 1 535 8 535 23 535 55 535 103 535 232 535 313 535 468 535 543 535 599 535 599 535 599 535 599 535 599 535 599 535 599 535 599 535 599 535 599 535 597 535 593 535 587 535 585 535 584 535 583 535 580 535 578 535 572 535 566 535 549 535 539 535 520 535 511 535 502 535 482 535 472 535 463 535 447 535 439 535 430 535 418 535 413 535 404 535 399 535 394 535 386 535 382 535 380 535 376 535 374 535 373 535 373 535 372 535 372 535 372 535 370 535 368 535 366 535 362 535 357 535 355 535 353 535 352 535 351 535 349 535 348 535 348 535 348 535 347 535 347 535 346 535 345 535 343 535 342 535 340 535 337 535 337 535 337 535 337 535 337 535 337 535 336 535 336 535 335 535 334 535 333 535 332 535 330 535 330 535 330 535 328 535 328 535 327 535 326 535 326 535 326 535 326 535 325 535 324 535 324 535 324 535 323 535 322 535 321 535 320 535 320 535 319 535 319 535 318 535 318 535 318 535 318 535 318 535 318 535 316 535 316 535 316 535 
43 3 0 1 1 1 259 321 -1 -1 0 8985 297 321 298 321 298 321 299 321 299 321 299 321 299 321 300 321 300 321 302 321 302 321 302 321 302 321 302 321 302 321 302 321 302 321 302 321 302 321 300 321 300 321 298 321 297 321 297 321 296 321 296 321 294 321 294 321 294 321 292 321 292 321 291 321 291 321 290 321 289 321 288 321 288 321 287 321 286 321 286 321 286 321 286 321 285 321 285 321 284 321 284 321 284 321 284 321 283 321 283 321 283 321 283 321 283 321 283 321 283 321 284 321 284 321 285 321 285 321 286 321 286 321 286 321 287 321 287 321 287 321 287 321 288 321 288 321 288 321 288 321 288 321 288 321 288 321 288 321 288 321 289 321 290 321 291 321 292 321 292 321 292 321 294 321 295 321 295 321 295 321 295 321 296 321 296 321 297 321 299 321 300 321 300 321 302 321 304 321 305 321 305 321 306 321 308 321 309 321 311 321 314 321 316 321 318 321 321 321 321 321 321 321 321 321 320 321 318 321 316 321 313 321 308 321 305 321 298 321 295 321 292 321 286 321 284 321 282 321 277 321 274 321 273 321 270 321 269 321 267 321 267 321 267 321 266 321 266 321 265 321 265 321 265 321 264 321 264 321 264 321 263 321 263 321 263 321 263 321 263 321 263 321 263 321 263 321 262 321 261 321 261 321 261 321 262 321 263 321 269 321 275 321 284 321 310 321 329 321 394 321 450 321 522 321 599 321 599 321 599 321 599 321 599 321 599 321 599 321 599 321 599 321 599 321 599 321 599 321 599 321 599 321 599 321 599 321 595 321 584 321 569 321 514 321 462 321 394 321 224 321 128 321 0 321 0 321 0 321 0 321 0 321 0 321 0 321 0 321 0 321 0 321 0 321 0 321 0 321 1 321 7 321 17 321 32 321 50 321 73 321 121 321 143 321 174 321 186 321 197 321 216 321 225 321 234 321 249 321 251 321 253 321 254 321 255 321 256 321 257 321 258 321 259 321 259 321 
43 3 0 1 1 1 262 113 -1 -1 0 6641 454 113 454 113 454 113 456 113 456 113 457 113 458 113 458 113 459 113 460 113 461 113 461 113 461 113 461 113 462 113 462 113 463 113 464 113 465 113 466 113 467 113 467 113 467 113 467 113 467 113 466 113 465 113 463 113 463 113 462 113 461 113 460 113 460 113 460 113 460 113 461 113 461 113 462 113 464 113 465 113 467 113 467 113 469 113 471 113 472 113 474 113 481 113 484 113 489 113 499 113 504 113 514 113 519 113 529 113 561 113 577 113 596 113 599 113 599 113 599 113 599 113 599 113 599 113 599 113 599 113 599 113 599 113 599 113 599 113 599 113 599 113 599 113 599 113 599 113 599 113 597 113 594 113 591 113 581 113 573 113 565 113 543 113 526 113 504 113 447 113 407 113 362 113 280 113 248 113 192 113 171 113 156 113 138 113 133 113 127 113 117 113 112 113 109 113 110 113 113 113 118 113 125 113 132 113 140 113 157 113 166 113 186 113 196 113 205 113 221 113 227 113 234 113 240 113 242 113 243 113 244 113 245 113 247 113 249 113 252 113 254 113 257 113 260 113 261 113 262 113 262 113 
43 3 0 1 1 1 432 25 -1 -1 0 3433 279 25 280 25 281 25 284 25 291 25 300 25 312 25 337 25 350 25 374 25 385 25 396 25 413 25 420 25 425 25 431 25 432 25 
43 3 0 1 1 1 318 431 -1 -1 1 3915 203 431 204 431 204 431 205 431 208 431 211 431 216 431 229 431 234 431 243 431 248 431 252 431 261 431 265 431 268 431 271 431 271 431 271 431 271 431 271 431 271 431 273 431 275 431 281 431 285 431 289 431 297 431 300 431 304 431 306 431 308 431 311 431 313 431 314 431 316 431 317 431 318 431 
43 3 0 1 1 1 318 272 -1 -1 0 6851 64 272 64 272 64 272 63 272 61 272 59 272 58 272 52 272 49 272 40 272 35 272 30 272 19 272 14 272 10 272 3 272 0 272 0 272 0 272 0 272 2 272 4 272 6 272 12 272 15 272 19 272 28 272 31 272 36 272 46 272 51 272 57 272 60 272 63 272 69 272 71 272 73 272 77 272 78 272 80 272 82 272 84 272 85 272 85 272 85 272 85 272 85 272 85 272 81 272 79 272 76 272 73 272 65 272 55 272 41 272 17 272 0 272 0 272 0 272 0 272 0 272 0 272 0 272 0 272 0 272 0 272 0 272 0 272 0 272 0 272 0 272 0 272 0 272 0 272 9 272 141 272 318 272 535 272 597 272 598 272 593 272 591 272 594 272 594 272 589 272 582 272 579 272 585 272 599 272 599 272 598 272 594 272 588 272 579 272 568 272 552 272 485 272 421 272 265 272 168 272 66 272 0 272 0 272 0 272 0 272 0 272 0 272 0 272 1 272 7 272 15 272 27 272 40 272 53 272 78 272 90 272 113 272 126 272 138 272 160 272 174 272 190 272 222 272 238 272 253 272 276 272 282 272 288 272 288 272 290 272 290 272 291 272 292 272 292 272 294 272 294 272 296 272 298 272 298 272 299 272 300 272 301 272 305 272 309 272 313 272 316 272 317 272 318 272 
43 3 0 1 1 1 348 285 -1 -1 1 4648 56 285 59 285 67 285 77 285 86 285 97 285 110 285 137 285 150 285 166 285 165 285 159 285 151 285 141 285 132 285 120 285 95 285 83 285 69 285 65 285 63 285 66 285 72 285 82 285 95 285 109 285 125 285 159 285 177 285 212 285 228 285 241 285 266 285 278 285 289 285 307 285 315 285 322 285 334 285 339 285 343 285 344 285 345 285 345 285 345 285 346 285 346 285 347 285 347 285 348 285 
43 3 0 1 1 1 221 475 -1 -1 1 5713 221 484 221 483 221 481 221 480 221 479 221 478 221 477 221 476 221 475 
43 3 0 1 1 2 83 416 0 6523 5 
43 3 0 1 1 2 116 149 0 836 5 
43 3 0 1 1 2 316 249 1 1005 5 
43 3 0 1 1 2 516 50 1 743 5 
43 3 0 1 1 2 416 149 1 687 5 
43 3 0 1 1 2 216 549 0 1382 5 
43 3 0 1 1 2 116 83 0 1127 5 
43 3 0 1 1 2 482 449 1 1093 5 
43 3 0 1 1 2 283 183 1 4328 4 
43 3 0 1 1 2 183 216 0 938 5 
43 3 0 1 1 2 83 482 0 846 5 
43 3 0 1 1 2 482 116 1 924 5 
43 3 0 1 1 2 216 383 0 2282 4 
43 3 0 1 1 2 316 549 1 1579 5 
43 3 0 1 1 2 383 549 1 729 5 
43 3 0 1 1 2 449 349 1 593 5 
43 3 0 1 1 2 50 449 0 1847 5 
43 3 0 1 1 2 83 516 0 688 5 
43 3 0 1 1 2 249 283 1 3171 3 
43 3 0 1 1 2 482 183 1 1501 5 
43 3 0 1 1 2 482 316 1 565 5 
43 3 0 1 1 2 316 516 1 12233 4 
43 3 0 1 1 2 83 549 0 1256 5 
43 3 0 1 1 2 83 316 0 4329 4 
43 3 0 1 1 2 416 116 0 3047 5 
43 3 0 1 1 2 183 283 1 6013 4 
43 3 0 1 1 2 283 50 1 1560 5 
43 3 0 1 1 2 349 416 1 4575 5 
43 3 0 1 1 2 516 283 1 662 5 
43 3 0 1 1 2 416 416 1 615 5 
43 3 0 1 1 2 249 116 1 2604 4 
43 3 0 1 1 2 549 216 1 882 5 
43 3 0 1 1 1 131 230 -1 -1 0 4916 93 230 92 230 92 230 94 230 97 230 99 230 100 230 99 230 100 230 112 230 118 230 123 230 132 230 134 230 137 230 139 230 139 230 139 230 134 230 130 230 127 230 126 230 128 230 129 230 131 230 131 230 131 230 
43 3 0 1 1 1 591 307 -1 -1 1 2409 599 307 598 307 595 307 594 307 592 307 591 307 
43 3 0 1 1 1 442 575 -1 -1 1 2353 366 575 449 575 443 575 442 575 442 575 442 575 442 575 
43 3 0 1 1 1 434 386 -1 -1 1 2187 436 386 436 386 434 386 
43 3 0 1 1 1 184 28 -1 -1 0 2248 182 28 183 28 184 28 
43 3 0 1 1 1 110 61 -1 -1 0 3714 110 186 110 121 110 102 110 80 110 61 
43 3 0 1 1 1 116 531 -1 -1 1 2254 116 435 116 532 116 531 
43 3 0 1 1 1 430 324 -1 -1 1 2527 430 312 430 320 430 320 430 322 430 323 430 324 430 324 430 324 
43 3 0 1 1 1 566 0 -1 -1 0 3650 566 50 566 84 566 79 566 65 566 43 566 16 566 0 566 0 566 0 566 0 
43 3 0 1 1 1 439 599 -1 -1 1 2522 439 592 439 594 439 596 439 599 439 599 439 599 
43 3 0 1 1 1 111 398 -1 -1 0 2277 111 362 111 417 111 412 111 407 111 402 111 399 111 398 
43 3 0 1 1 1 522 599 -1 -1 1 2361 522 556 522 572 522 574 522 580 522 586 522 591 522 598 522 599 522 599 
43 3 0 1 1 1 407 140 -1 -1 0 2388 407 120 407 116 407 115 407 117 407 122 407 126 407 130 407 135 407 140 
43 3 0 1 1 1 319 582 -1 -1 1 2176 319 529 319 582 
43 3 0 1 1 1 131 375 -1 -1 0 2276 131 381 131 374 131 374 131 375 
43 3 0 1 1 1 365 453 -1 -1 1 3265 365 388 365 389 365 395 365 404 365 417 365 430 365 441 365 449 365 450 365 452 365 452 365 453 365 453 
43 3 0 1 1 2 416 549 1 2178 4 
43 3 0 1 1 2 449 482 0 1515 5 
43 3 0 1 1 2 283 316 1 2106 4 
43 3 0 1 1 2 516 416 1 2290 5 
43 3 0 1 1 2 283 283 1 1968 4 
43 3 0 1 1 2 216 216 1 2094 4 
43 3 0 1 1 2 83 249 0 689 5 
43 3 0 1 1 2 449 249 1 2002 4 
43 3 0 1 1 2 216 516 0 893 5 
43 3 0 1 1 2 83 383 0 591 5 
43 3 0 1 1 2 549 249 1 742 4 
43 3 0 1 1 2 116 183 0 893 5 
43 3 0 1 1 2 416 283 1 1296 4 
43 3 0 1 1 2 149 449 0 1261 5 
43 3 0 1 1 2 316 83 1 957 4 
43 3 0 1 1 2 116 349 0 728 5 
43 3 0 1 1 2 283 516 1 1032 4 
43 3 0 1 1 2 249 383 1 798 4 
43 3 0 1 1 2 516 316 1 871 5 
43 3 0 1 1 2 516 83 1 690 5 
43 3 0 1 1 2 349 50 1 1082 5 
43 3 0 1 1 2 183 149 0 754 5 
43 3 0 1 1 2 383 249 1 2225 5 
43 3 0 1 1 2 216 249 1 3046 4 
43 3 0 1 1 2 516 516 1 4335 4 
43 3 0 1 1 2 83 216 0 2790 4 
43 3 0 1 1 2 549 549 1 1818 5 
43 3 0 1 1 2 449 283 0 3578 5 
43 3 0 1 1 2 216 116 0 2609 5 
43 3 0 1 1 2 383 482 1 1107 5 
43 3 0 1 1 2 149 416 0 2384 4 
43 3 0 1 1 2 416 383 1 3607 5 
43 3 0 1 1 1 477 423 -1 -1 1 3993 484 423 477 423 
43 3 0 1 1 1 129 204 -1 -1 0 2488 129 186 129 235 129 233 129 228 129 221 129 214 129 204 
43 3 0 1 1 1 529 308 -1 -1 1 2566 529 368 529 395 529 397 529 400 529 400 529 400 529 398 529 392 529 381 529 353 529 329 529 324 529 318 529 312 529 309 529 308 
43 3 0 1 1 1 293 100 -1 -1 0 2057 293 85 293 100 
43 3 0 1 1 1 82 113 -1 -1 0 2212 82 144 82 78 82 85 82 99 82 104 82 108 82 113 
43 3 0 1 1 1 7 126 -1 -1 0 2172 7 177 7 126 
43 3 0 1 1 1 189 538 -1 -1 1 2066 189 595 189 538 
43 3 0 1 1 1 228 324 -1 -1 0 2362 228 491 228 439 228 438 228 435 228 421 228 401 228 378 228 340 228 329 228 325 228 324 
43 3 0 1 1 1 544 230 -1 -1 1 2234 544 255 544 251 544 242 544 236 544 231 544 230 
43 3 0 1 1 1 278 0 -1 -1 0 2204 278 3 278 0 278 0 278 0 278 0 278 0 278 0 
43 3 0 1 1 1 257 195 -1 -1 0 2210 257 159 257 195 257 195 
43 3 0 1 1 1 492 13 -1 -1 0 2203 492 119 492 13 
43 3 0 1 1 1 24 0 -1 -1 1 2281 24 52 24 25 24 5 24 0 24 0 
43 3 0 1 1 1 432 100 -1 -1 0 2298 432 185 432 200 432 182 432 140 432 122 432 109 432 103 432 100 
43 3 0 1 1 1 252 27 -1 -1 0 2209 252 107 252 27 252 27 
43 3 0 1 1 1 201 146 -1 -1 0 2673 201 213 201 235 201 227 201 210 201 189 201 169 201 155 201 146 
43 3 0 1 1 2 349 149 1 4357 4 
43 3 0 1 1 2 349 449 1 1679 5 
43 3 0 1 1 2 549 50 1 1516 5 
43 3 0 1 1 2 149 383 0 2162 4 
43 3 0 1 1 2 316 116 1 1677 5 
43 3 0 1 1 2 116 416 0 694 5 
43 3 0 1 1 2 383 349 1 1130 5 
43 3 0 1 1 2 249 416 0 1017 4 
43 3 0 1 1 2 216 149 0 1298 5 
43 3 0 1 1 2 516 216 1 827 5 
43 3 0 1 1 2 516 349 1 601 5 
43 3 0 1 1 2 249 216 0 1268 4 
43 3 0 1 1 2 249 316 0 1425 4 
43 3 0 1 1 2 149 183 0 857 4 
43 3 0 1 1 2 183 249 1 925 5 
43 3 0 1 1 2 316 149 1 2836 4 
43 3 0 1 1 2 383 116 1 1419 5 
43 3 0 1 1 2 249 50 1 4197 3 
43 3 0 1 1 2 549 449 1 1469 5 
43 3 0 1 1 2 482 383 1 1389 5 
43 3 0 1 1 2 383 316 1 3186 5 
43 3 0 1 1 2 149 549 0 1162 5 
43 3 0 1 1 2 516 249 1 1264 5 
43 3 0 1 1 2 116 482 0 1918 4 
43 3 0 1 1 2 549 516 1 1514 5 
43 3 0 1 1 2 149 349 0 3402 4 
43 3 0 1 1 2 283 349 1 1578 5 
43 3 0 1 1 2 116 116 0 1511 5 
43 3 0 1 1 2 516 449 1 1012 5 
43 3 0 1 1 2 50 283 0 671 5 
43 3 0 1 1 2 482 216 1 695 5 
43 3 0 1 1 2 50 83 0 813 5 
