Subject 50 in condition 2
Training Condition: 0
Task: 1
Rule: [[[250, 350], [[4538, 4463], [4463, 4538]]], [[350, 250], [[4538, 4463], [4463, 4538]]]]
Noise: 0
CATA=1
CATB=0
Sample keys: 122 120
Resp keys: 307 309
Dim direction: 1 1
Dim minimum: 86 38
Test order: [2, 6, 7, 1, 0, 5, 3, 4]
50 2 0 1 0 1 0 31 -1 -1 0 17880 340 278 340 260 340 262 340 266 340 272 340 277 340 283 340 288 340 292 340 295 340 297 340 299 340 303 340 304 340 305 340 307 340 308 340 307 340 305 340 296 340 283 340 266 340 246 340 226 340 206 340 186 340 168 340 136 340 124 340 112 340 100 340 87 340 74 340 53 340 46 340 41 340 38 340 36 340 35 340 34 340 33 340 32 340 31 340 30 340 31 339 31 338 31 336 31 331 31 323 31 309 31 290 31 267 31 244 31 221 31 183 31 168 31 154 31 143 31 133 31 126 31 121 31 120 31 118 31 117 31 116 31 111 31 105 31 95 31 81 31 62 31 39 31 0 31 0 31 0 31 0 31 0 31 0 31 0 31 0 31 0 31 0 31 0 31 0 31 0 31 0 31 0 31 0 31 0 31 0 31 0 31 0 31 0 31 0 31 0 31 
50 2 0 1 0 1 0 391 -1 -1 0 20094 111 302 111 385 111 381 111 375 111 364 111 351 111 337 111 321 111 305 111 290 111 279 111 267 111 265 111 264 111 265 111 267 111 269 111 273 111 276 111 281 111 287 111 295 111 303 111 311 111 326 111 332 111 336 111 341 111 345 111 347 111 352 111 353 111 357 111 359 111 362 111 367 111 370 111 374 111 376 111 378 111 380 111 384 111 386 111 388 111 391 111 392 111 395 111 396 111 398 111 400 111 401 111 402 111 401 111 400 111 399 111 398 111 397 111 396 111 395 111 394 111 393 111 392 111 391 111 390 111 391 110 391 104 391 94 391 80 391 64 391 47 391 28 391 10 391 0 391 0 391 0 391 0 391 0 391 0 391 0 391 0 391 0 391 0 391 0 391 0 391 0 391 0 391 0 391 0 391 0 391 0 391 0 391 0 391 
50 2 0 1 0 1 0 573 -1 -1 0 12994 158 573 187 573 188 573 189 573 190 573 192 573 194 573 198 573 203 573 210 573 219 573 229 573 239 573 251 573 281 573 299 573 318 573 338 573 356 573 375 573 410 573 427 573 444 573 460 573 476 573 505 573 520 573 533 573 545 573 557 573 568 573 597 573 599 573 599 573 599 573 599 573 599 573 599 573 599 573 599 573 599 573 599 573 599 573 598 573 595 573 590 573 588 573 584 573 575 573 560 573 534 573 495 573 434 573 276 573 185 573 93 573 2 573 0 573 0 573 0 573 0 573 0 573 0 573 0 573 0 573 0 573 0 573 0 573 
50 2 0 1 0 1 599 32 -1 -1 1 9990 589 265 599 265 599 265 599 265 599 265 599 265 599 265 599 265 599 265 599 265 599 265 599 265 599 265 599 265 599 265 599 265 599 265 599 265 599 265 599 265 597 265 590 265 577 265 553 265 517 265 469 265 408 265 345 265 281 265 223 265 136 265 105 265 83 265 68 265 60 265 55 265 50 265 53 265 63 265 85 265 122 265 186 265 268 265 362 265 465 265 566 265 599 265 599 265 599 265 599 265 599 265 599 265 599 265 599 265 599 265 599 265 599 0 599 0 599 0 599 0 599 0 599 0 599 0 599 0 599 0 599 0 599 0 599 0 599 0 599 0 599 0 599 0 599 1 599 4 599 6 599 11 599 15 599 18 599 21 599 23 599 25 599 27 599 31 599 33 599 37 599 41 599 42 599 44 599 44 599 46 599 45 599 44 599 43 599 42 599 41 599 40 599 39 599 38 599 37 599 37 599 35 599 34 599 33 599 32 
50 2 0 1 0 1 599 238 -1 -1 1 5045 401 238 463 238 462 238 461 238 458 238 452 238 444 238 431 238 418 238 406 238 394 238 383 238 360 238 349 238 339 238 330 238 323 238 306 238 295 238 282 238 271 238 260 238 250 238 240 238 243 238 254 238 272 238 302 238 341 238 389 238 437 238 487 238 538 238 586 238 599 238 599 238 599 238 599 238 599 238 599 238 599 238 599 238 599 238 599 238 599 238 599 238 599 238 599 238 599 238 599 238 599 238 599 238 599 238 599 238 599 238 599 238 599 238 599 238 
50 2 0 1 0 1 238 252 -1 -1 0 11147 157 252 196 252 193 252 185 252 175 252 162 252 148 252 134 252 118 252 103 252 89 252 73 252 70 252 67 252 65 252 64 252 63 252 61 252 60 252 55 252 46 252 31 252 10 252 0 252 0 252 0 252 0 252 0 252 0 252 0 252 0 252 0 252 0 252 0 252 0 252 0 252 0 252 0 252 0 252 0 252 0 252 1 252 3 252 9 252 16 252 31 252 50 252 72 252 90 252 107 252 123 252 151 252 162 252 169 252 173 252 174 252 177 252 185 252 196 252 209 252 220 252 229 252 234 252 237 252 238 252 
50 2 0 1 0 1 598 393 -1 -1 1 8303 31 336 85 336 74 336 56 336 26 336 0 336 0 336 0 336 0 336 0 336 0 336 0 336 0 336 0 336 1 336 9 336 22 336 44 336 83 336 132 336 201 336 285 336 377 336 470 336 599 336 599 336 599 336 599 336 599 336 599 336 599 336 599 336 599 336 599 336 598 336 598 329 598 328 598 327 598 326 598 324 598 323 598 320 598 313 598 302 598 287 598 271 598 253 598 225 598 212 598 202 598 192 598 186 598 183 598 186 598 194 598 206 598 221 598 238 598 255 598 275 598 293 598 310 598 321 598 333 598 336 598 340 598 344 598 345 598 345 598 346 598 347 598 349 598 350 598 351 598 353 598 357 598 363 598 368 598 372 598 375 598 378 598 380 598 381 598 382 598 383 598 384 598 385 598 387 598 388 598 389 598 389 598 390 598 391 598 392 598 392 598 393 598 394 598 395 598 395 598 394 598 393 
50 2 0 1 0 1 0 396 -1 -1 0 6166 592 396 599 396 599 396 599 396 597 396 593 396 585 396 574 396 553 396 529 396 498 396 458 396 418 396 372 396 297 396 267 396 244 396 225 396 208 396 194 396 174 396 165 396 153 396 139 396 122 396 85 396 66 396 45 396 23 396 2 396 0 396 0 396 0 396 0 396 0 396 0 396 0 396 0 396 0 396 0 396 0 396 0 396 0 396 0 396 
50 2 0 1 0 1 460 261 -1 -1 1 5204 345 261 351 261 352 261 354 261 358 261 363 261 369 261 376 261 385 261 396 261 410 261 435 261 448 261 462 261 477 261 493 261 509 261 531 261 538 261 545 261 554 261 565 261 588 261 599 261 599 261 599 261 599 261 599 261 599 261 599 261 599 261 599 261 599 261 599 261 599 261 599 261 599 261 599 261 599 261 599 261 556 261 552 261 550 261 546 261 542 261 539 261 534 261 530 261 522 261 514 261 491 261 481 261 473 261 468 261 466 261 465 261 464 261 463 261 462 261 461 261 460 261 460 261 
50 2 0 1 0 1 341 549 -1 -1 0 4814 354 549 353 549 352 549 350 549 346 549 340 549 332 549 322 549 314 549 310 549 308 549 306 549 305 549 304 549 303 549 299 549 298 549 294 549 293 549 294 549 302 549 314 549 330 549 350 549 375 549 404 549 432 549 457 549 478 549 516 549 532 549 543 549 552 549 558 549 563 549 572 549 576 549 579 549 582 549 585 549 591 549 592 549 593 549 595 549 599 549 599 549 599 549 599 549 599 549 599 549 599 549 599 549 599 549 599 549 599 549 598 549 589 549 575 549 556 549 537 549 516 549 496 549 478 549 462 549 449 549 429 549 421 549 415 549 410 549 405 549 399 549 387 549 381 549 376 549 370 549 365 549 352 549 347 549 345 549 343 549 342 549 341 549 
50 2 0 1 0 1 484 587 -1 -1 0 4540 550 587 551 587 555 587 559 587 563 587 567 587 569 587 572 587 576 587 580 587 586 587 594 587 596 587 598 587 599 587 599 587 599 587 599 587 599 587 599 587 599 587 599 587 599 587 599 587 599 587 599 587 599 587 599 587 599 587 599 587 599 587 599 587 597 587 592 587 583 587 572 587 558 587 544 587 532 587 523 587 517 587 515 587 514 587 513 587 511 587 510 587 509 587 507 587 501 587 496 587 492 587 490 587 488 587 487 587 486 587 485 587 484 587 
50 2 0 1 0 1 0 0 -1 -1 1 10599 35 375 34 375 33 375 32 375 30 375 28 375 26 375 25 375 23 375 21 375 19 375 15 375 10 375 5 375 4 375 3 375 0 375 0 375 0 375 0 375 0 375 0 375 0 375 0 375 0 375 0 375 0 375 0 375 0 375 0 375 0 375 0 375 0 375 0 375 0 375 0 375 3 375 10 375 18 375 22 375 23 375 25 375 26 375 24 375 22 375 17 375 10 375 1 375 0 375 0 375 0 375 0 375 0 375 0 375 0 375 0 375 0 375 0 375 0 375 0 376 0 382 0 392 0 402 0 412 0 423 0 432 0 442 0 454 0 465 0 477 0 479 0 480 0 482 0 481 0 477 0 471 0 461 0 450 0 442 0 437 0 434 0 432 0 431 0 430 0 429 0 428 0 426 0 423 0 422 0 420 0 419 0 418 0 417 0 416 0 414 0 413 0 412 0 410 0 409 0 408 0 406 0 405 0 403 0 402 0 398 0 395 0 390 0 389 0 387 0 386 0 385 0 384 0 383 0 382 0 381 0 379 0 380 0 382 0 388 0 393 0 399 0 405 0 411 0 421 0 435 0 452 0 490 0 507 0 526 0 549 0 575 0 599 0 599 0 599 0 599 0 599 0 599 0 599 0 599 0 599 0 599 0 599 0 599 0 599 0 599 0 599 0 597 0 590 0 578 0 557 0 528 0 494 0 445 0 385 0 314 0 243 0 142 0 110 0 90 0 78 0 71 0 68 0 65 0 63 0 60 0 58 0 57 0 55 0 54 0 53 0 52 0 49 0 37 0 17 0 0 0 0 0 0 0 0 0 0 0 0 0 0 0 0 0 0 0 0 0 0 0 0 0 2 0 11 0 21 0 22 0 32 0 36 0 34 0 24 0 6 0 0 0 0 0 0 0 0 0 0 0 0 0 0 0 0 0 0 0 0 0 0 0 0 0 0 0 0 0 4 0 17 0 19 0 23 0 28 0 39 0 58 0 88 0 119 0 149 0 176 0 203 0 253 0 273 0 289 0 301 0 308 0 312 0 318 0 322 0 324 0 325 0 326 0 323 0 308 0 273 0 209 0 127 0 36 0 0 0 0 0 0 0 0 0 0 0 0 0 0 0 0 0 0 0 0 0 0 0 0 
50 2 0 1 0 1 21 599 -1 -1 0 4203 21 73 21 111 21 112 21 114 21 117 21 122 21 129 21 138 21 148 21 160 21 174 21 202 21 217 21 234 21 251 21 268 21 286 21 324 21 343 21 365 21 386 21 404 21 433 21 443 21 451 21 457 21 461 21 463 21 463 21 465 21 471 21 478 21 486 21 497 21 509 21 522 21 536 21 552 21 572 21 599 21 599 21 599 21 599 21 599 21 599 21 599 21 599 21 599 21 599 21 599 21 599 21 599 21 599 21 599 21 599 21 599 
50 2 0 1 0 1 0 0 -1 -1 1 5932 388 501 388 499 388 489 388 470 388 440 388 385 388 296 388 196 388 88 388 0 388 0 388 0 388 0 388 0 388 0 388 0 388 0 388 0 388 0 388 0 388 0 388 0 388 0 388 0 388 0 388 0 388 0 388 0 388 0 388 0 388 0 388 0 388 0 388 0 388 0 388 0 388 0 388 0 388 0 387 0 386 0 385 0 384 0 376 0 369 0 359 0 347 0 333 0 318 0 288 0 273 0 262 0 256 0 255 0 254 0 248 0 237 0 221 0 202 0 182 0 162 0 142 0 121 0 100 0 66 0 51 0 35 0 19 0 11 0 7 0 0 0 0 0 0 0 0 0 0 0 0 0 0 0 0 0 0 0 0 0 0 0 0 0 0 0 0 0 0 0 0 0 0 0 
50 2 0 1 0 1 0 300 -1 -1 0 5310 245 300 454 300 453 300 452 300 449 300 444 300 438 300 433 300 427 300 420 300 410 300 377 300 355 300 328 300 295 300 253 300 205 300 117 300 82 300 51 300 21 300 0 300 0 300 0 300 0 300 0 300 0 300 0 300 0 300 3 300 2 300 0 300 0 300 0 300 0 300 0 300 0 300 0 300 0 300 0 300 0 300 0 300 0 300 0 300 0 300 0 300 0 300 
50 2 0 1 0 1 582 568 -1 -1 1 2998 93 568 95 568 98 568 102 568 113 568 116 568 119 568 124 568 130 568 144 568 149 568 155 568 160 568 168 568 177 568 210 568 236 568 272 568 321 568 378 568 449 568 575 568 599 568 599 568 599 568 599 568 599 568 599 568 599 568 599 568 599 568 599 568 599 568 599 568 599 568 599 568 599 568 599 568 598 568 594 568 589 568 586 568 584 568 584 568 583 568 583 568 582 568 
50 2 0 1 0 2 482 50 0 10825 4 
50 2 0 1 0 2 349 83 1 4833 5 
50 2 0 1 0 2 83 149 1 4088 4 
50 2 0 1 0 2 183 349 1 5253 3 
50 2 0 1 0 2 83 449 1 5867 4 
50 2 0 1 0 2 216 349 1 7397 4 
50 2 0 1 0 2 416 249 0 2948 4 
50 2 0 1 0 2 149 116 1 1789 5 
50 2 0 1 0 2 349 383 1 2771 5 
50 2 0 1 0 2 416 482 0 2290 5 
50 2 0 1 0 2 449 116 1 1504 5 
50 2 0 1 0 2 83 349 0 1526 5 
50 2 0 1 0 2 283 383 0 3513 5 
50 2 0 1 0 2 349 516 0 3133 4 
50 2 0 1 0 2 216 449 0 1812 4 
50 2 0 1 0 2 83 83 1 2083 5 
50 2 0 1 0 2 449 449 0 1833 4 
50 2 0 1 0 2 383 83 1 1458 5 
50 2 0 1 0 2 183 383 1 2907 5 
50 2 0 1 0 2 549 316 1 2654 5 
50 2 0 1 0 2 116 316 0 1523 5 
50 2 0 1 0 2 50 149 0 6826 5 
50 2 0 1 0 2 416 349 0 851 4 
50 2 0 1 0 2 549 383 1 1358 5 
50 2 0 1 0 2 249 183 0 1374 5 
50 2 0 1 0 2 449 83 1 1016 5 
50 2 0 1 0 2 316 283 0 1020 5 
50 2 0 1 0 2 516 383 1 914 5 
50 2 0 1 0 2 149 83 0 1030 5 
50 2 0 1 0 2 149 249 0 1564 5 
50 2 0 1 0 2 283 216 0 983 5 
50 2 0 1 0 2 482 149 0 690 5 
50 2 0 1 0 1 598 44 -1 -1 1 11391 6 56 599 56 598 56 594 56 585 56 569 56 541 56 502 56 446 56 383 56 323 56 231 56 198 56 176 56 159 56 147 56 138 56 132 56 132 56 133 56 134 56 138 56 146 56 161 56 184 56 215 56 257 56 312 56 387 56 459 56 551 56 582 56 599 56 599 56 599 56 599 56 599 56 599 56 599 56 599 56 599 56 599 56 599 56 599 56 599 56 599 56 599 56 599 56 599 56 599 56 599 56 599 56 599 56 599 56 598 56 598 55 598 53 598 47 598 36 598 22 598 3 598 0 598 0 598 0 598 0 598 0 598 0 598 0 598 0 598 0 598 0 598 0 598 0 598 0 598 0 598 0 598 0 598 0 598 0 598 0 598 1 598 7 598 17 598 27 598 37 598 48 598 55 598 61 598 69 598 71 598 74 598 76 598 77 598 78 598 80 598 80 598 80 598 77 598 74 598 68 598 65 598 63 598 62 598 61 598 60 598 60 598 58 598 57 598 55 598 54 598 54 598 54 598 54 598 54 598 54 598 55 598 56 598 57 598 58 598 59 598 60 598 60 598 61 598 60 598 60 598 57 598 54 598 52 598 49 598 47 598 46 598 45 598 45 598 45 598 44 598 44 
50 2 0 1 0 1 599 281 -1 -1 1 4210 432 281 428 281 422 281 409 281 390 281 362 281 328 281 292 281 250 281 199 281 152 281 96 281 81 281 74 281 73 281 74 281 74 281 80 281 84 281 87 281 93 281 106 281 177 281 251 281 338 281 428 281 514 281 585 281 599 281 599 281 599 281 599 281 599 281 599 281 599 281 599 281 599 281 599 281 599 281 599 281 599 281 599 281 599 281 599 281 599 281 599 281 599 281 599 281 599 281 599 281 599 281 599 281 599 281 599 281 599 281 599 281 599 281 599 281 599 281 599 281 599 281 599 281 599 281 599 281 
50 2 0 1 0 1 599 0 -1 -1 1 5917 353 582 339 582 339 582 341 582 342 582 343 582 344 582 345 582 346 582 351 582 357 582 369 582 388 582 416 582 447 582 478 582 508 582 551 582 565 582 576 582 585 582 592 582 597 582 599 582 599 582 599 582 599 582 599 582 599 582 599 582 599 582 599 582 599 582 599 582 599 582 599 582 599 582 599 582 599 582 599 582 599 582 599 582 599 558 599 560 599 556 599 547 599 532 599 509 599 479 599 446 599 408 599 363 599 308 599 184 599 126 599 77 599 37 599 3 599 0 599 0 599 0 599 0 599 0 599 0 599 0 599 0 599 0 599 0 599 0 599 4 599 14 599 20 599 21 599 25 599 23 599 10 599 0 599 0 599 0 599 0 599 0 599 0 599 0 599 0 599 0 599 0 599 0 599 0 599 0 599 0 599 0 
50 2 0 1 0 1 599 457 -1 -1 1 5253 282 90 303 90 310 90 332 90 355 90 370 90 366 90 350 90 322 90 276 90 200 90 103 90 0 90 0 90 0 90 0 90 0 90 0 90 0 90 1 90 9 90 27 90 63 90 134 90 240 90 383 90 549 90 599 90 599 90 599 90 599 90 599 90 599 90 599 90 599 90 599 90 599 90 599 90 599 89 599 84 599 77 599 65 599 46 599 13 599 0 599 0 599 0 599 0 599 0 599 0 599 0 599 0 599 0 599 0 599 0 599 0 599 0 599 3 599 11 599 28 599 57 599 95 599 139 599 187 599 235 599 280 599 321 599 372 599 391 599 409 599 427 599 440 599 448 599 455 599 456 599 456 599 457 599 457 599 457 599 457 
50 2 0 1 0 1 599 389 -1 -1 1 6429 237 492 298 492 296 492 292 492 288 492 279 492 264 492 244 492 217 492 185 492 150 492 76 492 42 492 7 492 0 492 0 492 0 492 0 492 0 492 0 492 2 492 15 492 45 492 102 492 193 492 312 492 445 492 591 492 599 492 599 492 599 492 599 492 599 492 599 492 599 492 599 492 599 492 599 492 599 492 599 493 599 492 599 486 599 477 599 462 599 442 599 419 599 398 599 378 599 360 599 321 599 298 599 274 599 251 599 229 599 208 599 159 599 129 599 99 599 76 599 58 599 18 599 0 599 0 599 0 599 0 599 0 599 0 599 0 599 0 599 0 599 0 599 0 599 0 599 0 599 0 599 0 599 0 599 0 599 0 599 1 599 8 599 19 599 33 599 47 599 64 599 86 599 114 599 144 599 168 599 197 599 205 599 212 599 217 599 219 599 220 599 221 599 222 599 222 599 221 599 222 599 224 599 230 599 238 599 252 599 268 599 286 599 304 599 325 599 348 599 384 599 393 599 399 599 402 599 404 599 404 599 406 599 408 599 407 599 403 599 401 599 399 599 398 599 397 599 396 599 395 599 394 599 392 599 391 599 390 599 389 
50 2 0 1 0 1 0 185 -1 -1 0 4676 382 185 376 185 375 185 374 185 373 185 377 185 394 185 430 185 484 185 546 185 592 185 599 185 599 185 599 185 599 185 599 185 599 185 599 185 599 185 599 185 599 185 596 185 586 185 557 185 488 185 384 185 251 185 100 185 0 185 0 185 0 185 0 185 0 185 2 185 7 185 11 185 12 185 12 185 12 185 11 185 8 185 5 185 9 185 15 185 11 185 0 185 0 185 0 185 0 185 0 185 0 185 0 185 0 185 0 185 0 185 0 185 0 185 0 185 0 185 0 185 0 185 0 185 0 185 0 185 
50 2 0 1 0 1 0 0 -1 -1 0 5590 74 266 95 266 93 266 80 266 56 266 1 266 0 266 0 266 0 266 0 266 0 266 0 266 0 266 0 339 0 333 0 323 0 306 0 286 0 263 0 238 0 212 0 186 0 157 0 91 0 69 0 56 0 51 0 47 0 43 0 41 0 43 0 58 0 97 0 167 0 256 0 344 0 415 0 459 0 483 0 499 0 521 0 528 0 530 0 531 0 533 0 534 0 537 0 535 0 526 0 507 0 476 0 426 0 352 0 267 0 184 0 110 0 59 0 0 0 0 0 0 0 0 0 0 0 0 
50 2 0 1 0 1 493 434 -1 -1 1 4445 342 434 173 434 184 434 197 434 212 434 229 434 246 434 262 434 279 434 292 434 303 434 321 434 326 434 331 434 337 434 341 434 344 434 345 434 346 434 348 434 352 434 360 434 390 434 409 434 432 434 453 434 471 434 484 434 493 434 
50 2 0 1 0 1 243 359 -1 -1 0 3413 302 359 301 359 300 359 299 359 298 359 297 359 296 359 294 359 292 359 284 359 272 359 258 359 240 359 218 359 195 359 153 359 136 359 124 359 114 359 107 359 100 359 88 359 82 359 76 359 70 359 67 359 66 359 68 359 74 359 84 359 99 359 116 359 133 359 147 359 162 359 178 359 194 359 220 359 227 359 234 359 238 359 242 359 243 359 
50 2 0 1 0 1 0 599 -1 -1 0 4700 270 96 263 96 259 96 246 96 226 96 198 96 162 96 116 96 65 96 20 96 0 96 0 96 0 96 0 96 0 96 0 96 0 96 0 96 0 96 0 96 0 96 0 64 0 68 0 64 0 50 0 27 0 0 0 0 0 0 0 0 0 0 0 0 0 0 0 0 0 0 0 0 0 0 0 0 0 0 0 0 0 0 0 0 0 1 0 9 0 23 0 41 0 61 0 89 0 130 0 198 0 279 0 368 0 532 0 599 0 599 0 599 0 599 0 599 0 599 0 599 0 599 0 599 0 599 0 599 0 599 
50 2 0 1 0 1 2 599 -1 -1 0 4607 355 121 356 121 349 121 334 121 312 121 281 121 238 121 174 121 97 121 19 121 0 121 0 121 0 121 0 121 0 121 0 121 0 121 0 121 0 121 0 121 0 121 0 121 0 121 0 121 0 121 0 121 0 121 0 121 0 121 0 121 0 121 0 121 0 121 0 121 2 121 2 130 2 127 2 119 2 110 2 102 2 89 2 71 2 48 2 23 2 0 2 0 2 0 2 0 2 0 2 0 2 0 2 0 2 0 2 0 2 0 2 0 2 0 2 0 2 0 2 0 2 0 2 1 2 8 2 25 2 50 2 90 2 145 2 217 2 293 2 372 2 449 2 554 2 583 2 599 2 599 2 599 2 599 2 599 2 599 2 599 
50 2 0 1 0 1 0 599 -1 -1 1 4315 281 251 277 251 278 251 275 251 264 251 242 251 204 251 142 251 57 251 0 251 0 251 0 251 0 251 0 251 0 251 0 251 0 251 0 251 0 251 0 252 0 253 0 256 0 258 0 264 0 268 0 269 0 270 0 274 0 280 0 292 0 308 0 329 0 357 0 400 0 455 0 516 0 599 0 599 0 599 0 599 0 599 0 599 0 599 0 599 0 599 0 599 0 599 0 599 0 599 0 599 0 599 0 599 
50 2 0 1 0 1 0 599 -1 -1 0 5556 274 145 268 145 267 145 266 145 265 145 261 145 254 145 240 145 164 145 98 145 60 145 40 145 28 145 29 145 39 145 60 145 102 145 182 145 304 145 436 145 562 145 599 145 599 145 599 145 599 145 599 145 599 145 598 145 590 145 569 145 520 145 424 145 287 145 119 145 0 145 0 145 0 145 0 145 0 145 0 145 0 145 0 145 0 145 0 145 0 145 0 157 0 177 0 186 0 183 0 175 0 164 0 147 0 123 0 92 0 53 0 0 0 0 0 0 0 0 0 0 0 0 0 0 0 0 0 0 0 0 0 0 0 0 0 0 0 2 0 14 0 35 0 78 0 164 0 284 0 422 0 579 0 599 0 599 0 599 0 599 0 599 0 599 0 599 0 599 0 599 0 599 0 599 0 599 0 599 0 599 0 599 
50 2 0 1 0 1 0 599 -1 -1 0 3900 193 71 167 71 170 71 176 71 182 71 186 71 185 71 179 71 167 71 143 71 96 71 21 71 0 71 0 71 0 71 0 71 0 71 0 71 0 71 0 71 0 71 0 71 0 71 0 71 0 71 0 71 0 71 0 71 0 71 0 71 0 71 0 77 0 77 0 77 0 77 0 77 0 77 0 78 0 80 0 82 0 84 0 88 0 95 0 110 0 132 0 165 0 302 0 416 0 550 0 599 0 599 0 599 0 599 0 599 0 599 0 599 0 599 0 599 0 599 0 599 0 599 
50 2 0 1 0 1 325 113 -1 -1 1 3366 499 113 318 113 320 113 333 113 343 113 348 113 351 113 354 113 355 113 356 113 355 113 353 113 345 113 333 113 311 113 278 113 217 113 127 113 17 113 0 113 0 113 0 113 0 113 0 113 0 113 0 113 0 113 0 113 2 113 12 113 27 113 50 113 73 113 95 113 118 113 143 113 173 113 206 113 269 113 292 113 309 113 320 113 325 113 
50 2 0 1 0 1 0 598 -1 -1 1 6886 518 525 515 525 514 525 513 525 512 525 511 525 510 525 509 525 508 525 506 525 500 525 489 525 470 525 436 525 392 525 338 525 278 525 193 525 162 525 145 525 144 525 143 525 142 525 138 525 132 525 127 525 124 525 122 525 121 525 121 525 120 525 120 525 119 525 118 525 105 525 78 525 25 525 0 525 0 525 0 525 0 525 0 525 0 525 0 525 0 525 0 525 0 525 0 525 0 525 0 527 0 549 0 547 0 531 0 491 0 420 0 321 0 200 0 64 0 0 0 0 0 0 0 0 0 0 0 0 0 0 0 0 0 0 0 0 0 0 0 0 0 0 0 0 0 0 0 0 0 3 0 13 0 34 0 79 0 169 0 295 0 426 0 558 0 599 0 599 0 599 0 599 0 599 0 599 0 599 0 599 0 599 0 599 0 597 0 589 0 569 0 519 0 415 0 282 0 141 0 1 0 0 0 0 0 0 0 0 0 0 0 0 0 0 0 2 0 16 0 58 0 170 0 346 0 534 0 599 0 599 0 599 0 599 0 599 0 598 
50 2 0 1 0 2 316 482 1 7214 5 
50 2 0 1 0 2 249 482 1 1254 5 
50 2 0 1 0 2 316 183 0 1944 5 
50 2 0 1 0 2 549 149 1 2922 5 
50 2 0 1 0 2 83 50 0 995 5 
50 2 0 1 0 2 349 549 1 1608 5 
50 2 0 1 0 2 516 116 1 1127 5 
50 2 0 1 0 2 50 349 0 743 5 
50 2 0 1 0 2 349 183 1 795 5 
50 2 0 1 0 2 449 416 1 1859 5 
50 2 0 1 0 2 116 549 1 2169 5 
50 2 0 1 0 2 349 249 1 1559 5 
50 2 0 1 0 2 349 283 1 1763 5 
50 2 0 1 0 2 116 50 0 531 5 
50 2 0 1 0 2 116 449 0 526 5 
50 2 0 1 0 2 50 216 0 557 5 
50 2 0 1 0 2 183 482 0 601 5 
50 2 0 1 0 2 50 116 0 694 5 
50 2 0 1 0 2 216 283 0 865 5 
50 2 0 1 0 2 83 283 0 581 5 
50 2 0 1 0 2 249 449 1 1174 5 
50 2 0 1 0 2 149 216 0 801 5 
50 2 0 1 0 2 349 316 0 2988 5 
50 2 0 1 0 2 482 549 1 622 5 
50 2 0 1 0 2 283 549 1 610 5 
50 2 0 1 0 2 482 416 0 1379 5 
50 2 0 1 0 2 549 349 1 1076 5 
50 2 0 1 0 2 549 482 1 781 5 
50 2 0 1 0 2 383 283 0 2045 5 
50 2 0 1 0 2 50 383 0 823 5 
50 2 0 1 0 2 50 183 0 2147 5 
50 2 0 1 0 2 482 283 0 1305 5 
50 2 0 1 0 1 22 447 -1 -1 0 4126 133 447 28 447 38 447 53 447 71 447 90 447 110 447 132 447 152 447 169 447 176 447 161 447 121 447 52 447 0 447 0 447 0 447 0 447 0 447 0 447 0 447 0 447 0 447 0 447 2 447 8 447 18 447 22 447 22 447 
50 2 0 1 0 1 2 25 -1 -1 0 4077 101 25 0 25 20 25 30 25 31 25 29 25 19 25 0 25 0 25 0 25 0 25 0 25 0 25 0 25 0 25 0 25 0 25 0 25 0 25 0 25 0 25 0 25 1 25 10 25 29 25 59 25 92 25 124 25 152 25 173 25 181 25 183 25 185 25 192 25 208 25 232 25 266 25 309 25 439 25 503 25 563 25 599 25 599 25 599 25 599 25 599 25 596 25 582 25 546 25 461 25 328 25 146 25 0 25 0 25 0 25 0 25 0 25 0 25 1 25 2 25 
50 2 0 1 0 1 0 148 -1 -1 0 2918 345 148 599 148 599 148 599 148 599 148 599 148 596 148 585 148 568 148 536 148 475 148 382 148 281 148 167 148 51 148 0 148 0 148 0 148 0 148 0 148 0 148 0 148 0 148 0 148 0 148 
50 2 0 1 0 1 5 0 -1 -1 1 6203 229 168 491 168 490 168 489 168 489 160 489 151 489 137 489 121 489 106 489 91 489 75 489 55 489 33 489 16 489 7 489 11 489 29 489 66 489 126 489 208 489 404 489 486 489 550 489 586 489 599 489 599 489 598 489 597 489 596 489 595 489 594 489 593 489 592 489 591 489 590 489 589 489 587 489 581 489 572 489 562 489 547 489 528 489 506 489 477 489 447 489 375 489 338 489 304 489 274 489 251 489 230 489 191 489 171 489 154 489 139 489 126 489 93 489 71 489 46 489 15 489 0 489 0 489 0 489 0 489 0 489 0 489 0 489 0 489 1 489 2 489 3 489 7 489 14 521 14 539 14 544 14 548 14 543 14 529 14 504 14 461 14 384 14 270 14 130 14 0 14 0 14 0 14 0 14 0 14 0 14 0 14 0 14 0 14 0 14 0 14 1 14 3 14 5 14 5 20 5 38 5 53 5 65 5 65 5 55 5 36 5 5 5 0 5 0 5 0 5 0 5 0 5 0 5 0 5 0 5 0 5 0 5 0 5 0 5 0 5 0 5 0 
50 2 0 1 0 1 2 383 -1 -1 0 6678 226 237 201 237 204 237 205 237 203 237 191 237 166 237 126 237 60 237 0 237 0 237 0 237 0 237 0 237 0 237 0 237 0 237 0 237 0 237 0 237 0 237 0 237 0 237 0 237 0 237 2 237 2 599 2 591 2 576 2 553 2 520 2 472 2 402 2 315 2 222 2 138 2 29 2 0 2 0 2 0 2 0 2 0 2 0 2 0 2 0 2 0 2 0 2 0 2 0 2 0 2 0 2 0 2 1 2 4 2 8 2 13 2 19 2 28 2 41 2 59 2 83 2 145 2 175 2 203 2 226 2 243 2 255 2 271 2 278 2 284 2 287 2 289 2 290 2 292 2 293 2 294 2 295 2 299 2 306 2 317 2 331 2 342 2 353 2 360 2 375 2 377 2 379 2 380 2 382 2 383 
50 2 0 1 0 1 0 599 -1 -1 1 7374 252 449 258 449 260 449 261 449 263 449 265 449 267 449 263 449 239 449 176 449 68 449 0 449 0 449 0 449 0 449 0 449 0 449 0 449 0 449 0 449 0 0 0 0 0 0 0 0 0 0 0 0 0 0 0 0 0 0 0 0 0 0 0 0 0 0 0 0 0 0 0 0 0 1 0 3 0 10 0 24 0 45 0 68 0 90 0 112 0 136 0 168 0 239 0 268 0 296 0 320 0 341 0 361 0 392 0 402 0 410 0 415 0 417 0 420 0 421 0 422 0 424 0 428 0 433 0 441 0 449 0 460 0 472 0 486 0 515 0 528 0 541 0 550 0 558 0 562 0 566 0 567 0 567 0 568 0 569 0 595 0 599 0 599 0 599 0 599 0 599 0 599 0 599 0 599 0 599 0 599 0 599 0 599 0 599 0 599 0 599 
50 2 0 1 0 1 0 389 -1 -1 0 5478 342 219 337 219 331 219 313 219 282 219 231 219 164 219 92 219 26 219 0 219 0 219 0 219 0 219 0 219 0 219 0 219 0 219 0 219 0 219 0 219 0 219 0 219 0 219 0 219 0 219 0 219 0 219 0 220 0 222 0 228 0 238 0 251 0 266 0 282 0 298 0 311 0 321 0 332 0 333 0 334 0 335 0 337 0 341 0 346 0 350 0 353 0 356 0 359 0 366 0 368 0 370 0 373 0 376 0 379 0 390 0 395 0 398 0 399 0 399 0 401 0 402 0 402 0 403 0 404 0 406 0 407 0 406 0 405 0 404 0 402 0 401 0 399 0 398 0 397 0 396 0 395 0 394 0 393 0 392 0 391 0 390 0 389 
50 2 0 1 0 1 0 28 -1 -1 0 5868 236 213 232 213 222 213 203 213 172 213 126 213 65 213 0 213 0 213 0 213 0 213 0 213 0 213 0 213 0 213 0 213 0 213 0 213 0 213 0 213 0 213 0 213 0 213 0 213 0 213 0 213 0 213 0 213 0 213 0 213 0 217 0 218 0 218 0 217 0 205 0 182 0 151 0 107 0 45 0 0 0 0 0 0 0 0 0 0 0 0 0 0 0 0 0 3 0 11 0 22 0 31 0 34 0 35 0 36 0 38 0 40 0 42 0 41 0 39 0 36 0 33 0 32 0 31 0 31 0 30 0 29 0 28 0 27 0 26 0 24 0 23 0 22 0 23 0 25 0 26 0 26 0 27 0 28 
50 2 0 1 0 1 201 156 -1 -1 1 6845 513 528 201 528 201 0 201 2 201 3 201 2 201 0 201 0 201 0 201 0 201 0 201 0 201 0 201 0 201 0 201 0 201 0 201 0 201 0 201 0 201 0 201 0 201 0 201 0 201 0 201 0 201 1 201 6 201 17 201 35 201 58 201 85 201 113 201 142 201 173 201 204 201 265 201 291 201 312 201 331 201 345 201 356 201 367 201 365 201 358 201 346 201 332 201 318 201 306 201 295 201 284 201 274 201 267 201 256 201 249 201 243 201 236 201 231 201 229 201 228 201 226 201 225 201 224 201 223 201 220 201 218 201 213 201 208 201 204 201 202 201 198 201 193 201 189 201 187 201 184 201 176 201 170 201 164 201 159 201 156 
50 2 0 1 0 1 0 172 -1 -1 0 4483 233 380 240 380 240 380 238 380 230 380 215 380 187 380 146 380 79 380 0 380 0 380 0 380 0 380 0 380 0 380 0 380 0 380 0 380 0 380 0 380 0 380 0 380 0 380 0 379 0 379 0 378 0 379 0 384 0 386 0 387 0 388 0 384 0 371 0 346 0 311 0 274 0 233 0 196 0 162 0 131 0 111 0 101 0 102 0 108 0 115 0 121 0 123 0 125 0 127 0 128 0 130 0 134 0 139 0 144 0 151 0 159 0 165 0 170 0 172 
50 2 0 1 0 1 0 598 -1 -1 0 8591 311 327 314 327 301 327 278 327 247 327 213 327 175 327 129 327 81 327 26 327 0 327 0 327 0 327 0 327 0 327 0 327 0 327 0 327 0 327 0 327 0 327 0 327 0 327 0 327 0 327 0 327 0 114 0 113 0 111 0 101 0 86 0 62 0 32 0 0 0 0 0 0 0 0 0 0 0 0 0 0 0 0 0 0 0 0 0 0 0 0 0 0 0 0 0 0 0 0 0 0 0 0 0 0 0 0 0 0 0 0 0 0 0 0 0 0 0 6 0 11 0 14 0 15 0 16 0 21 0 26 0 32 0 37 0 40 0 41 0 42 0 43 0 44 0 46 0 50 0 60 0 67 0 74 0 83 0 97 0 115 0 153 0 165 0 162 0 144 0 108 0 52 0 0 0 0 0 0 0 0 0 0 0 0 0 0 0 0 0 0 0 1 0 4 0 11 0 19 0 26 0 32 0 34 0 37 0 49 0 67 0 81 0 91 0 102 0 117 0 135 0 160 0 191 0 265 0 304 0 342 0 375 0 404 0 427 0 461 0 474 0 488 0 498 0 508 0 519 0 523 0 526 0 528 0 530 0 529 0 523 0 527 0 538 0 548 0 556 0 563 0 571 0 579 0 585 0 591 0 594 0 598 
50 2 0 1 0 1 0 468 -1 -1 0 9949 76 345 73 345 63 345 49 345 30 345 7 345 0 345 0 345 0 345 0 345 0 345 0 345 0 345 0 345 0 345 0 345 0 345 0 345 0 345 0 345 0 345 0 345 0 345 0 345 0 345 0 345 0 345 0 345 0 345 0 344 0 336 0 315 0 284 0 240 0 187 0 130 0 73 0 23 0 0 0 0 0 0 0 0 0 0 0 0 0 0 0 0 0 0 0 0 0 0 0 1 0 9 0 22 0 40 0 58 0 75 0 88 0 95 0 94 0 92 0 90 0 88 0 83 0 79 0 77 0 76 0 75 0 74 0 70 0 64 0 59 0 55 0 53 0 51 0 49 0 48 0 45 0 41 0 34 0 27 0 18 0 9 0 1 0 0 0 0 0 0 0 0 0 0 0 1 0 3 0 8 0 16 0 24 0 32 0 36 0 39 0 42 0 41 0 40 0 39 0 37 0 36 0 35 0 34 0 33 0 32 0 32 0 31 0 30 0 29 0 28 0 27 0 26 0 26 0 25 0 24 0 23 0 24 0 27 0 36 0 51 0 73 0 105 0 144 0 187 0 229 0 266 0 319 0 335 0 347 0 355 0 361 0 365 0 366 0 366 0 367 0 368 0 371 0 376 0 382 0 389 0 394 0 397 0 398 0 399 0 400 0 400 0 401 0 402 0 403 0 403 0 404 0 406 0 409 0 414 0 422 0 433 0 462 0 479 0 495 0 509 0 518 0 525 0 531 0 532 0 533 0 533 0 533 0 532 0 531 0 531 0 530 0 529 0 526 0 520 0 513 0 505 0 495 0 485 0 475 0 469 0 467 0 466 0 467 0 468 
50 2 0 1 0 1 15 0 -1 -1 1 3092 15 357 15 349 15 348 15 344 15 333 15 315 15 289 15 252 15 201 15 144 15 91 15 22 15 5 15 0 15 0 15 0 15 0 15 0 15 0 15 0 
50 2 0 1 0 1 485 3 -1 -1 1 3285 485 234 485 232 485 228 485 218 485 195 485 159 485 125 485 88 485 44 485 0 485 0 485 0 485 0 485 0 485 0 485 0 485 0 485 1 485 3 
50 2 0 1 0 1 599 554 -1 -1 1 2917 62 554 96 554 95 554 93 554 89 554 82 554 73 554 60 554 41 554 18 554 0 554 0 554 0 554 0 554 0 554 0 554 0 554 0 554 0 554 0 554 0 554 0 554 0 554 1 554 16 554 54 554 131 554 234 554 363 554 599 554 599 554 599 554 599 554 599 554 599 554 599 554 
50 2 0 1 0 1 599 0 -1 -1 1 4853 541 201 151 201 135 201 105 201 57 201 0 201 0 201 0 201 0 201 0 201 0 201 0 201 0 201 0 201 0 201 0 201 1 201 8 201 25 201 62 201 137 201 227 201 329 201 436 201 540 201 599 201 599 201 599 201 599 201 599 201 599 201 599 201 599 201 599 201 599 204 599 203 599 193 599 171 599 127 599 54 599 0 599 0 599 0 599 0 599 0 599 0 
50 2 0 1 0 2 349 149 1 3033 3 
50 2 0 1 0 2 516 249 1 1422 3 
50 2 0 1 0 2 516 216 1 713 3 
50 2 0 1 0 2 549 449 0 1239 3 
50 2 0 1 0 2 249 416 0 583 3 
50 2 0 1 0 2 316 116 0 670 3 
50 2 0 1 0 2 349 449 1 487 3 
50 2 0 1 0 2 482 383 0 584 3 
50 2 0 1 0 2 383 349 0 1009 3 
50 2 0 1 0 2 149 549 0 1150 3 
50 2 0 1 0 2 549 50 0 1045 3 
50 2 0 1 0 2 516 349 1 450 3 
50 2 0 1 0 2 116 416 0 623 3 
50 2 0 1 0 2 316 149 1 437 3 
50 2 0 1 0 2 383 116 1 995 3 
50 2 0 1 0 2 116 482 0 473 3 
50 2 0 1 0 2 383 316 1 715 3 
50 2 0 1 0 2 183 249 0 1367 3 
50 2 0 1 0 2 482 216 1 591 3 
50 2 0 1 0 2 249 216 0 516 3 
50 2 0 1 0 2 149 383 0 3126 3 
50 2 0 1 0 2 216 149 1 1201 3 
50 2 0 1 0 2 516 449 0 883 3 
50 2 0 1 0 2 50 83 1 478 3 
50 2 0 1 0 2 50 283 0 352 3 
50 2 0 1 0 2 149 183 1 319 3 
50 2 0 1 0 2 249 316 0 275 3 
50 2 0 1 0 2 149 349 1 743 3 
50 2 0 1 0 2 249 50 1 720 3 
50 2 0 1 0 2 283 349 1 1236 3 
50 2 0 1 0 2 116 116 1 507 3 
50 2 0 1 0 2 549 516 0 490 3 
50 2 0 1 0 1 3 594 -1 -1 1 5175 336 594 247 594 246 594 247 594 257 594 274 594 305 594 351 594 414 594 483 594 551 594 599 594 599 594 599 594 599 594 599 594 599 594 599 594 599 594 599 594 599 594 599 594 597 594 593 594 576 594 556 594 513 594 431 594 309 594 155 594 0 594 0 594 0 594 0 594 0 594 0 594 0 594 1 594 3 594 
50 2 0 1 0 1 0 77 -1 -1 0 2757 155 77 88 77 91 77 93 77 90 77 80 77 56 77 2 77 0 77 0 77 0 77 0 77 0 77 0 77 0 77 0 77 0 77 0 77 
50 2 0 1 0 1 0 133 -1 -1 0 3173 384 133 599 133 598 133 596 133 592 133 583 133 566 133 537 133 497 133 439 133 363 133 188 133 104 133 28 133 0 133 0 133 0 133 0 133 0 133 0 133 0 133 0 133 0 133 0 133 0 133 0 133 0 133 0 133 0 133 0 133 0 133 0 133 0 133 0 133 0 133 0 133 0 133 0 133 0 133 0 133 0 133 0 133 
50 2 0 1 0 1 132 331 -1 -1 0 4013 382 331 512 331 522 331 536 331 551 331 563 331 575 331 584 331 594 331 599 331 599 331 599 331 599 331 599 331 599 331 599 331 599 331 599 331 599 331 599 331 599 331 599 331 599 331 597 331 591 331 576 331 551 331 522 331 449 331 404 331 353 331 298 331 240 331 121 331 72 331 28 331 0 331 0 331 0 331 0 331 0 331 0 331 0 331 0 331 0 331 0 331 0 331 0 331 0 331 0 331 0 331 1 331 5 331 12 331 22 331 30 331 40 331 49 331 59 331 70 331 81 331 100 331 109 331 117 331 123 331 128 331 131 331 132 331 
50 2 0 1 0 1 291 597 -1 -1 0 4069 358 597 330 597 323 597 315 597 307 597 300 597 294 597 291 597 
50 2 0 1 0 1 599 137 -1 -1 1 3136 472 137 487 137 492 137 498 137 506 137 518 137 532 137 547 137 564 137 585 137 599 137 599 137 599 137 599 137 599 137 599 137 599 137 599 137 599 137 599 137 599 137 599 137 599 137 599 137 599 137 
50 2 0 1 0 1 369 0 -1 -1 1 3014 369 582 369 469 369 467 369 460 369 446 369 429 369 406 369 376 369 341 369 295 369 244 369 148 369 110 369 78 369 55 369 35 369 18 369 0 369 0 369 0 369 0 369 0 369 0 369 0 369 0 369 0 
50 2 0 1 0 1 0 0 -1 -1 1 6405 592 185 599 185 599 185 599 185 599 185 599 185 599 185 599 185 599 185 599 185 599 185 599 185 599 185 599 185 599 185 599 185 599 185 599 185 599 185 599 185 599 185 592 185 575 185 480 185 375 185 239 185 72 185 0 185 0 185 0 185 0 185 0 185 0 185 0 185 0 185 0 185 0 185 4 185 10 185 17 185 33 185 38 185 41 185 42 185 42 185 0 185 0 185 0 185 0 185 0 185 0 185 0 185 0 185 0 185 0 185 0 185 0 185 0 185 0 185 0 185 0 185 0 185 0 185 0 185 0 185 0 185 0 185 0 185 0 185 0 42 0 52 0 63 0 72 0 82 0 89 0 96 0 102 0 110 0 120 0 144 0 162 0 183 0 205 0 226 0 249 0 293 0 313 0 330 0 343 0 350 0 349 0 339 0 326 0 306 0 277 0 232 0 171 0 95 0 3 0 0 0 0 0 0 0 0 0 0 0 0 0 0 0 0 0 0 0 0 0 0 0 0 
50 2 0 1 0 1 395 490 -1 -1 0 4143 395 38 395 257 395 263 395 261 395 255 395 245 395 232 395 218 395 199 395 179 395 158 395 135 395 112 395 69 395 51 395 35 395 21 395 10 395 0 395 0 395 0 395 0 395 0 395 0 395 0 395 0 395 1 395 2 395 3 395 4 395 8 395 12 395 19 395 29 395 41 395 55 395 71 395 89 395 128 395 149 395 170 395 192 395 214 395 238 395 296 395 328 395 357 395 386 395 410 395 447 395 461 395 472 395 479 395 484 395 488 395 489 395 490 395 490 
50 2 0 1 0 1 0 325 -1 -1 0 3107 182 325 0 325 6 325 13 325 20 325 26 325 31 325 36 325 41 325 46 325 52 325 54 325 52 325 46 325 33 325 11 325 0 325 0 325 0 325 0 325 0 325 0 325 0 325 0 325 0 325 0 325 0 325 0 325 0 325 0 325 0 325 0 325 0 325 
50 2 0 1 0 1 406 599 -1 -1 0 3838 406 135 406 172 406 171 406 170 406 169 406 169 406 167 406 165 406 164 406 162 406 158 406 153 406 146 406 136 406 107 406 88 406 65 406 34 406 0 406 0 406 0 406 0 406 0 406 0 406 0 406 0 406 0 406 0 406 0 406 1 406 2 406 3 406 4 406 5 406 7 406 17 406 37 406 69 406 116 406 177 406 239 406 299 406 350 406 431 406 463 406 485 406 501 406 511 406 518 406 524 406 534 406 550 406 572 406 599 406 599 406 599 406 599 406 599 406 599 406 599 406 599 406 599 
50 2 0 1 0 1 0 599 -1 -1 0 4125 578 174 599 174 597 174 595 174 591 174 584 174 574 174 542 174 523 174 504 174 483 174 463 174 443 174 404 174 384 174 364 174 344 174 323 174 282 174 262 174 241 174 223 174 204 174 185 174 143 174 121 174 101 174 82 174 66 174 51 174 24 174 13 174 6 174 2 174 0 174 0 174 0 174 0 174 0 174 0 174 0 174 0 174 0 174 0 174 0 174 0 174 0 174 0 174 0 174 0 174 0 183 0 203 0 222 0 239 0 258 0 278 0 302 0 335 0 369 0 413 0 492 0 528 0 562 0 592 0 599 0 599 0 599 0 599 0 599 0 599 0 599 0 599 0 599 0 599 0 599 0 599 0 599 0 599 
50 2 0 1 0 1 0 1 -1 -1 0 8158 349 79 129 79 128 79 127 79 125 79 121 79 115 79 104 79 87 79 64 79 32 79 0 79 0 79 0 79 0 79 0 79 0 79 0 79 0 79 0 79 0 79 0 79 0 79 0 79 0 79 0 79 0 79 0 79 0 79 0 599 0 599 0 599 0 599 0 599 0 599 0 599 0 599 0 599 0 599 0 599 0 599 0 599 0 599 0 599 0 599 0 599 0 599 0 599 0 599 0 598 0 594 0 590 0 583 0 573 0 558 0 537 0 511 0 476 0 432 0 297 0 219 0 136 0 53 0 0 0 0 0 0 0 0 0 0 0 0 0 0 0 0 0 0 0 0 0 0 0 0 0 0 0 2 0 6 0 12 0 23 0 40 0 61 0 91 0 134 0 194 0 267 0 415 0 487 0 549 0 599 0 599 0 599 0 599 0 599 0 599 0 599 0 599 0 599 0 598 0 596 0 587 0 565 0 531 0 474 0 398 0 303 0 192 0 65 0 0 0 0 0 0 0 0 0 0 0 0 0 0 0 0 0 1 0 3 0 5 0 8 0 10 0 11 0 12 0 18 0 31 0 52 0 81 0 120 0 189 0 278 0 395 0 524 0 599 0 599 0 599 0 599 0 599 0 599 0 599 0 599 0 599 0 599 0 599 0 599 0 598 0 593 0 581 0 564 0 539 0 498 0 440 0 358 0 255 0 126 0 0 0 0 0 0 0 0 0 0 0 0 0 0 0 0 0 0 0 0 0 1 
50 2 0 1 0 1 54 599 -1 -1 0 3781 54 409 54 599 54 599 54 599 54 599 54 599 54 599 54 599 54 599 54 599 54 599 54 599 54 599 54 599 54 599 54 599 54 599 54 599 54 598 54 597 54 596 54 590 54 579 54 556 54 516 54 445 54 348 54 240 54 15 54 0 54 0 54 0 54 0 54 0 54 0 54 0 54 0 54 0 54 4 54 20 54 55 54 122 54 212 54 314 54 435 54 553 54 599 54 599 54 599 54 599 54 599 54 599 
50 2 0 1 0 1 0 599 -1 -1 1 3890 528 88 509 88 508 88 507 88 501 88 492 88 472 88 438 88 386 88 305 88 213 88 106 88 0 88 0 88 0 88 0 88 0 88 0 88 0 88 0 88 0 88 0 88 0 88 0 88 0 88 0 88 0 88 0 88 0 86 0 86 0 84 0 83 0 85 0 91 0 101 0 119 0 149 0 188 0 263 0 341 0 427 0 514 0 599 0 599 0 599 0 599 0 599 0 599 0 599 0 599 
50 2 0 1 0 1 212 599 -1 -1 0 15573 212 211 212 0 212 0 212 0 212 0 212 0 212 0 212 0 212 0 212 0 212 0 212 0 212 0 212 1 212 1 212 3 212 6 212 14 212 30 212 59 212 104 212 170 212 242 212 403 212 483 212 553 212 599 212 599 212 599 212 599 212 599 212 599 212 599 212 599 212 599 212 599 212 599 212 599 212 599 212 599 212 599 212 599 212 599 212 599 
50 2 0 1 0 2 283 249 0 1955 5 
50 2 0 1 0 2 516 183 1 459 5 
50 2 0 1 0 2 50 316 0 798 5 
50 2 0 1 0 2 249 149 1 463 5 
50 2 0 1 0 2 416 216 0 509 5 
50 2 0 1 0 2 50 482 1 337 5 
50 2 0 1 0 2 216 482 0 466 5 
50 2 0 1 0 2 183 116 1 423 5 
50 2 0 1 0 2 316 216 0 470 5 
50 2 0 1 0 2 516 549 0 314 5 
50 2 0 1 0 2 349 116 1 339 5 
50 2 0 1 0 2 216 416 0 722 5 
50 2 0 1 0 2 383 183 1 585 5 
50 2 0 1 0 2 149 316 0 826 5 
50 2 0 1 0 2 316 349 0 782 5 
50 2 0 1 0 2 283 116 1 386 5 
50 2 0 1 0 2 416 183 0 328 5 
50 2 0 1 0 2 416 449 0 421 5 
50 2 0 1 0 2 216 50 0 540 5 
50 2 0 1 0 2 416 516 1 382 5 
50 2 0 1 0 2 149 50 0 492 5 
50 2 0 1 0 2 482 516 0 331 5 
50 2 0 1 0 2 249 516 1 296 5 
50 2 0 1 0 2 249 349 0 538 5 
50 2 0 1 0 2 383 216 1 551 5 
50 2 0 1 0 2 316 316 0 894 5 
50 2 0 1 0 2 516 482 1 769 5 
50 2 0 1 0 2 149 516 0 842 5 
50 2 0 1 0 2 449 549 1 601 5 
50 2 0 1 0 2 482 249 0 1097 5 
50 2 0 1 0 2 50 249 0 773 5 
50 2 0 1 0 2 183 50 0 649 5 
50 2 0 1 0 1 2 53 -1 -1 0 6141 395 53 396 53 398 53 400 53 399 53 393 53 381 53 365 53 346 53 326 53 307 53 287 53 266 53 245 53 231 53 233 53 242 53 260 53 292 53 348 53 515 53 599 53 599 53 599 53 599 53 599 53 599 53 599 53 599 53 599 53 599 53 599 53 597 53 588 53 572 53 550 53 468 53 397 53 312 53 210 53 93 53 0 53 0 53 0 53 0 53 0 53 0 53 0 53 0 53 0 53 0 53 0 53 0 53 0 53 0 53 0 53 0 53 1 53 1 53 2 53 
50 2 0 1 0 1 0 106 -1 -1 0 4230 5 106 592 106 586 106 571 106 543 106 490 106 405 106 290 106 152 106 4 106 0 106 0 106 0 106 0 106 0 106 0 106 0 106 0 106 1 106 5 106 15 106 29 106 44 106 60 106 75 106 86 106 93 106 101 106 115 106 120 106 124 106 126 106 132 106 144 106 146 106 144 106 132 106 107 106 54 106 0 106 0 106 0 106 0 106 0 106 0 106 0 106 0 106 0 106 0 106 0 106 0 106 
50 2 0 1 0 1 599 229 -1 -1 1 2709 562 229 599 229 599 229 599 229 599 229 599 229 599 229 599 229 599 229 599 229 599 229 599 229 599 229 599 229 599 229 599 229 599 229 
50 2 0 1 0 1 382 176 -1 -1 1 2800 535 176 342 176 343 176 348 176 354 176 361 176 368 176 375 176 379 176 381 176 382 176 
50 2 0 1 0 1 113 586 -1 -1 0 2694 370 586 366 586 365 586 365 586 364 586 363 586 362 586 362 586 361 586 359 586 355 586 349 586 336 586 320 586 305 586 286 586 266 586 243 586 196 586 176 586 157 586 141 586 128 586 119 586 113 586 113 586 
50 2 0 1 0 1 1 400 -1 -1 0 3260 201 400 407 400 412 400 421 400 433 400 451 400 475 400 506 400 544 400 589 400 599 400 599 400 599 400 599 400 599 400 599 400 599 400 599 400 599 400 599 400 597 400 590 400 572 400 526 400 429 400 287 400 108 400 0 400 0 400 0 400 0 400 0 400 0 400 0 400 0 400 1 400 
50 2 0 1 0 1 0 314 -1 -1 0 2854 368 314 440 314 442 314 441 314 437 314 431 314 416 314 380 314 311 314 221 314 112 314 0 314 0 314 0 314 0 314 0 314 0 314 0 314 0 314 0 314 
50 2 0 1 0 1 0 49 -1 -1 0 3810 393 49 0 49 0 49 0 49 0 49 0 49 0 49 0 49 0 49 0 49 0 49 0 49 0 49 0 49 0 49 0 49 0 49 0 49 0 49 0 49 0 49 0 49 
50 2 0 1 0 1 0 166 -1 -1 0 2965 353 166 599 166 594 166 587 166 577 166 565 166 553 166 538 166 516 166 486 166 450 166 352 166 298 166 243 166 182 166 117 166 54 166 0 166 0 166 0 166 0 166 0 166 0 166 0 166 
50 2 0 1 0 1 0 340 -1 -1 0 3095 592 340 599 340 595 340 590 340 582 340 569 340 550 340 529 340 500 340 457 340 397 340 230 340 139 340 47 340 0 340 0 340 0 340 0 340 0 340 0 340 0 340 0 340 0 340 
50 2 0 1 0 1 1 420 -1 -1 0 3243 63 420 599 420 598 420 596 420 594 420 591 420 588 420 586 420 584 420 582 420 575 420 562 420 539 420 504 420 440 420 367 420 268 420 163 420 0 420 0 420 0 420 0 420 0 420 0 420 0 420 0 420 0 420 1 420 
50 2 0 1 0 1 0 343 -1 -1 0 3269 172 343 537 343 533 343 527 343 514 343 485 343 445 343 379 343 301 343 211 343 112 343 0 343 0 343 0 343 0 343 0 343 0 343 0 343 0 343 0 343 0 343 
50 2 0 1 0 1 0 488 -1 -1 0 2987 269 488 599 488 598 488 595 488 588 488 575 488 557 488 531 488 492 488 442 488 376 488 300 488 111 488 10 488 0 488 0 488 0 488 0 488 0 488 0 488 0 488 0 488 
50 2 0 1 0 1 0 40 -1 -1 0 2950 91 40 599 40 597 40 593 40 587 40 576 40 558 40 537 40 507 40 469 40 418 40 269 40 177 40 73 40 0 40 0 40 0 40 0 40 0 40 0 40 0 40 0 40 0 40 0 40 
50 2 0 1 0 1 0 410 -1 -1 0 3006 536 410 599 410 598 410 597 410 592 410 583 410 571 410 554 410 531 410 499 410 451 410 302 410 209 410 109 410 0 410 0 410 0 410 0 410 0 410 0 410 0 410 0 410 0 410 
50 2 0 1 0 1 0 444 -1 -1 0 2846 457 444 599 444 597 444 595 444 589 444 581 444 568 444 552 444 528 444 484 444 416 444 214 444 90 444 0 444 0 444 0 444 0 444 0 444 0 444 0 444 0 444 0 444 0 444 
50 2 0 1 0 2 83 416 0 4458 5 
50 2 0 1 0 2 316 516 0 4180 5 
50 2 0 1 0 2 216 549 0 729 5 
50 2 0 1 0 2 283 183 0 1234 5 
50 2 0 1 0 2 249 116 1 1233 5 
50 2 0 1 0 2 116 149 0 772 5 
50 2 0 1 0 2 249 283 0 1181 5 
50 2 0 1 0 2 482 116 1 624 5 
50 2 0 1 0 2 83 516 0 648 5 
50 2 0 1 0 2 316 549 0 864 5 
50 2 0 1 0 2 416 416 1 500 5 
50 2 0 1 0 2 549 216 1 729 5 
50 2 0 1 0 2 83 316 0 758 5 
50 2 0 1 0 2 83 482 0 688 5 
50 2 0 1 0 2 482 183 1 1273 5 
50 2 0 1 0 2 283 50 1 802 5 
50 2 0 1 0 2 482 449 1 870 5 
50 2 0 1 0 2 316 249 1 676 5 
50 2 0 1 0 2 50 449 0 388 5 
50 2 0 1 0 2 83 549 0 516 5 
50 2 0 1 0 2 383 549 1 640 5 
50 2 0 1 0 2 349 416 1 908 5 
50 2 0 1 0 2 116 83 0 691 5 
50 2 0 1 0 2 216 383 0 656 5 
50 2 0 1 0 2 449 349 1 711 5 
50 2 0 1 0 2 516 50 1 668 5 
50 2 0 1 0 2 183 216 0 425 5 
50 2 0 1 0 2 416 149 1 752 5 
50 2 0 1 0 2 416 116 0 1016 5 
50 2 0 1 0 2 183 283 0 1265 5 
50 2 0 1 0 2 516 283 1 862 5 
50 2 0 1 0 2 482 316 1 581 5 
50 2 0 1 0 1 0 93 -1 -1 0 5830 264 93 562 93 561 93 559 93 555 93 551 93 549 93 548 93 547 93 545 93 545 93 544 93 535 93 531 93 530 93 530 93 528 93 524 93 519 93 511 93 501 93 491 93 487 93 493 93 515 93 589 93 599 93 599 93 599 93 599 93 599 93 599 93 599 93 599 93 599 93 597 93 590 93 572 93 539 93 481 93 400 93 298 93 179 93 45 93 0 93 0 93 0 93 0 93 0 93 0 93 0 93 0 93 0 93 0 93 0 93 0 93 0 93 0 93 0 93 0 93 0 93 0 93 0 93 0 93 
50 2 0 1 0 1 0 49 -1 -1 0 4684 345 49 0 49 0 49 0 49 0 49 0 49 0 49 0 49 0 49 0 49 0 49 0 49 0 49 0 49 0 49 0 49 0 49 0 49 0 49 0 49 0 49 0 49 0 49 0 49 0 49 0 49 0 49 0 49 0 49 0 49 0 49 0 49 0 49 0 49 0 49 0 49 2 49 16 49 18 49 15 49 7 49 0 49 0 49 0 49 0 49 0 49 0 49 0 49 0 49 0 49 0 49 0 49 0 49 0 49 0 49 0 49 0 49 0 49 0 49 
50 2 0 1 0 1 0 283 -1 -1 0 3131 465 283 465 283 466 283 467 283 468 283 468 283 465 283 458 283 447 283 429 283 407 283 379 283 345 283 305 283 256 283 131 283 55 283 0 283 0 283 0 283 0 283 0 283 0 283 0 283 0 283 0 283 0 283 
50 2 0 1 0 1 0 135 -1 -1 0 3238 439 135 440 135 438 135 430 135 415 135 397 135 371 135 341 135 297 135 246 135 185 135 41 135 0 135 0 135 0 135 0 135 0 135 0 135 0 135 0 135 
50 2 0 1 0 1 0 530 -1 -1 0 3179 412 530 430 530 428 530 426 530 422 530 416 530 408 530 396 530 383 530 365 530 343 530 284 530 245 530 198 530 146 530 89 530 28 530 0 530 0 530 0 530 0 530 0 530 0 530 0 530 0 530 0 530 0 530 
50 2 0 1 0 1 402 154 -1 -1 1 3853 361 154 475 154 477 154 479 154 481 154 483 154 486 154 490 154 496 154 502 154 509 154 517 154 534 154 543 154 551 154 558 154 564 154 570 154 579 154 582 154 585 154 588 154 591 154 599 154 599 154 599 154 599 154 599 154 599 154 599 154 599 154 599 154 599 154 599 154 599 154 599 154 599 154 599 154 597 154 593 154 586 154 577 154 565 154 551 154 536 154 519 154 502 154 487 154 463 154 455 154 448 154 443 154 439 154 435 154 429 154 426 154 421 154 417 154 412 154 405 154 403 154 402 154 
50 2 0 1 0 1 189 4 -1 -1 1 2988 190 4 189 4 
50 2 0 1 0 1 281 419 -1 -1 0 3323 596 419 595 419 594 419 594 419 592 419 588 419 581 419 574 419 566 419 556 419 546 419 533 419 518 419 502 419 467 419 446 419 422 419 400 419 378 419 360 419 329 419 320 419 313 419 309 419 307 419 307 419 305 419 302 419 299 419 295 419 289 419 285 419 283 419 281 419 
50 2 0 1 0 1 0 510 -1 -1 0 2806 289 510 301 510 300 510 299 510 294 510 288 510 278 510 262 510 243 510 219 510 189 510 106 510 56 510 0 510 0 510 0 510 0 510 0 510 0 510 0 510 0 510 0 510 0 510 
50 2 0 1 0 1 0 459 -1 -1 0 2733 576 459 599 459 597 459 593 459 587 459 577 459 567 459 555 459 541 459 527 459 513 459 497 459 459 459 434 459 402 459 366 459 314 459 255 459 123 459 56 459 0 459 0 459 0 459 0 459 0 459 0 459 0 459 0 459 0 459 
50 2 0 1 0 1 450 180 -1 -1 1 3277 204 180 355 180 375 180 397 180 419 180 463 180 483 180 503 180 520 180 536 180 554 180 557 180 559 180 563 180 572 180 592 180 599 180 599 180 599 180 599 180 599 180 599 180 599 180 599 180 599 180 599 180 599 180 598 180 596 180 593 180 587 180 580 180 570 180 557 180 543 180 528 180 513 180 487 180 477 180 469 180 462 180 458 180 455 180 453 180 452 180 451 180 451 180 450 180 
50 2 0 1 0 1 339 337 -1 -1 1 7814 173 337 183 337 185 337 190 337 199 337 214 337 234 337 257 337 285 337 309 337 336 337 379 337 395 337 407 337 415 337 419 337 418 337 414 337 406 337 394 337 376 337 354 337 331 337 306 337 281 337 257 337 217 337 204 337 196 337 194 337 195 337 197 337 199 337 204 337 210 337 219 337 230 337 242 337 254 337 266 337 289 337 302 337 316 337 333 337 356 337 385 337 458 337 495 337 530 337 562 337 595 337 599 337 599 337 599 337 599 337 599 337 599 337 599 337 598 337 595 337 592 337 588 337 583 337 577 337 569 337 558 337 546 337 531 337 497 337 476 337 455 337 433 337 412 337 392 337 358 337 345 337 335 337 328 337 326 337 324 337 325 337 326 337 330 337 335 337 342 337 351 337 363 337 380 337 400 337 424 337 485 337 516 337 546 337 572 337 593 337 599 337 599 337 599 337 599 337 598 337 597 337 595 337 593 337 590 337 588 337 585 337 584 337 585 337 590 337 598 337 599 337 599 337 599 337 599 337 599 337 599 337 599 337 599 337 598 337 596 337 592 337 584 337 574 337 564 337 553 337 542 337 531 337 522 337 501 337 495 337 488 337 485 337 483 337 482 337 478 337 474 337 471 337 466 337 461 337 450 337 446 337 441 337 437 337 434 337 430 337 423 337 419 337 413 337 406 337 399 337 385 337 378 337 371 337 363 337 355 337 349 337 342 337 341 337 340 337 340 337 339 337 
50 2 0 1 0 1 0 475 -1 -1 0 2781 198 475 159 475 157 475 150 475 139 475 122 475 96 475 63 475 23 475 0 475 0 475 0 475 0 475 0 475 0 475 0 475 0 475 0 475 0 475 0 475 0 475 0 475 0 475 
50 2 0 1 0 1 0 198 -1 -1 0 2894 570 198 566 198 562 198 550 198 530 198 496 198 437 198 346 198 227 198 90 198 0 198 0 198 0 198 0 198 0 198 0 198 0 198 0 198 0 198 0 198 0 198 
50 2 0 1 0 1 340 415 -1 -1 0 9068 43 415 57 415 59 415 65 415 80 415 105 415 148 415 212 415 300 415 415 415 541 415 599 415 599 415 599 415 599 415 599 415 599 415 599 415 599 415 599 415 599 415 599 415 598 415 597 415 595 415 592 415 588 415 583 415 578 415 573 415 568 415 564 415 555 415 552 415 550 415 548 415 546 415 544 415 540 415 536 415 531 415 526 415 519 415 500 415 487 415 476 415 462 415 449 415 436 415 411 415 401 415 391 415 381 415 372 415 352 415 340 415 324 415 307 415 288 415 266 415 206 415 167 415 121 415 69 415 8 415 0 415 0 415 0 415 0 415 0 415 0 415 0 415 0 415 0 415 0 415 0 415 0 415 0 415 0 415 0 415 0 415 0 415 0 415 0 415 0 415 0 415 1 415 3 415 7 415 16 415 30 415 51 415 75 415 105 415 138 415 174 415 250 415 287 415 325 415 366 415 405 415 447 415 537 415 585 415 599 415 599 415 599 415 599 415 599 415 599 415 599 415 599 415 599 415 599 415 599 415 599 415 599 415 599 415 599 415 599 415 599 415 599 415 599 415 599 415 598 415 594 415 585 415 569 415 544 415 503 415 437 415 341 415 215 415 65 415 0 415 0 415 0 415 0 415 0 415 0 415 0 415 0 415 0 415 0 415 0 415 0 415 1 415 2 415 3 415 4 415 5 415 7 415 10 415 15 415 20 415 27 415 34 415 43 415 60 415 69 415 78 415 86 415 94 415 101 415 114 415 121 415 127 415 136 415 146 415 161 415 168 415 177 415 184 415 191 415 197 415 209 415 215 415 222 415 232 415 247 415 283 415 308 415 338 415 376 415 421 415 473 415 599 415 599 415 599 415 599 415 599 415 599 415 599 415 599 415 599 415 599 415 599 415 599 415 599 415 599 415 599 415 599 415 599 415 598 415 594 415 589 415 582 415 572 415 560 415 544 415 527 415 507 415 486 415 440 415 415 415 392 415 368 415 346 415 325 415 287 415 269 415 252 415 237 415 221 415 193 415 180 415 168 415 156 415 143 415 132 415 109 415 99 415 90 415 80 415 72 415 53 415 42 415 29 415 14 415 0 415 0 415 0 415 0 415 0 415 0 415 0 415 0 415 0 415 0 415 0 415 0 415 0 415 0 415 0 415 0 415 1 415 3 415 7 415 14 415 24 415 36 415 51 415 67 415 84 415 100 415 130 415 144 415 162 415 177 415 193 415 208 415 235 415 247 415 260 415 271 415 282 415 304 415 312 415 321 415 328 415 334 415 338 415 340 415 
50 2 0 1 0 1 453 211 -1 -1 1 4238 124 211 41 211 37 211 33 211 30 211 29 211 29 211 30 211 33 211 39 211 50 211 66 211 85 211 106 211 128 211 174 211 196 211 219 211 242 211 262 211 282 211 318 211 331 211 341 211 348 211 351 211 352 211 353 211 354 211 357 211 361 211 366 211 371 211 375 211 378 211 381 211 385 211 387 211 388 211 390 211 392 211 394 211 401 211 406 211 411 211 417 211 423 211 433 211 438 211 442 211 446 211 452 211 459 211 474 211 482 211 492 211 500 211 507 211 516 211 518 211 519 211 518 211 516 211 511 211 503 211 494 211 483 211 471 211 463 211 456 211 453 211 
50 2 0 1 0 2 316 383 1 5683 5 
50 2 0 1 0 2 416 316 1 781 5 
50 2 0 1 0 2 482 482 1 674 5 
50 2 0 1 0 2 183 316 0 1215 5 
50 2 0 1 0 2 383 383 1 702 5 
50 2 0 1 0 2 349 349 0 1697 5 
50 2 0 1 0 2 183 549 0 821 5 
50 2 0 1 0 2 183 516 0 1223 5 
50 2 0 1 0 2 449 183 1 981 5 
50 2 0 1 0 2 316 50 1 2684 5 
50 2 0 1 0 2 549 116 1 781 5 
50 2 0 1 0 2 416 83 1 736 5 
50 2 0 1 0 2 116 283 0 728 5 
50 2 0 1 0 2 83 116 0 841 5 
50 2 0 1 0 2 449 383 1 675 5 
50 2 0 1 0 2 416 50 1 603 5 
50 2 0 1 0 2 449 516 1 847 5 
50 2 0 1 0 2 116 516 0 754 5 
50 2 0 1 0 2 216 316 0 997 5 
50 2 0 1 0 2 216 183 0 749 5 
50 2 0 1 0 2 116 216 0 600 5 
50 2 0 1 0 2 549 283 1 787 5 
50 2 0 1 0 2 482 83 1 1005 5 
50 2 0 1 0 2 283 449 0 3091 5 
50 2 0 1 0 2 116 249 0 685 5 
50 2 0 1 0 2 449 149 1 803 5 
50 2 0 1 0 2 249 249 0 1996 5 
50 2 0 1 0 2 183 183 0 725 5 
50 2 0 1 0 2 316 416 1 1597 5 
50 2 0 1 0 2 50 549 0 652 5 
50 2 0 1 0 2 183 416 0 673 5 
50 2 0 1 0 2 249 83 0 1115 5 
50 2 0 1 0 1 0 469 -1 -1 0 43875 244 469 168 469 171 469 178 469 185 469 193 469 199 469 206 469 211 469 213 469 212 469 200 469 173 469 92 469 0 469 0 469 0 469 0 469 0 469 0 469 0 469 0 469 0 469 0 469 0 469 0 469 0 469 0 469 0 469 0 469 0 469 
50 2 0 1 0 1 286 507 -1 -1 0 4033 160 507 123 507 117 507 107 507 93 507 79 507 62 507 46 507 28 507 6 507 0 507 0 507 0 507 0 507 0 507 0 507 0 507 0 507 4 507 19 507 43 507 80 507 138 507 204 507 273 507 344 507 419 507 485 507 569 507 594 507 599 507 599 507 599 507 599 507 599 507 599 507 599 507 599 507 599 507 599 507 599 507 599 507 599 507 599 507 599 507 599 507 599 507 599 507 599 507 599 507 598 507 597 507 594 507 583 507 560 507 524 507 484 507 441 507 406 507 374 507 349 507 327 507 326 507 326 507 325 507 323 507 318 507 311 507 303 507 295 507 290 507 287 507 286 507 
50 2 0 1 0 1 319 307 -1 -1 1 9654 483 307 284 307 296 307 302 307 303 307 302 307 297 307 287 307 274 307 256 307 234 307 213 307 196 307 179 307 162 307 130 307 116 307 101 307 87 307 73 307 63 307 53 307 52 307 52 307 53 307 54 307 53 307 51 307 47 307 39 307 26 307 11 307 0 307 0 307 0 307 0 307 0 307 1 307 5 307 12 307 27 307 49 307 78 307 104 307 129 307 150 307 163 307 171 307 171 307 171 307 171 307 171 307 173 307 177 307 185 307 194 307 201 307 207 307 216 307 226 307 238 307 250 307 275 307 286 307 296 307 305 307 314 307 319 307 
50 2 0 1 0 1 268 37 -1 -1 1 5038 514 37 388 37 384 37 377 37 364 37 347 37 324 37 298 37 273 37 252 37 233 37 196 37 184 37 176 37 172 37 171 37 170 37 169 37 168 37 166 37 164 37 165 37 169 37 175 37 182 37 191 37 200 37 208 37 215 37 219 37 222 37 227 37 230 37 232 37 233 37 234 37 235 37 238 37 241 37 243 37 244 37 245 37 249 37 255 37 259 37 263 37 266 37 267 37 268 37 
50 2 0 1 0 1 193 139 -1 -1 1 3291 239 139 238 139 234 139 229 139 224 139 219 139 216 139 214 139 213 139 212 139 211 139 207 139 205 139 202 139 201 139 201 139 199 139 199 139 198 139 196 139 195 139 194 139 193 139 
50 2 0 1 0 1 156 98 -1 -1 1 6305 187 98 154 98 154 98 154 98 154 98 155 98 155 98 154 98 153 98 151 98 149 98 148 98 147 98 146 98 147 98 148 98 152 98 157 98 167 98 179 98 192 98 202 98 210 98 216 98 219 98 221 98 224 98 228 98 233 98 238 98 247 98 248 98 247 98 243 98 235 98 223 98 209 98 196 98 186 98 180 98 176 98 175 98 175 98 173 98 172 98 170 98 169 98 168 98 165 98 165 98 164 98 163 98 162 98 161 98 159 98 159 98 157 98 156 98 156 98 
50 2 0 1 0 1 114 373 -1 -1 0 4339 465 373 296 373 294 373 286 373 272 373 257 373 239 373 221 373 202 373 183 373 164 373 131 373 115 373 103 373 94 373 89 373 78 373 74 373 70 373 66 373 63 373 62 373 61 373 62 373 63 373 68 373 73 373 81 373 93 373 103 373 109 373 113 373 114 373 
50 2 0 1 0 1 158 478 -1 -1 0 23711 311 478 352 478 348 478 339 478 325 478 304 478 285 478 268 478 258 478 252 478 249 478 249 478 248 478 247 478 246 478 245 478 244 478 244 478 243 478 242 478 241 478 240 478 236 478 233 478 229 478 225 478 221 478 215 478 210 478 203 478 197 478 192 478 189 478 187 478 186 478 181 478 177 478 175 478 174 478 172 478 169 478 165 478 161 478 157 478 152 478 149 478 145 478 143 478 142 478 143 478 144 478 145 478 148 478 154 478 161 478 166 478 168 478 171 478 171 478 172 478 173 478 174 478 177 478 184 478 196 478 211 478 230 478 254 478 283 478 313 478 360 478 380 478 396 478 406 478 412 478 414 478 415 478 414 478 409 478 400 478 385 478 366 478 344 478 320 478 298 478 279 478 266 478 256 478 255 478 253 478 252 478 251 478 250 478 246 478 241 478 233 478 223 478 211 478 187 478 176 478 163 478 154 478 150 478 148 478 145 478 140 478 134 478 127 478 122 478 110 478 106 478 105 478 106 478 109 478 116 478 125 478 133 478 138 478 141 478 142 478 143 478 143 478 144 478 145 478 147 478 151 478 155 478 158 478 
50 2 0 1 0 1 164 524 -1 -1 0 4845 221 524 160 524 152 524 144 524 136 524 126 524 117 524 109 524 99 524 89 524 79 524 66 524 61 524 58 524 60 524 64 524 70 524 76 524 80 524 84 524 89 524 92 524 95 524 101 524 108 524 110 524 112 524 113 524 114 524 118 524 123 524 130 524 138 524 146 524 150 524 152 524 153 524 155 524 157 524 159 524 160 524 162 524 164 524 
50 2 0 1 0 1 147 337 -1 -1 0 4875 100 337 61 337 59 337 56 337 50 337 43 337 35 337 25 337 17 337 10 337 4 337 0 337 0 337 0 337 1 337 3 337 14 337 32 337 55 337 82 337 108 337 132 337 152 337 165 337 175 337 174 337 172 337 170 337 168 337 166 337 164 337 161 337 160 337 158 337 157 337 156 337 156 337 154 337 152 337 151 337 149 337 148 337 148 337 147 337 
50 2 0 1 0 1 140 86 -1 -1 1 3604 298 86 297 86 294 86 288 86 272 86 250 86 227 86 203 86 181 86 163 86 155 86 152 86 152 86 151 86 150 86 147 86 142 86 132 86 120 86 108 86 99 86 94 86 91 86 92 86 93 86 94 86 97 86 101 86 104 86 109 86 111 86 113 86 114 86 116 86 120 86 128 86 133 86 138 86 140 86 
50 2 0 1 0 1 126 444 -1 -1 0 4197 504 444 361 444 361 444 360 444 352 444 339 444 323 444 304 444 282 444 259 444 235 444 213 444 197 444 180 444 177 444 175 444 174 444 171 444 167 444 157 444 150 444 144 444 139 444 134 444 130 444 129 444 128 444 127 444 126 444 
50 2 0 1 0 1 98 476 -1 -1 0 3254 342 476 348 476 345 476 338 476 329 476 316 476 301 476 286 476 274 476 264 476 255 476 241 476 234 476 225 476 215 476 207 476 197 476 179 476 172 476 167 476 163 476 157 476 142 476 134 476 127 476 122 476 117 476 114 476 109 476 106 476 102 476 99 476 98 476 
50 2 0 1 0 1 114 473 -1 -1 0 3236 215 473 226 473 224 473 221 473 216 473 212 473 207 473 203 473 198 473 195 473 193 473 187 473 184 473 180 473 174 473 167 473 160 473 146 473 140 473 133 473 127 473 124 473 121 473 120 473 118 473 116 473 115 473 114 473 114 473 
50 2 0 1 0 1 0 433 -1 -1 0 2779 293 433 292 433 292 433 289 433 279 433 256 433 203 433 108 433 0 433 0 433 0 433 0 433 0 433 0 433 0 433 0 433 0 433 0 433 0 433 0 433 0 433 0 433 0 433 0 433 
50 2 0 1 0 1 43 141 -1 -1 0 3126 262 141 298 141 297 141 294 141 288 141 277 141 261 141 238 141 206 141 171 141 143 141 125 141 113 141 112 141 112 141 111 141 110 141 109 141 102 141 97 141 91 141 82 141 69 141 48 141 43 141 
50 2 0 1 0 2 349 216 1 3311 5 
50 2 0 1 0 2 183 83 0 1901 5 
50 2 0 1 0 2 383 416 1 603 5 
50 2 0 1 0 2 83 183 1 802 5 
50 2 0 1 0 2 183 449 0 3307 5 
50 2 0 1 0 2 316 449 1 1175 5 
50 2 0 1 0 2 549 416 1 826 5 
50 2 0 1 0 2 50 416 0 841 5 
50 2 0 1 0 2 549 183 1 603 5 
50 2 0 1 0 2 249 549 1 1778 5 
50 2 0 1 0 2 283 149 1 1110 5 
50 2 0 1 0 2 482 349 1 778 5 
50 2 0 1 0 2 149 283 0 697 5 
50 2 0 1 0 2 50 50 0 751 5 
50 2 0 1 0 2 383 50 1 1063 5 
50 2 0 1 0 2 449 50 1 776 5 
50 2 0 1 0 2 383 516 1 856 5 
50 2 0 1 0 2 449 316 1 713 5 
50 2 0 1 0 2 216 83 0 3870 5 
50 2 0 1 0 2 50 516 0 826 5 
50 2 0 1 0 2 549 83 1 920 5 
50 2 0 1 0 2 283 482 0 3111 5 
50 2 0 1 0 2 149 482 0 4085 5 
50 2 0 1 0 2 283 83 1 691 5 
50 2 0 1 0 2 383 449 1 666 5 
50 2 0 1 0 2 449 216 1 565 5 
50 2 0 1 0 2 383 149 1 808 5 
50 2 0 1 0 2 116 383 0 1810 5 
50 2 0 1 0 2 283 416 1 758 5 
50 2 0 1 0 2 349 482 1 1034 5 
50 2 0 1 0 2 516 149 1 649 5 
50 2 0 1 0 2 149 149 0 974 5 
50 2 0 1 0 1 166 599 -1 -1 0 27102 251 160 251 166 251 165 251 163 251 157 251 150 251 142 251 132 251 122 251 110 251 96 251 82 251 60 251 49 251 35 251 20 251 5 251 0 251 0 251 0 251 0 251 0 251 0 251 0 251 0 251 0 251 1 251 60 251 99 251 150 251 218 251 287 251 348 251 398 251 440 251 469 251 491 251 524 251 537 251 550 251 566 251 584 251 599 251 599 251 599 251 599 251 599 251 599 251 599 251 599 251 599 251 599 251 599 251 599 251 599 251 599 251 599 251 599 251 599 251 599 251 599 251 599 251 599 251 599 251 599 251 599 251 570 251 566 251 560 251 544 251 521 251 493 251 462 251 427 251 389 251 344 251 253 251 196 251 146 251 104 251 60 251 15 251 0 251 0 251 0 251 0 251 0 251 0 251 0 251 3 251 12 251 27 251 55 251 98 251 162 251 239 251 329 251 433 251 599 251 599 251 599 251 599 251 599 251 599 251 599 251 599 251 599 251 599 251 599 251 599 251 599 251 599 251 599 251 599 371 599 372 599 371 599 364 599 349 599 326 599 295 599 259 599 213 599 157 599 91 599 16 599 0 599 0 599 0 599 0 599 0 599 0 599 0 599 0 599 0 599 0 599 0 599 0 599 0 599 0 599 0 599 0 599 0 599 0 599 0 599 0 599 0 599 1 599 6 599 13 599 20 599 24 599 28 599 35 599 43 599 52 599 62 599 77 599 85 599 96 599 108 599 118 599 123 599 126 599 127 599 128 599 129 599 130 599 133 599 139 599 148 599 160 599 169 599 175 599 180 599 183 599 185 599 184 599 183 599 181 599 180 599 178 599 177 599 176 599 174 599 173 599 172 599 169 599 167 599 166 599 
50 2 0 1 0 1 272 15 -1 -1 1 4634 183 15 353 15 355 15 357 15 361 15 366 15 371 15 375 15 378 15 380 15 381 15 385 15 386 15 387 15 386 15 382 15 376 15 368 15 360 15 352 15 344 15 335 15 326 15 320 15 312 15 307 15 304 15 301 15 299 15 298 15 294 15 293 15 292 15 291 15 289 15 285 15 281 15 277 15 274 15 273 15 272 15 272 15 
50 2 0 1 0 1 211 591 -1 -1 0 2955 265 591 264 591 257 591 252 591 246 591 241 591 237 591 234 591 231 591 230 591 227 591 223 591 220 591 217 591 213 591 211 591 
50 2 0 1 0 1 204 457 -1 -1 0 12326 3 457 31 457 45 457 60 457 75 457 90 457 100 457 106 457 108 457 106 457 102 457 96 457 90 457 81 457 71 457 62 457 52 457 45 457 42 457 40 457 39 457 39 457 38 457 36 457 33 457 22 457 15 457 10 457 11 457 17 457 29 457 47 457 66 457 88 457 107 457 121 457 128 457 131 457 133 457 134 457 136 457 142 457 149 457 159 457 169 457 179 457 186 457 189 457 191 457 192 457 194 457 197 457 201 457 204 457 
50 2 0 1 0 1 213 562 -1 -1 0 3652 504 562 505 562 506 562 507 562 511 562 516 562 521 562 526 562 531 562 537 562 542 562 546 562 547 562 546 562 539 562 522 562 499 562 475 562 451 562 429 562 408 562 392 562 366 562 357 562 346 562 335 562 325 562 317 562 306 562 304 562 299 562 296 562 292 562 282 562 275 562 267 562 260 562 256 562 251 562 243 562 239 562 237 562 235 562 232 562 225 562 220 562 217 562 215 562 214 562 214 562 213 562 
50 2 0 1 0 1 273 23 -1 -1 1 4343 2 23 169 23 162 23 154 23 146 23 135 23 124 23 114 23 106 23 95 23 81 23 46 23 26 23 8 23 0 23 0 23 0 23 0 23 0 23 0 23 0 23 0 23 3 23 9 23 23 23 44 23 78 23 119 23 156 23 188 23 209 23 227 23 230 23 236 23 243 23 250 23 255 23 259 23 263 23 266 23 267 23 269 23 272 23 273 23 
50 2 0 1 0 1 485 218 -1 -1 1 2934 42 218 41 218 42 218 41 218 31 218 8 218 0 218 0 218 0 218 0 218 0 218 0 218 0 218 0 218 0 218 1 218 3 218 6 218 11 218 16 218 23 218 37 218 59 218 102 218 268 218 364 218 441 218 476 218 485 218 
50 2 0 1 0 1 0 499 -1 -1 0 2690 122 499 12 499 10 499 0 499 0 499 0 499 0 499 0 499 0 499 0 499 0 499 0 499 0 499 0 499 0 499 
50 2 0 1 0 1 0 140 -1 -1 0 3700 558 140 0 140 2 140 3 140 1 140 0 140 0 140 0 140 0 140 0 140 0 140 0 140 0 140 0 140 0 140 0 140 0 140 0 140 
50 2 0 1 0 1 0 253 -1 -1 0 3134 436 253 548 253 546 253 541 253 530 253 514 253 495 253 475 253 456 253 436 253 414 253 359 253 326 253 286 253 236 253 178 253 125 253 51 253 22 253 0 253 0 253 0 253 0 253 0 253 0 253 0 253 0 253 0 253 0 253 0 253 0 253 0 253 0 253 
50 2 0 1 0 1 0 199 -1 -1 0 3646 88 199 315 199 360 199 386 199 394 199 393 199 389 199 385 199 385 199 393 199 391 199 404 199 400 199 397 199 397 199 398 199 406 199 427 199 480 199 578 199 599 199 599 199 599 199 599 199 599 199 599 199 599 199 599 199 599 199 599 199 599 199 598 199 596 199 589 199 570 199 531 199 462 199 365 199 241 199 92 199 0 199 0 199 0 199 0 199 0 199 0 199 0 199 0 199 0 199 0 199 0 199 0 199 0 199 0 199 0 199 0 199 0 199 0 199 
50 2 0 1 0 1 0 270 -1 -1 0 3035 458 270 566 270 537 270 483 270 406 270 317 270 227 270 135 270 52 270 0 270 0 270 0 270 0 270 0 270 0 270 0 270 0 270 0 270 0 270 0 270 0 270 0 270 0 270 0 270 0 270 0 270 0 270 0 270 0 270 0 270 
50 2 0 1 0 1 0 468 -1 -1 0 2880 96 468 199 468 197 468 191 468 177 468 157 468 132 468 96 468 31 468 0 468 0 468 0 468 0 468 0 468 0 468 0 468 0 468 0 468 0 468 0 468 
50 2 0 1 0 1 0 121 -1 -1 0 2916 469 121 484 121 489 121 496 121 503 121 511 121 518 121 521 121 520 121 513 121 496 121 461 121 406 121 327 121 231 121 124 121 20 121 0 121 0 121 0 121 0 121 0 121 0 121 0 121 0 121 0 121 0 121 0 121 0 121 0 121 0 121 
50 2 0 1 0 1 0 452 -1 -1 0 2843 14 452 95 452 88 452 73 452 44 452 3 452 0 452 0 452 0 452 0 452 0 452 0 452 0 452 0 452 0 452 0 452 0 452 0 452 0 452 0 452 0 452 0 452 0 452 0 452 0 452 
50 2 0 1 0 1 0 371 -1 -1 0 2831 335 371 479 371 476 371 463 371 441 371 408 371 355 371 278 371 180 371 75 371 0 371 0 371 0 371 0 371 0 371 0 371 0 371 0 371 0 371 0 371 0 371 0 371 0 371 0 371 0 371 0 371 
50 2 0 1 0 2 116 349 0 2998 5 
50 2 0 1 0 2 83 383 0 979 5 
50 2 0 1 0 2 416 383 1 723 5 
50 2 0 1 0 2 449 283 1 727 5 
50 2 0 1 0 2 83 249 0 847 5 
50 2 0 1 0 2 183 149 0 1777 5 
50 2 0 1 0 2 549 249 1 617 5 
50 2 0 1 0 2 216 516 0 3285 5 
50 2 0 1 0 2 283 316 1 837 5 
50 2 0 1 0 2 383 482 1 696 5 
50 2 0 1 0 2 516 83 1 709 5 
50 2 0 1 0 2 416 549 1 1098 5 
50 2 0 1 0 2 216 216 0 809 5 
50 2 0 1 0 2 149 449 0 704 5 
50 2 0 1 0 2 249 383 0 1933 5 
50 2 0 1 0 2 516 516 1 491 5 
50 2 0 1 0 2 416 283 1 593 5 
50 2 0 1 0 2 216 249 0 1214 5 
50 2 0 1 0 2 516 316 1 809 5 
50 2 0 1 0 2 349 50 1 1582 5 
50 2 0 1 0 2 83 216 0 767 5 
50 2 0 1 0 2 216 116 0 3039 5 
50 2 0 1 0 2 383 249 1 653 5 
50 2 0 1 0 2 549 549 1 603 5 
50 2 0 1 0 2 516 416 1 1385 5 
50 2 0 1 0 2 283 516 1 3472 5 
50 2 0 1 0 2 116 183 0 868 5 
50 2 0 1 0 2 149 416 0 721 5 
50 2 0 1 0 2 449 249 1 545 5 
50 2 0 1 0 2 283 283 1 2209 5 
50 2 0 1 0 2 316 83 1 756 5 
50 2 0 1 0 2 449 482 1 521 5 
