Subject 58 in condition 2
Training Condition: 0
Task: 1
Rule: [[[250, 350], [[4538, 4463], [4463, 4538]]], [[350, 250], [[4538, 4463], [4463, 4538]]]]
Noise: 0
CATA=0
CATB=1
Sample keys: 120 122
Resp keys: 307 309
Dim direction: 0 1
Dim minimum: 65 76
Test order: [3, 7, 4, 1, 0, 5, 6, 2]
58 2 0 1 0 1 599 0 -1 -1 0 26292 435 532 435 110 435 110 435 110 435 110 435 110 435 112 435 114 435 119 435 126 435 144 435 153 435 169 435 175 435 179 435 181 435 181 435 180 435 179 435 178 435 177 435 177 435 175 435 174 435 174 435 174 435 177 435 183 435 186 435 189 435 189 435 189 435 188 435 187 435 185 435 181 435 177 435 173 435 161 435 153 435 139 435 132 435 125 435 108 435 96 435 84 435 53 435 36 435 0 435 0 435 0 435 0 435 0 435 0 435 0 435 0 435 0 435 0 435 0 435 0 435 0 435 0 435 0 435 0 435 0 435 0 435 0 435 0 435 0 435 0 435 0 435 0 435 0 435 3 435 4 435 5 435 4 435 4 435 3 435 3 435 1 435 1 435 0 435 0 435 0 435 0 435 0 435 0 435 0 435 0 435 0 435 0 435 0 435 0 435 0 435 0 435 0 435 0 435 0 436 0 437 0 438 0 439 0 441 0 444 0 449 0 461 0 469 0 486 0 497 0 508 0 532 0 544 0 557 0 579 0 589 0 599 0 599 0 599 0 599 0 599 0 599 0 599 0 599 0 599 0 599 0 599 0 599 0 599 0 599 0 599 0 599 0 599 0 599 0 599 0 599 0 599 0 599 0 599 0 599 0 599 0 599 0 599 0 599 0 
58 2 0 1 0 1 448 185 -1 -1 1 18627 423 558 423 429 423 428 423 426 423 424 423 421 423 420 423 415 423 410 423 394 423 381 423 368 423 345 423 334 423 324 423 304 423 296 423 279 423 271 423 264 423 248 423 238 423 228 423 206 423 192 423 165 423 151 423 138 423 117 423 110 423 104 423 100 423 100 423 103 423 113 423 118 423 124 423 125 423 126 423 126 423 126 423 126 423 126 423 126 423 126 423 126 423 126 423 126 423 126 423 126 423 126 423 128 423 128 423 129 423 129 423 130 423 131 423 133 423 137 423 142 423 153 423 158 423 166 423 167 423 167 423 168 423 169 423 170 423 171 423 174 423 185 423 189 423 193 423 200 423 202 423 203 423 203 423 203 423 202 423 202 423 201 423 200 423 200 423 198 423 197 423 197 423 196 423 196 423 195 423 195 423 194 423 194 423 193 423 193 423 192 423 192 423 191 423 191 423 190 423 190 423 189 423 189 423 189 423 188 423 187 423 187 423 186 423 185 423 185 424 185 428 185 432 185 439 185 448 185 
58 2 0 1 0 1 162 378 -1 -1 0 3736 162 293 162 469 162 468 162 465 162 462 162 459 162 458 162 455 162 445 162 439 162 428 162 424 162 421 162 413 162 411 162 409 162 407 162 405 162 400 162 397 162 395 162 388 162 385 162 382 162 379 162 378 
58 2 0 1 0 1 215 599 -1 -1 0 5898 215 391 215 395 215 394 215 393 215 390 215 385 215 380 215 369 215 364 215 354 215 351 215 349 215 344 215 341 215 336 215 325 215 321 215 305 215 297 215 288 215 266 215 254 215 242 215 217 215 214 215 213 215 212 215 212 215 212 215 212 215 212 215 216 215 219 215 222 215 231 215 239 215 259 215 270 215 281 215 305 215 316 215 327 215 346 215 354 215 367 215 371 215 373 215 375 215 377 215 380 215 393 215 403 215 431 215 447 215 462 215 491 215 504 215 515 215 535 215 543 215 560 215 569 215 579 215 599 215 599 215 599 215 599 215 599 215 599 215 599 215 599 215 599 215 599 215 599 215 599 215 599 
58 2 0 1 0 1 0 381 -1 -1 0 6187 163 381 141 381 140 381 139 381 137 381 135 381 132 381 128 381 125 381 120 381 118 381 117 381 115 381 113 381 112 381 111 381 110 381 107 381 105 381 103 381 95 381 89 381 82 381 64 381 55 381 36 381 26 381 15 381 0 381 0 381 0 381 0 381 0 381 0 381 0 381 0 381 0 381 0 381 0 381 0 381 0 381 0 381 0 381 0 381 0 381 0 381 0 381 0 381 
58 2 0 1 0 1 599 200 -1 -1 1 7209 193 200 194 200 196 200 200 200 205 200 213 200 222 200 245 200 256 200 279 200 289 200 300 200 317 200 324 200 330 200 342 200 347 200 355 200 361 200 368 200 386 200 398 200 413 200 445 200 465 200 505 200 526 200 547 200 591 200 599 200 599 200 599 200 599 200 599 200 599 200 599 200 599 200 599 200 599 200 599 200 599 200 599 200 599 200 599 200 599 200 599 200 599 200 599 200 599 200 599 200 599 200 599 200 599 200 
58 2 0 1 0 1 0 523 -1 -1 0 5634 469 523 466 523 465 523 464 523 463 523 462 523 460 523 458 523 455 523 447 523 442 523 437 523 428 523 423 523 417 523 405 523 397 523 382 523 375 523 369 523 356 523 350 523 341 523 322 523 309 523 277 523 261 523 242 523 207 523 188 523 169 523 136 523 120 523 91 523 77 523 63 523 40 523 30 523 20 523 2 523 0 523 0 523 0 523 0 523 0 523 0 523 0 523 0 523 0 523 
58 2 0 1 0 1 590 599 -1 -1 0 5468 590 318 590 349 590 348 590 347 590 345 590 344 590 344 590 342 590 341 590 340 590 340 590 340 590 340 590 340 590 342 590 343 590 347 590 348 590 348 590 350 590 350 590 350 590 350 590 350 590 350 590 350 590 350 590 347 590 345 590 341 590 335 590 333 590 329 590 327 590 325 590 324 590 324 590 324 590 326 590 328 590 330 590 333 590 333 590 333 590 333 590 333 590 330 590 329 590 327 590 325 590 324 590 325 590 329 590 335 590 356 590 372 590 391 590 437 590 463 590 527 590 560 590 592 590 599 590 599 590 599 590 599 590 599 590 599 590 599 590 599 590 599 590 599 590 599 590 599 590 599 590 599 590 599 590 599 590 599 590 599 590 599 590 599 590 599 590 599 590 599 590 599 590 599 590 599 590 599 590 599 590 599 590 599 590 599 590 599 590 599 590 599 590 599 590 599 590 599 
58 2 0 1 0 1 203 0 -1 -1 1 5843 203 403 203 0 203 0 203 2 203 4 203 9 203 18 203 45 203 60 203 97 203 117 203 137 203 173 203 190 203 205 203 237 203 251 203 276 203 288 203 299 203 325 203 340 203 354 203 380 203 391 203 401 203 417 203 424 203 434 203 435 203 435 203 418 203 403 203 384 203 343 203 321 203 271 203 243 203 214 203 153 203 126 203 99 203 58 203 42 203 16 203 6 203 0 203 0 203 0 203 0 203 0 
58 2 0 1 0 1 532 547 -1 -1 0 4794 532 233 532 234 532 236 532 240 532 248 532 260 532 274 532 311 532 334 532 383 532 408 532 430 532 473 532 491 532 511 532 549 532 568 532 599 532 599 532 599 532 599 532 599 532 599 532 599 532 599 532 599 532 599 532 599 532 599 532 599 532 599 532 599 532 599 532 599 532 599 532 599 532 599 532 599 532 595 532 586 532 581 532 577 532 573 532 571 532 570 532 569 532 568 532 567 532 566 532 553 532 552 532 551 532 551 532 549 532 549 532 547 
58 2 0 1 0 1 356 0 -1 -1 1 4226 356 102 356 97 356 96 356 95 356 89 356 83 356 74 356 51 356 36 356 4 356 0 356 0 356 0 356 0 356 0 356 0 356 0 356 0 356 0 356 0 356 0 356 0 356 0 356 0 356 0 356 0 356 0 356 0 356 0 356 0 356 0 356 0 356 0 356 0 356 0 
58 2 0 1 0 1 230 583 -1 -1 0 5050 230 249 230 250 230 252 230 256 230 263 230 272 230 283 230 308 230 322 230 350 230 366 230 381 230 410 230 424 230 439 230 467 230 479 230 506 230 520 230 536 230 573 230 593 230 599 230 599 230 599 230 599 230 599 230 599 230 599 230 599 230 599 230 599 230 599 230 599 230 599 230 599 230 599 230 599 230 599 230 598 230 598 230 597 230 585 230 584 230 583 
58 2 0 1 0 1 12 589 -1 -1 0 2801 12 598 12 592 12 592 12 591 12 591 12 589 
58 2 0 1 0 1 23 0 -1 -1 1 2644 23 350 23 0 
58 2 0 1 0 1 500 106 -1 -1 1 7626 500 503 500 503 500 504 500 506 500 508 500 512 500 517 500 526 500 544 500 554 500 579 500 592 500 599 500 599 500 599 500 599 500 599 500 599 500 599 500 599 500 599 500 599 500 599 500 599 500 599 500 599 500 599 500 599 500 599 500 599 500 599 500 599 500 599 500 599 500 599 500 599 500 599 500 599 500 598 500 596 500 592 500 585 500 577 500 567 500 537 500 516 500 472 500 450 500 429 500 384 500 362 500 340 500 293 500 272 500 230 500 209 500 188 500 143 500 122 500 102 500 67 500 52 500 32 500 27 500 26 500 25 500 27 500 31 500 35 500 40 500 47 500 55 500 71 500 79 500 93 500 98 500 102 500 103 500 104 500 105 500 105 500 106 
58 2 0 1 0 1 198 167 -1 -1 1 4905 198 221 198 166 198 167 
58 2 0 1 0 2 283 482 1 4797 2 
58 2 0 1 0 2 283 149 0 2153 2 
58 2 0 1 0 2 183 83 1 1647 2 
58 2 0 1 0 2 149 482 0 3034 4 
58 2 0 1 0 2 549 416 0 4193 4 
58 2 0 1 0 2 516 149 1 5321 4 
58 2 0 1 0 2 283 416 0 2475 3 
58 2 0 1 0 2 449 50 0 1844 2 
58 2 0 1 0 2 183 449 0 1430 2 
58 2 0 1 0 2 283 83 0 1526 2 
58 2 0 1 0 2 149 149 0 1491 2 
58 2 0 1 0 2 83 183 0 1583 2 
58 2 0 1 0 2 149 283 1 2641 2 
58 2 0 1 0 2 50 50 0 1147 2 
58 2 0 1 0 2 549 183 1 1130 2 
58 2 0 1 0 2 216 83 1 2260 2 
58 2 0 1 0 2 383 516 1 2079 3 
58 2 0 1 0 2 383 149 0 1683 1 
58 2 0 1 0 2 383 416 1 1669 1 
58 2 0 1 0 2 449 316 0 1633 1 
58 2 0 1 0 2 482 349 0 1325 1 
58 2 0 1 0 2 116 383 0 1297 1 
58 2 0 1 0 2 449 216 1 1658 1 
58 2 0 1 0 2 349 216 1 1745 5 
58 2 0 1 0 2 383 449 1 1857 3 
58 2 0 1 0 2 549 83 1 1342 2 
58 2 0 1 0 2 383 50 1 2228 2 
58 2 0 1 0 2 249 549 1 1586 3 
58 2 0 1 0 2 50 516 1 1422 3 
58 2 0 1 0 2 316 449 1 1215 3 
58 2 0 1 0 2 50 416 1 1690 3 
58 2 0 1 0 2 349 482 1 1310 3 
58 2 0 1 0 1 238 30 -1 -1 1 8555 238 101 238 100 238 98 238 93 238 84 238 72 238 61 238 40 238 32 238 30 
58 2 0 1 0 1 355 382 -1 -1 0 3746 355 477 355 40 355 41 355 45 355 50 355 58 355 69 355 80 355 102 355 112 355 125 355 127 355 128 355 129 355 132 355 139 355 149 355 161 355 195 355 213 355 254 355 277 355 298 355 333 355 348 355 361 355 377 355 380 355 382 
58 2 0 1 0 1 405 36 -1 -1 1 4283 405 349 405 340 405 339 405 339 405 339 405 339 405 337 405 336 405 335 405 333 405 332 405 326 405 321 405 310 405 302 405 294 405 276 405 268 405 258 405 240 405 230 405 210 405 201 405 191 405 172 405 163 405 154 405 135 405 126 405 118 405 101 405 93 405 79 405 72 405 66 405 53 405 48 405 42 405 36 
58 2 0 1 0 1 193 496 -1 -1 0 2548 193 497 193 496 
58 2 0 1 0 1 473 485 -1 -1 0 6304 473 271 473 485 
58 2 0 1 0 1 520 0 -1 -1 1 4986 520 84 520 114 520 113 520 110 520 105 520 100 520 92 520 72 520 59 520 31 520 17 520 5 520 0 520 0 520 0 520 0 520 0 520 0 520 0 520 0 520 0 520 0 520 0 520 0 520 0 520 0 520 0 520 0 
58 2 0 1 0 1 238 358 -1 -1 0 4132 238 592 238 591 238 589 238 587 238 581 238 576 238 570 238 557 238 549 238 535 238 528 238 520 238 505 238 497 238 489 238 476 238 470 238 456 238 449 238 440 238 423 238 414 238 405 238 389 238 381 238 369 238 365 238 361 238 358 
58 2 0 1 0 1 511 0 -1 -1 1 4714 511 123 511 122 511 121 511 119 511 116 511 112 511 107 511 97 511 92 511 84 511 81 511 78 511 72 511 70 511 67 511 61 511 57 511 46 511 39 511 31 511 14 511 6 511 0 511 0 511 0 511 0 511 0 511 0 511 0 
58 2 0 1 0 1 118 397 -1 -1 0 3745 118 390 118 392 118 393 118 394 118 395 118 396 118 397 
58 2 0 1 0 1 218 0 -1 -1 1 5555 218 426 218 426 218 426 218 425 218 423 218 422 218 420 218 416 218 414 218 411 218 410 218 409 218 405 218 403 218 400 218 394 218 389 218 378 218 373 218 367 218 354 218 347 218 339 218 322 218 310 218 288 218 282 218 278 218 267 218 260 218 252 218 238 218 230 218 221 218 206 218 199 218 188 218 185 218 181 218 177 218 176 218 174 218 170 218 166 218 157 218 152 218 146 218 134 218 127 218 119 218 105 218 99 218 88 218 82 218 77 218 65 218 60 218 54 218 44 218 39 218 29 218 24 218 18 218 7 218 0 218 0 218 0 218 0 218 0 218 0 218 0 218 0 218 0 218 0 
58 2 0 1 0 1 207 37 -1 -1 1 3433 207 35 207 37 
58 2 0 1 0 1 436 436 -1 -1 1 6859 436 345 436 424 436 428 436 431 436 432 436 432 436 434 436 435 436 436 
58 2 0 1 0 1 79 364 -1 -1 0 4691 504 364 493 364 492 364 489 364 485 364 476 364 465 364 434 364 416 364 380 364 365 364 356 364 349 364 348 364 347 364 346 364 344 364 332 364 324 364 313 364 288 364 274 364 259 364 227 364 211 364 179 364 165 364 150 364 128 364 117 364 107 364 92 364 86 364 82 364 78 364 78 364 79 364 
58 2 0 1 0 1 404 208 -1 -1 1 4747 404 181 404 186 404 187 404 189 404 190 404 192 404 194 404 201 404 204 404 208 
58 2 0 1 0 1 236 152 -1 -1 1 6330 236 108 236 152 
58 2 0 1 0 1 442 249 -1 -1 1 4328 442 586 442 583 442 582 442 580 442 574 442 566 442 553 442 518 442 498 442 461 442 447 442 435 442 429 442 426 442 425 442 423 442 416 442 388 442 371 442 350 442 304 442 284 442 267 442 250 442 248 442 248 442 249 
58 2 0 1 0 2 249 50 1 6894 4 
58 2 0 1 0 2 383 316 0 4107 4 
58 2 0 1 0 2 482 216 0 2492 4 
58 2 0 1 0 2 149 349 0 2706 4 
58 2 0 1 0 2 482 383 0 1562 4 
58 2 0 1 0 2 516 449 0 2534 3 
58 2 0 1 0 2 549 516 0 2124 3 
58 2 0 1 0 2 349 149 1 1603 3 
58 2 0 1 0 2 249 316 0 1408 3 
58 2 0 1 0 2 249 416 0 1408 3 
58 2 0 1 0 2 116 116 1 1435 3 
58 2 0 1 0 2 149 183 1 2519 3 
58 2 0 1 0 2 50 283 0 1985 3 
58 2 0 1 0 2 116 416 0 1698 3 
58 2 0 1 0 2 383 349 0 1844 3 
58 2 0 1 0 2 549 449 0 2530 3 
58 2 0 1 0 2 249 216 0 1629 3 
58 2 0 1 0 2 183 249 0 1331 3 
58 2 0 1 0 2 283 349 0 2203 3 
58 2 0 1 0 2 549 50 1 1481 3 
58 2 0 1 0 2 216 149 1 1227 3 
58 2 0 1 0 2 149 549 1 1218 3 
58 2 0 1 0 2 116 482 1 1442 3 
58 2 0 1 0 2 316 116 1 1720 3 
58 2 0 1 0 2 383 116 1 1283 3 
58 2 0 1 0 2 349 449 0 1605 3 
58 2 0 1 0 2 516 249 0 1456 3 
58 2 0 1 0 2 516 216 0 1541 3 
58 2 0 1 0 2 149 383 1 2404 3 
58 2 0 1 0 2 516 349 1 1695 3 
58 2 0 1 0 2 316 149 0 2208 3 
58 2 0 1 0 2 50 83 1 3233 3 
58 2 0 1 0 1 220 598 -1 -1 0 12112 220 352 220 599 220 598 220 598 220 597 220 597 220 596 220 596 220 598 
58 2 0 1 0 1 118 57 -1 -1 1 3333 118 33 118 0 118 1 118 3 118 57 
58 2 0 1 0 1 227 599 -1 -1 0 2515 227 353 227 599 
58 2 0 1 0 1 17 132 -1 -1 0 5154 17 386 17 368 17 367 17 366 17 366 17 365 17 364 17 363 17 361 17 360 17 360 17 359 17 358 17 357 17 356 17 355 17 351 17 347 17 343 17 336 17 331 17 321 17 313 17 305 17 281 17 267 17 250 17 211 17 191 17 160 17 148 17 139 17 132 
58 2 0 1 0 1 89 310 -1 -1 0 2813 89 273 89 277 89 279 89 283 89 290 89 299 89 310 
58 2 0 1 0 1 311 598 -1 -1 0 2809 311 363 311 599 311 598 
58 2 0 1 0 1 171 3 -1 -1 1 4140 171 138 171 139 171 138 171 136 171 134 171 130 171 125 171 113 171 106 171 89 171 80 171 70 171 48 171 37 171 27 171 6 171 0 171 0 171 0 171 0 171 0 171 0 171 0 171 0 171 0 171 0 171 0 171 0 171 3 
58 2 0 1 0 1 48 512 -1 -1 0 3922 48 120 48 386 48 406 48 423 48 440 48 453 48 465 48 482 48 489 48 499 48 503 48 506 48 510 48 512 48 512 48 512 48 512 
58 2 0 1 0 1 203 245 -1 -1 0 2994 203 266 203 258 203 257 203 257 203 255 203 254 203 253 203 251 203 248 203 247 203 245 
58 2 0 1 0 1 114 237 -1 -1 0 3187 114 588 114 181 114 182 114 183 114 184 114 187 114 191 114 196 114 208 114 215 114 221 114 228 114 230 114 231 114 232 114 233 114 234 114 235 114 237 
58 2 0 1 0 1 296 341 -1 -1 0 8658 297 584 297 599 297 599 297 599 297 599 297 599 297 599 297 599 297 599 297 599 297 599 297 599 297 599 297 599 297 599 297 599 297 599 297 599 297 599 297 599 297 599 297 599 297 599 297 599 297 599 297 599 297 599 297 599 297 599 297 599 297 597 297 596 297 594 297 590 297 585 297 573 297 567 297 555 297 549 297 542 297 530 297 523 297 518 297 508 297 506 297 504 297 503 297 502 297 501 297 500 297 499 297 498 297 497 297 496 297 495 297 492 297 481 297 477 297 468 297 462 297 457 297 442 297 433 297 423 297 399 297 385 297 360 297 350 297 342 297 329 297 325 297 323 297 320 297 319 297 319 297 319 297 319 297 319 297 319 297 319 297 320 297 321 297 322 297 325 297 328 297 332 297 339 297 341 297 343 297 343 297 343 297 343 297 343 297 343 297 343 297 342 297 341 296 341 
58 2 0 1 0 1 599 174 -1 -1 1 6483 5 174 132 174 131 174 130 174 129 174 127 174 124 174 120 174 114 174 99 174 89 174 65 174 52 174 37 174 7 174 0 174 0 174 0 174 0 174 0 174 0 174 0 174 0 174 0 174 0 174 0 174 0 174 0 174 0 174 0 174 0 174 1 174 2 174 5 174 8 174 11 174 17 174 34 174 46 174 78 174 96 174 122 174 179 174 210 174 243 174 303 174 329 174 377 174 398 174 416 174 452 174 470 174 488 174 524 174 539 174 570 174 585 174 599 174 599 174 599 174 599 174 599 174 599 174 599 174 599 174 599 174 599 174 599 174 599 174 599 174 599 174 599 174 599 174 599 174 599 174 599 174 599 174 599 174 
58 2 0 1 0 1 0 474 -1 -1 0 6842 203 475 163 475 162 475 161 475 160 475 159 475 157 475 154 475 145 475 139 475 131 475 114 475 103 475 92 475 69 475 58 475 39 475 28 475 18 475 0 475 0 475 0 475 0 475 0 475 0 475 0 475 0 475 0 475 0 475 0 475 0 475 0 475 0 475 0 475 0 475 0 475 0 474 0 474 
58 2 0 1 0 1 568 350 -1 -1 1 7539 527 350 599 350 598 350 597 350 595 350 594 350 593 350 591 350 589 350 587 350 586 350 579 350 578 350 577 350 577 350 575 350 574 350 573 350 572 350 571 350 570 350 568 350 
58 2 0 1 0 1 518 162 -1 -1 1 5729 518 460 518 163 518 162 
58 2 0 1 0 1 534 140 -1 -1 1 7517 534 108 534 122 534 122 534 122 534 122 534 122 534 124 534 126 534 134 534 140 
58 2 0 1 0 2 416 549 1 5358 4 
58 2 0 1 0 2 516 316 0 1689 4 
58 2 0 1 0 2 149 416 1 3767 3 
58 2 0 1 0 2 216 516 0 3225 3 
58 2 0 1 0 2 383 249 1 1635 3 
58 2 0 1 0 2 516 83 0 1512 3 
58 2 0 1 0 2 149 449 1 1415 3 
58 2 0 1 0 2 449 482 1 1174 3 
58 2 0 1 0 2 183 149 1 1551 3 
58 2 0 1 0 2 449 249 1 2834 3 
58 2 0 1 0 2 83 249 1 1522 3 
58 2 0 1 0 2 116 349 1 1334 3 
58 2 0 1 0 2 316 83 0 2051 3 
58 2 0 1 0 2 116 183 1 1690 3 
58 2 0 1 0 2 83 216 1 1235 3 
58 2 0 1 0 2 516 516 1 1293 3 
58 2 0 1 0 2 416 283 1 1242 3 
58 2 0 1 0 2 349 50 0 2098 3 
58 2 0 1 0 2 449 283 1 1297 3 
58 2 0 1 0 2 216 116 1 1441 3 
58 2 0 1 0 2 283 316 1 1463 3 
58 2 0 1 0 2 516 416 1 1568 3 
58 2 0 1 0 2 416 383 1 1220 3 
58 2 0 1 0 2 383 482 1 1125 3 
58 2 0 1 0 2 249 383 1 1161 3 
58 2 0 1 0 2 83 383 1 1088 3 
58 2 0 1 0 2 283 283 1 1187 3 
58 2 0 1 0 2 549 549 1 1112 3 
58 2 0 1 0 2 216 216 1 1356 3 
58 2 0 1 0 2 216 249 1 1171 3 
58 2 0 1 0 2 283 516 1 993 3 
58 2 0 1 0 2 549 249 1 1156 3 
58 2 0 1 0 1 321 187 -1 -1 1 12182 321 555 321 599 321 599 321 599 321 599 321 598 321 593 321 584 321 573 321 550 321 539 321 529 321 518 321 515 321 514 321 513 321 511 321 507 321 501 321 491 321 479 321 462 321 422 321 400 321 354 321 331 321 309 321 271 321 265 321 265 321 265 321 266 321 266 321 267 321 268 321 269 321 273 321 276 321 282 321 286 321 290 321 298 321 302 321 305 321 310 321 313 321 320 321 325 321 331 321 347 321 355 321 363 321 377 321 381 321 384 321 383 321 383 321 383 321 382 321 381 321 380 321 379 321 375 321 373 321 371 321 370 321 370 321 371 321 382 321 395 321 434 321 461 321 496 321 580 321 599 321 599 321 599 321 599 321 599 321 599 321 599 321 599 321 599 321 599 321 599 321 599 321 599 321 599 321 599 321 599 321 599 321 599 321 599 321 599 321 599 321 599 321 599 321 598 321 597 321 596 321 595 321 593 321 589 321 582 321 557 321 537 321 513 321 451 321 418 321 387 321 332 321 306 321 283 321 242 321 218 321 172 321 145 321 117 321 61 321 31 321 3 321 0 321 0 321 0 321 0 321 1 321 1 321 3 321 3 321 4 321 6 321 12 321 17 321 38 321 53 321 71 321 112 321 131 321 150 321 177 321 185 321 188 321 187 
58 2 0 1 0 1 324 7 -1 -1 1 6081 324 116 324 5 324 7 
58 2 0 1 0 1 599 401 -1 -1 1 3240 542 401 547 401 547 401 548 401 549 401 550 401 553 401 559 401 563 401 569 401 576 401 592 401 599 401 599 401 
58 2 0 1 0 1 427 29 -1 -1 1 5876 313 29 428 29 428 29 427 29 
58 2 0 1 0 1 269 374 -1 -1 0 2771 273 374 269 374 
58 2 0 1 0 1 66 90 -1 -1 0 4187 66 145 66 90 
58 2 0 1 0 1 191 375 -1 -1 0 3698 191 371 191 370 191 370 191 370 191 370 191 370 191 370 191 370 191 372 191 374 191 375 
58 2 0 1 0 1 321 415 -1 -1 0 5239 321 323 321 417 321 417 321 416 321 415 
58 2 0 1 0 1 550 308 -1 -1 1 7142 550 498 550 409 550 409 550 408 550 408 550 407 550 406 550 403 550 401 550 394 550 390 550 379 550 372 550 367 550 355 550 349 550 345 550 337 550 333 550 326 550 322 550 318 550 308 550 301 550 294 550 282 550 278 550 271 550 269 550 268 550 268 550 268 550 268 550 268 550 268 550 269 550 269 550 270 550 270 550 272 550 272 550 274 550 275 550 276 550 279 550 281 550 282 550 285 550 287 550 291 550 294 550 296 550 301 550 303 550 305 550 308 550 308 550 308 550 308 550 308 
58 2 0 1 0 1 331 319 -1 -1 1 2793 331 323 331 319 
58 2 0 1 0 1 596 599 -1 -1 0 2634 596 417 596 599 
58 2 0 1 0 1 374 0 -1 -1 1 4842 374 133 374 117 374 117 374 116 374 116 374 114 374 114 374 113 374 112 374 112 374 111 374 111 374 110 374 109 374 108 374 106 374 104 374 100 374 93 374 70 374 54 374 34 374 0 374 0 374 0 374 0 374 0 374 0 374 0 374 0 374 0 374 0 374 0 374 0 374 0 374 0 374 0 374 0 374 0 374 0 
58 2 0 1 0 1 399 195 -1 -1 1 5011 399 0 399 2 399 3 399 5 399 7 399 9 399 13 399 18 399 31 399 40 399 61 399 73 399 85 399 111 399 124 399 138 399 162 399 174 399 199 399 210 399 221 399 243 399 252 399 258 399 266 399 266 399 265 399 265 399 264 399 263 399 261 399 255 399 252 399 249 399 247 399 246 399 245 399 244 399 243 399 242 399 240 399 239 399 237 399 235 399 231 399 228 399 223 399 220 399 218 399 212 399 210 399 208 399 204 399 203 399 202 399 201 399 200 399 199 399 198 399 197 399 196 399 196 399 195 
58 2 0 1 0 1 490 179 -1 -1 1 4683 490 268 490 266 490 265 490 264 490 263 490 261 490 260 490 256 490 252 490 243 490 239 490 229 490 224 490 218 490 205 490 200 490 196 490 188 490 186 490 182 490 181 490 180 490 179 490 179 490 179 490 179 490 179 
58 2 0 1 0 1 313 599 -1 -1 0 5234 313 409 313 409 313 409 313 409 313 409 313 408 313 406 313 405 313 405 313 405 313 408 313 409 313 411 313 413 313 415 313 416 313 419 313 421 313 426 313 430 313 434 313 442 313 446 313 450 313 455 313 457 313 458 313 460 313 461 313 466 313 468 313 474 313 487 313 498 313 511 313 541 313 559 313 597 313 599 313 599 313 599 313 599 313 599 313 599 313 599 313 599 313 599 313 599 313 599 313 599 313 599 313 599 313 599 313 599 313 599 313 599 313 599 313 599 313 599 313 599 313 599 
58 2 0 1 0 1 248 110 -1 -1 1 2669 248 137 248 118 248 117 248 116 248 115 248 114 248 112 248 110 
58 2 0 1 0 2 383 183 1 6959 3 
58 2 0 1 0 2 482 516 0 1235 3 
58 2 0 1 0 2 249 516 0 1797 3 
58 2 0 1 0 2 316 216 1 1422 2 
58 2 0 1 0 2 149 516 1 1358 2 
58 2 0 1 0 2 516 549 1 1662 2 
58 2 0 1 0 2 50 482 1 1048 2 
58 2 0 1 0 2 283 116 1 1543 2 
58 2 0 1 0 2 216 50 0 2152 2 
58 2 0 1 0 2 216 416 1 1766 2 
58 2 0 1 0 2 516 482 0 1144 3 
58 2 0 1 0 2 149 316 0 1664 4 
58 2 0 1 0 2 50 316 1 997 2 
58 2 0 1 0 2 516 183 1 1672 2 
58 2 0 1 0 2 283 249 0 1114 3 
58 2 0 1 0 2 349 116 0 1994 4 
58 2 0 1 0 2 316 316 0 1358 2 
58 2 0 1 0 2 249 149 1 1312 3 
58 2 0 1 0 2 416 183 0 1572 4 
58 2 0 1 0 2 216 482 1 1240 2 
58 2 0 1 0 2 383 216 0 1169 3 
58 2 0 1 0 2 183 116 0 1326 4 
58 2 0 1 0 2 50 249 0 933 2 
58 2 0 1 0 2 249 349 0 877 2 
58 2 0 1 0 2 316 349 0 1989 3 
58 2 0 1 0 2 416 516 0 1138 4 
58 2 0 1 0 2 416 216 0 956 2 
58 2 0 1 0 2 149 50 0 947 3 
58 2 0 1 0 2 183 50 0 1342 4 
58 2 0 1 0 2 482 249 0 1363 5 
58 2 0 1 0 2 449 549 0 1261 3 
58 2 0 1 0 2 416 449 0 2039 2 
58 2 0 1 0 1 313 9 -1 -1 1 12636 313 55 313 7 313 8 313 9 313 9 
58 2 0 1 0 1 6 335 -1 -1 0 6473 6 65 6 56 6 56 6 60 6 66 6 73 6 81 6 89 6 110 6 122 6 142 6 150 6 157 6 168 6 175 6 184 6 204 6 218 6 246 6 260 6 272 6 288 6 292 6 294 6 298 6 300 6 302 6 303 6 304 6 304 6 305 6 307 6 310 6 315 6 318 6 321 6 324 6 325 6 326 6 326 6 328 6 329 6 329 6 330 6 330 6 331 6 332 6 332 6 332 6 334 6 335 
58 2 0 1 0 1 455 434 -1 -1 1 2659 455 454 455 434 455 434 455 434 455 434 
58 2 0 1 0 1 571 29 -1 -1 1 3281 571 269 571 33 571 34 571 35 571 36 571 37 571 38 571 39 571 40 571 41 571 42 571 42 571 42 571 42 571 40 571 39 571 38 571 35 571 33 571 32 571 31 571 30 571 29 
58 2 0 1 0 1 575 262 -1 -1 1 3269 575 14 575 12 575 13 575 16 575 23 575 32 575 43 575 57 575 92 575 111 575 147 575 163 575 178 575 202 575 213 575 221 575 235 575 243 575 255 575 258 575 261 575 262 
58 2 0 1 0 1 248 587 -1 -1 0 2707 254 587 248 587 
58 2 0 1 0 1 599 475 -1 -1 1 4660 156 475 8 475 9 475 11 475 17 475 26 475 37 475 48 475 76 475 89 475 113 475 122 475 129 475 136 475 138 475 139 475 144 475 148 475 161 475 170 475 182 475 205 475 218 475 232 475 263 475 278 475 308 475 320 475 333 475 361 475 373 475 385 475 407 475 418 475 441 475 453 475 464 475 489 475 504 475 522 475 562 475 581 475 599 475 599 475 599 475 599 475 599 475 599 475 599 475 599 475 599 475 599 475 599 475 599 475 599 475 599 475 599 475 599 475 599 475 599 475 599 475 
58 2 0 1 0 1 592 0 -1 -1 0 3299 592 323 592 252 592 251 592 250 592 249 592 247 592 245 592 240 592 233 592 225 592 209 592 201 592 182 592 171 592 161 592 143 592 135 592 125 592 102 592 89 592 60 592 45 592 31 592 8 592 1 592 0 592 0 
58 2 0 1 0 1 78 155 -1 -1 0 4363 78 201 78 161 78 157 78 151 78 144 78 134 78 124 78 95 78 76 78 30 78 5 78 0 78 0 78 0 78 0 78 0 78 0 78 0 78 0 78 0 78 0 78 0 78 0 78 0 78 0 78 0 78 5 78 11 78 32 78 45 78 60 78 90 78 105 78 130 78 139 78 144 78 148 78 149 78 149 78 149 78 151 78 151 78 152 78 152 78 153 78 154 78 154 78 155 78 155 
58 2 0 1 0 1 599 417 -1 -1 1 5090 78 417 78 417 74 417 69 417 63 417 56 417 47 417 30 417 21 417 6 417 0 417 0 417 0 417 0 417 0 417 0 417 0 417 0 417 0 417 1 417 3 417 5 417 7 417 12 417 16 417 25 417 31 417 37 417 54 417 63 417 73 417 96 417 107 417 119 417 149 417 165 417 200 417 218 417 234 417 272 417 292 417 313 417 363 417 389 417 437 417 457 417 474 417 507 417 523 417 541 417 579 417 597 417 599 417 599 417 599 417 599 417 599 417 599 417 599 417 599 417 599 417 599 417 599 417 599 417 599 417 599 417 599 417 599 417 
58 2 0 1 0 1 586 486 -1 -1 1 2587 586 509 586 487 586 486 
58 2 0 1 0 1 286 403 -1 -1 0 4083 286 84 286 0 286 0 286 1 286 2 286 6 286 11 286 26 286 37 286 61 286 74 286 89 286 119 286 134 286 148 286 176 286 190 286 218 286 232 286 245 286 272 286 285 286 296 286 319 286 332 286 355 286 367 286 377 286 393 286 398 286 402 286 403 286 403 
58 2 0 1 0 1 452 527 -1 -1 0 2562 452 532 452 528 452 527 
58 2 0 1 0 1 562 166 -1 -1 1 3857 562 466 562 42 562 41 562 41 562 41 562 41 562 42 562 51 562 57 562 77 562 88 562 99 562 119 562 126 562 131 562 132 562 133 562 134 562 135 562 135 562 136 562 136 562 138 562 139 562 139 562 142 562 143 562 147 562 150 562 153 562 157 562 159 562 161 562 164 562 165 562 166 
58 2 0 1 0 1 575 68 -1 -1 1 2509 575 75 575 69 575 68 575 68 
58 2 0 1 0 1 537 598 -1 -1 0 2562 537 417 537 599 537 598 
58 2 0 1 0 2 316 249 1 5502 4 
58 2 0 1 0 2 316 516 0 1424 4 
58 2 0 1 0 2 416 416 1 950 4 
58 2 0 1 0 2 116 149 0 1049 5 
58 2 0 1 0 2 216 549 1 915 4 
58 2 0 1 0 2 416 116 0 880 4 
58 2 0 1 0 2 83 416 1 926 4 
58 2 0 1 0 2 183 283 0 856 4 
58 2 0 1 0 2 482 116 1 1211 4 
58 2 0 1 0 2 549 216 0 842 4 
58 2 0 1 0 2 516 50 1 1081 4 
58 2 0 1 0 2 216 383 0 1054 4 
58 2 0 1 0 2 316 549 1 1195 4 
58 2 0 1 0 2 482 316 0 994 4 
58 2 0 1 0 2 416 149 1 1528 4 
58 2 0 1 0 2 482 183 0 1062 4 
58 2 0 1 0 2 349 416 1 1093 4 
58 2 0 1 0 2 249 116 0 1386 4 
58 2 0 1 0 2 249 283 1 936 4 
58 2 0 1 0 2 116 83 0 1371 4 
58 2 0 1 0 2 83 316 1 1199 3 
58 2 0 1 0 2 83 482 0 671 2 
58 2 0 1 0 2 449 349 1 1036 3 
58 2 0 1 0 2 83 516 0 1121 4 
58 2 0 1 0 2 383 549 1 895 3 
58 2 0 1 0 2 516 283 0 835 2 
58 2 0 1 0 2 183 216 1 1336 3 
58 2 0 1 0 2 50 449 0 948 4 
58 2 0 1 0 2 482 449 1 1092 3 
58 2 0 1 0 2 83 549 0 1248 2 
58 2 0 1 0 2 283 50 1 1473 3 
58 2 0 1 0 2 283 183 0 3316 4 
58 2 0 1 0 1 362 0 -1 -1 1 9363 362 116 362 117 362 119 362 120 362 121 362 119 362 116 362 107 362 100 362 77 362 60 362 42 362 2 362 0 362 0 362 0 362 0 362 0 362 0 362 0 362 0 362 0 362 0 362 0 362 0 362 0 362 0 362 0 362 0 362 0 362 0 362 0 362 0 362 0 362 0 362 0 362 0 362 0 362 0 362 0 362 0 
58 2 0 1 0 1 599 207 -1 -1 1 5410 176 207 188 207 189 207 190 207 191 207 192 207 193 207 194 207 195 207 198 207 199 207 200 207 204 207 206 207 209 207 215 207 218 207 223 207 227 207 231 207 237 207 240 207 242 207 246 207 250 207 254 207 262 207 266 207 274 207 279 207 285 207 296 207 302 207 308 207 321 207 326 207 336 207 339 207 343 207 350 207 354 207 358 207 370 207 379 207 402 207 417 207 432 207 465 207 485 207 504 207 547 207 568 207 599 207 599 207 599 207 599 207 599 207 599 207 599 207 599 207 599 207 599 207 599 207 599 207 599 207 599 207 599 207 599 207 599 207 599 207 599 207 599 207 599 207 
58 2 0 1 0 1 283 0 -1 -1 1 2717 283 49 283 0 283 0 
58 2 0 1 0 1 246 322 -1 -1 0 5745 246 73 246 0 246 1 246 3 246 5 246 7 246 9 246 16 246 22 246 37 246 44 246 53 246 73 246 84 246 93 246 114 246 125 246 148 246 159 246 173 246 197 246 209 246 220 246 241 246 252 246 260 246 279 246 288 246 303 246 310 246 315 246 319 246 320 246 321 246 322 
58 2 0 1 0 1 172 29 -1 -1 1 2732 195 29 174 29 173 29 172 29 
58 2 0 1 0 1 88 106 -1 -1 0 7041 88 178 88 107 88 106 
58 2 0 1 0 1 309 57 -1 -1 1 4328 309 69 309 58 309 57 
58 2 0 1 0 1 580 21 -1 -1 1 4043 580 175 580 21 
58 2 0 1 0 1 599 175 -1 -1 1 13635 394 270 394 269 394 268 394 266 394 263 394 257 394 248 394 225 394 215 394 202 394 199 394 195 394 191 394 189 394 185 394 172 394 162 394 139 394 127 394 117 394 105 394 103 394 101 394 100 394 99 394 98 394 98 394 100 394 102 394 109 394 116 394 123 394 131 394 147 394 153 394 157 394 158 394 159 394 160 394 161 394 162 394 163 394 165 394 167 394 168 394 169 394 169 394 170 394 171 394 172 394 172 394 174 394 175 394 176 394 177 394 179 394 184 394 190 394 198 394 216 394 226 394 246 394 256 394 266 394 286 394 298 394 308 394 331 394 341 394 358 394 365 394 370 394 377 394 378 394 378 394 377 394 375 394 372 394 368 394 364 394 359 394 350 394 344 394 331 394 326 394 321 394 310 394 305 394 300 394 291 394 285 394 278 394 275 394 271 394 262 394 257 394 253 394 245 394 241 394 233 394 228 394 223 394 215 394 211 394 207 394 198 394 194 394 191 394 187 394 185 394 181 394 179 394 180 394 182 394 186 394 191 394 195 394 199 394 205 394 206 394 207 394 206 394 205 394 203 394 202 394 199 394 196 394 189 394 186 394 182 394 180 394 179 394 178 394 177 394 177 394 177 394 176 394 176 394 176 394 175 394 175 395 175 399 175 403 175 410 175 417 175 426 175 448 175 459 175 476 175 485 175 493 175 510 175 519 175 528 175 553 175 568 175 599 175 599 175 599 175 599 175 599 175 599 175 599 175 599 175 599 175 599 175 599 175 599 175 599 175 599 175 599 175 599 175 599 175 599 175 
58 2 0 1 0 1 78 443 -1 -1 0 5078 78 502 78 448 78 448 78 447 78 446 78 445 78 444 78 443 
58 2 0 1 0 1 0 38 -1 -1 0 6126 347 38 150 38 149 38 148 38 147 38 145 38 142 38 137 38 132 38 119 38 114 38 110 38 104 38 103 38 101 38 97 38 96 38 95 38 93 38 89 38 85 38 79 38 73 38 57 38 48 38 39 38 19 38 9 38 0 38 0 38 0 38 0 38 0 38 0 38 0 38 0 38 0 38 0 38 0 38 0 38 0 38 0 38 0 38 0 38 0 38 0 38 0 38 0 38 0 38 0 38 0 38 0 38 
58 2 0 1 0 1 250 241 -1 -1 1 3199 250 237 250 240 250 241 250 241 
58 2 0 1 0 1 596 342 -1 -1 1 4311 524 342 599 342 598 342 597 342 596 342 
58 2 0 1 0 1 99 458 -1 -1 0 8073 99 518 99 458 
58 2 0 1 0 1 599 266 -1 -1 1 5308 98 266 58 266 59 266 64 266 71 266 79 266 90 266 116 266 129 266 158 266 173 266 186 266 213 266 226 266 237 266 257 266 267 266 288 266 300 266 312 266 341 266 356 266 372 266 409 266 430 266 449 266 491 266 513 266 557 266 580 266 599 266 599 266 599 266 599 266 599 266 599 266 599 266 599 266 599 266 599 266 599 266 599 266 599 266 599 266 599 266 599 266 599 266 599 266 
58 2 0 1 0 1 500 180 -1 -1 1 9139 500 368 500 259 500 257 500 254 500 252 500 249 500 247 500 242 500 240 500 233 500 229 500 226 500 215 500 209 500 204 500 190 500 185 500 172 500 166 500 161 500 148 500 141 500 132 500 113 500 102 500 92 500 72 500 65 500 52 500 47 500 44 500 41 500 39 500 40 500 44 500 51 500 59 500 71 500 83 500 108 500 121 500 151 500 165 500 179 500 203 500 212 500 218 500 220 500 222 500 223 500 224 500 225 500 226 500 226 500 225 500 223 500 220 500 218 500 216 500 213 500 212 500 212 500 211 500 210 500 209 500 207 500 205 500 199 500 198 500 197 500 196 500 195 500 195 500 194 500 194 500 193 500 192 500 192 500 191 500 190 500 188 500 186 500 184 500 181 500 176 500 173 500 171 500 170 500 170 500 169 500 166 500 165 500 163 500 162 500 162 500 164 500 165 500 167 500 168 500 169 500 170 500 170 500 171 500 172 500 173 500 174 500 176 500 176 500 178 500 179 500 180 500 180 500 182 500 183 500 185 500 188 500 192 500 193 500 194 500 195 500 194 500 193 500 192 500 191 500 190 500 188 500 187 500 185 500 184 500 183 500 182 500 181 500 180 500 180 
58 2 0 1 0 2 116 283 1 2201 2 
58 2 0 1 0 2 116 216 0 2876 4 
58 2 0 1 0 2 383 383 1 1520 3 
58 2 0 1 0 2 116 249 1 1883 5 
58 2 0 1 0 2 83 116 1 2329 3 
58 2 0 1 0 2 316 50 0 1927 5 
58 2 0 1 0 2 249 83 1 1928 4 
58 2 0 1 0 2 183 316 1 1955 3 
58 2 0 1 0 2 449 149 1 1292 3 
58 2 0 1 0 2 349 349 1 1024 3 
58 2 0 1 0 2 183 549 1 917 3 
58 2 0 1 0 2 449 183 1 1100 3 
58 2 0 1 0 2 216 316 1 940 3 
58 2 0 1 0 2 549 283 1 878 3 
58 2 0 1 0 2 249 249 1 804 3 
58 2 0 1 0 2 416 50 1 2512 2 
58 2 0 1 0 2 183 516 1 942 2 
58 2 0 1 0 2 183 416 1 1565 2 
58 2 0 1 0 2 449 383 1 1624 2 
58 2 0 1 0 2 50 549 1 2038 2 
58 2 0 1 0 2 183 183 0 998 2 
58 2 0 1 0 2 416 83 0 1192 2 
58 2 0 1 0 2 283 449 0 1388 2 
58 2 0 1 0 2 316 416 1 1465 2 
58 2 0 1 0 2 116 516 1 1278 2 
58 2 0 1 0 2 216 183 1 1470 2 
58 2 0 1 0 2 482 83 0 1251 2 
58 2 0 1 0 2 316 383 1 1271 2 
58 2 0 1 0 2 549 116 0 1457 2 
58 2 0 1 0 2 416 316 1 1264 2 
58 2 0 1 0 2 482 482 0 1201 2 
58 2 0 1 0 2 449 516 1 1071 2 
58 2 0 1 0 1 450 331 -1 -1 1 10745 450 299 450 337 450 335 450 334 450 334 450 333 450 333 450 331 
58 2 0 1 0 1 277 270 -1 -1 1 3208 277 248 277 270 
58 2 0 1 0 1 122 72 -1 -1 1 2965 299 72 50 72 54 72 61 72 70 72 80 72 89 72 108 72 115 72 122 72 
58 2 0 1 0 1 148 197 -1 -1 0 7182 148 438 148 593 148 592 148 591 148 587 148 583 148 577 148 569 148 553 148 543 148 528 148 521 148 515 148 505 148 500 148 495 148 485 148 480 148 470 148 466 148 463 148 460 148 456 148 453 148 443 148 436 148 427 148 404 148 390 148 363 148 349 148 337 148 312 148 302 148 293 148 283 148 278 148 268 148 263 148 257 148 241 148 232 148 220 148 198 148 187 148 168 148 159 148 151 148 138 148 134 148 132 148 130 148 130 148 130 148 131 148 136 148 145 148 161 148 183 148 206 148 252 148 272 148 293 148 297 148 298 148 298 148 298 148 297 148 297 148 296 148 295 148 293 148 292 148 288 148 286 148 284 148 281 148 279 148 274 148 272 148 270 148 267 148 265 148 261 148 260 148 259 148 258 148 256 148 254 148 251 148 248 148 240 148 234 148 226 148 224 148 222 148 218 148 216 148 214 148 209 148 207 148 202 148 200 148 199 148 198 148 197 
58 2 0 1 0 1 359 599 -1 -1 0 4185 359 310 359 329 359 330 359 331 359 334 359 339 359 346 359 354 359 374 359 387 359 415 359 428 359 440 359 465 359 479 359 494 359 524 359 540 359 574 359 592 359 599 359 599 359 599 359 599 359 599 359 599 
58 2 0 1 0 1 4 191 -1 -1 0 4443 4 384 4 374 4 372 4 368 4 364 4 358 4 353 4 342 4 338 4 328 4 322 4 317 4 303 4 294 4 285 4 262 4 247 4 216 4 199 4 182 4 153 4 141 4 132 4 126 4 127 4 129 4 135 4 143 4 154 4 164 4 181 4 186 4 189 4 191 
58 2 0 1 0 1 419 211 -1 -1 1 5404 419 324 419 198 419 199 419 201 419 203 419 204 419 206 419 206 419 207 419 209 419 210 419 211 419 211 
58 2 0 1 0 1 536 184 -1 -1 1 11203 534 136 534 287 534 286 534 284 534 280 534 274 534 266 534 243 534 230 534 210 534 202 534 197 534 193 534 192 534 192 534 192 534 192 534 192 534 193 534 193 534 194 534 194 534 194 534 193 534 192 534 191 534 190 534 189 534 187 534 186 534 185 534 184 536 184 
58 2 0 1 0 1 47 550 -1 -1 0 2737 45 550 47 550 47 550 
58 2 0 1 0 1 1 232 -1 -1 0 6779 170 232 128 232 127 232 125 232 121 232 117 232 111 232 99 232 95 232 87 232 84 232 82 232 79 232 77 232 76 232 75 232 74 232 73 232 72 232 71 232 67 232 63 232 58 232 42 232 32 232 14 232 5 232 0 232 0 232 0 232 0 232 0 232 0 232 0 232 0 232 0 232 0 232 0 232 0 232 0 232 0 232 0 232 0 232 0 232 0 232 0 232 0 232 0 232 0 232 1 232 
58 2 0 1 0 1 501 295 -1 -1 1 6667 109 295 516 295 515 295 514 295 513 295 512 295 511 295 510 295 508 295 506 295 504 295 502 295 501 295 
58 2 0 1 0 1 599 82 -1 -1 1 3616 481 82 480 82 480 82 482 82 483 82 487 82 494 82 516 82 531 82 566 82 584 82 599 82 599 82 
58 2 0 1 0 1 395 277 -1 -1 1 3868 333 277 395 277 
58 2 0 1 0 1 0 567 -1 -1 0 2830 9 567 8 567 8 567 7 567 6 567 5 567 3 567 0 567 
58 2 0 1 0 1 4 363 -1 -1 0 2741 27 363 0 363 1 363 2 363 3 363 4 363 
58 2 0 1 0 1 453 359 -1 -1 1 3147 448 359 452 359 453 359 
58 2 0 1 0 2 316 183 1 5838 4 
58 2 0 1 0 2 83 283 0 1146 3 
58 2 0 1 0 2 50 116 1 1025 3 
58 2 0 1 0 2 449 416 1 1280 3 
58 2 0 1 0 2 549 482 1 1084 3 
58 2 0 1 0 2 83 50 0 1273 3 
58 2 0 1 0 2 50 183 0 1729 3 
58 2 0 1 0 2 50 216 1 1661 3 
58 2 0 1 0 2 116 449 1 1547 3 
58 2 0 1 0 2 349 549 1 1546 3 
58 2 0 1 0 2 50 349 1 1995 3 
58 2 0 1 0 2 249 482 1 1623 3 
58 2 0 1 0 2 116 549 1 1334 3 
58 2 0 1 0 2 216 283 1 1095 3 
58 2 0 1 0 2 50 383 1 1035 3 
58 2 0 1 0 2 383 283 1 2341 3 
58 2 0 1 0 2 516 116 1 1847 3 
58 2 0 1 0 2 183 482 0 1812 3 
58 2 0 1 0 2 283 549 1 1181 3 
58 2 0 1 0 2 116 50 0 3124 3 
58 2 0 1 0 2 482 549 1 1397 3 
58 2 0 1 0 2 249 449 0 1035 3 
58 2 0 1 0 2 482 283 1 751 3 
58 2 0 1 0 2 316 482 0 826 3 
58 2 0 1 0 2 349 249 1 1334 3 
58 2 0 1 0 2 149 216 0 835 3 
58 2 0 1 0 2 349 283 0 1170 3 
58 2 0 1 0 2 549 349 1 1601 3 
58 2 0 1 0 2 349 316 1 1013 3 
58 2 0 1 0 2 482 416 0 1029 3 
58 2 0 1 0 2 349 183 0 770 3 
58 2 0 1 0 2 549 149 1 1100 3 
58 2 0 1 0 1 130 290 -1 -1 0 14339 130 199 130 290 130 290 
58 2 0 1 0 1 323 0 -1 -1 1 3867 323 29 323 226 323 224 323 220 323 213 323 205 323 193 323 165 323 148 323 112 323 95 323 77 323 42 323 24 323 7 323 0 323 0 323 0 323 0 323 0 323 0 323 0 323 0 
58 2 0 1 0 1 61 386 -1 -1 0 2500 61 383 61 386 
58 2 0 1 0 1 527 591 -1 -1 0 3204 527 245 527 599 527 597 527 597 527 595 527 594 527 593 527 592 527 592 527 591 
58 2 0 1 0 1 320 498 -1 -1 0 3181 320 542 320 501 320 500 320 499 320 498 
58 2 0 1 0 1 371 32 -1 -1 1 3808 371 231 371 32 371 32 
58 2 0 1 0 1 465 172 -1 -1 1 2908 465 171 465 172 
58 2 0 1 0 1 300 597 -1 -1 0 3129 300 531 300 599 300 599 300 598 300 597 
58 2 0 1 0 1 471 451 -1 -1 1 2890 471 460 471 452 471 451 
58 2 0 1 0 1 0 464 -1 -1 0 2782 160 464 0 464 0 464 0 464 0 464 0 464 
58 2 0 1 0 1 400 583 -1 -1 0 2822 199 583 400 583 
58 2 0 1 0 1 0 528 -1 -1 0 4851 160 528 151 528 150 528 149 528 148 528 146 528 144 528 140 528 136 528 128 528 122 528 111 528 106 528 104 528 100 528 99 528 97 528 93 528 90 528 83 528 79 528 74 528 63 528 56 528 50 528 36 528 31 528 19 528 13 528 7 528 0 528 0 528 0 528 0 528 0 528 0 528 0 528 0 528 0 528 0 528 0 528 0 528 0 528 0 528 0 528 0 528 0 528 0 528 0 528 0 528 
58 2 0 1 0 1 71 200 -1 -1 0 3858 50 200 71 200 
58 2 0 1 0 1 113 521 -1 -1 0 5990 75 521 113 521 
58 2 0 1 0 1 523 247 -1 -1 1 6582 521 247 523 247 
58 2 0 1 0 1 400 44 -1 -1 1 9683 397 44 399 44 400 44 
58 2 0 1 0 2 383 83 1 2918 4 
58 2 0 1 0 2 416 249 1 1242 4 
58 2 0 1 0 2 349 83 0 1005 4 
58 2 0 1 0 2 216 349 1 1405 4 
58 2 0 1 0 2 149 249 1 1107 4 
58 2 0 1 0 2 316 283 1 943 4 
58 2 0 1 0 2 349 516 1 930 4 
58 2 0 1 0 2 116 316 1 858 4 
58 2 0 1 0 2 482 149 1 1371 4 
58 2 0 1 0 2 449 116 0 1420 4 
58 2 0 1 0 2 83 83 0 1105 4 
58 2 0 1 0 2 283 216 0 1804 5 
58 2 0 1 0 2 50 149 0 1599 5 
58 2 0 1 0 2 549 316 0 1532 3 
58 2 0 1 0 2 283 383 1 3789 3 
58 2 0 1 0 2 83 349 1 1481 3 
58 2 0 1 0 2 482 50 0 1308 3 
58 2 0 1 0 2 249 183 1 1586 3 
58 2 0 1 0 2 416 349 1 1506 3 
58 2 0 1 0 2 149 116 0 1373 3 
58 2 0 1 0 2 216 449 1 722 3 
58 2 0 1 0 2 183 349 1 1034 3 
58 2 0 1 0 2 149 83 1 984 3 
58 2 0 1 0 2 83 149 1 1083 3 
58 2 0 1 0 2 183 383 1 1950 3 
58 2 0 1 0 2 516 383 1 3305 3 
58 2 0 1 0 2 449 83 1 1343 3 
58 2 0 1 0 2 83 449 1 2903 3 
58 2 0 1 0 2 449 449 1 862 3 
58 2 0 1 0 2 416 482 1 947 3 
58 2 0 1 0 2 349 383 1 1238 3 
58 2 0 1 0 2 549 383 1 1226 3 
