Subject 82 in condition 2
Training Condition: 0
Task: 1
Rule: [[[250, 350], [[4538, 4463], [4463, 4538]]], [[350, 250], [[4538, 4463], [4463, 4538]]]]
Noise: 0
CATA=0
CATB=1
Sample keys: 120 122
Resp keys: 309 307
Dim direction: 1 0
Dim minimum: 22 59
Test order: [2, 6, 3, 5, 1, 0, 4, 7]
82 2 0 1 0 1 279 420 -1 -1 0 8243 279 293 279 75 279 75 279 74 279 73 279 72 279 70 279 67 279 61 279 53 279 31 279 20 279 0 279 0 279 0 279 0 279 0 279 0 279 0 279 0 279 0 279 0 279 0 279 0 279 0 279 0 279 0 279 0 279 0 279 0 279 0 279 0 279 0 279 0 279 0 279 0 279 0 279 0 279 0 279 0 279 0 279 0 279 0 279 0 279 0 279 0 279 0 279 0 279 0 279 0 279 0 279 0 279 0 279 0 279 0 279 0 279 0 279 0 279 0 279 0 279 0 279 2 279 8 279 16 279 28 279 42 279 60 279 99 279 119 279 154 279 168 279 179 279 200 279 209 279 216 279 231 279 241 279 258 279 265 279 273 279 283 279 286 279 290 279 298 279 302 279 313 279 321 279 331 279 352 279 364 279 376 279 391 279 397 279 402 279 414 279 421 279 433 279 438 279 442 279 449 279 452 279 454 279 457 279 457 279 457 279 457 279 457 279 456 279 456 279 456 279 456 279 456 279 456 279 456 279 456 279 456 279 456 279 456 279 456 279 456 279 456 279 455 279 455 279 455 279 454 279 454 279 454 279 452 279 450 279 449 279 448 279 447 279 447 279 447 279 447 279 447 279 447 279 447 279 447 279 444 279 440 279 434 279 425 279 422 279 420 
82 2 0 1 0 1 450 381 -1 -1 1 5961 450 275 450 267 450 268 450 270 450 272 450 276 450 278 450 282 450 284 450 288 450 292 450 294 450 301 450 305 450 308 450 316 450 319 450 325 450 326 450 328 450 331 450 333 450 336 450 343 450 347 450 350 450 357 450 360 450 372 450 376 450 378 450 379 450 381 
82 2 0 1 0 1 383 123 -1 -1 1 10722 383 260 383 257 383 257 383 257 383 257 383 257 383 257 383 257 383 257 383 256 383 256 383 254 383 253 383 252 383 252 383 251 383 248 383 248 383 246 383 245 383 245 383 244 383 242 383 241 383 236 383 232 383 222 383 215 383 208 383 192 383 184 383 175 383 164 383 160 383 151 383 145 383 138 383 125 383 121 383 119 383 118 383 119 383 120 383 121 383 122 383 123 383 124 383 125 383 125 383 124 383 124 383 123 
82 2 0 1 0 1 224 124 -1 -1 1 12457 224 519 224 520 224 521 224 522 224 523 224 524 224 525 224 527 224 528 224 529 224 531 224 532 224 533 224 534 224 535 224 536 224 537 224 539 224 544 224 547 224 551 224 552 224 555 224 562 224 567 224 571 224 575 224 575 224 576 224 577 224 578 224 578 224 578 224 580 224 583 224 590 224 599 224 599 224 599 224 599 224 599 224 599 224 599 224 599 224 599 224 599 224 599 224 599 224 599 224 599 224 599 224 599 224 599 224 599 224 599 224 599 224 599 224 599 224 599 224 599 224 599 224 599 224 598 224 598 224 599 224 599 224 599 224 599 224 599 224 599 224 599 224 599 224 599 224 599 224 599 224 599 224 599 224 599 224 599 224 599 224 599 224 599 224 599 224 599 224 599 224 599 224 599 224 599 224 599 224 596 224 591 224 585 224 584 224 583 224 582 224 583 224 587 224 595 224 599 224 599 224 599 224 599 224 599 224 599 224 599 224 599 224 599 224 598 224 597 224 597 224 596 224 587 224 566 224 531 224 489 224 419 224 307 224 265 224 196 224 166 224 144 224 120 224 117 224 116 224 117 224 119 224 121 224 124 224 126 224 129 224 131 224 132 224 132 224 131 224 131 224 130 224 130 224 129 224 129 224 128 224 128 224 127 224 126 224 126 224 125 224 125 224 124 
82 2 0 1 0 1 274 574 -1 -1 0 7433 274 515 274 504 274 505 274 505 274 506 274 507 274 508 274 512 274 514 274 515 274 517 274 518 274 518 274 519 274 522 274 529 274 535 274 554 274 563 274 571 274 578 274 578 274 578 274 580 274 580 274 580 274 580 274 580 274 581 274 583 274 585 274 588 274 591 274 592 274 594 274 595 274 596 274 596 274 596 274 596 274 596 274 596 274 595 274 594 274 594 274 594 274 594 274 594 274 594 274 596 274 597 274 598 274 599 274 599 274 599 274 598 274 594 274 586 274 573 274 556 274 516 274 497 274 470 274 463 274 458 274 456 274 454 274 453 274 448 274 447 274 446 274 447 274 449 274 451 274 454 274 455 274 456 274 460 274 462 274 473 274 479 274 485 274 501 274 508 274 516 274 528 274 533 274 542 274 547 274 552 274 560 274 564 274 567 274 569 274 571 274 571 274 573 274 574 
82 2 0 1 0 1 395 484 -1 -1 0 8266 395 486 395 486 395 486 395 487 395 487 395 488 395 489 395 489 395 490 395 491 395 492 395 493 395 494 395 497 395 502 395 506 395 510 395 509 395 507 395 506 395 504 395 501 395 499 395 498 395 497 395 496 395 496 395 495 395 494 395 493 395 493 395 492 395 491 395 490 395 490 395 489 395 489 395 488 395 488 395 487 395 487 395 486 395 486 395 485 395 485 395 484 395 484 395 484 395 483 395 483 395 483 395 483 395 484 395 484 395 484 
82 2 0 1 0 1 495 369 -1 -1 1 11292 495 88 495 86 495 83 495 75 495 65 495 54 495 46 495 35 495 33 495 32 495 31 495 30 495 30 495 29 495 28 495 24 495 22 495 18 495 16 495 14 495 10 495 8 495 6 495 3 495 0 495 0 495 0 495 0 495 0 495 0 495 0 495 0 495 0 495 0 495 0 495 0 495 0 495 0 495 0 495 0 495 0 495 0 495 0 495 0 495 0 495 0 495 0 495 0 495 0 495 0 495 0 495 0 495 0 495 0 495 0 495 0 495 0 495 0 495 0 495 0 495 0 495 0 495 0 495 0 495 0 495 0 495 0 495 0 495 0 495 0 495 0 495 0 495 0 495 0 495 0 495 0 495 0 495 0 495 0 495 0 495 0 495 0 495 0 495 0 495 0 495 0 495 0 495 0 495 0 495 0 495 0 495 0 495 0 495 0 495 0 495 0 495 0 495 1 495 5 495 12 495 22 495 33 495 45 495 72 495 87 495 118 495 134 495 148 495 166 495 187 495 210 495 259 495 284 495 307 495 329 495 347 495 379 495 395 495 409 495 418 495 424 495 431 495 435 495 439 495 443 495 447 495 449 495 450 495 450 495 450 495 450 495 449 495 447 495 446 495 445 495 443 495 441 495 441 495 441 495 441 495 441 495 441 495 442 495 443 495 444 495 446 495 449 495 449 495 449 495 449 495 451 495 453 495 455 495 456 495 456 495 456 495 458 495 460 495 463 495 467 495 472 495 476 495 476 495 476 495 476 495 476 495 476 495 476 495 476 495 476 495 475 495 475 495 474 495 474 495 474 495 474 495 474 495 475 495 476 495 477 495 477 495 478 495 478 495 478 495 478 495 478 495 478 495 478 495 478 495 478 495 477 495 476 495 469 495 465 495 452 495 453 495 453 495 453 495 453 495 453 495 454 495 455 495 456 495 456 495 457 495 457 495 458 495 459 495 459 495 460 495 460 495 460 495 460 495 460 495 458 495 456 495 454 495 451 495 450 495 450 495 450 495 450 495 446 495 443 495 440 495 431 495 427 495 423 495 417 495 414 495 387 495 359 495 325 495 263 495 246 495 237 495 234 495 234 495 242 495 251 495 263 495 302 495 325 495 344 495 374 495 386 495 398 495 402 495 403 495 406 495 408 495 408 495 408 495 408 495 408 495 409 495 410 495 410 495 410 495 410 495 408 495 407 495 401 495 398 495 396 495 388 495 383 495 379 495 369 
82 2 0 1 0 1 241 450 -1 -1 0 9167 241 93 241 599 241 579 241 564 241 555 241 552 241 552 241 561 241 568 241 588 241 599 241 599 241 599 241 599 241 599 241 599 241 599 241 589 241 579 241 571 241 561 241 557 241 554 241 548 241 545 241 539 241 538 241 537 241 537 241 536 241 536 241 537 241 539 241 542 241 548 241 550 241 555 241 557 241 560 241 568 241 571 241 577 241 588 241 594 241 599 241 599 241 599 241 599 241 599 241 599 241 599 241 599 241 599 241 599 241 599 241 599 241 599 241 599 241 599 241 599 241 599 241 599 241 599 241 599 241 599 241 599 241 599 241 599 241 599 241 599 241 599 241 598 241 586 241 573 241 573 241 571 241 570 241 569 241 568 241 566 241 565 241 563 241 563 241 567 241 579 241 586 241 599 241 599 241 599 241 599 241 598 241 595 241 588 241 582 241 562 241 547 241 532 241 501 241 486 241 472 241 451 241 449 241 450 
82 2 0 1 0 1 0 483 -1 -1 0 11477 478 129 599 129 595 129 586 129 574 129 559 129 544 129 518 129 506 129 479 129 463 129 448 129 428 129 426 129 425 129 422 129 416 129 406 129 394 129 380 129 352 129 339 129 313 129 301 129 287 129 257 129 241 129 228 129 202 129 191 129 166 129 153 129 139 129 117 129 110 129 105 129 94 129 88 129 74 129 67 129 58 129 43 129 38 129 36 129 35 129 34 129 33 129 33 129 32 129 31 129 30 129 29 129 28 129 27 129 25 129 24 129 21 129 17 129 11 129 0 129 0 129 0 129 0 129 0 129 0 129 0 129 0 129 0 129 0 129 0 129 0 129 0 129 0 130 0 132 0 135 0 138 0 140 0 143 0 164 0 183 0 220 0 237 0 251 0 282 0 300 0 317 0 347 0 361 0 396 0 415 0 435 0 467 0 480 0 491 0 516 0 530 0 557 0 568 0 578 0 586 0 587 0 588 0 591 0 594 0 597 0 599 0 599 0 599 0 599 0 599 0 599 0 599 0 599 0 599 0 599 0 599 0 599 0 599 0 599 0 599 0 599 0 599 0 599 0 599 0 598 0 596 0 595 0 594 0 592 0 589 0 582 0 577 0 560 0 549 0 537 0 517 0 510 0 505 0 495 0 491 0 487 0 486 0 485 0 484 0 483 0 482 0 482 0 482 0 482 0 482 0 483 0 483 0 483 
82 2 0 1 0 1 151 342 -1 -1 0 3961 151 224 151 220 151 220 151 222 151 226 151 231 151 240 151 264 151 276 151 300 151 311 151 319 151 326 151 328 151 329 151 332 151 337 151 340 151 342 
82 2 0 1 0 1 160 0 -1 -1 1 5755 160 149 160 149 160 150 160 152 160 156 160 162 160 167 160 172 160 181 160 183 160 182 160 180 160 176 160 167 160 157 160 145 160 118 160 105 160 84 160 75 160 67 160 55 160 52 160 49 160 43 160 41 160 36 160 34 160 33 160 29 160 24 160 18 160 5 160 0 160 0 160 0 160 0 160 0 160 0 160 0 160 0 160 0 160 0 160 0 160 0 160 0 160 0 160 0 160 0 160 0 160 0 160 0 160 0 160 0 160 0 160 1 160 11 160 10 160 4 160 1 160 0 160 0 160 0 160 0 160 0 160 0 160 0 160 0 160 0 160 0 160 0 160 0 160 0 160 0 160 0 160 0 160 0 160 0 160 0 160 0 
82 2 0 1 0 1 133 123 -1 -1 1 4771 133 262 133 265 133 266 133 267 133 273 133 282 133 292 133 302 133 314 133 314 133 314 133 314 133 317 133 321 133 329 133 350 133 361 133 380 133 385 133 387 133 388 133 389 133 389 133 389 133 389 133 388 133 382 133 378 133 363 133 352 133 338 133 308 133 290 133 272 133 236 133 222 133 205 133 201 133 200 133 199 133 197 133 193 133 177 133 166 133 144 133 138 133 135 133 134 133 132 133 130 133 128 133 125 133 123 
82 2 0 1 0 1 152 125 -1 -1 1 13075 456 571 458 571 460 571 461 571 463 571 466 571 470 571 479 571 485 571 502 571 512 571 521 571 533 571 536 571 538 571 544 571 553 571 562 571 569 571 577 571 578 571 577 571 573 571 567 571 558 571 543 571 524 571 480 571 459 571 422 571 408 571 396 571 382 571 377 571 373 571 364 571 359 571 347 571 342 571 338 571 332 571 329 571 325 571 312 571 302 571 280 571 270 571 260 571 238 571 228 571 218 571 197 571 188 571 181 571 170 571 164 571 155 571 152 571 152 573 152 574 152 577 152 582 152 588 152 597 152 599 152 599 152 599 152 599 152 599 152 599 152 599 152 599 152 599 152 599 152 599 152 599 152 599 152 599 152 599 152 599 152 599 152 599 152 599 152 599 152 599 152 599 152 599 152 599 152 599 152 599 152 599 152 599 152 599 152 599 152 596 152 594 152 593 152 596 152 599 152 599 152 599 152 599 152 599 152 599 152 599 152 599 152 599 152 599 152 599 152 599 152 599 152 599 152 599 152 599 152 599 152 599 152 599 152 599 152 599 152 599 152 598 152 590 152 573 152 540 152 489 152 343 152 274 152 217 152 158 152 145 152 136 152 107 152 88 152 55 152 43 152 35 152 31 152 32 152 34 152 37 152 41 152 46 152 53 152 70 152 80 152 100 152 112 152 123 152 144 152 155 152 167 152 193 152 206 152 234 152 247 152 256 152 261 152 260 152 257 152 254 152 250 152 245 152 239 152 229 152 224 152 210 152 200 152 191 152 184 152 180 152 175 152 161 152 159 152 158 152 157 152 156 152 154 152 153 152 151 152 149 152 148 152 146 152 145 152 144 152 144 152 143 152 142 152 141 152 140 152 138 152 137 152 136 152 135 152 134 152 133 152 132 152 131 152 130 152 129 152 128 152 127 152 127 152 126 152 125 152 125 
82 2 0 1 0 1 137 175 -1 -1 0 4408 137 267 137 267 137 265 137 262 137 257 137 249 137 240 137 222 137 218 137 212 137 209 137 207 137 199 137 195 137 191 137 185 137 183 137 181 137 181 137 180 137 179 137 178 137 177 137 176 137 175 
82 2 0 1 0 1 197 142 -1 -1 1 6049 197 591 197 589 197 591 197 596 197 599 197 599 197 599 197 599 197 599 197 599 197 599 197 599 197 599 197 599 197 599 197 599 197 599 197 599 197 599 197 599 197 599 197 599 197 599 197 599 197 599 197 599 197 599 197 599 197 599 197 599 197 599 197 599 197 599 197 599 197 599 197 599 197 599 197 594 197 581 197 572 197 561 197 550 197 538 197 511 197 496 197 459 197 437 197 416 197 377 197 360 197 342 197 306 197 291 197 279 197 269 197 259 197 241 197 234 197 228 197 223 197 219 197 215 197 210 197 207 197 206 197 205 197 201 197 198 197 196 197 194 197 191 197 187 197 183 197 177 197 172 197 168 197 162 197 157 197 150 197 148 197 147 197 145 197 143 197 140 197 134 197 132 197 133 197 134 197 135 197 136 197 137 197 138 197 139 197 140 197 141 197 142 
82 2 0 1 0 1 88 93 -1 -1 0 3842 88 402 88 406 88 407 88 407 88 408 88 406 88 400 88 390 88 376 88 356 88 334 88 277 88 252 88 226 88 228 88 235 88 242 88 241 88 234 88 222 88 210 88 183 88 171 88 163 88 158 88 157 88 156 88 146 88 137 88 111 88 96 88 85 88 80 88 80 88 80 88 80 88 80 88 82 88 89 88 92 88 93 
82 2 0 1 0 2 416 249 1 5104 4 
82 2 0 1 0 2 116 316 1 3121 5 
82 2 0 1 0 2 349 516 0 3576 4 
82 2 0 1 0 2 516 383 0 4111 3 
82 2 0 1 0 2 449 449 0 6089 2 
82 2 0 1 0 2 283 216 1 2866 4 
82 2 0 1 0 2 549 383 0 6098 2 
82 2 0 1 0 2 149 83 0 2948 4 
82 2 0 1 0 2 383 83 0 3629 3 
82 2 0 1 0 2 183 383 1 2649 4 
82 2 0 1 0 2 449 83 1 4570 2 
82 2 0 1 0 2 83 83 0 2590 4 
82 2 0 1 0 2 449 116 0 8002 3 
82 2 0 1 0 2 83 149 1 1970 4 
82 2 0 1 0 2 316 283 1 2255 4 
82 2 0 1 0 2 83 349 1 1089 4 
82 2 0 1 0 2 283 383 1 1245 4 
82 2 0 1 0 2 149 116 0 2143 4 
82 2 0 1 0 2 216 449 1 2041 3 
82 2 0 1 0 2 549 316 0 2210 3 
82 2 0 1 0 2 149 249 1 1345 4 
82 2 0 1 0 2 482 50 1 2754 3 
82 2 0 1 0 2 249 183 1 2722 4 
82 2 0 1 0 2 416 349 0 1920 4 
82 2 0 1 0 2 482 149 0 1218 4 
82 2 0 1 0 2 216 349 1 768 4 
82 2 0 1 0 2 50 149 1 1258 4 
82 2 0 1 0 2 183 349 1 1381 4 
82 2 0 1 0 2 83 449 1 1168 4 
82 2 0 1 0 2 349 383 1 781 4 
82 2 0 1 0 2 416 482 0 2721 3 
82 2 0 1 0 2 349 83 1 2924 3 
82 2 0 1 0 1 233 174 -1 -1 1 12996 233 281 233 314 233 313 233 310 233 304 233 297 233 287 233 271 233 262 233 249 233 246 233 244 233 245 233 246 233 247 233 248 233 249 233 250 233 251 233 252 233 253 233 255 233 257 233 260 233 263 233 265 233 265 233 263 233 258 233 249 233 235 233 217 233 184 233 172 233 157 233 154 233 150 233 143 233 138 233 132 233 116 233 107 233 95 233 94 233 95 233 96 233 98 233 101 233 105 233 109 233 115 233 122 233 124 233 126 233 127 233 128 233 129 233 130 233 129 233 128 233 127 233 126 233 125 233 124 233 123 233 122 233 121 233 120 233 121 233 122 233 123 233 124 233 125 233 125 233 127 233 128 233 129 233 130 233 131 233 132 233 133 233 134 233 135 233 136 233 137 233 138 233 139 233 140 233 141 233 142 233 146 233 151 233 153 233 154 233 157 233 159 233 164 233 165 233 167 233 170 233 171 233 173 233 174 
82 2 0 1 0 1 229 90 -1 -1 1 8992 85 8 85 4 85 5 85 7 85 8 85 10 85 14 85 22 85 26 85 29 85 31 85 32 85 36 85 37 85 39 85 41 85 43 85 45 85 46 85 47 85 48 85 48 85 50 85 51 85 52 85 53 85 54 85 55 85 56 85 58 85 60 85 65 85 67 85 68 85 68 85 69 85 72 85 74 85 76 85 77 85 78 85 79 85 80 85 80 85 81 85 82 85 83 85 85 85 89 85 93 85 97 85 99 85 98 85 97 85 95 85 94 85 93 85 92 85 91 85 90 84 90 83 90 82 90 78 90 74 90 72 90 70 90 69 90 67 90 66 90 64 90 62 90 61 90 62 90 64 90 69 90 75 90 81 90 86 90 92 90 95 90 102 90 105 90 107 90 111 90 113 90 114 90 118 90 119 90 121 90 122 90 124 90 126 90 127 90 129 90 132 90 135 90 138 90 139 90 141 90 145 90 146 90 147 90 149 90 150 90 152 90 154 90 155 90 156 90 157 90 158 90 160 90 161 90 163 90 165 90 169 90 170 90 175 90 177 90 179 90 181 90 182 90 183 90 184 90 185 90 186 90 187 90 188 90 189 90 190 90 191 90 192 90 194 90 196 90 200 90 205 90 217 90 224 90 229 90 
82 2 0 1 0 1 192 543 -1 -1 0 19443 29 257 18 257 17 257 13 257 4 257 0 257 0 257 0 257 0 257 0 257 0 257 0 257 0 257 0 257 0 257 0 257 0 257 0 257 0 257 0 257 0 257 0 257 4 257 17 257 80 257 127 257 220 257 258 257 289 257 332 257 348 257 360 257 384 257 399 257 433 257 444 257 448 257 447 257 445 257 440 257 431 257 417 257 401 257 366 257 351 257 324 257 312 257 297 257 259 257 238 257 221 257 199 257 193 257 195 257 198 257 203 257 206 257 207 257 207 257 208 257 207 257 206 257 205 257 204 257 200 257 195 257 192 257 192 257 192 257 192 256 192 255 192 253 192 248 192 246 192 247 192 247 192 247 192 241 192 230 192 211 192 148 192 120 192 88 192 78 192 68 192 44 192 32 192 17 192 0 192 0 192 0 192 0 192 0 192 0 192 0 192 0 192 0 192 0 192 0 192 3 192 7 192 17 192 24 192 31 192 48 192 51 192 53 192 54 192 57 192 57 192 55 192 53 192 50 192 50 192 49 192 49 192 49 192 47 192 46 192 44 192 34 192 21 192 4 192 0 192 0 192 0 192 0 192 0 192 0 192 0 192 0 192 0 192 0 192 0 192 0 192 0 192 0 192 0 192 0 192 0 192 0 192 0 192 0 192 0 192 0 192 1 192 6 192 15 192 25 192 48 192 63 192 114 192 144 192 175 192 238 192 266 192 289 192 321 192 331 192 339 192 339 192 340 192 341 192 342 192 344 192 345 192 345 192 346 192 347 192 350 192 362 192 370 192 393 192 404 192 413 192 427 192 435 192 443 192 460 192 469 192 486 192 490 192 492 192 492 192 492 192 492 192 493 192 492 192 492 192 491 192 491 192 491 192 491 192 491 192 491 192 491 192 491 192 491 192 491 192 491 192 490 192 490 192 492 192 497 192 498 192 499 192 499 192 499 192 498 192 498 192 499 192 501 192 502 192 502 192 504 192 506 192 508 192 509 192 512 192 520 192 523 192 524 192 525 192 525 192 526 192 526 192 526 192 526 192 526 192 526 192 526 192 528 192 528 192 528 192 528 192 529 192 529 192 529 192 531 192 532 192 535 192 537 192 539 192 540 192 541 192 544 192 554 192 558 192 563 192 564 192 565 192 565 192 566 192 566 192 568 192 570 192 574 192 575 192 577 192 577 192 577 192 578 192 579 192 579 192 580 192 580 192 580 192 581 192 582 192 583 192 583 192 585 192 585 192 586 192 586 192 587 192 587 192 588 192 588 192 589 192 590 192 590 192 591 192 592 192 592 192 593 192 593 192 594 192 594 192 594 192 594 192 594 192 594 192 594 192 594 192 594 192 593 192 593 192 593 192 593 192 593 192 593 192 593 192 593 192 593 192 593 192 591 192 591 192 590 192 590 192 590 192 590 192 590 192 590 192 590 192 590 192 590 192 590 192 590 192 590 192 591 192 592 192 594 192 595 192 598 192 599 192 599 192 599 192 599 192 599 192 599 192 599 192 599 192 599 192 599 192 599 192 599 192 599 192 599 192 599 192 599 192 599 192 599 192 599 192 599 192 599 192 599 192 599 192 599 192 599 192 599 192 599 192 599 192 599 192 599 192 599 192 599 192 599 192 599 192 599 192 599 192 599 192 599 192 599 192 599 192 599 192 599 192 599 192 599 192 599 192 599 192 599 192 599 192 599 192 599 192 599 192 599 192 599 192 599 192 599 192 599 192 599 192 599 192 599 192 599 192 599 192 599 192 599 192 599 192 599 192 599 192 599 192 599 192 599 192 595 192 592 192 587 192 583 192 576 192 574 192 569 192 568 192 566 192 565 192 565 192 565 192 563 192 563 192 563 192 563 192 563 192 562 192 562 192 562 192 562 192 560 192 559 192 558 192 558 192 558 192 558 192 557 192 557 192 556 192 554 192 552 192 548 192 546 192 544 192 544 192 544 192 543 192 543 192 543 192 543 192 543 192 543 
82 2 0 1 0 1 159 263 -1 -1 0 7931 593 215 594 215 594 215 595 215 597 215 599 215 599 215 599 215 599 215 599 215 599 215 599 215 599 215 599 215 599 215 599 215 599 215 599 215 599 215 599 215 599 215 599 215 599 215 599 215 599 215 599 215 599 215 599 215 599 215 599 215 599 215 599 215 599 215 599 215 597 215 595 215 591 215 586 215 580 215 565 215 558 215 540 215 530 215 521 215 507 215 501 215 496 215 484 215 478 215 465 215 459 215 453 215 442 215 438 215 433 215 424 215 419 215 411 215 407 215 402 215 390 215 384 215 378 215 367 215 362 215 352 215 347 215 341 215 328 215 322 215 315 215 302 215 295 215 289 215 275 215 268 215 255 215 249 215 243 215 232 215 226 215 221 215 210 215 204 215 193 215 188 215 183 215 175 215 172 215 169 215 165 215 164 215 164 215 164 215 163 215 163 215 162 215 162 215 162 215 161 215 161 215 161 215 160 215 160 215 159 215 159 213 159 213 159 213 159 213 159 213 159 213 159 215 159 216 159 217 159 218 159 220 159 221 159 222 159 223 159 225 159 225 159 227 159 227 159 228 159 229 159 229 159 230 159 231 159 233 159 234 159 235 159 236 159 237 159 239 159 239 159 240 159 240 159 240 159 240 159 240 159 242 159 243 159 244 159 248 159 249 159 251 159 255 159 257 159 259 159 261 159 263 
82 2 0 1 0 1 200 371 -1 -1 0 13416 296 127 306 127 307 127 307 127 308 127 308 127 308 127 308 127 308 127 308 127 308 127 308 127 308 127 308 127 308 127 308 127 308 127 308 127 308 127 308 127 308 127 309 127 311 127 312 127 313 127 314 127 317 127 318 127 320 127 321 127 321 127 321 127 321 127 321 127 323 127 324 127 324 127 325 127 325 127 325 127 325 127 326 127 326 127 328 127 330 127 332 127 334 127 334 127 334 127 334 127 334 127 334 127 335 127 338 127 339 127 345 127 347 127 349 127 349 127 348 127 348 127 345 127 345 127 344 127 343 127 342 127 342 127 342 127 342 127 344 127 345 127 348 127 350 127 353 127 361 127 364 127 367 127 373 127 377 127 381 127 388 127 392 127 399 127 402 127 406 127 415 127 420 127 425 127 433 127 436 127 443 127 448 127 451 127 453 127 453 127 453 127 452 127 450 127 447 127 443 127 435 127 431 127 424 127 421 127 417 127 410 127 406 127 401 127 391 127 386 127 377 127 374 127 369 127 361 127 357 127 353 127 345 127 339 127 328 127 322 127 316 127 306 127 302 127 298 127 289 127 286 127 280 127 276 127 273 127 264 127 260 127 256 127 246 127 240 127 231 127 227 127 223 127 215 127 213 127 210 127 206 127 204 127 202 127 199 127 199 127 198 127 199 127 200 127 200 128 200 128 200 130 200 131 200 133 200 133 200 135 200 136 200 138 200 139 200 140 200 140 200 140 200 140 200 140 200 140 200 138 200 137 200 134 200 133 200 131 200 128 200 126 200 124 200 119 200 117 200 110 200 106 200 102 200 95 200 92 200 90 200 87 200 85 200 84 200 80 200 79 200 76 200 75 200 75 200 75 200 75 200 74 200 73 200 72 200 72 200 72 200 72 200 72 200 72 200 72 200 74 200 75 200 77 200 78 200 80 200 82 200 84 200 85 200 87 200 88 200 89 200 91 200 95 200 99 200 105 200 126 200 141 200 178 200 203 200 227 200 280 200 309 200 340 200 401 200 432 200 482 200 501 200 517 200 538 200 541 200 544 200 545 200 545 200 545 200 545 200 545 200 545 200 545 200 545 200 545 200 545 200 545 200 544 200 542 200 540 200 537 200 535 200 534 200 530 200 528 200 521 200 518 200 514 200 507 200 503 200 498 200 488 200 483 200 470 200 463 200 454 200 434 200 421 200 407 200 376 200 357 200 323 200 305 200 287 200 255 200 244 200 237 200 233 200 234 200 237 200 242 200 247 200 254 200 260 200 272 200 280 200 298 200 306 200 315 200 332 200 340 200 349 200 364 200 369 200 371 200 371 
82 2 0 1 0 1 533 196 -1 -1 1 3853 533 196 533 196 533 196 533 196 532 196 530 196 529 196 526 196 525 196 524 196 523 196 522 196 522 196 522 196 522 196 522 196 522 196 522 196 524 196 527 196 529 196 533 196 537 196 538 196 541 196 542 196 542 196 542 196 541 196 539 196 535 196 533 196 
82 2 0 1 0 1 497 573 -1 -1 0 3910 551 573 496 573 497 573 
82 2 0 1 0 1 203 428 -1 -1 0 7411 211 266 206 266 205 266 203 266 197 266 185 266 171 266 140 266 122 266 71 266 39 266 8 266 0 266 0 266 0 266 0 266 0 266 0 266 0 266 0 266 0 266 0 266 0 266 0 266 0 266 1 266 5 266 10 266 17 266 23 266 28 266 33 266 49 266 65 266 85 266 108 266 133 266 176 266 201 266 227 266 256 266 280 266 299 266 322 266 328 266 329 266 327 266 321 266 309 266 298 266 284 266 270 266 247 266 239 266 226 266 220 266 214 266 208 266 207 266 206 266 204 266 203 266 203 267 203 268 203 272 203 280 203 292 203 308 203 342 203 359 203 387 203 399 203 411 203 435 203 443 203 451 203 471 203 480 203 491 203 493 203 492 203 489 203 486 203 481 203 475 203 467 203 449 203 441 203 427 203 421 203 414 203 399 203 394 203 392 203 390 203 389 203 390 203 391 203 393 203 394 203 395 203 397 203 398 203 399 203 401 203 405 203 407 203 408 203 409 203 410 203 411 203 412 203 413 203 414 203 415 203 417 203 419 203 421 203 422 203 424 203 425 203 426 203 427 203 428 
82 2 0 1 0 1 176 174 -1 -1 1 6610 174 502 171 502 170 502 167 502 162 502 155 502 144 502 130 502 97 502 78 502 38 502 19 502 0 502 0 502 0 502 0 502 0 502 0 502 1 502 7 502 19 502 34 502 50 502 66 502 97 502 110 502 134 502 144 502 154 502 171 502 179 502 185 502 197 502 200 502 199 502 199 502 196 502 194 502 190 502 185 502 182 502 181 502 180 502 179 502 178 502 177 502 176 502 176 503 176 504 176 508 176 516 176 525 176 534 176 543 176 561 176 572 176 590 176 599 176 599 176 599 176 599 176 599 176 599 176 599 176 599 176 599 176 599 176 599 176 599 176 599 176 599 176 599 176 599 176 599 176 599 176 599 176 599 176 599 176 599 176 599 176 599 176 599 176 599 176 599 176 599 176 599 176 580 176 563 176 536 176 495 176 445 176 393 176 277 176 217 176 159 176 112 176 70 176 2 176 0 176 0 176 0 176 0 176 0 176 0 176 3 176 6 176 8 176 10 176 22 176 34 176 49 176 64 176 80 176 97 176 132 176 147 176 160 176 172 176 182 176 194 176 197 176 197 176 196 176 194 176 191 176 186 176 181 176 179 176 177 176 176 176 175 176 174 
82 2 0 1 0 1 224 287 -1 -1 0 6400 34 287 32 287 31 287 30 287 27 287 24 287 20 287 11 287 6 287 0 287 0 287 0 287 0 287 0 287 0 287 0 287 1 287 5 287 12 287 23 287 55 287 74 287 92 287 122 287 137 287 165 287 179 287 193 287 218 287 228 287 236 287 250 287 252 287 251 287 250 287 248 287 243 287 240 287 237 287 235 287 231 287 230 287 228 287 227 287 225 287 224 287 224 287 
82 2 0 1 0 1 252 190 -1 -1 1 8724 82 583 72 583 71 583 68 583 64 583 57 583 46 583 31 583 1 583 0 583 0 583 0 583 0 583 0 583 1 583 1 583 3 583 4 583 5 583 6 583 7 583 9 583 11 583 13 583 16 583 20 583 29 583 35 583 48 583 56 583 63 583 77 583 84 583 91 583 110 583 121 583 147 583 158 583 167 583 180 583 186 583 191 583 198 583 199 583 203 583 207 583 211 583 216 583 219 583 221 583 223 583 225 583 226 583 227 583 228 583 229 583 230 583 231 583 232 583 233 583 234 583 235 583 236 583 237 583 238 583 239 583 240 583 241 583 242 583 244 583 245 583 246 583 248 583 249 583 252 583 252 582 252 582 252 585 252 591 252 599 252 599 252 599 252 599 252 599 252 599 252 599 252 599 252 599 252 599 252 599 252 599 252 599 252 599 252 599 252 599 252 599 252 599 252 597 252 586 252 565 252 535 252 456 252 413 252 370 252 314 252 296 252 280 252 253 252 241 252 218 252 208 252 202 252 197 252 198 252 199 252 201 252 205 252 210 252 217 252 232 252 238 252 246 252 247 252 247 252 246 252 244 252 243 252 243 252 241 252 239 252 237 252 236 252 235 252 234 252 233 252 229 252 227 252 223 252 213 252 208 252 200 252 198 252 197 252 195 252 194 252 193 252 192 252 192 252 192 252 190 252 190 252 190 
82 2 0 1 0 1 5 226 -1 -1 0 9370 184 129 184 137 184 137 184 136 184 136 184 136 184 136 184 135 184 135 184 135 184 135 184 136 184 137 184 139 184 139 184 139 184 140 184 139 184 139 184 138 184 138 184 138 184 137 184 137 184 137 183 137 183 137 183 137 183 137 184 137 184 137 185 137 185 137 185 137 185 137 185 137 191 137 194 137 196 137 199 137 200 137 202 137 204 137 205 137 208 137 210 137 212 137 213 137 213 137 212 137 210 137 206 137 196 137 190 137 184 137 174 137 170 137 163 137 160 137 158 137 153 137 149 137 145 137 139 137 137 137 131 137 128 137 124 137 115 137 110 137 105 137 101 137 88 137 81 137 74 137 65 137 58 137 50 137 37 137 32 137 28 137 25 137 21 137 10 137 3 137 0 137 0 137 0 137 0 137 0 137 0 137 0 137 0 137 0 137 0 137 1 137 2 137 4 137 7 137 9 137 11 137 15 137 18 137 22 137 26 137 27 137 28 137 30 137 31 137 32 137 32 137 33 137 33 137 33 137 30 137 27 137 24 137 23 137 22 137 22 137 22 137 20 137 18 137 17 137 13 137 10 137 7 137 6 137 6 137 5 137 5 137 5 137 5 137 5 137 5 138 5 140 5 144 5 149 5 155 5 175 5 187 5 202 5 205 5 208 5 219 5 224 5 227 5 228 5 227 5 226 
82 2 0 1 0 1 66 15 -1 -1 1 8169 562 15 558 15 558 15 558 15 558 15 558 15 558 15 558 15 558 15 557 15 555 15 549 15 544 15 538 15 526 15 521 15 517 15 514 15 514 15 514 15 516 15 518 15 522 15 526 15 529 15 531 15 531 15 532 15 533 15 533 15 535 15 536 15 538 15 544 15 547 15 550 15 558 15 563 15 572 15 576 15 578 15 580 15 580 15 580 15 580 15 580 15 582 15 582 15 582 15 573 15 567 15 561 15 553 15 551 15 548 15 545 15 541 15 528 15 520 15 511 15 490 15 480 15 459 15 448 15 439 15 418 15 410 15 401 15 383 15 373 15 362 15 340 15 329 15 320 15 320 15 320 15 320 15 322 15 322 15 323 15 323 15 321 15 317 15 315 15 313 15 309 15 305 15 301 15 291 15 286 15 278 15 274 15 270 15 263 15 259 15 256 15 247 15 241 15 236 15 225 15 220 15 209 15 204 15 199 15 189 15 184 15 179 15 169 15 163 15 153 15 147 15 142 15 131 15 125 15 115 15 112 15 108 15 99 15 93 15 88 15 78 15 76 15 72 15 68 15 66 15 65 15 66 15 
82 2 0 1 0 1 58 181 -1 -1 0 11657 227 296 149 296 154 296 157 296 158 296 158 296 159 296 163 296 166 296 170 296 170 296 170 296 166 296 162 296 160 296 156 296 155 296 154 296 153 296 153 296 151 296 151 296 150 296 149 296 148 296 148 296 148 296 150 296 151 296 151 296 151 296 149 296 147 296 147 296 148 296 149 296 150 296 150 296 150 296 151 296 153 296 155 296 158 296 160 296 161 296 159 296 158 296 158 296 159 296 165 296 174 296 174 296 174 296 174 296 171 296 166 296 160 296 149 296 143 296 131 296 125 296 119 296 109 296 103 296 99 296 90 296 86 296 78 296 76 296 75 296 73 296 73 296 73 296 73 296 73 296 73 296 73 296 71 296 69 296 66 296 60 296 58 296 55 296 55 296 54 296 54 296 54 296 55 296 56 296 57 296 57 296 58 296 58 296 58 296 58 296 58 296 58 296 58 200 58 195 58 191 58 187 58 183 58 179 58 170 58 165 58 152 58 145 58 137 58 121 58 114 58 109 58 110 58 112 58 115 58 120 58 126 58 136 58 157 58 167 58 189 58 198 58 207 58 219 58 221 58 221 58 223 58 224 58 222 58 218 58 215 58 213 58 210 58 206 58 205 58 204 58 203 58 201 58 200 58 199 58 198 58 194 58 192 58 188 58 187 58 185 58 182 58 181 58 181 
82 2 0 1 0 1 523 327 -1 -1 1 10161 387 327 368 327 367 327 367 327 367 327 367 327 366 327 366 327 366 327 365 327 364 327 364 327 364 327 364 327 364 327 365 327 366 327 367 327 367 327 368 327 369 327 370 327 370 327 370 327 369 327 366 327 364 327 362 327 361 327 361 327 360 327 360 327 358 327 356 327 355 327 355 327 355 327 355 327 355 327 354 327 354 327 354 327 357 327 360 327 367 327 369 327 371 327 373 327 374 327 377 327 377 327 378 327 378 327 378 327 378 327 378 327 378 327 378 327 378 327 378 327 378 327 378 327 377 327 376 327 374 327 371 327 366 327 364 327 362 327 359 327 357 327 355 327 354 327 353 327 352 327 352 327 352 327 352 327 351 327 348 327 348 327 348 327 348 327 348 327 348 327 348 327 348 327 348 327 348 327 348 327 348 327 348 327 347 327 347 327 346 327 343 327 336 327 336 327 343 327 354 327 369 327 405 327 426 327 456 327 524 327 560 327 599 327 599 327 599 327 599 327 599 327 599 327 599 327 599 327 599 327 599 327 599 327 599 327 599 327 599 327 599 327 599 327 599 327 599 327 599 327 599 327 599 327 599 327 598 327 598 327 597 327 597 327 596 327 595 327 594 327 592 327 591 327 591 327 590 327 589 327 588 327 587 327 586 327 585 327 584 327 583 327 582 327 582 327 581 327 580 327 580 327 578 327 573 327 571 327 567 327 564 327 562 327 558 327 556 327 553 327 549 327 546 327 542 327 540 327 538 327 534 327 532 327 530 327 527 327 526 327 524 327 523 327 523 327 523 327 523 327 523 327 
82 2 0 1 0 1 531 0 -1 -1 1 8467 531 454 531 456 531 457 531 459 531 463 531 466 531 470 531 472 531 478 531 481 531 490 531 494 531 497 531 499 531 500 531 500 531 501 531 501 531 503 531 506 531 510 531 515 531 517 531 521 531 522 531 523 531 525 531 525 531 525 531 526 531 526 531 526 531 526 531 526 531 526 531 526 531 525 531 520 531 517 531 515 531 509 531 506 531 499 531 495 531 490 531 479 531 473 531 466 531 448 531 439 531 416 531 405 531 397 531 386 531 383 531 380 531 379 531 379 531 379 531 378 531 375 531 363 531 351 531 337 531 307 531 292 531 262 531 247 531 230 531 199 531 186 531 177 531 168 531 166 531 165 531 160 531 157 531 148 531 142 531 135 531 124 531 116 531 107 531 85 531 75 531 58 531 51 531 43 531 27 531 20 531 14 531 1 531 0 531 0 531 0 531 0 531 0 531 0 531 0 531 0 531 0 531 0 531 0 531 0 531 0 531 0 531 0 531 0 531 0 531 0 531 0 531 0 531 0 531 0 531 0 531 0 531 1 531 6 531 16 531 31 531 39 531 41 531 42 531 44 531 45 531 45 531 45 531 45 531 43 531 42 531 37 531 35 531 30 531 27 531 24 531 17 531 13 531 10 531 5 531 2 531 0 531 0 531 0 531 0 531 0 531 0 531 0 531 0 531 0 531 0 531 0 531 0 531 0 531 0 531 0 531 0 531 0 531 0 531 0 531 0 531 0 531 0 531 0 531 0 531 0 
82 2 0 1 0 2 516 116 1 5181 2 
82 2 0 1 0 2 349 549 0 5914 3 
82 2 0 1 0 2 183 482 0 11741 2 
82 2 0 1 0 2 349 249 1 5716 2 
82 2 0 1 0 2 482 283 1 5504 2 
82 2 0 1 0 2 249 449 0 12970 2 
82 2 0 1 0 2 449 416 1 3689 2 
82 2 0 1 0 2 83 50 1 5037 2 
82 2 0 1 0 2 116 549 1 1928 2 
82 2 0 1 0 2 50 349 0 2392 2 
82 2 0 1 0 2 482 416 0 2233 2 
82 2 0 1 0 2 316 183 1 1853 2 
82 2 0 1 0 2 249 482 1 4037 2 
82 2 0 1 0 2 349 283 1 2156 2 
82 2 0 1 0 2 50 183 0 5180 2 
82 2 0 1 0 2 83 283 0 977 2 
82 2 0 1 0 2 316 482 1 1583 2 
82 2 0 1 0 2 482 549 0 1663 2 
82 2 0 1 0 2 216 283 1 823 2 
82 2 0 1 0 2 383 283 1 865 2 
82 2 0 1 0 2 349 316 1 972 2 
82 2 0 1 0 2 349 183 1 619 2 
82 2 0 1 0 2 50 116 0 1125 2 
82 2 0 1 0 2 50 216 1 790 2 
82 2 0 1 0 2 549 149 1 2001 2 
82 2 0 1 0 2 50 383 1 922 2 
82 2 0 1 0 2 283 549 1 1610 2 
82 2 0 1 0 2 549 482 0 1122 2 
82 2 0 1 0 2 116 449 1 1894 2 
82 2 0 1 0 2 549 349 1 1016 2 
82 2 0 1 0 2 116 50 1 2222 2 
82 2 0 1 0 2 149 216 1 2588 1 
82 2 0 1 0 1 591 482 -1 -1 1 11468 591 532 591 532 591 531 591 530 591 526 591 521 591 514 591 493 591 483 591 471 591 470 591 466 591 455 591 446 591 438 591 429 591 426 591 415 591 410 591 411 591 413 591 415 591 418 591 421 591 426 591 430 591 432 591 433 591 434 591 438 591 442 591 447 591 458 591 460 591 461 591 463 591 467 591 472 591 480 591 490 591 506 591 507 591 504 591 498 591 489 591 480 591 473 591 469 591 467 591 468 591 469 591 471 591 472 591 473 591 474 591 475 591 476 591 477 591 478 591 479 591 480 591 482 591 483 591 484 591 483 591 482 591 481 591 480 591 481 591 482 
82 2 0 1 0 1 147 599 -1 -1 0 3377 147 492 147 493 147 497 147 503 147 513 147 527 147 543 147 577 147 593 147 599 147 599 147 599 147 599 147 599 147 599 147 599 147 599 147 599 147 599 
82 2 0 1 0 1 228 268 -1 -1 0 7289 111 407 112 407 115 407 122 407 132 407 144 407 158 407 189 407 202 407 223 407 232 407 240 407 246 407 252 407 261 407 264 407 268 407 269 407 270 407 270 407 270 407 269 407 267 407 262 407 253 407 240 407 220 407 190 407 153 407 110 407 68 407 0 407 0 407 0 407 0 407 0 407 0 407 0 407 1 407 3 407 10 407 21 407 38 407 58 407 121 407 160 407 228 407 254 407 274 407 305 407 314 407 321 407 332 407 336 407 340 407 338 407 332 407 325 407 319 407 314 407 306 407 280 407 264 407 245 407 239 407 234 407 228 407 228 413 228 414 228 415 228 417 228 420 228 425 228 433 228 451 228 459 228 475 228 481 228 487 228 495 228 496 228 498 228 500 228 501 228 504 228 505 228 505 228 506 228 506 228 507 228 507 228 507 228 507 228 507 228 507 228 507 228 507 228 507 228 507 228 507 228 507 228 507 228 507 228 506 228 503 228 502 228 500 228 492 228 486 228 473 228 470 228 469 228 469 228 470 228 476 228 485 228 490 228 494 228 495 228 495 228 493 228 491 228 489 228 484 228 482 228 476 228 473 228 471 228 466 228 463 228 460 228 454 228 448 228 426 228 410 228 392 228 354 228 332 228 311 228 267 228 245 228 203 228 190 228 184 228 183 228 183 228 185 228 188 228 192 228 196 228 202 228 212 228 232 228 241 228 255 228 259 228 263 228 268 
82 2 0 1 0 1 76 299 -1 -1 0 6330 76 480 76 482 76 485 76 490 76 495 76 501 76 506 76 520 76 528 76 548 76 557 76 565 76 576 76 579 76 582 76 584 76 585 76 585 76 585 76 581 76 566 76 557 76 546 76 522 76 509 76 472 76 450 76 427 76 386 76 370 76 362 76 356 76 355 76 355 76 355 76 355 76 356 76 357 76 363 76 370 76 378 76 384 76 387 76 391 76 398 76 401 76 404 76 412 76 418 76 423 76 430 76 431 76 431 76 431 76 432 76 432 76 431 76 431 76 427 76 425 76 414 76 405 76 394 76 364 76 347 76 332 76 303 76 288 76 262 76 251 76 240 76 220 76 211 76 206 76 204 76 204 76 208 76 215 76 222 76 228 76 237 76 242 76 249 76 251 76 252 76 252 76 252 76 252 76 251 76 251 76 250 76 250 76 248 76 248 76 249 76 249 76 251 76 253 76 258 76 261 76 265 76 273 76 277 76 281 76 290 76 293 76 296 76 299 
82 2 0 1 0 1 365 137 -1 -1 1 3634 365 303 365 0 365 0 365 0 365 0 365 0 365 0 365 0 365 0 365 0 365 0 365 0 365 0 365 0 365 0 365 0 365 0 365 0 365 0 365 0 365 0 365 0 365 0 365 0 365 0 365 0 365 1 365 3 365 9 365 19 365 29 365 42 365 70 365 86 365 118 365 132 365 137 
82 2 0 1 0 1 449 219 -1 -1 1 3570 449 241 449 223 449 222 449 221 449 219 
82 2 0 1 0 1 63 599 -1 -1 0 5115 63 152 63 132 63 121 63 110 63 99 63 86 63 73 63 39 63 19 63 0 63 1 63 3 63 9 63 18 63 32 63 58 63 67 63 81 63 97 63 120 63 182 63 214 63 247 63 321 63 363 63 439 63 463 63 478 63 492 63 501 63 515 63 553 63 574 63 599 63 599 63 599 63 599 63 599 63 599 63 599 63 599 63 599 63 599 63 599 63 599 63 599 63 599 63 599 63 599 63 599 
82 2 0 1 0 1 575 598 -1 -1 0 6601 575 508 575 525 575 526 575 538 575 538 575 538 575 537 575 536 575 534 575 531 575 520 575 514 575 500 575 492 575 483 575 465 575 457 575 452 575 442 575 439 575 428 575 423 575 419 575 415 575 413 575 412 575 409 575 408 575 407 575 405 575 404 575 402 575 399 575 394 575 391 575 388 575 386 575 381 575 358 575 350 575 348 575 349 575 355 575 374 575 385 575 395 575 407 575 409 575 412 575 418 575 421 575 434 575 440 575 449 575 475 575 492 575 512 575 552 575 574 575 599 575 599 575 599 575 599 575 599 575 599 575 599 575 599 575 599 575 599 575 599 575 599 575 599 575 599 575 599 575 598 575 598 575 598 
82 2 0 1 0 1 28 302 -1 -1 0 4721 28 472 28 462 28 461 28 458 28 449 28 433 28 407 28 327 28 278 28 170 28 110 28 53 28 0 28 0 28 0 28 0 28 0 28 0 28 0 28 0 28 1 28 2 28 4 28 6 28 8 28 9 28 18 28 31 28 61 28 79 28 100 28 156 28 188 28 221 28 285 28 313 28 356 28 371 28 383 28 398 28 403 28 407 28 414 28 416 28 420 28 422 28 421 28 419 28 411 28 402 28 394 28 386 28 370 28 365 28 357 28 353 28 349 28 347 28 346 28 345 28 344 28 342 28 338 28 332 28 325 28 320 28 319 28 316 28 314 28 310 28 306 28 304 28 303 28 302 
82 2 0 1 0 1 131 0 -1 -1 1 9930 131 409 131 412 131 418 131 428 131 442 131 459 131 480 131 524 131 549 131 587 131 599 131 599 131 599 131 599 131 599 131 599 131 599 131 599 131 599 131 599 131 597 131 597 131 597 131 596 131 595 131 595 131 594 131 593 131 593 131 592 131 592 131 591 131 591 131 590 131 590 131 589 131 583 131 579 131 578 131 578 131 581 131 587 131 594 131 599 131 599 131 599 131 599 131 599 131 599 131 599 131 599 131 596 131 595 131 593 131 591 131 590 131 589 131 588 131 588 131 587 131 587 131 584 131 581 131 582 131 582 131 582 131 582 131 581 131 580 131 578 131 577 131 573 131 567 131 564 131 563 131 562 131 565 131 569 131 572 131 573 131 573 131 575 131 577 131 579 131 581 131 582 131 583 131 585 131 585 131 582 131 576 131 568 131 547 131 537 131 527 131 512 131 508 131 505 131 504 131 504 131 502 131 500 131 496 131 489 131 487 131 487 131 486 131 485 131 483 131 482 131 481 131 478 131 469 131 462 131 450 131 448 131 447 131 445 131 442 131 438 131 433 131 432 131 427 131 425 131 421 131 425 131 434 131 446 131 462 131 480 131 517 131 534 131 573 131 598 131 599 131 599 131 599 131 599 131 599 131 599 131 581 131 563 131 540 131 479 131 447 131 413 131 345 131 307 131 239 131 212 131 190 131 155 131 143 131 137 131 139 131 143 131 148 131 153 131 156 131 158 131 158 131 158 131 158 131 158 131 158 131 158 131 158 131 158 131 159 131 169 131 176 131 186 131 215 131 233 131 250 131 292 131 318 131 374 131 405 131 437 131 501 131 530 131 557 131 599 131 599 131 599 131 599 131 599 131 599 131 599 131 599 131 599 131 599 131 599 131 599 131 599 131 599 131 599 131 599 131 599 131 599 131 599 131 599 131 599 131 597 131 590 131 577 131 545 131 532 131 522 131 500 131 489 131 460 131 447 131 432 131 393 131 369 131 343 131 287 131 259 131 208 131 184 131 163 131 120 131 99 131 77 131 35 131 16 131 0 131 0 131 0 131 0 131 0 131 0 131 0 131 0 131 0 131 0 131 0 131 0 131 0 131 0 131 0 131 0 131 0 131 0 131 0 131 0 131 0 131 0 131 0 131 0 131 0 
82 2 0 1 0 1 122 561 -1 -1 0 4225 122 345 122 269 122 268 122 268 122 266 122 264 122 261 122 256 122 235 122 218 122 183 122 170 122 163 122 163 122 172 122 187 122 224 122 249 122 320 122 368 122 415 122 520 122 575 122 599 122 599 122 599 122 599 122 599 122 599 122 599 122 599 122 599 122 599 122 599 122 598 122 593 122 591 122 589 122 588 122 587 122 586 122 585 122 583 122 574 122 570 122 562 122 561 122 561 
82 2 0 1 0 1 270 307 -1 -1 0 4475 270 238 270 229 270 228 270 226 270 221 270 213 270 200 270 184 270 143 270 117 270 56 270 27 270 9 270 0 270 0 270 0 270 0 270 0 270 0 270 0 270 0 270 8 270 10 270 12 270 16 270 24 270 35 270 51 270 73 270 130 270 161 270 214 270 234 270 250 270 269 270 273 270 275 270 277 270 278 270 282 270 285 270 288 270 294 270 300 270 305 270 307 
82 2 0 1 0 1 126 0 -1 -1 1 2839 126 50 126 49 126 48 126 47 126 45 126 39 126 32 126 0 126 0 126 0 126 0 126 0 126 0 126 0 126 0 126 0 126 0 126 0 
82 2 0 1 0 1 597 196 -1 -1 1 4402 597 70 597 77 597 77 597 81 597 88 597 95 597 106 597 134 597 151 597 189 597 208 597 225 597 248 597 255 597 264 597 283 597 294 597 319 597 335 597 350 597 380 597 390 597 396 597 397 597 397 597 398 597 402 597 407 597 413 597 418 597 428 597 431 597 432 597 432 597 432 597 429 597 428 597 428 597 428 597 428 597 428 597 428 597 428 597 429 597 429 597 429 597 426 597 413 597 403 597 373 597 354 597 331 597 285 597 259 597 235 597 207 597 203 597 202 597 201 597 200 597 199 597 196 
82 2 0 1 0 1 599 0 -1 -1 0 4700 388 590 383 590 377 590 368 590 354 590 338 590 314 590 254 590 219 590 156 590 131 590 107 590 72 590 56 590 41 590 32 590 34 590 45 590 66 590 100 590 238 590 333 590 440 590 599 590 599 590 599 590 599 590 599 590 599 590 599 590 599 590 599 590 599 590 599 590 599 589 599 594 599 599 599 599 599 599 599 599 599 599 599 599 599 599 599 599 599 599 599 599 599 599 599 599 599 598 599 595 599 584 599 575 599 564 599 523 599 487 599 446 599 343 599 284 599 148 599 79 599 12 599 0 599 0 599 0 599 0 599 0 
82 2 0 1 0 1 19 599 -1 -1 0 3209 19 342 19 341 19 343 19 359 19 387 19 425 19 481 19 599 19 599 19 599 19 599 19 599 19 599 19 599 19 599 19 599 
82 2 0 1 0 2 83 183 0 4873 3 
82 2 0 1 0 2 549 83 1 3590 2 
82 2 0 1 0 2 149 482 0 1985 2 
82 2 0 1 0 2 216 83 0 2872 2 
82 2 0 1 0 2 283 83 0 1722 2 
82 2 0 1 0 2 349 216 1 1869 2 
82 2 0 1 0 2 50 416 0 3864 2 
82 2 0 1 0 2 149 149 0 1282 2 
82 2 0 1 0 2 482 349 0 3059 2 
82 2 0 1 0 2 283 149 0 1344 2 
82 2 0 1 0 2 549 183 0 719 2 
82 2 0 1 0 2 516 149 1 1689 2 
82 2 0 1 0 2 383 416 0 2322 2 
82 2 0 1 0 2 449 50 1 3499 2 
82 2 0 1 0 2 183 83 1 3130 2 
82 2 0 1 0 2 283 482 1 858 2 
82 2 0 1 0 2 283 416 1 2359 2 
82 2 0 1 0 2 316 449 1 899 2 
82 2 0 1 0 2 449 316 1 521 2 
82 2 0 1 0 2 383 50 0 4019 2 
82 2 0 1 0 2 449 216 0 1790 2 
82 2 0 1 0 2 116 383 0 1425 2 
82 2 0 1 0 2 383 449 0 1792 2 
82 2 0 1 0 2 383 516 0 1038 2 
82 2 0 1 0 2 249 549 0 1202 2 
82 2 0 1 0 2 383 149 0 1835 2 
82 2 0 1 0 2 149 283 0 617 2 
82 2 0 1 0 2 183 449 0 1174 2 
82 2 0 1 0 2 349 482 0 4436 1 
82 2 0 1 0 2 549 416 1 2711 3 
82 2 0 1 0 2 50 50 1 8201 4 
82 2 0 1 0 2 50 516 1 1851 4 
82 2 0 1 0 1 376 252 -1 -1 1 10156 376 285 376 0 376 1 376 5 376 17 376 35 376 56 376 76 376 100 376 103 376 105 376 110 376 115 376 122 376 132 376 165 376 187 376 236 376 260 376 280 376 317 376 332 376 346 376 366 376 376 376 394 376 401 376 404 376 403 376 401 376 398 376 394 376 390 376 384 376 365 376 350 376 321 376 309 376 301 376 290 376 286 376 284 376 281 376 277 376 268 376 261 376 256 376 252 
82 2 0 1 0 1 315 7 -1 -1 1 9121 536 7 599 7 596 7 584 7 562 7 531 7 494 7 409 7 365 7 271 7 231 7 201 7 181 7 182 7 188 7 198 7 214 7 234 7 257 7 300 7 319 7 347 7 359 7 368 7 382 7 387 7 390 7 395 7 394 7 388 7 380 7 372 7 361 7 350 7 333 7 328 7 324 7 324 7 321 7 315 7 314 7 315 7 
82 2 0 1 0 1 230 543 -1 -1 0 6779 230 109 230 77 230 73 230 71 230 66 230 62 230 53 230 51 230 48 230 41 230 36 230 32 230 23 230 16 230 0 230 0 230 0 230 0 230 0 230 0 230 0 230 0 230 0 230 0 230 0 230 0 230 0 230 0 230 0 230 0 230 0 230 0 230 0 230 0 230 0 230 0 230 0 230 0 230 0 230 0 230 0 230 0 230 0 230 0 230 0 230 0 230 0 230 0 230 0 230 0 230 0 230 2 230 8 230 21 230 40 230 65 230 96 230 170 230 211 230 281 230 312 230 339 230 385 230 405 230 422 230 449 230 460 230 479 230 484 230 488 230 493 230 496 230 498 230 499 230 498 230 496 230 496 230 494 230 488 230 484 230 479 230 468 230 463 230 453 230 449 230 445 230 437 230 434 230 433 230 431 230 431 230 432 230 434 230 438 230 441 230 443 230 443 230 432 230 420 230 387 230 370 230 358 230 345 230 343 230 341 230 341 230 342 230 348 230 361 230 378 230 396 230 417 230 458 230 474 230 496 230 504 230 512 230 526 230 531 230 536 230 542 230 543 230 544 230 544 230 544 230 544 230 543 
82 2 0 1 0 1 479 588 -1 -1 0 12177 421 588 389 588 388 588 388 588 387 588 384 588 383 588 382 588 381 588 381 588 380 588 380 588 380 588 380 588 379 588 379 588 378 588 377 588 375 588 374 588 374 588 374 588 373 588 373 588 373 588 373 588 371 588 370 588 368 588 366 588 365 588 364 588 363 588 363 588 363 588 363 588 365 588 366 588 366 588 366 588 367 588 367 588 367 588 368 588 368 588 369 588 371 588 381 588 387 588 393 588 403 588 405 588 409 588 409 588 409 588 410 588 412 588 415 588 420 588 419 588 417 588 416 588 415 588 415 588 415 588 417 588 417 588 417 588 417 588 417 588 412 588 410 588 407 588 404 588 403 588 402 588 402 588 401 588 399 588 398 588 397 588 395 588 393 588 392 588 390 588 389 588 389 588 389 588 389 588 388 588 388 588 388 588 389 588 390 588 391 588 391 588 392 588 394 588 396 588 397 588 399 588 399 588 400 588 400 588 398 588 396 588 392 588 390 588 389 588 383 588 381 588 380 588 380 588 387 588 387 588 386 588 386 588 388 588 396 588 400 588 402 588 401 588 397 588 394 588 393 588 393 588 391 588 389 588 388 588 388 588 388 588 386 588 386 588 386 588 384 588 384 588 384 588 387 588 388 588 388 588 389 588 389 588 389 588 389 588 389 588 388 588 388 588 388 588 388 588 388 588 388 588 393 588 395 588 396 588 399 588 400 588 400 588 401 588 403 588 404 588 406 588 406 588 406 588 405 588 402 588 401 588 401 588 401 588 400 588 400 588 399 588 399 588 399 588 399 588 399 588 398 588 397 588 396 588 395 588 394 588 392 588 391 588 388 588 385 588 384 588 383 588 383 588 383 588 383 588 383 588 383 588 381 588 380 588 376 588 374 588 371 588 367 588 365 588 364 588 363 588 362 588 361 588 360 588 358 588 357 588 358 588 360 588 367 588 371 588 375 588 385 588 389 588 397 588 401 588 405 588 414 588 420 588 427 588 442 588 450 588 450 588 450 588 450 588 453 588 460 588 477 588 486 588 510 588 522 588 532 588 537 588 537 588 539 588 541 588 543 588 547 588 548 588 549 588 548 588 546 588 542 588 539 588 536 588 535 588 532 588 530 588 526 588 525 588 521 588 514 588 510 588 507 588 505 588 505 588 505 588 505 588 505 588 505 588 505 588 505 588 505 588 503 588 501 588 501 588 501 588 507 588 512 588 514 588 521 588 521 588 521 588 521 588 521 588 521 588 521 588 520 588 519 588 515 588 512 588 509 588 508 588 507 588 503 588 501 588 499 588 494 588 493 588 489 588 486 588 484 588 480 588 479 588 
82 2 0 1 0 1 303 364 -1 -1 0 3600 303 211 303 108 303 108 303 108 303 109 303 110 303 113 303 124 303 132 303 145 303 148 303 150 303 151 303 152 303 153 303 158 303 165 303 183 303 194 303 212 303 264 303 294 303 318 303 351 303 360 303 363 303 364 
82 2 0 1 0 1 0 599 -1 -1 1 5939 85 501 25 501 23 501 19 501 13 501 4 501 0 501 0 501 0 501 0 501 0 501 0 501 0 501 0 501 2 501 10 501 25 501 46 501 77 501 119 501 223 501 269 501 341 501 368 501 386 501 409 501 415 501 418 501 417 501 408 501 391 501 361 501 316 501 252 501 88 501 0 501 0 501 0 501 0 501 0 501 0 501 0 501 0 501 0 501 0 501 0 501 0 501 0 502 0 504 0 511 0 519 0 531 0 544 0 580 0 599 0 599 0 599 0 599 0 599 0 599 0 599 0 599 0 599 0 599 
82 2 0 1 0 1 1 266 -1 -1 0 8737 217 148 217 148 217 148 217 148 217 148 217 148 220 148 226 148 226 148 221 148 215 148 208 148 191 148 185 148 180 148 173 148 172 148 171 148 169 148 167 148 164 148 164 148 164 148 164 148 164 148 165 148 166 148 170 148 170 148 170 148 171 148 173 148 178 148 180 148 182 148 185 148 187 148 188 148 189 148 189 148 189 148 189 148 189 148 188 148 186 148 184 148 184 148 183 148 182 148 182 148 181 148 181 148 184 148 190 148 193 148 200 148 202 148 205 148 210 148 214 148 219 148 234 148 243 148 261 148 273 148 286 148 316 148 331 148 345 148 369 148 380 148 398 148 402 148 404 148 396 148 385 148 371 148 342 148 327 148 292 148 269 148 241 148 190 148 171 148 158 148 151 148 149 148 148 148 148 148 148 148 149 148 149 148 149 148 149 148 148 148 146 148 144 148 139 148 121 148 109 148 93 148 53 148 34 148 15 148 0 148 0 148 0 148 0 148 0 148 0 148 0 148 0 148 0 148 0 148 0 148 0 148 0 148 0 148 0 148 0 148 0 148 0 148 0 148 1 148 1 150 1 151 1 154 1 158 1 166 1 178 1 209 1 226 1 263 1 281 1 296 1 324 1 336 1 347 1 366 1 376 1 396 1 407 1 415 1 423 1 422 1 420 1 417 1 412 1 405 1 397 1 373 1 358 1 327 1 314 1 304 1 285 1 278 1 273 1 270 1 270 1 269 1 267 1 266 1 266 
82 2 0 1 0 1 0 439 -1 -1 0 4578 42 166 44 166 44 166 46 166 51 166 61 166 73 166 101 166 114 166 135 166 145 166 159 166 194 166 212 166 228 166 254 166 266 166 289 166 298 166 305 166 307 166 305 166 296 166 279 166 259 166 234 166 205 166 139 166 96 166 21 166 0 166 0 166 0 166 0 166 0 166 0 166 0 166 0 166 0 166 0 166 0 167 0 173 0 187 0 211 0 239 0 273 0 343 0 372 0 416 0 430 0 438 0 440 0 439 
82 2 0 1 0 1 77 599 -1 -1 0 4482 73 375 73 599 73 598 73 598 73 596 73 594 73 588 73 577 73 561 73 541 73 497 73 478 73 455 73 450 73 447 73 447 73 450 73 454 73 459 73 466 73 474 73 493 73 503 73 524 73 533 73 542 73 560 73 569 73 582 73 599 73 599 73 599 73 599 73 599 73 599 73 599 73 599 73 599 73 599 73 599 73 599 75 599 76 599 76 599 77 599 
82 2 0 1 0 1 537 385 -1 -1 1 4218 537 541 537 517 537 514 537 511 537 507 537 499 537 491 537 474 537 466 537 447 537 437 537 427 537 415 537 413 537 412 537 411 537 409 537 405 537 400 537 396 537 388 537 386 537 385 
82 2 0 1 0 1 599 0 -1 -1 1 5244 298 208 301 208 302 208 306 208 312 208 321 208 331 208 351 208 362 208 382 208 391 208 399 208 411 208 419 208 427 208 444 208 453 208 466 208 469 208 468 208 461 208 451 208 439 208 427 208 414 208 392 208 394 208 396 208 401 208 410 208 425 208 443 208 486 208 513 208 566 208 593 208 599 208 599 208 599 208 599 208 599 208 599 208 599 208 599 208 599 208 599 208 599 209 599 210 599 211 599 213 599 216 599 222 599 238 599 246 599 257 599 262 599 265 599 267 599 268 599 268 599 268 599 268 599 266 599 264 599 261 599 249 599 242 599 234 599 216 599 206 599 197 599 174 599 158 599 119 599 94 599 67 599 0 599 0 599 0 599 0 599 0 599 0 
82 2 0 1 0 1 599 306 -1 -1 1 4774 420 578 418 578 420 578 425 578 432 578 441 578 451 578 470 578 480 578 507 578 523 578 537 578 565 578 580 578 595 578 599 578 599 578 599 578 599 578 599 578 599 578 599 578 599 578 599 578 599 577 599 572 599 563 599 550 599 532 599 510 599 454 599 423 599 363 599 336 599 314 599 278 599 266 599 257 599 247 599 244 599 242 599 243 599 247 599 251 599 256 599 261 599 267 599 278 599 282 599 289 599 291 599 295 599 302 599 305 599 306 
82 2 0 1 0 1 599 215 -1 -1 1 7115 392 599 382 599 381 599 380 599 379 599 376 599 373 599 369 599 362 599 358 599 351 599 348 599 344 599 334 599 326 599 317 599 300 599 291 599 279 599 278 599 279 599 283 599 291 599 301 599 332 599 354 599 400 599 425 599 451 599 499 599 519 599 540 599 579 599 597 599 599 599 599 599 599 599 599 599 599 599 599 599 599 599 599 599 599 599 599 599 599 156 599 154 599 150 599 143 599 134 599 123 599 100 599 88 599 67 599 61 599 57 599 55 599 55 599 54 599 53 599 55 599 60 599 68 599 78 599 90 599 102 599 130 599 146 599 180 599 195 599 206 599 215 
82 2 0 1 0 1 453 125 -1 -1 1 6083 453 240 453 234 453 233 453 231 453 229 453 225 453 220 453 209 453 202 453 187 453 179 453 169 453 149 453 139 453 130 453 116 453 109 453 96 453 89 453 83 453 69 453 61 453 54 453 41 453 36 453 30 453 29 453 29 453 30 453 32 453 34 453 38 453 44 453 49 453 62 453 70 453 87 453 94 453 100 453 107 453 110 453 111 453 112 453 113 453 114 453 116 453 117 453 118 453 119 453 120 453 121 453 122 453 123 453 124 453 124 453 125 
82 2 0 1 0 1 239 124 -1 -1 1 7939 239 440 239 441 239 442 239 443 239 444 239 445 239 446 239 448 239 457 239 464 239 475 239 480 239 483 239 484 239 484 239 484 239 480 239 474 239 462 239 447 239 409 239 387 239 342 239 321 239 303 239 280 239 273 239 267 239 258 239 251 239 236 239 228 239 220 239 205 239 200 239 195 239 187 239 184 239 173 239 165 239 156 239 137 239 126 239 116 239 103 239 99 239 98 239 97 239 96 239 95 239 96 239 100 239 103 239 108 239 114 239 121 239 127 239 128 239 129 239 130 239 131 239 132 239 133 239 132 239 131 239 130 239 130 239 129 239 129 239 127 239 126 239 126 239 125 239 124 
82 2 0 1 0 1 0 526 -1 -1 0 7414 353 482 353 490 353 492 353 494 353 498 353 504 353 511 353 516 353 524 353 526 356 526 564 526 564 526 561 526 555 526 547 526 537 526 521 526 520 526 520 526 520 526 520 526 515 526 512 526 509 526 502 526 500 526 493 526 491 526 488 526 483 526 479 526 476 526 467 526 463 526 459 526 451 526 447 526 439 526 435 526 430 526 423 526 419 526 416 526 409 526 407 526 400 526 397 526 395 526 393 526 393 526 393 526 389 526 387 526 380 526 378 526 379 526 384 526 386 526 390 526 391 526 392 526 393 526 394 526 394 526 388 526 374 526 366 526 359 526 345 526 338 526 331 526 319 526 313 526 303 526 298 526 291 526 281 526 276 526 270 526 255 526 246 526 228 526 219 526 210 526 189 526 179 526 168 526 143 526 129 526 97 526 81 526 64 526 34 526 19 526 3 526 0 526 
82 2 0 1 0 2 316 416 1 3093 3 
82 2 0 1 0 2 83 116 1 2602 3 
82 2 0 1 0 2 549 116 0 1060 3 
82 2 0 1 0 2 216 183 1 986 3 
82 2 0 1 0 2 316 383 1 633 3 
82 2 0 1 0 2 416 316 1 614 3 
82 2 0 1 0 2 183 516 0 893 3 
82 2 0 1 0 2 449 183 1 572 3 
82 2 0 1 0 2 249 249 1 833 3 
82 2 0 1 0 2 383 383 1 2122 3 
82 2 0 1 0 2 482 83 0 963 3 
82 2 0 1 0 2 283 449 1 908 3 
82 2 0 1 0 2 183 549 1 1285 3 
82 2 0 1 0 2 116 249 1 840 3 
82 2 0 1 0 2 416 83 1 2011 3 
82 2 0 1 0 2 116 283 1 861 3 
82 2 0 1 0 2 183 316 1 1346 3 
82 2 0 1 0 2 216 316 1 889 3 
82 2 0 1 0 2 50 549 0 1910 2 
82 2 0 1 0 2 416 50 0 1580 3 
82 2 0 1 0 2 249 83 0 737 3 
82 2 0 1 0 2 116 216 1 705 3 
82 2 0 1 0 2 183 416 1 2166 3 
82 2 0 1 0 2 449 516 0 913 3 
82 2 0 1 0 2 449 149 1 750 3 
82 2 0 1 0 2 349 349 1 976 3 
82 2 0 1 0 2 449 383 1 575 3 
82 2 0 1 0 2 116 516 0 655 3 
82 2 0 1 0 2 183 183 1 767 3 
82 2 0 1 0 2 316 50 0 1517 3 
82 2 0 1 0 2 482 482 1 646 3 
82 2 0 1 0 2 549 283 1 651 3 
82 2 0 1 0 1 0 5 -1 -1 0 10507 596 5 599 5 596 5 593 5 590 5 587 5 585 5 577 5 573 5 564 5 560 5 554 5 538 5 528 5 519 5 495 5 483 5 459 5 446 5 434 5 406 5 393 5 379 5 352 5 337 5 299 5 281 5 263 5 227 5 209 5 189 5 151 5 134 5 103 5 87 5 70 5 40 5 27 5 13 5 0 5 0 5 0 5 0 5 0 5 0 5 0 5 0 5 0 5 0 5 0 5 0 5 0 5 0 5 0 5 0 5 0 5 0 5 0 5 0 5 
82 2 0 1 0 1 17 219 -1 -1 0 9083 0 39 0 39 0 39 0 39 0 39 0 39 0 39 0 39 0 39 0 39 0 39 0 39 0 39 0 39 0 39 0 39 1 39 2 39 6 39 8 39 12 39 19 39 24 39 28 39 37 39 41 39 46 39 49 39 52 39 58 39 62 39 65 39 73 39 75 39 82 39 86 39 88 39 94 39 96 39 98 39 102 39 103 39 105 39 106 39 106 39 106 39 106 39 102 39 98 39 93 39 87 39 75 39 72 39 63 39 58 39 55 39 51 39 49 39 44 39 41 39 38 39 36 39 34 39 30 39 28 39 27 39 26 39 25 39 22 39 22 39 22 39 21 39 20 39 19 39 16 39 15 39 14 39 13 39 12 39 9 39 7 39 6 39 5 39 3 39 1 39 0 39 0 39 0 39 0 39 0 39 0 39 0 39 0 39 0 39 0 39 0 39 0 39 0 39 0 39 0 39 0 39 3 39 4 39 6 39 8 39 10 39 11 39 11 39 11 39 11 39 10 39 10 39 11 39 14 39 17 39 17 37 17 29 17 24 17 23 17 21 17 17 17 12 17 10 17 5 17 0 17 0 17 0 17 0 17 0 17 0 17 0 17 0 17 0 17 0 17 0 17 0 17 0 17 0 17 0 17 0 17 0 17 0 17 0 17 0 17 3 17 9 17 18 17 29 17 56 17 71 17 104 17 121 17 138 17 179 17 204 17 229 17 280 17 304 17 343 17 359 17 371 17 384 17 387 17 388 17 389 17 390 17 394 17 396 17 397 17 396 17 391 17 384 17 377 17 368 17 357 17 329 17 312 17 277 17 261 17 249 17 239 17 237 17 236 17 235 17 234 17 229 17 227 17 225 17 225 17 223 17 220 17 219 
82 2 0 1 0 1 75 501 -1 -1 0 5817 75 323 75 324 75 328 75 334 75 340 75 347 75 352 75 360 75 362 75 364 75 365 75 366 75 369 75 374 75 380 75 386 75 401 75 409 75 419 75 437 75 444 75 449 75 455 75 456 75 458 75 460 75 461 75 462 75 464 75 465 75 467 75 470 75 476 75 479 75 488 75 492 75 496 75 504 75 507 75 509 75 513 75 515 75 516 75 518 75 519 75 520 75 521 75 521 75 520 75 520 75 518 75 518 75 517 75 517 75 516 75 515 75 515 75 514 75 513 75 513 75 512 75 508 75 507 75 507 75 505 75 505 75 505 75 503 75 503 75 502 75 501 75 501 
82 2 0 1 0 1 0 125 -1 -1 0 9802 457 194 450 194 450 194 448 194 447 194 445 194 445 194 444 194 442 194 440 194 439 194 437 194 433 194 429 194 427 194 422 194 420 194 416 194 414 194 411 194 407 194 405 194 404 194 402 194 402 194 402 194 402 194 402 194 404 194 407 194 409 194 412 194 414 194 416 194 418 194 419 194 423 194 426 194 430 194 437 194 440 194 442 194 444 194 444 194 440 194 435 194 426 194 414 194 399 194 362 194 339 194 287 194 268 194 252 194 227 194 216 194 203 194 180 194 170 194 152 194 142 194 130 194 106 194 93 194 78 194 57 194 48 194 31 194 23 194 13 194 0 194 0 194 0 194 0 194 0 194 0 194 0 194 0 194 0 194 0 194 0 194 0 194 0 194 0 194 0 194 0 194 0 194 0 194 0 194 0 194 0 194 0 194 0 194 0 194 0 194 0 194 0 194 0 194 0 194 0 194 0 194 0 195 0 196 0 197 0 197 0 197 0 197 0 197 0 197 0 193 0 190 0 181 0 177 0 174 0 170 0 169 0 168 0 165 0 162 0 155 0 152 0 149 0 145 0 144 0 144 0 143 0 142 0 141 0 139 0 136 0 130 0 127 0 123 0 116 0 112 0 103 0 99 0 95 0 88 0 86 0 84 0 83 0 84 0 86 0 89 0 93 0 97 0 101 0 109 0 113 0 123 0 129 0 136 0 148 0 151 0 153 0 154 0 153 0 150 0 147 0 143 0 139 0 136 0 131 0 130 0 128 0 127 0 126 0 125 0 124 0 123 0 122 0 120 0 119 0 120 0 121 0 122 0 123 0 124 0 125 0 126 0 125 0 125 
82 2 0 1 0 1 189 362 -1 -1 0 13032 429 376 336 376 326 376 316 376 306 376 302 376 300 376 299 376 299 376 299 376 299 376 301 376 308 376 314 376 320 376 332 376 338 376 349 376 356 376 363 376 375 376 382 376 390 376 405 376 411 376 420 376 425 376 431 376 446 376 451 376 454 376 454 376 450 376 445 376 441 376 437 376 430 376 426 376 422 376 413 376 409 376 402 376 397 376 392 376 382 376 377 376 372 376 366 376 363 376 356 376 352 376 348 376 340 376 336 376 332 376 324 376 320 376 314 376 311 376 308 376 302 376 299 376 298 376 295 376 294 376 294 376 294 376 294 376 293 376 293 376 293 376 292 376 292 376 292 376 292 376 293 376 293 376 294 376 294 376 292 376 286 376 283 376 276 376 272 376 270 376 264 376 260 376 256 376 247 376 243 376 238 376 235 376 231 376 225 376 222 376 220 376 217 376 214 376 208 376 206 376 204 376 198 376 196 376 193 376 186 376 183 376 175 376 172 376 167 376 160 376 155 376 151 376 142 376 138 376 131 376 130 376 130 376 129 376 130 376 130 376 130 376 130 376 127 376 124 376 124 376 124 376 129 376 130 376 130 376 131 376 131 376 135 376 136 376 139 376 140 376 141 376 144 376 146 376 149 376 153 376 155 376 156 376 157 376 157 376 159 376 161 376 163 376 167 376 168 376 171 376 172 376 174 376 177 376 178 376 179 376 181 376 182 376 184 376 185 376 186 376 186 376 186 376 187 376 188 376 188 376 188 376 188 376 188 376 188 376 189 376 189 376 189 376 189 376 189 376 189 376 189 376 189 376 189 376 189 376 189 376 189 376 189 376 189 376 189 376 189 376 189 376 189 375 189 372 189 370 189 364 189 360 189 355 189 346 189 341 189 337 189 327 189 322 189 312 189 307 189 303 189 293 189 289 189 284 189 275 189 270 189 265 189 255 189 252 189 249 189 249 189 250 189 251 189 252 189 253 189 255 189 257 189 260 189 266 189 269 189 275 189 278 189 282 189 290 189 294 189 298 189 304 189 307 189 314 189 316 189 318 189 322 189 323 189 324 189 325 189 326 189 329 189 330 189 331 189 331 189 332 189 333 189 334 189 335 189 336 189 340 189 342 189 345 189 353 189 356 189 357 189 359 189 360 189 360 189 361 189 361 189 362 
82 2 0 1 0 1 599 449 -1 -1 1 4954 222 537 197 537 197 537 197 537 195 537 194 537 192 537 187 537 169 537 156 537 123 537 101 537 74 537 19 537 0 537 0 537 0 537 0 537 0 537 2 537 10 537 23 537 42 537 68 537 108 537 223 537 286 537 389 537 424 537 450 537 468 537 467 537 466 537 466 537 468 537 475 537 490 537 513 537 550 537 599 537 599 537 599 537 599 537 599 537 599 537 599 535 599 533 599 531 599 527 599 521 599 514 599 496 599 487 599 473 599 470 599 469 599 468 599 467 599 465 599 463 599 459 599 454 599 452 599 450 599 449 
82 2 0 1 0 1 599 132 -1 -1 1 5163 403 594 403 580 403 578 403 575 403 569 403 559 403 546 403 510 403 489 403 445 403 425 403 404 403 366 403 348 403 330 403 293 403 278 403 270 403 268 403 269 403 273 403 279 403 289 403 323 403 343 403 361 468 361 485 361 504 361 523 361 546 361 572 361 599 361 599 361 599 361 599 361 599 361 599 361 599 361 599 361 599 361 599 361 599 361 599 361 599 360 599 359 599 358 599 356 599 353 599 349 599 344 599 334 599 327 599 304 599 288 599 271 599 234 599 215 599 199 599 180 599 175 599 173 599 171 599 169 599 165 599 159 599 142 599 136 599 132 
82 2 0 1 0 1 599 0 -1 -1 0 7984 335 240 335 234 335 233 335 233 335 232 335 232 335 230 335 219 335 206 335 168 335 138 335 104 335 14 335 0 335 0 335 0 335 0 335 0 335 1 335 2 335 3 335 4 338 4 340 4 342 4 349 4 361 4 379 4 438 4 481 4 599 4 599 4 599 4 599 4 599 4 599 4 599 4 599 4 599 4 599 4 599 4 599 4 599 4 599 4 599 2 599 1 599 0 599 0 599 0 599 0 599 0 599 0 599 0 599 0 599 0 599 0 599 0 599 0 599 0 599 0 599 0 599 0 599 0 599 0 599 0 599 0 599 0 599 0 599 0 599 0 599 0 599 0 599 0 599 0 599 0 599 0 599 0 599 0 599 0 599 0 599 0 599 0 599 0 599 0 599 0 599 1 599 10 599 29 599 54 599 86 599 121 599 201 599 236 599 300 599 327 599 348 599 374 599 382 599 387 599 390 599 389 599 388 599 388 599 388 599 390 599 395 599 401 599 409 599 426 599 434 599 444 599 446 599 446 599 444 599 441 599 436 599 417 599 404 599 377 599 363 599 348 599 324 599 314 599 302 599 281 599 274 599 272 599 272 599 272 599 272 599 271 599 266 599 257 599 228 599 208 599 167 599 146 599 125 599 88 599 71 599 56 599 32 599 25 599 22 599 20 599 19 599 17 599 15 599 12 599 0 599 0 599 0 599 0 599 0 599 0 599 0 599 0 599 0 599 0 599 0 599 0 599 0 599 0 599 0 599 0 599 0 
82 2 0 1 0 1 599 595 -1 -1 1 8818 204 121 172 121 171 121 170 121 166 121 158 121 144 121 99 121 66 121 0 121 0 121 0 121 0 121 0 121 0 121 0 121 1 121 21 121 46 121 88 121 267 121 407 121 553 121 599 121 599 121 599 121 599 121 599 121 599 121 599 121 599 121 599 121 597 121 594 121 591 121 590 121 589 121 588 121 588 116 588 115 588 114 588 112 588 109 588 107 588 104 588 103 588 102 565 102 564 102 562 102 565 102 574 102 589 102 599 102 599 102 599 102 599 102 599 102 599 102 599 102 599 101 599 100 599 99 599 98 599 98 599 97 599 96 599 88 599 84 599 75 599 70 599 66 599 57 599 54 599 51 599 47 599 42 599 30 599 20 599 8 599 0 599 0 599 0 599 0 599 0 599 0 599 0 599 0 599 0 599 0 599 0 599 0 599 0 599 0 599 0 599 0 599 0 599 0 599 0 599 0 599 0 599 0 599 0 599 0 599 0 599 0 599 0 599 0 599 1 599 0 599 0 599 0 599 0 599 0 599 0 599 0 599 0 599 0 599 0 599 0 599 0 599 0 599 0 599 0 599 0 599 3 599 8 599 15 599 26 599 60 599 85 599 157 599 211 599 276 599 414 599 474 599 519 599 573 599 586 599 595 599 595 
82 2 0 1 0 1 599 493 -1 -1 1 8674 281 203 255 203 255 203 254 203 250 203 245 203 236 203 220 203 167 203 132 203 39 203 0 203 0 203 0 203 0 203 0 203 10 203 25 203 68 203 99 203 148 203 301 203 401 203 599 203 599 203 599 203 599 203 599 203 599 203 599 203 599 199 599 198 599 197 599 196 599 195 599 193 599 189 599 178 599 171 599 163 599 143 599 128 599 109 599 68 599 49 599 20 599 11 599 3 599 0 599 0 599 0 599 0 599 0 599 0 599 0 599 1 599 3 599 6 599 9 599 13 599 18 599 26 599 30 599 37 599 40 599 43 599 46 599 47 599 48 599 48 599 50 599 53 599 54 599 55 599 56 599 55 599 53 599 52 599 50 599 47 599 44 599 36 599 32 599 21 599 15 599 7 599 0 599 0 599 0 599 0 599 0 599 0 599 0 599 0 599 0 599 0 599 0 599 0 599 0 599 0 599 0 599 0 599 0 599 0 599 0 599 0 599 0 599 0 599 0 599 0 599 0 599 0 599 0 599 0 599 0 599 0 599 1 599 13 599 52 599 76 599 102 599 166 599 206 599 249 599 335 599 371 599 425 599 440 599 447 599 449 599 450 599 451 599 454 599 458 599 460 599 461 599 462 599 463 599 465 599 467 599 472 599 479 599 501 599 513 599 528 599 529 599 530 599 530 599 531 599 531 599 530 599 529 599 529 599 529 599 527 599 527 599 525 599 524 599 524 599 523 599 523 599 523 599 523 599 522 599 521 599 520 599 519 599 517 599 514 599 509 599 500 599 496 599 493 
82 2 0 1 0 1 2 553 -1 -1 0 12265 202 578 202 498 202 497 202 496 202 495 201 495 352 495 346 495 340 495 336 495 335 495 335 495 336 495 337 495 339 495 339 495 340 495 343 495 346 495 355 495 360 495 364 495 369 495 371 495 374 495 374 495 374 495 372 495 371 495 368 495 367 495 367 495 367 495 367 495 367 495 367 495 368 495 369 495 371 495 373 495 377 495 379 495 381 495 383 495 383 495 383 495 384 495 385 495 388 495 393 495 395 495 400 495 400 495 394 495 383 495 381 495 381 495 387 495 393 495 403 495 407 495 410 495 412 495 412 495 415 495 418 495 420 495 424 495 426 495 429 495 432 495 433 495 434 495 439 495 441 495 444 495 445 495 444 495 443 495 443 495 443 495 443 495 443 495 443 495 441 495 440 495 438 495 433 495 421 495 383 495 362 495 324 495 302 495 278 495 240 495 224 495 209 495 182 495 171 495 167 495 167 495 167 495 158 495 152 495 147 495 133 495 125 495 110 495 108 495 108 495 120 495 127 495 131 495 138 495 141 495 141 495 141 495 133 495 99 495 96 495 93 495 90 495 88 495 88 495 88 495 88 495 88 495 85 495 75 495 70 495 65 495 58 495 56 495 48 495 40 495 34 495 22 495 18 495 13 495 7 495 2 495 0 495 0 495 0 495 0 495 0 495 0 495 0 495 0 495 0 495 0 495 0 495 0 495 0 495 0 495 0 495 0 495 0 495 0 495 0 495 0 495 0 495 0 495 1 495 1 495 1 495 1 495 1 495 1 496 1 496 1 496 1 498 1 499 1 501 1 507 1 511 1 519 1 524 1 528 1 534 1 537 1 538 1 540 1 541 1 541 1 543 1 543 1 545 1 545 1 544 1 544 1 544 1 544 1 544 1 544 1 545 1 545 1 545 1 546 1 546 1 546 1 546 1 546 1 546 1 547 1 548 1 549 1 550 1 550 1 552 1 553 1 553 1 553 1 553 1 553 1 553 1 553 1 553 1 553 1 553 1 553 2 553 
82 2 0 1 0 1 205 129 -1 -1 1 9264 205 136 205 0 205 0 205 2 205 5 205 11 205 19 205 42 205 60 205 104 205 128 205 149 205 180 205 189 205 192 205 191 205 189 205 185 205 179 205 173 205 169 205 166 205 165 205 161 205 158 205 154 205 142 205 136 205 132 205 129 
82 2 0 1 0 1 278 599 -1 -1 0 3692 278 105 278 105 278 106 278 108 278 110 278 116 278 121 278 140 278 154 278 185 278 200 278 215 278 252 278 271 278 290 278 331 278 352 278 398 278 422 278 448 278 489 278 505 278 517 278 537 278 548 278 567 278 577 278 587 278 599 278 599 278 599 278 599 278 599 278 599 
82 2 0 1 0 1 253 297 -1 -1 0 4786 537 539 532 539 531 539 527 539 519 539 507 539 491 539 444 539 413 539 347 539 315 539 286 539 246 539 235 539 228 539 217 539 213 539 180 539 161 539 142 539 119 539 114 539 112 539 114 539 118 539 123 539 131 539 142 539 153 539 177 539 188 539 209 539 219 539 229 539 243 539 247 539 250 539 251 539 252 539 253 539 253 539 253 538 253 536 253 531 253 522 253 508 253 469 253 444 253 391 253 366 253 344 253 311 253 302 253 298 253 297 
82 2 0 1 0 1 256 599 -1 -1 0 4836 107 329 108 329 109 329 111 329 112 329 114 329 116 329 115 329 114 329 110 329 105 329 98 329 89 329 68 329 56 329 34 329 25 329 16 329 4 329 0 329 0 329 0 329 0 329 2 329 6 329 15 329 31 329 52 329 116 329 149 329 183 329 234 329 248 329 254 329 256 329 256 330 256 336 256 344 256 354 256 366 256 378 256 405 256 417 256 434 256 440 256 446 256 464 256 475 256 488 256 517 256 534 256 574 256 596 256 599 256 599 256 599 256 599 256 599 256 599 256 599 256 599 256 599 256 599 256 599 
82 2 0 1 0 1 0 246 -1 -1 0 4207 20 509 0 509 0 509 0 509 0 509 0 509 0 509 0 509 0 509 0 509 0 509 0 509 0 509 0 509 0 509 0 509 0 509 0 509 0 509 0 509 0 509 0 509 0 509 0 509 0 509 0 509 0 509 0 509 0 509 0 509 0 509 0 509 0 509 0 509 0 509 0 509 0 509 0 509 0 509 0 509 0 509 0 509 0 509 0 509 0 509 0 498 0 493 0 486 0 477 0 464 0 449 0 411 0 391 0 352 0 335 0 315 0 281 0 265 0 254 0 247 0 246 
82 2 0 1 0 2 50 249 0 7177 3 
82 2 0 1 0 2 449 549 0 4121 2 
82 2 0 1 0 2 50 316 0 1451 3 
82 2 0 1 0 2 216 482 1 2979 3 
82 2 0 1 0 2 383 183 0 2763 2 
82 2 0 1 0 2 416 183 1 3842 2 
82 2 0 1 0 2 416 216 0 2332 3 
82 2 0 1 0 2 50 482 0 2174 2 
82 2 0 1 0 2 183 50 0 1449 2 
82 2 0 1 0 2 482 516 0 686 2 
82 2 0 1 0 2 149 50 0 5811 2 
82 2 0 1 0 2 183 116 0 909 2 
82 2 0 1 0 2 249 349 1 798 2 
82 2 0 1 0 2 249 149 0 1082 2 
82 2 0 1 0 2 349 116 0 989 2 
82 2 0 1 0 2 383 216 1 823 2 
82 2 0 1 0 2 149 516 0 756 2 
82 2 0 1 0 2 216 416 0 1967 2 
82 2 0 1 0 2 416 449 1 1610 2 
82 2 0 1 0 2 316 349 1 792 2 
82 2 0 1 0 2 283 116 0 827 2 
82 2 0 1 0 2 516 183 1 1807 2 
82 2 0 1 0 2 416 516 0 1706 2 
82 2 0 1 0 2 516 482 1 3619 2 
82 2 0 1 0 2 149 316 0 1569 2 
82 2 0 1 0 2 216 50 0 972 2 
82 2 0 1 0 2 283 249 1 2326 3 
82 2 0 1 0 2 249 516 0 5921 3 
82 2 0 1 0 2 482 249 1 1486 3 
82 2 0 1 0 2 316 316 1 1885 3 
82 2 0 1 0 2 316 216 1 2309 2 
82 2 0 1 0 2 516 549 1 4235 3 
82 2 0 1 0 1 16 485 -1 -1 0 7443 16 182 16 288 16 295 16 308 16 326 16 345 16 367 16 416 16 438 16 475 16 490 16 505 16 529 16 534 16 536 16 538 16 540 16 547 16 559 16 573 16 599 16 599 16 599 16 599 16 599 16 599 16 599 16 599 16 599 16 599 16 599 16 599 16 599 16 597 16 591 16 583 16 574 16 564 16 548 16 541 16 533 16 511 16 496 16 478 16 438 16 424 16 415 16 408 16 407 16 406 16 405 16 404 16 404 16 404 16 406 16 411 16 417 16 425 16 434 16 455 16 465 16 483 16 491 16 500 16 513 16 518 16 520 16 521 16 521 16 521 16 517 16 513 16 509 16 506 16 499 16 498 16 495 16 494 16 493 16 491 16 489 16 487 16 485 
82 2 0 1 0 1 545 252 -1 -1 1 15039 494 252 599 252 597 252 595 252 592 252 589 252 588 252 588 252 588 252 589 252 589 252 589 252 589 252 589 252 589 252 592 252 592 252 594 252 596 252 597 252 599 252 599 252 599 252 599 252 599 252 599 252 599 252 599 252 599 252 599 252 598 252 597 252 595 252 594 252 593 252 591 252 590 252 589 252 589 252 589 252 589 252 589 252 590 252 595 252 598 252 599 252 599 252 599 252 599 252 599 252 599 252 598 252 597 252 597 252 595 252 597 252 599 252 598 252 594 252 579 252 584 252 586 252 592 252 599 252 599 252 599 252 599 252 599 252 599 252 599 252 599 252 599 252 599 252 599 252 599 252 599 252 599 252 599 252 599 252 599 252 599 252 595 252 575 252 558 252 541 252 504 252 486 252 452 252 440 252 428 252 411 252 405 252 401 252 400 252 401 252 405 252 407 252 411 252 422 252 425 252 427 252 429 252 429 252 423 252 422 252 422 252 424 252 424 252 424 252 423 252 423 252 422 252 417 252 417 252 415 252 415 252 415 252 415 252 415 252 415 252 417 252 417 252 417 252 415 252 414 252 411 252 409 252 407 252 403 252 402 252 399 252 398 252 394 252 387 252 383 252 380 252 379 252 378 252 378 252 377 252 375 252 369 252 365 252 361 252 351 252 345 252 330 252 320 252 306 252 266 252 246 252 233 252 229 252 227 252 227 252 227 252 228 252 228 252 229 252 230 252 232 252 232 252 233 252 234 252 235 252 236 252 239 252 239 252 236 252 234 252 233 252 230 252 230 252 228 252 225 252 223 252 223 252 224 252 226 252 229 252 230 252 231 252 234 252 235 252 238 252 239 252 242 252 249 252 254 252 258 252 273 252 283 252 291 252 307 252 307 252 309 252 313 252 319 252 327 252 335 252 343 252 346 252 351 252 354 252 356 252 356 252 356 252 355 252 351 252 348 252 347 252 347 252 346 252 346 252 346 252 346 252 349 252 352 252 358 252 381 252 394 252 410 252 440 252 454 252 478 252 486 252 494 252 506 252 512 252 516 252 521 252 524 252 526 252 526 252 518 252 509 252 504 252 504 252 502 252 500 252 499 252 504 252 516 252 536 252 565 252 571 252 573 252 573 252 573 252 572 252 575 252 581 252 599 252 599 252 599 252 599 252 599 252 599 252 599 252 599 252 599 252 599 252 599 252 599 252 599 252 599 252 599 252 599 252 599 252 599 252 599 252 599 252 599 252 599 252 599 252 599 252 599 252 599 252 593 252 592 252 592 252 591 252 591 252 592 252 594 252 597 252 597 252 595 252 593 252 591 252 591 252 593 252 599 252 599 252 599 252 599 252 599 252 599 252 599 252 599 252 599 252 599 252 599 252 599 252 595 252 568 252 545 252 
82 2 0 1 0 1 0 174 -1 -1 0 7213 281 474 599 474 598 474 597 474 595 474 594 474 589 474 584 474 578 474 576 474 567 474 560 474 552 474 532 474 517 474 502 474 482 474 480 474 478 474 474 474 465 474 437 474 412 474 376 474 268 474 228 474 186 474 172 474 162 474 141 474 126 474 105 474 65 474 50 474 34 474 33 474 32 474 29 474 23 474 13 474 6 474 3 474 1 474 0 474 0 474 0 474 0 474 0 474 0 474 0 474 0 474 0 474 0 474 0 474 0 474 0 474 0 474 0 474 0 474 0 474 0 474 0 474 0 474 0 474 0 474 0 474 0 474 0 474 0 476 0 478 0 482 0 488 0 498 0 509 0 522 0 553 0 568 0 598 0 599 0 599 0 599 0 599 0 599 0 599 0 599 0 599 0 599 0 599 0 599 0 599 0 599 0 599 0 599 0 599 0 599 0 599 0 599 0 599 0 598 0 592 0 580 0 562 0 538 0 505 0 420 0 373 0 277 0 238 0 211 0 185 0 182 0 181 0 179 0 177 0 174 
82 2 0 1 0 1 0 599 -1 -1 0 4945 350 265 351 265 345 265 338 265 327 265 314 265 300 265 266 265 248 265 211 265 193 265 178 265 158 265 152 265 141 265 104 265 78 265 10 265 0 265 0 265 0 265 0 265 0 265 0 265 0 265 0 265 0 265 0 265 0 265 0 265 0 265 0 265 0 265 0 265 0 265 0 265 0 265 0 265 0 305 0 311 0 315 0 321 0 328 0 336 0 348 0 355 0 376 0 388 0 400 0 424 0 438 0 455 0 493 0 513 0 553 0 573 0 594 0 599 0 599 0 599 0 599 0 599 0 599 0 599 0 599 0 599 
82 2 0 1 0 1 4 504 -1 -1 0 7721 546 588 542 588 541 588 539 588 538 588 537 588 536 588 530 588 516 588 505 588 469 588 439 588 402 588 333 588 305 588 281 588 239 588 216 588 161 588 131 588 101 588 58 588 46 588 39 588 29 588 22 588 13 588 0 588 0 588 0 588 0 588 0 588 0 588 0 588 0 588 0 588 0 588 0 588 0 588 0 588 1 588 3 588 4 588 4 594 4 595 4 596 4 597 4 599 4 599 4 599 4 599 4 599 4 599 4 599 4 599 4 599 4 599 4 599 4 599 4 599 4 599 4 599 4 599 4 599 4 599 4 599 4 599 4 599 4 599 4 599 4 599 4 599 4 599 4 599 4 599 4 597 4 590 4 580 4 570 4 560 4 550 4 528 4 518 4 511 4 509 4 502 4 491 4 478 4 470 4 468 4 472 4 483 4 515 4 532 4 550 4 571 4 575 4 576 4 578 4 582 4 588 4 597 4 599 4 599 4 599 4 599 4 599 4 597 4 588 4 570 4 549 4 495 4 466 4 414 4 388 4 361 4 306 4 282 4 259 4 222 4 209 4 200 4 200 4 201 4 205 4 212 4 219 4 227 4 237 4 257 4 268 4 291 4 302 4 314 4 339 4 353 4 367 4 394 4 407 4 433 4 447 4 461 4 488 4 503 4 520 4 554 4 570 4 584 4 599 4 599 4 598 4 597 4 596 4 595 4 591 4 587 4 578 4 568 4 545 4 534 4 514 4 504 4 496 4 482 4 474 4 465 4 456 4 455 4 456 4 458 4 460 4 462 4 464 4 466 4 468 4 470 4 471 4 472 4 473 4 475 4 476 4 477 4 480 4 482 4 483 4 484 4 485 4 489 4 492 4 495 4 501 4 503 4 504 
82 2 0 1 0 1 599 345 -1 -1 1 5305 498 13 503 13 497 13 504 13 514 13 527 13 542 13 558 13 593 13 599 13 599 13 599 13 599 13 599 13 599 13 599 13 599 13 599 13 599 13 599 13 599 11 599 10 599 7 599 1 599 0 599 0 599 0 599 0 599 0 599 0 599 0 599 0 599 0 599 0 599 0 599 0 599 0 599 0 599 0 599 0 599 0 599 0 599 0 599 0 599 0 599 0 599 0 599 0 599 0 599 0 599 2 599 9 599 24 599 41 599 62 599 83 599 130 599 158 599 216 599 244 599 269 599 310 599 325 599 335 599 343 599 344 599 345 
82 2 0 1 0 1 597 0 -1 -1 1 4491 138 3 124 3 123 3 121 3 116 3 111 3 102 3 80 3 66 3 30 3 10 3 0 3 0 3 0 3 0 3 0 3 0 3 0 3 0 3 0 3 1 3 7 3 15 3 33 3 62 3 157 3 227 3 307 3 476 3 556 3 599 3 599 3 599 3 599 3 599 3 599 3 598 3 597 3 597 1 597 0 597 0 597 0 597 0 597 0 597 0 597 0 597 0 597 0 597 0 597 0 597 0 597 0 597 0 597 0 597 0 597 0 597 0 597 0 597 0 597 0 597 0 597 0 597 0 
82 2 0 1 0 1 599 96 -1 -1 1 5739 498 455 496 455 490 455 481 455 467 455 445 455 412 455 337 455 304 455 256 455 241 455 228 455 206 455 196 455 189 455 190 455 198 455 215 455 241 455 275 455 339 455 505 455 599 455 599 455 599 455 599 455 599 455 599 455 599 455 599 453 599 448 599 437 599 423 599 402 599 379 599 331 599 310 599 279 599 269 599 262 599 255 599 248 599 239 599 211 599 200 599 188 599 185 599 182 599 175 599 170 599 162 599 131 599 113 599 80 599 69 599 64 599 65 599 66 599 68 599 71 599 76 599 82 599 94 599 96 
82 2 0 1 0 1 284 599 -1 -1 0 7466 5 295 5 426 5 427 5 429 5 434 5 444 5 461 5 510 5 543 5 599 5 599 5 599 5 599 5 599 5 599 5 599 5 599 5 599 5 597 5 590 5 580 5 569 5 558 5 534 5 519 5 487 5 477 0 477 0 477 0 477 0 477 0 477 0 477 0 477 0 477 0 477 0 477 0 477 0 477 0 477 0 477 0 477 0 477 0 477 0 477 1 477 2 477 135 477 133 477 131 477 130 477 128 477 126 477 119 477 112 477 84 477 67 477 50 477 13 477 0 477 0 477 0 477 0 477 0 477 0 477 0 477 0 477 0 477 0 477 0 477 0 477 2 477 8 477 22 477 44 477 105 477 141 477 181 477 219 477 257 477 290 477 342 477 364 477 385 477 403 477 416 477 426 477 424 477 422 477 413 477 402 477 387 477 369 477 344 477 339 477 339 477 337 477 333 477 326 477 315 477 302 477 291 477 284 477 284 478 284 483 284 492 284 503 284 516 284 530 284 557 284 571 284 596 284 599 284 599 284 599 284 599 284 599 284 599 284 599 284 599 284 599 284 599 284 599 284 599 284 599 284 599 284 599 284 599 284 599 
82 2 0 1 0 1 278 377 -1 -1 0 5969 582 540 464 540 463 540 462 540 461 540 459 540 456 540 452 540 439 540 433 540 427 540 413 540 406 540 390 540 378 540 365 540 335 540 320 540 309 540 302 540 301 540 302 540 304 540 308 540 328 540 341 540 357 540 386 540 397 540 408 540 407 540 405 540 403 540 399 540 395 540 388 540 370 540 361 540 344 540 336 540 331 540 319 540 314 540 310 540 301 540 296 540 288 540 283 540 280 540 278 540 278 541 278 543 278 547 278 554 278 565 278 577 278 599 278 599 278 599 278 599 278 599 278 599 278 599 278 599 278 599 278 599 278 599 278 599 278 599 278 599 278 599 278 599 278 599 278 599 278 597 278 589 278 576 278 554 278 525 278 494 278 430 278 398 278 348 278 327 278 307 278 279 278 270 278 265 278 253 278 248 278 244 278 246 278 250 278 258 278 269 278 280 278 292 278 313 278 321 278 331 278 334 278 335 278 337 278 343 278 350 278 358 278 367 278 387 278 396 278 404 278 405 278 406 278 407 278 409 278 408 278 407 278 406 278 405 278 403 278 402 278 398 278 395 278 387 278 383 278 381 278 378 278 377 
82 2 0 1 0 1 251 115 -1 -1 1 5305 510 374 509 374 508 374 506 374 502 374 498 374 491 374 484 374 466 374 459 374 450 374 445 374 442 374 433 374 425 374 416 374 389 374 373 374 336 374 318 374 302 374 278 374 271 374 264 374 259 374 257 374 253 374 252 374 251 374 251 374 251 375 251 376 251 380 251 386 251 396 251 408 251 444 251 466 251 509 251 532 251 555 251 599 251 599 251 599 251 599 251 599 251 599 251 599 251 599 251 599 251 599 251 599 251 599 251 599 251 599 251 599 251 599 251 599 251 599 251 599 251 599 251 599 251 599 251 599 251 598 251 590 251 575 251 550 251 473 251 422 251 367 251 271 251 238 251 192 251 178 251 167 251 155 251 154 251 153 251 148 251 143 251 136 251 134 251 133 251 132 251 130 251 127 251 125 251 122 251 118 251 115 
82 2 0 1 0 1 301 49 -1 -1 1 6161 323 396 328 396 329 396 335 396 345 396 357 396 384 396 399 396 414 396 439 396 448 396 458 396 474 396 480 396 492 396 500 396 507 396 515 396 516 396 513 396 507 396 496 396 479 396 459 396 436 396 384 396 359 396 320 396 308 396 301 396 301 393 301 392 301 388 301 384 301 378 301 370 301 350 301 338 301 310 301 295 301 282 301 259 301 249 301 240 301 224 301 216 301 201 301 195 301 190 301 179 301 174 301 168 301 156 301 150 301 144 301 135 301 131 301 126 301 124 301 122 301 120 301 117 301 113 301 107 301 105 301 102 301 101 301 100 301 99 301 99 301 98 301 95 301 93 301 87 301 84 301 80 301 74 301 72 301 70 301 69 301 68 301 67 301 66 301 65 301 64 301 61 301 59 301 57 301 55 301 51 301 49 
82 2 0 1 0 1 304 238 -1 -1 1 4938 44 588 44 588 45 588 47 588 51 588 58 588 69 588 83 588 101 588 145 588 171 588 217 588 238 588 258 588 294 588 312 588 329 588 360 588 372 588 388 588 387 588 385 588 384 588 383 588 381 588 379 588 373 588 367 588 355 588 346 588 337 588 319 588 312 588 308 588 306 588 305 588 304 588 304 599 304 599 304 599 304 599 304 599 304 599 304 599 304 599 304 599 304 599 304 599 304 599 304 599 304 599 304 599 304 599 304 599 304 599 304 599 304 599 304 598 304 592 304 567 304 547 304 484 304 444 304 404 304 309 304 271 304 239 304 190 304 174 304 157 304 153 304 152 304 154 304 160 304 166 304 176 304 188 304 201 304 223 304 232 304 239 304 238 
82 2 0 1 0 1 180 311 -1 -1 0 6652 307 599 308 599 309 599 309 599 311 599 313 599 315 599 321 599 329 599 351 599 364 599 378 599 405 599 420 599 437 599 469 599 483 599 502 599 505 599 506 599 505 599 501 599 496 599 485 599 470 599 451 599 410 599 392 599 360 599 349 599 342 599 339 599 338 599 336 599 331 599 322 599 310 599 295 599 256 599 235 599 201 599 190 599 182 599 180 599 180 599 180 599 180 599 180 599 180 599 180 599 180 599 180 599 180 599 180 599 180 599 180 599 180 599 180 599 180 599 180 598 180 587 180 567 180 529 180 469 180 288 180 184 180 85 180 0 180 0 180 0 180 0 180 1 180 10 180 28 180 57 180 95 180 141 180 227 180 265 180 317 180 328 180 330 180 329 180 327 180 323 180 317 180 311 
82 2 0 1 0 1 0 327 -1 -1 0 4041 134 327 131 327 112 327 86 327 54 327 20 327 0 327 0 327 0 327 0 327 0 327 0 327 0 327 0 327 0 327 0 327 0 327 0 327 0 327 0 327 0 327 
82 2 0 1 0 1 599 242 -1 -1 1 3017 123 242 243 242 246 242 253 242 262 242 277 242 296 242 350 242 384 242 478 242 536 242 599 242 599 242 599 242 599 242 599 242 599 242 599 242 599 242 599 242 599 242 599 242 599 242 
82 2 0 1 0 2 83 316 0 4078 3 
82 2 0 1 0 2 349 416 0 3767 3 
82 2 0 1 0 2 83 549 1 1891 3 
82 2 0 1 0 2 383 549 1 1676 3 
82 2 0 1 0 2 83 516 0 2911 3 
82 2 0 1 0 2 416 116 0 3268 3 
82 2 0 1 0 2 83 482 1 931 3 
82 2 0 1 0 2 316 549 1 1492 3 
82 2 0 1 0 2 516 50 0 2301 3 
82 2 0 1 0 2 482 449 1 951 3 
82 2 0 1 0 2 249 283 1 951 3 
82 2 0 1 0 2 183 216 1 837 3 
82 2 0 1 0 2 83 416 1 1614 3 
82 2 0 1 0 2 216 549 0 1062 3 
82 2 0 1 0 2 216 383 1 539 3 
82 2 0 1 0 2 249 116 1 821 3 
82 2 0 1 0 2 283 183 0 731 3 
82 2 0 1 0 2 50 449 0 2609 3 
82 2 0 1 0 2 516 283 1 4393 3 
82 2 0 1 0 2 416 149 0 1676 3 
82 2 0 1 0 2 482 183 1 782 3 
82 2 0 1 0 2 283 50 0 923 3 
82 2 0 1 0 2 316 249 1 690 3 
82 2 0 1 0 2 449 349 1 673 3 
82 2 0 1 0 2 116 149 0 1538 3 
82 2 0 1 0 2 116 83 0 4152 3 
82 2 0 1 0 2 482 116 0 990 3 
82 2 0 1 0 2 549 216 1 659 3 
82 2 0 1 0 2 183 283 0 1390 3 
82 2 0 1 0 2 316 516 0 1017 3 
82 2 0 1 0 2 416 416 0 1639 3 
82 2 0 1 0 2 482 316 0 1818 3 
82 2 0 1 0 1 169 65 -1 -1 1 11316 563 65 171 65 170 65 169 65 
82 2 0 1 0 1 66 0 -1 -1 1 5040 66 207 66 106 66 110 66 116 66 127 66 139 66 149 66 161 66 162 66 161 66 160 66 158 66 150 66 138 66 119 66 98 66 48 66 26 66 0 66 0 66 0 66 0 66 0 66 0 66 0 66 0 66 0 
82 2 0 1 0 1 135 516 -1 -1 0 6804 543 215 569 215 570 215 569 215 568 215 565 215 562 215 556 215 547 215 517 215 498 215 455 215 432 215 407 215 363 215 347 215 335 215 321 215 315 215 301 215 293 215 286 215 277 215 275 215 271 215 262 215 250 215 233 215 220 215 212 215 210 215 209 215 209 215 209 215 209 215 210 215 214 215 233 215 250 215 281 215 282 215 282 215 281 215 280 215 279 215 278 215 276 215 275 215 273 215 265 215 259 215 248 215 242 215 237 215 226 215 221 215 216 215 211 215 209 215 204 215 202 215 200 215 194 215 193 215 191 215 189 215 186 215 181 215 176 215 170 215 158 215 152 215 147 215 139 215 138 215 136 215 135 215 135 216 135 219 135 224 135 232 135 242 135 253 135 278 135 290 135 309 135 319 135 330 135 351 135 360 135 368 135 386 135 396 135 413 135 419 135 426 135 435 135 439 135 444 135 456 135 463 135 469 135 475 135 474 135 472 135 470 135 470 135 470 135 470 135 476 135 482 135 490 135 491 135 491 135 492 135 494 135 498 135 504 135 511 135 515 135 516 
82 2 0 1 0 1 68 379 -1 -1 0 4065 149 563 151 563 151 563 150 563 149 563 148 563 147 563 145 563 140 563 129 563 116 563 99 563 71 563 64 563 60 563 58 563 58 563 59 563 60 563 61 563 63 563 64 563 65 563 66 563 67 563 68 563 68 562 68 556 68 547 68 536 68 524 68 509 68 478 68 464 68 437 68 426 68 418 68 407 68 403 68 399 68 391 68 389 68 387 68 386 68 385 68 381 68 379 
82 2 0 1 0 1 599 0 -1 -1 1 4921 442 432 447 432 448 432 449 432 451 432 456 432 462 432 483 432 497 432 528 432 543 432 555 432 572 432 579 432 587 432 599 432 599 432 599 432 599 432 599 432 599 432 599 432 599 432 599 432 599 432 599 432 599 432 599 432 599 432 599 432 599 432 599 432 599 432 599 432 599 432 599 432 599 432 599 433 599 437 599 441 599 445 599 449 599 452 599 457 599 459 599 460 599 460 599 459 599 451 599 447 599 442 599 431 599 422 599 395 599 383 599 372 599 344 599 325 599 307 599 283 599 274 599 248 599 231 599 211 599 179 599 168 599 157 599 130 599 117 599 106 599 97 599 93 599 83 599 72 599 63 599 51 599 47 599 42 599 32 599 27 599 19 599 14 599 7 599 0 599 0 599 0 
82 2 0 1 0 1 599 244 -1 -1 1 5875 183 99 457 99 475 99 507 99 552 99 593 99 599 99 599 99 599 0 599 19 599 40 599 61 599 83 599 108 599 166 599 191 599 231 599 245 599 254 599 263 599 264 599 264 599 256 599 249 599 244 599 244 
82 2 0 1 0 1 599 125 -1 -1 1 7721 284 2 284 2 282 2 275 2 261 2 243 2 220 2 162 2 130 2 64 2 30 2 6 2 0 2 0 2 0 2 0 2 0 2 3 2 11 2 28 2 56 2 95 2 232 2 316 2 393 2 510 2 547 2 593 2 599 2 599 2 599 2 599 2 599 2 599 2 599 1 599 0 599 0 599 0 599 0 599 0 599 0 599 0 599 0 599 0 599 0 599 0 599 0 599 0 599 0 599 0 599 0 599 0 599 0 599 0 599 0 599 0 599 0 599 0 599 0 599 0 599 0 599 0 599 0 599 0 599 0 599 0 599 0 599 0 599 3 599 11 599 26 599 57 599 92 599 146 599 253 599 293 599 345 599 358 599 364 599 365 599 365 599 365 599 364 599 359 599 350 599 337 599 319 599 302 599 274 599 266 599 263 599 262 599 260 599 253 599 245 599 238 599 227 599 222 599 214 599 210 599 206 599 202 599 199 599 195 599 182 599 173 599 162 599 138 599 129 599 121 599 120 599 119 599 118 599 115 599 110 599 104 599 94 599 92 599 93 599 94 599 95 599 97 599 99 599 101 599 103 599 104 599 105 599 106 599 107 599 108 599 109 599 110 599 111 599 112 599 113 599 114 599 115 599 116 599 117 599 118 599 119 599 120 599 121 599 122 599 123 599 124 599 125 
82 2 0 1 0 1 599 491 -1 -1 1 4723 504 3 506 3 510 3 529 3 549 3 573 3 599 3 599 3 599 3 599 3 599 3 599 3 599 3 599 3 599 3 599 3 599 3 599 3 599 3 599 0 599 0 599 0 599 0 599 0 599 0 599 0 599 0 599 0 599 0 599 0 599 0 599 0 599 0 599 0 599 0 599 0 599 0 599 0 599 0 599 0 599 0 599 0 599 0 599 0 599 0 599 1 599 6 599 17 599 32 599 72 599 96 599 122 599 173 599 193 599 223 599 235 599 246 599 273 599 284 599 304 599 308 599 311 599 312 599 313 599 315 599 325 599 334 599 357 599 373 599 389 599 418 599 430 599 442 599 460 599 466 599 471 599 477 599 479 599 485 599 488 599 489 599 489 599 490 599 491 599 491 
82 2 0 1 0 1 599 275 -1 -1 1 6666 336 101 170 101 169 101 165 101 160 101 155 101 152 101 154 101 162 101 174 101 192 101 211 101 235 101 285 101 308 101 346 101 361 101 373 101 394 101 405 101 415 101 428 101 430 101 431 101 433 101 440 101 452 101 472 101 502 101 569 101 599 101 599 101 599 101 599 101 599 101 599 101 599 101 597 101 566 101 541 101 527 101 523 101 524 101 530 101 537 101 548 101 550 101 552 101 559 101 572 101 590 101 599 101 599 101 599 101 599 101 599 101 599 101 599 101 599 101 599 101 599 101 599 101 599 101 599 101 599 101 599 101 599 101 599 101 599 100 599 98 599 96 599 94 599 93 599 91 599 86 599 80 599 71 599 61 599 37 599 23 599 0 599 0 599 0 599 0 599 1 599 5 599 10 599 15 599 18 599 16 599 10 599 0 599 0 599 0 599 0 599 1 599 7 599 17 599 32 599 51 599 89 599 107 599 124 599 155 599 167 599 186 599 195 599 203 599 220 599 226 599 228 599 229 599 230 599 231 599 232 599 233 599 235 599 241 599 245 599 249 599 258 599 262 599 265 599 270 599 271 599 272 599 274 599 274 599 274 599 275 599 275 
82 2 0 1 0 1 294 599 -1 -1 0 6503 575 101 566 101 564 101 560 101 552 101 540 101 522 101 477 101 453 101 399 101 373 101 348 101 299 101 278 101 267 101 268 101 277 101 329 101 373 101 428 101 550 101 599 101 599 101 599 101 599 101 599 101 599 101 599 101 599 101 599 101 599 101 599 101 599 98 599 92 599 81 599 62 599 35 599 5 599 0 599 0 599 0 599 0 599 0 599 0 599 0 599 0 599 0 599 0 599 0 599 0 599 0 599 0 599 0 599 0 599 0 599 0 599 0 599 0 599 0 599 0 599 0 599 2 599 10 599 24 599 46 599 73 599 154 599 206 599 265 599 371 599 403 599 426 599 440 599 443 599 442 599 436 599 424 599 405 599 381 599 345 599 267 599 235 599 191 599 180 596 180 595 180 591 180 584 180 574 180 559 180 524 180 504 180 464 180 448 180 432 180 406 180 393 180 383 180 369 180 365 180 355 180 345 180 332 180 308 180 299 180 295 180 294 180 294 181 294 182 294 184 294 188 294 195 294 206 294 217 294 247 294 267 294 318 294 345 294 369 294 411 294 431 294 448 294 482 294 500 294 535 294 552 294 565 294 585 294 590 294 593 294 594 294 595 294 596 294 597 294 599 
82 2 0 1 0 1 247 404 -1 -1 0 5445 331 522 464 522 462 522 458 522 452 522 444 522 433 522 407 522 392 522 361 522 349 522 341 522 340 522 341 522 342 522 344 522 348 522 353 522 357 522 359 522 358 522 357 522 354 522 349 522 344 522 335 522 311 522 295 522 257 522 237 522 218 522 184 522 170 522 159 522 155 522 157 522 161 522 169 522 180 522 194 522 207 522 231 522 239 522 247 522 247 523 247 524 247 529 247 539 247 555 247 575 247 599 247 599 247 599 247 599 247 599 247 599 247 599 247 599 247 599 247 598 247 594 247 587 247 575 247 557 247 501 247 468 247 399 247 365 247 334 247 281 247 260 247 246 247 229 247 227 247 228 247 232 247 238 247 248 247 261 247 273 247 298 247 306 247 322 247 330 247 336 247 343 247 345 247 346 247 349 247 352 247 356 247 358 247 361 247 369 247 376 247 381 247 391 247 395 247 399 247 403 247 404 
82 2 0 1 0 1 329 599 -1 -1 0 4673 357 453 395 453 396 453 397 453 397 453 399 453 403 453 418 453 427 453 442 453 448 453 455 453 465 453 468 453 470 453 469 453 463 453 456 453 446 453 433 453 419 453 389 453 374 453 352 453 344 453 337 453 333 453 331 453 330 453 329 453 329 451 329 452 329 456 329 465 329 479 329 496 329 513 329 550 329 571 329 599 329 599 329 599 329 599 329 599 329 599 329 599 329 599 329 599 329 599 329 599 329 599 329 599 329 599 329 599 329 599 329 599 329 599 329 599 
82 2 0 1 0 1 190 124 -1 -1 1 9682 407 560 405 560 385 560 367 560 348 560 328 560 310 560 277 560 266 560 254 560 253 560 252 560 251 560 249 560 244 560 234 560 219 560 184 560 174 560 170 560 171 560 172 560 173 560 174 560 175 560 177 560 181 560 185 560 188 560 189 560 190 560 190 559 190 558 190 554 190 547 190 540 190 527 190 490 190 473 190 449 190 442 190 438 190 430 190 424 190 414 190 382 190 359 190 315 190 297 190 282 190 257 190 250 190 245 190 243 190 243 190 241 190 238 190 236 190 235 190 239 190 245 190 265 190 281 190 338 190 379 190 412 190 471 190 510 190 555 190 599 190 599 190 599 190 599 190 599 190 599 190 599 190 599 190 599 190 599 190 599 190 599 190 599 190 599 190 599 190 599 190 599 190 599 190 599 190 599 190 599 190 599 190 599 190 598 190 562 190 527 190 484 190 385 190 322 190 176 190 94 190 4 190 0 190 0 190 0 190 0 190 0 190 0 190 0 190 0 190 0 190 0 190 1 190 10 190 24 190 41 190 59 190 103 190 124 190 143 190 164 190 169 190 173 190 187 190 196 190 204 190 213 190 212 190 208 190 203 190 197 190 188 190 181 190 170 190 167 190 163 190 162 190 161 190 156 190 154 190 151 190 149 190 148 190 147 190 145 190 144 190 141 190 140 190 139 190 135 190 133 190 132 190 131 190 130 190 129 190 128 190 127 190 126 190 125 190 123 190 122 190 123 190 124 
82 2 0 1 0 1 0 126 -1 -1 0 6143 558 126 554 126 564 126 577 126 595 126 599 126 599 126 599 126 599 126 599 126 599 126 599 126 599 126 599 126 599 126 599 126 586 126 570 126 521 126 489 126 456 126 389 126 357 126 330 126 294 126 281 126 263 126 257 126 250 126 237 126 229 126 217 126 182 126 164 126 143 126 100 126 79 126 40 126 25 126 11 126 0 126 0 126 0 126 0 126 0 126 0 126 0 126 3 126 7 126 14 126 13 126 9 126 6 126 4 126 3 126 2 126 1 126 0 126 0 126 0 126 0 126 0 126 0 126 0 126 0 126 0 126 0 126 0 126 0 126 0 126 0 126 0 126 0 126 0 126 0 126 0 126 0 126 0 126 0 126 0 126 0 126 0 126 0 126 
82 2 0 1 0 1 0 373 -1 -1 0 4779 556 3 539 3 543 3 551 3 563 3 582 3 599 3 599 3 599 3 599 3 599 3 599 3 599 3 599 3 599 3 599 3 599 3 599 3 599 3 599 3 599 3 599 3 597 3 589 3 574 3 518 3 465 3 394 3 220 3 123 3 43 3 0 3 0 3 0 3 0 3 0 3 0 3 0 3 0 3 0 3 0 3 0 3 0 3 0 3 0 3 0 3 0 3 0 3 0 20 0 33 0 48 0 65 0 83 0 103 0 151 0 174 0 216 0 233 0 248 0 274 0 282 0 288 0 295 0 300 0 323 0 334 0 345 0 365 0 370 0 372 0 373 
82 2 0 1 0 1 0 449 -1 -1 0 4010 219 449 195 449 193 449 187 449 183 449 176 449 168 449 146 449 132 449 97 449 75 449 54 449 13 449 0 449 0 449 0 449 0 449 0 449 0 449 0 449 0 449 0 449 0 449 0 449 0 449 0 449 0 449 0 449 0 449 0 449 
82 2 0 1 0 2 116 349 0 4402 2 
82 2 0 1 0 2 549 249 1 984 3 
82 2 0 1 0 2 283 316 0 1525 2 
82 2 0 1 0 2 83 216 0 3596 1 
82 2 0 1 0 2 383 482 1 622 1 
82 2 0 1 0 2 216 516 0 646 1 
82 2 0 1 0 2 216 249 1 645 1 
82 2 0 1 0 2 416 283 1 732 1 
82 2 0 1 0 2 383 249 0 1072 3 
82 2 0 1 0 2 283 283 1 2222 4 
82 2 0 1 0 2 349 50 0 800 2 
82 2 0 1 0 2 549 549 1 2672 3 
82 2 0 1 0 2 149 416 0 1338 3 
82 2 0 1 0 2 316 83 1 932 3 
82 2 0 1 0 2 283 516 1 508 3 
82 2 0 1 0 2 83 383 1 631 3 
82 2 0 1 0 2 449 283 1 344 3 
82 2 0 1 0 2 449 482 0 359 3 
82 2 0 1 0 2 183 149 0 696 3 
82 2 0 1 0 2 416 383 1 414 3 
82 2 0 1 0 2 149 449 0 362 3 
82 2 0 1 0 2 516 83 0 837 2 
82 2 0 1 0 2 216 216 1 666 2 
82 2 0 1 0 2 416 549 0 401 3 
82 2 0 1 0 2 116 183 0 606 2 
82 2 0 1 0 2 83 249 0 577 3 
82 2 0 1 0 2 516 516 0 832 3 
82 2 0 1 0 2 449 249 1 986 1 
82 2 0 1 0 2 516 416 1 1344 3 
82 2 0 1 0 2 516 316 0 705 3 
82 2 0 1 0 2 249 383 0 2007 3 
82 2 0 1 0 2 216 116 0 5292 4 
82 2 0 1 0 1 293 593 -1 -1 0 6123 293 486 293 501 293 503 293 509 293 520 293 536 293 557 293 599 293 599 293 599 293 599 293 599 293 599 293 599 293 599 293 599 293 599 293 599 293 599 293 599 293 599 293 599 293 599 293 599 293 596 293 595 293 594 293 593 
82 2 0 1 0 1 38 123 -1 -1 0 3531 252 123 235 123 235 123 234 123 233 123 231 123 227 123 219 123 209 123 193 123 144 123 111 123 33 123 0 123 0 123 0 123 0 123 0 123 0 123 0 123 2 123 8 123 15 123 32 123 38 123 40 123 42 123 41 123 40 123 39 123 38 123 
82 2 0 1 0 1 324 387 -1 -1 0 3880 324 459 324 599 324 599 324 599 324 599 324 599 324 599 324 599 324 585 324 588 324 594 324 599 324 599 324 599 324 599 324 599 324 599 324 599 324 599 324 599 324 599 324 599 324 599 324 599 324 595 324 588 324 578 324 541 324 508 324 456 324 291 324 191 324 1 324 0 324 0 324 0 324 0 324 0 324 0 324 1 324 2 324 8 324 22 324 42 324 69 324 104 324 179 324 214 324 263 324 276 324 282 324 283 324 284 324 285 324 285 324 288 324 295 324 331 324 354 324 382 324 387 
82 2 0 1 0 1 0 491 -1 -1 0 5689 478 139 475 139 474 139 473 139 472 139 471 139 470 139 466 139 461 139 453 139 419 139 392 139 315 139 264 139 214 139 111 139 71 139 36 139 0 139 1 139 2 139 0 139 0 139 0 139 0 139 0 139 0 139 0 139 0 139 0 139 0 139 0 139 0 139 0 139 0 139 0 139 0 139 0 139 0 139 0 139 0 139 0 139 0 139 0 140 0 145 0 157 0 171 0 190 0 244 0 277 0 355 0 395 0 431 0 499 0 532 0 564 0 599 0 599 0 599 0 599 0 599 0 599 0 599 0 599 0 599 0 598 0 596 0 590 0 579 0 563 0 519 0 491 0 466 0 421 0 404 0 389 0 363 0 352 0 343 0 327 0 329 0 335 0 344 0 357 0 370 0 383 0 410 0 423 0 443 0 453 0 460 0 474 0 479 0 484 0 488 0 488 0 489 0 490 0 490 0 491 
82 2 0 1 0 1 599 119 -1 -1 1 3362 472 119 470 119 466 119 461 119 452 119 440 119 427 119 392 119 374 119 346 119 336 119 327 119 309 119 301 119 297 119 294 119 295 119 303 119 323 119 355 119 471 119 551 119 599 119 599 119 599 119 599 119 599 119 599 119 599 119 599 119 599 119 599 119 599 119 599 119 
82 2 0 1 0 1 599 0 -1 -1 1 4172 482 388 227 388 228 388 232 388 237 388 244 388 253 388 281 388 304 388 374 388 421 388 469 388 553 388 589 388 599 388 599 388 599 388 599 388 599 388 599 388 599 388 599 388 599 388 599 388 599 388 599 386 599 382 599 373 599 362 599 346 599 308 599 285 599 239 599 216 599 196 599 165 599 154 599 147 599 136 599 130 599 111 599 100 599 86 599 63 599 51 599 38 599 14 599 4 599 0 599 0 
82 2 0 1 0 1 446 480 -1 -1 0 2729 422 480 444 480 445 480 446 480 
82 2 0 1 0 1 276 398 -1 -1 0 5050 482 398 275 398 275 398 276 398 
82 2 0 1 0 1 368 40 -1 -1 1 3896 386 40 367 40 368 40 368 40 
82 2 0 1 0 1 253 168 -1 -1 1 5515 207 168 254 168 253 168 
82 2 0 1 0 1 521 478 -1 -1 1 3435 521 593 521 595 521 589 521 585 521 579 521 571 521 561 521 533 521 518 521 500 521 494 521 490 521 482 521 477 521 473 521 465 521 462 521 458 521 457 521 458 521 460 521 463 521 467 521 472 521 475 521 478 
82 2 0 1 0 1 456 313 -1 -1 1 3236 406 313 407 313 408 313 409 313 411 313 413 313 416 313 431 313 438 313 456 313 
82 2 0 1 0 1 74 539 -1 -1 0 9777 74 458 74 449 74 448 74 448 74 445 74 442 74 438 74 431 74 417 74 405 74 372 74 355 74 338 74 308 74 296 74 283 74 255 74 244 74 225 74 216 74 206 74 188 74 181 74 175 74 166 74 162 74 153 74 149 74 145 74 144 74 144 74 144 74 145 74 146 74 149 74 157 74 164 74 166 74 167 74 171 74 178 74 191 74 209 74 254 74 282 74 334 74 359 74 381 74 417 74 433 74 449 74 479 74 493 74 518 74 529 74 539 74 555 74 561 74 566 74 573 74 576 74 581 74 582 74 583 74 587 74 589 74 592 74 594 74 594 74 587 74 580 74 572 74 560 74 554 74 548 74 537 74 529 74 521 74 506 74 499 74 487 74 479 74 471 74 462 74 459 74 457 74 454 74 453 74 451 74 450 74 449 74 445 74 439 74 434 74 422 74 419 74 418 74 419 74 424 74 431 74 439 74 447 74 460 74 467 74 478 74 483 74 487 74 493 74 497 74 502 74 516 74 523 74 536 74 543 74 550 74 559 74 563 74 569 74 582 74 588 74 595 74 599 74 599 74 599 74 599 74 599 74 596 74 592 74 587 74 576 74 572 74 560 74 554 74 548 74 537 74 532 74 529 74 523 74 519 74 512 74 510 74 508 74 507 74 508 74 510 74 514 74 513 74 511 74 510 74 510 74 514 74 518 74 522 74 523 74 523 74 521 74 519 74 512 74 509 74 507 74 504 74 504 74 501 74 500 74 499 74 496 74 492 74 487 74 475 74 469 74 459 74 456 74 454 74 452 74 452 74 452 74 454 74 456 74 457 74 458 74 459 74 460 74 460 74 460 74 460 74 460 74 459 74 459 74 458 74 457 74 457 74 456 74 455 74 454 74 455 74 457 74 459 74 461 74 463 74 464 74 467 74 469 74 474 74 478 74 482 74 489 74 493 74 497 74 507 74 510 74 516 74 518 74 519 74 520 74 520 74 520 74 520 74 520 74 520 74 520 74 520 74 523 74 524 74 525 74 528 74 529 74 532 74 533 74 534 74 536 74 538 74 540 74 542 74 542 74 542 74 542 74 542 74 542 74 542 74 542 74 542 74 542 74 542 74 541 74 541 74 540 74 540 74 539 74 539 74 539 74 539 74 539 74 539 74 539 
82 2 0 1 0 1 171 290 -1 -1 0 3305 171 301 171 290 
82 2 0 1 0 1 368 202 -1 -1 1 2680 368 213 368 203 368 202 
82 2 0 1 0 1 118 305 -1 -1 0 3603 118 306 118 305 
82 2 0 1 0 2 149 349 0 11377 2 
82 2 0 1 0 2 516 349 1 2304 3 
82 2 0 1 0 2 549 449 1 4741 3 
82 2 0 1 0 2 549 50 1 677 3 
82 2 0 1 0 2 482 216 1 530 3 
82 2 0 1 0 2 482 383 1 683 3 
82 2 0 1 0 2 383 316 1 689 3 
82 2 0 1 0 2 116 416 0 478 3 
82 2 0 1 0 2 149 183 0 643 3 
82 2 0 1 0 2 50 83 0 646 3 
82 2 0 1 0 2 349 449 1 906 3 
82 2 0 1 0 2 383 349 0 818 3 
82 2 0 1 0 2 516 216 0 954 3 
82 2 0 1 0 2 516 449 1 1101 3 
82 2 0 1 0 2 249 316 1 1185 3 
82 2 0 1 0 2 549 516 1 1567 3 
82 2 0 1 0 2 383 116 0 700 3 
82 2 0 1 0 2 249 416 0 421 3 
82 2 0 1 0 2 183 249 0 608 3 
82 2 0 1 0 2 50 283 0 836 3 
82 2 0 1 0 2 116 482 0 792 3 
82 2 0 1 0 2 316 116 0 654 3 
82 2 0 1 0 2 249 216 0 642 3 
82 2 0 1 0 2 349 149 1 436 3 
82 2 0 1 0 2 316 149 1 824 3 
82 2 0 1 0 2 216 149 1 1767 3 
82 2 0 1 0 2 149 549 0 1724 3 
82 2 0 1 0 2 116 116 0 614 3 
82 2 0 1 0 2 149 383 0 826 3 
82 2 0 1 0 2 516 249 1 695 3 
82 2 0 1 0 2 249 50 0 1517 3 
82 2 0 1 0 2 283 349 1 632 3 
