Subject 91 in condition 3
Training Condition: 0
Task: 1
Rule: [[[250, 250], [[4538, -4463], [-4463, 4538]]], [[350, 350], [[4538, -4463], [-4463, 4538]]]]
Noise: 0
CATA=1
CATB=0
Sample keys: 122 120
Resp keys: 307 309
Dim direction: 1 0
Dim minimum: 49 66
Test order: [4, 7, 0, 5, 1, 6, 2, 3]
91 3 0 1 1 1 532 273 -1 -1 1 22588 400 273 235 273 232 273 224 273 207 273 178 273 136 273 57 273 39 273 30 273 39 273 59 273 127 273 162 273 196 273 252 273 270 273 281 273 288 273 290 273 293 273 295 273 293 273 290 273 285 273 276 273 266 273 254 273 226 273 212 273 180 273 162 273 143 273 125 273 107 273 90 273 60 273 46 273 31 273 14 273 3 273 0 273 0 273 0 273 0 273 0 273 0 273 0 273 0 273 0 273 0 273 0 273 0 273 0 273 0 273 0 273 0 273 0 273 0 273 1 273 4 273 11 273 22 273 35 273 49 273 79 273 93 273 120 273 130 273 141 273 160 273 170 273 180 273 203 273 215 273 228 273 251 273 263 273 284 273 293 273 301 273 318 273 326 273 334 273 350 273 357 273 364 273 377 273 384 273 396 273 403 273 409 273 417 273 418 273 418 273 405 273 393 273 366 273 352 273 338 273 310 273 297 273 284 273 262 273 252 273 243 273 226 273 220 273 209 273 204 273 200 273 190 273 185 273 180 273 171 273 167 273 161 273 158 273 157 273 155 273 154 273 154 273 153 273 153 273 153 273 153 273 154 273 154 273 152 273 151 273 153 273 156 273 161 273 173 273 178 273 186 273 188 273 188 273 188 273 188 273 189 273 195 273 198 273 198 273 195 273 192 273 188 273 186 273 184 273 183 273 183 273 182 273 182 273 182 273 181 273 180 273 180 273 180 273 183 273 194 273 202 273 216 273 224 273 228 273 236 273 242 273 248 273 263 273 272 273 281 273 295 273 299 273 301 273 301 273 301 273 299 273 298 273 298 273 296 273 292 273 289 273 288 273 287 273 285 273 279 273 276 273 272 273 263 273 259 273 254 273 249 273 248 273 246 273 243 273 238 273 223 273 215 273 202 273 187 273 180 273 175 273 167 273 166 273 165 273 164 273 163 273 162 273 161 273 160 273 160 273 160 273 162 273 165 273 170 273 178 273 185 273 192 273 195 273 197 273 198 273 199 273 199 273 198 273 195 273 191 273 185 273 179 273 171 273 162 273 156 273 137 273 125 273 116 273 104 273 101 273 100 273 93 273 86 273 79 273 71 273 65 273 48 273 36 273 22 273 0 273 0 273 0 273 0 273 0 273 0 273 0 273 0 273 0 273 0 273 0 273 0 273 0 273 1 273 2 273 3 273 4 273 5 273 6 273 5 273 4 273 3 273 0 273 0 273 0 273 0 273 0 273 0 273 0 273 0 273 0 273 0 273 0 273 0 273 0 273 0 273 0 273 0 273 0 273 0 273 0 273 0 273 0 273 4 273 10 273 18 273 27 273 37 273 63 273 76 273 97 273 107 273 116 273 140 273 152 273 163 273 190 273 204 273 223 273 267 273 289 273 329 273 345 273 360 273 377 273 378 273 375 273 367 273 360 273 356 273 354 273 352 273 348 273 347 273 348 273 350 273 352 273 355 273 359 273 365 273 375 273 379 273 387 273 392 273 396 273 406 273 411 273 416 273 423 273 428 273 434 273 442 273 444 273 449 273 451 273 454 273 463 273 467 273 470 273 477 273 480 273 487 273 489 273 491 273 497 273 499 273 501 273 505 273 507 273 508 273 509 273 509 273 511 273 512 273 513 273 513 273 515 273 517 273 518 273 521 273 523 273 524 273 527 273 529 273 530 273 531 273 533 273 533 273 535 273 534 273 533 273 532 273 
91 3 0 1 1 1 0 465 -1 -1 0 13661 490 208 261 208 260 208 260 208 258 208 257 208 244 208 250 208 260 208 273 208 288 208 305 208 339 208 353 208 380 208 391 208 400 208 415 208 421 208 427 208 439 208 441 208 442 208 441 208 434 208 420 208 389 208 340 208 252 208 227 208 212 208 208 208 206 208 205 208 202 208 196 208 193 208 189 208 186 208 182 208 162 208 153 208 147 208 144 208 144 208 143 208 141 208 140 208 140 208 140 208 140 208 140 208 140 208 139 208 136 208 133 208 134 208 140 208 140 208 140 208 136 208 121 208 91 208 80 208 60 208 46 208 28 208 0 208 0 208 0 208 0 208 0 208 0 208 0 208 0 208 0 208 0 208 0 208 0 208 0 208 0 208 0 208 0 208 0 207 0 209 0 215 0 222 0 233 0 248 0 277 0 294 0 322 0 335 0 347 0 371 0 385 0 400 0 429 0 441 0 451 0 462 0 465 0 466 0 466 0 466 0 466 0 465 0 465 0 465 0 465 
91 3 0 1 1 1 599 548 -1 -1 1 3554 597 548 599 548 599 548 599 548 599 548 
91 3 0 1 1 1 189 328 -1 -1 0 3956 136 328 190 328 189 328 
91 3 0 1 1 1 290 45 -1 -1 0 17337 487 524 160 524 145 524 136 524 130 524 124 524 120 524 120 524 120 524 129 524 137 524 147 524 178 524 195 524 207 524 223 524 227 524 231 524 240 524 247 524 265 524 275 524 284 524 304 524 317 524 332 524 365 524 384 524 405 524 461 524 485 524 535 524 559 524 582 524 599 524 599 524 599 524 599 524 599 524 598 524 592 524 581 524 558 524 542 524 524 524 486 524 468 524 450 524 415 524 398 524 368 524 355 524 342 524 316 524 305 524 297 524 281 524 273 524 262 524 258 524 254 524 249 524 247 524 246 524 245 524 245 524 244 524 243 524 243 524 242 524 242 524 243 524 243 524 242 524 241 524 240 524 239 524 239 524 239 524 238 524 238 524 238 524 238 524 238 524 238 524 238 524 241 524 243 524 245 524 248 524 250 524 255 524 257 524 260 524 265 524 267 524 269 524 272 524 273 524 275 524 276 524 276 524 277 524 278 524 278 524 279 524 279 524 280 524 283 524 288 524 298 524 302 524 304 524 306 524 306 524 307 524 309 524 312 524 315 524 321 524 324 524 332 524 335 524 339 524 344 524 345 524 347 524 349 524 350 524 350 524 350 524 348 524 345 524 342 524 339 524 330 524 325 524 316 524 312 524 309 524 302 524 299 524 296 524 292 524 291 524 286 524 286 524 286 524 286 524 286 524 286 524 288 524 289 524 290 524 290 524 290 524 290 524 290 524 290 524 290 524 290 526 290 530 290 544 290 553 290 571 290 578 290 585 290 599 290 599 290 599 290 599 290 599 290 599 290 599 290 599 290 599 290 599 290 599 290 599 290 599 290 599 290 599 290 599 290 599 290 599 290 599 290 598 290 595 290 591 290 581 290 576 290 572 290 567 290 551 290 534 290 515 290 497 290 478 290 445 290 427 290 394 290 375 290 357 290 320 290 303 290 287 290 270 290 264 290 256 290 256 290 255 290 255 290 255 290 255 290 255 290 257 290 258 290 261 290 261 290 263 290 265 290 265 290 267 290 267 290 268 290 269 290 270 290 272 290 272 290 272 290 271 290 271 290 269 290 268 290 267 290 265 290 258 290 254 290 245 290 240 290 234 290 224 290 219 290 215 290 207 290 203 290 199 290 192 290 188 290 186 290 187 290 191 290 200 290 210 290 219 290 229 290 248 290 266 290 279 290 291 290 301 290 317 290 323 290 330 290 332 290 333 290 333 290 333 290 332 290 326 290 321 290 314 290 296 290 287 290 268 290 258 290 249 290 230 290 223 290 214 290 196 290 186 290 165 290 155 290 143 290 124 290 119 290 115 290 112 290 111 290 110 290 107 290 103 290 96 290 90 290 76 290 71 290 62 290 58 290 54 290 48 290 47 290 46 290 45 290 44 290 43 290 44 290 45 
91 3 0 1 1 1 599 534 -1 -1 1 7495 442 534 452 534 452 534 452 534 452 534 453 534 453 534 453 534 455 534 462 534 469 534 488 534 499 534 508 534 524 534 533 534 539 534 547 534 549 534 550 534 551 534 551 534 557 534 561 534 565 534 576 534 584 534 592 534 599 534 599 534 599 534 599 534 599 534 599 534 599 534 599 534 599 534 599 534 599 534 599 534 599 534 599 534 599 534 599 534 599 534 
91 3 0 1 1 1 0 312 -1 -1 0 14651 249 312 247 312 248 312 248 312 249 312 250 312 250 312 252 312 254 312 257 312 259 312 261 312 263 312 266 312 267 312 267 312 269 312 269 312 270 312 271 312 272 312 272 312 272 312 272 312 272 312 272 312 269 312 265 312 261 312 259 312 258 312 261 312 265 312 266 312 266 312 268 312 277 312 282 312 284 312 291 312 311 312 332 312 348 312 353 312 350 312 348 312 346 312 342 312 338 312 334 312 331 312 328 312 326 312 318 312 316 312 314 312 310 312 310 312 309 312 307 312 307 312 306 312 306 312 304 312 304 312 304 312 303 312 300 312 291 312 286 312 282 312 279 312 278 312 276 312 275 312 273 312 267 312 261 312 261 312 260 312 255 312 253 312 253 312 253 312 253 312 262 312 271 312 284 312 307 312 321 312 337 312 365 312 373 312 376 312 376 312 376 312 376 312 374 312 373 312 369 312 362 312 359 312 350 312 345 312 340 312 331 312 327 312 322 312 312 312 308 312 304 312 296 312 293 312 288 312 285 312 280 312 264 312 255 312 245 312 227 312 219 312 203 312 196 312 190 312 180 312 177 312 176 312 175 312 174 312 172 312 161 312 151 312 127 312 113 312 98 312 69 312 55 312 41 312 15 312 2 312 0 312 0 312 0 312 0 312 0 312 0 312 0 312 0 312 0 312 0 312 0 312 0 312 0 312 0 312 1 312 3 312 5 312 8 312 12 312 20 312 19 312 11 312 3 312 0 312 0 312 0 312 0 312 0 312 0 312 0 312 0 312 0 312 0 312 0 312 0 312 0 312 0 312 0 312 
91 3 0 1 1 1 0 451 -1 -1 0 19136 371 71 599 71 597 71 597 71 596 71 596 71 595 71 593 71 588 71 585 71 580 71 572 71 568 71 565 71 563 71 562 71 561 71 559 71 554 71 548 71 542 71 537 71 526 71 522 71 514 71 510 71 505 71 501 71 499 71 497 71 496 71 495 71 493 71 488 71 486 71 484 71 483 71 483 71 483 71 484 71 486 71 487 71 487 71 487 71 485 71 483 71 481 71 481 71 480 71 480 71 479 71 478 71 472 71 467 71 463 71 463 71 463 71 461 71 459 71 459 71 459 71 459 71 457 71 455 71 448 71 445 71 442 71 438 71 436 71 435 71 434 71 434 71 434 71 435 71 438 71 441 71 443 71 447 71 455 71 459 71 464 71 473 71 477 71 482 71 499 71 506 71 517 71 520 71 521 71 521 71 519 71 518 71 514 71 512 71 512 71 512 71 513 71 518 71 520 71 520 71 520 71 519 71 519 71 518 71 518 71 516 71 515 71 515 71 512 71 510 71 507 71 504 71 504 71 507 71 508 71 508 71 509 71 509 71 509 71 509 71 503 71 502 71 501 71 500 71 497 71 493 71 488 71 481 71 469 71 464 71 455 71 451 71 446 71 438 71 433 71 429 71 422 71 418 71 415 71 408 71 403 71 394 71 390 71 384 71 372 71 365 71 358 71 345 71 338 71 332 71 316 71 309 71 295 71 286 71 279 71 259 71 247 71 235 71 209 71 199 71 192 71 193 71 194 71 192 71 192 71 192 71 192 71 192 71 191 71 191 71 190 71 188 71 182 71 177 71 166 71 159 71 152 71 136 71 130 71 126 71 119 71 116 71 112 71 105 71 99 71 86 71 80 71 72 71 57 71 50 71 42 71 27 71 19 71 2 71 0 71 0 71 0 71 0 71 0 71 0 71 0 71 0 71 0 71 0 71 0 71 0 71 0 71 0 71 0 71 0 71 0 71 0 71 0 0 0 5 0 12 0 21 0 30 0 40 0 62 0 72 0 90 0 98 0 107 0 120 0 126 0 132 0 143 0 147 0 149 0 152 0 153 0 156 0 156 0 157 0 155 0 153 0 151 0 148 0 146 0 139 0 134 0 130 0 125 0 123 0 120 0 116 0 112 0 107 0 108 0 110 0 112 0 117 0 126 0 137 0 157 0 168 0 192 0 205 0 218 0 246 0 261 0 275 0 301 0 315 0 329 0 359 0 373 0 402 0 419 0 437 0 473 0 492 0 511 0 551 0 568 0 593 0 599 0 599 0 599 0 599 0 598 0 597 0 596 0 595 0 593 0 586 0 582 0 577 0 575 0 572 0 568 0 566 0 565 0 563 0 562 0 560 0 557 0 556 0 553 0 552 0 550 0 546 0 544 0 544 0 541 0 538 0 534 0 533 0 532 0 531 0 530 0 530 0 530 0 530 0 530 0 529 0 529 0 528 0 528 0 528 0 523 0 521 0 519 0 519 0 518 0 518 0 517 0 517 0 519 0 525 0 531 0 535 0 540 0 543 0 550 0 553 0 557 0 558 0 558 0 559 0 560 0 561 0 563 0 564 0 566 0 567 0 567 0 567 0 567 0 567 0 566 0 565 0 564 0 557 0 551 0 529 0 513 0 498 0 473 0 462 0 454 0 443 0 440 0 439 0 438 0 438 0 444 0 446 0 449 0 451 0 451 0 451 0 451 0 451 
91 3 0 1 1 1 545 260 -1 -1 1 6022 545 203 545 242 545 242 545 242 545 244 545 246 545 248 545 252 545 254 545 256 545 257 545 257 545 258 545 259 545 259 545 260 545 260 
91 3 0 1 1 1 469 379 -1 -1 1 5811 469 482 469 599 469 599 469 599 469 599 469 599 469 599 469 599 469 599 469 599 469 599 469 599 469 599 469 597 469 594 469 592 469 587 469 583 469 580 469 572 469 567 469 549 469 534 469 517 469 484 469 467 469 453 469 444 469 443 469 440 469 435 469 430 469 425 469 419 469 408 469 403 469 395 469 392 469 390 469 384 469 380 469 379 469 379 469 379 469 379 469 379 469 379 
91 3 0 1 1 1 548 204 -1 -1 1 4745 548 62 548 599 548 598 548 597 548 597 548 598 548 599 548 599 548 599 548 599 548 599 548 599 548 599 548 599 548 599 548 599 548 599 548 599 548 599 548 589 548 580 548 565 548 515 548 482 548 414 548 389 548 370 548 335 548 318 548 305 548 284 548 269 548 225 548 197 548 170 548 127 548 108 548 92 548 75 548 75 548 80 548 98 548 111 548 146 548 166 548 186 548 208 548 213 548 217 548 218 548 217 548 216 548 214 548 212 548 208 548 205 548 204 548 204 
91 3 0 1 1 1 130 496 -1 -1 1 5576 130 239 130 599 130 598 130 597 130 595 130 590 130 583 130 574 130 546 130 532 130 508 130 500 130 498 130 496 
91 3 0 1 1 1 102 590 -1 -1 1 9241 102 231 102 230 102 229 102 228 102 227 102 226 102 224 102 223 102 221 102 219 102 216 102 210 102 208 102 205 102 201 102 199 102 198 102 197 102 195 102 193 102 190 102 188 102 182 102 177 102 170 102 151 102 138 102 121 102 93 102 81 102 57 102 45 102 35 102 26 102 22 102 12 102 13 102 25 102 29 102 43 102 57 102 69 102 76 102 85 102 94 102 107 102 133 102 137 102 138 102 140 102 140 102 140 102 140 102 138 102 137 102 136 102 134 102 128 102 125 102 121 102 120 102 119 102 114 102 108 102 101 102 83 102 74 102 66 102 53 102 44 102 19 102 4 102 0 102 0 102 0 102 0 102 0 102 0 102 0 102 0 102 0 102 0 102 0 102 0 102 0 102 0 102 0 102 0 102 0 102 0 102 0 102 0 102 0 102 0 102 0 102 0 102 0 102 0 102 0 102 1 102 2 102 4 102 6 102 8 102 9 102 11 102 12 102 13 102 13 102 17 102 21 102 25 102 31 102 34 102 35 102 36 102 37 102 40 102 41 102 42 102 43 102 44 102 46 102 50 102 62 102 69 102 78 102 108 102 130 102 158 102 228 102 268 102 310 102 417 102 483 102 599 102 599 102 599 102 599 102 599 102 599 102 599 102 599 102 599 102 599 102 598 102 596 102 594 102 591 102 587 102 581 102 570 102 567 102 562 102 560 102 559 102 556 102 556 102 555 102 554 102 552 102 551 102 549 102 547 102 541 102 537 102 534 102 531 102 531 102 531 102 531 102 529 102 527 102 526 102 527 102 533 102 540 102 546 102 550 102 553 102 557 102 559 102 562 102 564 102 566 102 572 102 575 102 578 102 584 102 586 102 588 102 590 102 590 
91 3 0 1 1 1 282 531 -1 -1 1 4640 282 415 282 599 282 599 282 597 282 595 282 590 282 584 282 570 282 563 282 548 282 544 282 541 282 538 282 537 282 536 282 535 282 534 282 534 282 533 282 532 282 531 
91 3 0 1 1 1 170 0 -1 -1 0 3100 170 2 170 0 170 0 170 0 170 0 170 0 170 0 170 0 170 0 170 0 170 0 170 0 170 0 170 0 170 0 170 0 170 0 170 0 170 0 170 0 170 0 170 0 170 0 170 0 
91 3 0 1 1 1 139 535 -1 -1 1 2850 139 513 139 532 139 534 139 535 
91 3 0 1 1 2 283 516 1 8859 3 
91 3 0 1 1 2 416 549 1 11053 3 
91 3 0 1 1 2 416 383 1 1970 3 
91 3 0 1 1 2 316 83 0 7724 2 
91 3 0 1 1 2 416 283 1 11224 4 
91 3 0 1 1 2 516 83 1 7501 5 
91 3 0 1 1 2 149 416 0 6526 3 
91 3 0 1 1 2 149 449 0 2763 3 
91 3 0 1 1 2 516 516 1 6612 3 
91 3 0 1 1 2 83 249 0 2613 3 
91 3 0 1 1 2 383 482 1 2561 3 
91 3 0 1 1 2 83 383 0 982 3 
91 3 0 1 1 2 549 549 1 636 3 
91 3 0 1 1 2 383 249 1 865 3 
91 3 0 1 1 2 183 149 0 1156 3 
91 3 0 1 1 2 283 283 1 1082 3 
91 3 0 1 1 2 449 482 1 1947 3 
91 3 0 1 1 2 216 249 1 2708 4 
91 3 0 1 1 2 283 316 1 1715 3 
91 3 0 1 1 2 516 416 1 1872 3 
91 3 0 1 1 2 549 249 1 735 3 
91 3 0 1 1 2 116 183 0 3031 3 
91 3 0 1 1 2 116 349 0 1213 3 
91 3 0 1 1 2 516 316 1 1288 3 
91 3 0 1 1 2 449 249 1 803 3 
91 3 0 1 1 2 216 116 0 768 3 
91 3 0 1 1 2 83 216 0 730 3 
91 3 0 1 1 2 216 216 0 1425 3 
91 3 0 1 1 2 249 383 0 624 3 
91 3 0 1 1 2 216 516 0 718 3 
91 3 0 1 1 2 449 283 1 638 3 
91 3 0 1 1 2 349 50 1 946 3 
91 3 0 1 1 1 250 95 -1 -1 0 13028 250 501 250 498 250 488 250 470 250 436 250 387 250 337 250 249 250 213 250 167 250 160 250 160 250 165 250 169 250 173 250 189 250 196 250 204 250 217 250 225 250 238 250 241 250 242 250 243 250 242 250 236 250 232 250 229 250 229 250 230 250 244 250 258 250 292 250 309 250 325 250 352 250 366 250 377 250 396 250 403 250 405 250 406 250 411 250 420 250 433 250 445 250 454 250 474 250 486 250 510 250 518 250 525 250 537 250 543 250 548 250 561 250 568 250 576 250 594 250 599 250 599 250 599 250 599 250 599 250 599 250 599 250 599 250 599 250 599 250 596 250 593 250 584 250 580 250 575 250 573 250 570 250 565 250 563 250 562 250 556 250 552 250 548 250 541 250 539 250 536 250 531 250 522 250 492 250 473 250 454 250 416 250 398 250 367 250 354 250 340 250 313 250 301 250 290 250 273 250 268 250 257 250 249 250 241 250 224 250 223 250 223 250 222 250 222 250 221 250 221 250 221 250 221 250 221 250 220 250 219 250 214 250 211 250 207 250 202 250 200 250 199 250 192 250 186 250 170 250 162 250 153 250 136 250 128 250 123 250 111 250 103 250 81 250 68 250 58 250 39 250 33 250 29 250 27 250 26 250 25 250 23 250 20 250 15 250 17 250 23 250 29 250 35 250 41 250 45 250 50 250 52 250 56 250 60 250 64 250 69 250 70 250 70 250 72 250 74 250 74 250 76 250 77 250 78 250 79 250 83 250 87 250 91 250 93 250 94 250 95 
91 3 0 1 1 1 97 249 -1 -1 0 3186 97 259 97 268 97 269 97 270 97 271 97 271 97 271 97 271 97 270 97 267 97 263 97 255 97 253 97 249 
91 3 0 1 1 1 407 386 -1 -1 1 3386 407 467 407 345 407 349 407 355 407 363 407 371 407 377 407 384 407 386 
91 3 0 1 1 1 498 186 -1 -1 1 5622 498 52 498 282 498 280 498 279 498 277 498 277 498 275 498 272 498 270 498 261 498 253 498 244 498 222 498 210 498 198 498 186 
91 3 0 1 1 1 196 599 -1 -1 1 3370 196 188 196 400 196 403 196 405 196 406 196 407 196 409 196 412 196 418 196 426 196 438 196 468 196 485 196 502 196 534 196 548 196 562 196 587 196 595 196 599 196 599 196 599 196 599 
91 3 0 1 1 1 397 211 -1 -1 1 3394 397 185 397 220 397 232 397 244 397 254 397 264 397 273 397 288 397 294 397 301 397 301 397 301 397 301 397 301 397 300 397 293 397 285 397 277 397 258 397 250 397 237 397 231 397 223 397 212 397 211 
91 3 0 1 1 1 521 44 -1 -1 0 2959 521 21 521 20 521 20 521 21 521 21 521 23 521 25 521 27 521 35 521 38 521 42 521 43 521 44 521 44 
91 3 0 1 1 1 209 0 -1 -1 0 5341 209 231 209 65 209 70 209 77 209 84 209 91 209 104 209 108 209 111 209 116 209 118 209 122 209 127 209 128 209 128 209 128 209 128 209 127 209 127 209 126 209 125 209 123 209 122 209 119 209 116 209 110 209 106 209 102 209 92 209 87 209 83 209 76 209 72 209 67 209 53 209 44 209 22 209 8 209 0 209 0 209 0 209 0 209 0 209 0 209 0 209 1 209 7 209 19 209 28 209 39 209 68 209 81 209 89 209 99 209 98 209 96 209 92 209 88 209 86 209 84 209 76 209 72 209 61 209 53 209 45 209 25 209 15 209 4 209 0 209 0 209 0 209 0 209 0 209 0 209 0 209 0 209 0 209 0 
91 3 0 1 1 1 411 549 -1 -1 1 3058 411 442 411 599 411 599 411 599 411 599 411 599 411 598 411 596 411 594 411 591 411 589 411 585 411 583 411 580 411 570 411 561 411 555 411 552 411 549 
91 3 0 1 1 1 457 473 -1 -1 1 2331 457 458 457 473 
91 3 0 1 1 1 300 336 -1 -1 1 2842 300 338 300 340 300 340 300 340 300 342 300 342 300 343 300 344 300 346 300 346 300 343 300 342 300 342 300 340 300 340 300 339 300 338 300 336 300 336 
91 3 0 1 1 1 504 591 -1 -1 1 2504 504 527 504 599 504 598 504 598 504 595 504 591 
91 3 0 1 1 1 158 362 -1 -1 0 2328 158 402 158 362 
91 3 0 1 1 1 196 158 -1 -1 0 2427 196 163 196 158 196 158 196 158 196 158 
91 3 0 1 1 1 100 485 -1 -1 0 3463 100 362 100 485 
91 3 0 1 1 1 63 258 -1 -1 0 3986 63 244 63 266 63 266 63 264 63 261 63 258 
91 3 0 1 1 2 383 116 1 6044 3 
91 3 0 1 1 2 549 50 1 706 3 
91 3 0 1 1 2 383 316 1 688 3 
91 3 0 1 1 2 549 449 1 577 3 
91 3 0 1 1 2 283 349 0 723 3 
91 3 0 1 1 2 249 416 0 652 3 
91 3 0 1 1 2 249 216 0 607 3 
91 3 0 1 1 2 249 50 0 653 3 
91 3 0 1 1 2 149 549 0 672 3 
91 3 0 1 1 2 549 516 1 796 3 
91 3 0 1 1 2 349 149 1 635 3 
91 3 0 1 1 2 149 183 0 1096 3 
91 3 0 1 1 2 149 349 0 1439 3 
91 3 0 1 1 2 516 449 1 650 3 
91 3 0 1 1 2 50 83 0 665 3 
91 3 0 1 1 2 116 482 0 701 3 
91 3 0 1 1 2 349 449 0 760 3 
91 3 0 1 1 2 216 149 0 1756 3 
91 3 0 1 1 2 50 283 0 860 3 
91 3 0 1 1 2 149 383 0 1977 2 
91 3 0 1 1 2 516 349 1 862 2 
91 3 0 1 1 2 316 149 1 1297 2 
91 3 0 1 1 2 383 349 1 728 2 
91 3 0 1 1 2 249 316 0 815 2 
91 3 0 1 1 2 516 216 1 714 2 
91 3 0 1 1 2 116 116 0 702 2 
91 3 0 1 1 2 482 383 1 611 2 
91 3 0 1 1 2 116 416 0 1383 2 
91 3 0 1 1 2 516 249 1 762 2 
91 3 0 1 1 2 482 216 1 709 2 
91 3 0 1 1 2 183 249 0 816 2 
91 3 0 1 1 2 316 116 1 615 2 
91 3 0 1 1 1 488 522 -1 -1 1 7940 493 522 492 522 491 522 490 522 489 522 488 522 487 522 487 522 487 522 488 522 
91 3 0 1 1 1 476 343 -1 -1 1 2818 412 343 476 343 
91 3 0 1 1 1 187 309 -1 -1 0 3737 327 309 381 309 380 309 378 309 374 309 368 309 364 309 353 309 346 309 327 309 318 309 310 309 296 309 289 309 280 309 262 309 253 309 243 309 223 309 214 309 202 309 200 309 198 309 196 309 195 309 194 309 192 309 191 309 190 309 189 309 187 309 187 309 187 309 
91 3 0 1 1 1 72 63 -1 -1 0 2413 63 63 72 63 
91 3 0 1 1 1 132 109 -1 -1 0 3424 132 7 132 0 132 1 132 2 132 3 132 5 132 9 132 14 132 32 132 44 132 57 132 80 132 90 132 97 132 106 132 109 
91 3 0 1 1 1 166 0 -1 -1 0 4065 166 125 166 126 166 124 166 120 166 116 166 110 166 103 166 82 166 69 166 42 166 26 166 13 166 0 166 0 166 0 166 0 166 0 166 0 166 0 166 0 166 0 166 0 166 0 166 0 166 0 166 0 166 0 166 0 166 0 166 0 166 0 166 0 166 0 166 0 166 0 166 0 166 0 166 0 166 0 166 0 166 0 166 0 166 0 
91 3 0 1 1 1 13 596 -1 -1 1 3067 13 550 13 599 13 598 13 597 13 596 13 592 13 590 13 587 13 586 13 586 13 594 13 598 13 599 13 599 13 598 13 597 13 596 
91 3 0 1 1 1 31 0 -1 -1 0 11188 31 242 31 243 31 242 31 241 31 240 31 240 31 241 31 244 31 248 31 253 31 261 31 284 31 300 31 345 31 371 31 397 31 445 31 468 31 493 31 545 31 565 31 576 31 579 31 575 31 571 31 571 31 571 31 569 31 568 31 567 31 566 31 566 31 568 31 574 31 579 31 583 31 584 31 587 31 591 31 596 31 596 31 596 31 596 31 596 31 596 31 596 31 596 31 597 31 599 31 599 31 597 31 594 31 594 31 593 31 591 31 590 31 588 31 581 31 579 31 577 31 570 31 562 31 550 31 547 31 546 31 547 31 547 31 547 31 547 31 546 31 545 31 543 31 539 31 533 31 517 31 507 31 492 31 490 31 490 31 490 31 492 31 493 31 494 31 495 31 496 31 498 31 500 31 507 31 511 31 513 31 515 31 515 31 515 31 513 31 508 31 495 31 490 31 484 31 472 31 466 31 462 31 459 31 459 31 459 31 459 31 460 31 462 31 465 31 469 31 476 31 478 31 479 31 477 31 472 31 460 31 458 31 456 31 455 31 454 31 453 31 451 31 450 31 452 31 460 31 464 31 469 31 474 31 477 31 479 31 480 31 480 31 478 31 475 31 467 31 461 31 453 31 431 31 419 31 404 31 374 31 358 31 333 31 322 31 312 31 302 31 298 31 294 31 283 31 275 31 258 31 249 31 240 31 218 31 205 31 190 31 156 31 135 31 111 31 63 31 38 31 0 31 0 31 0 31 0 31 0 31 0 31 19 31 36 31 72 31 88 31 100 31 107 31 107 31 105 31 105 31 103 31 100 31 96 31 92 31 86 31 77 31 72 31 61 31 53 31 48 31 34 31 27 31 20 31 4 31 0 31 0 31 0 31 0 31 0 31 0 31 0 31 0 31 0 31 0 31 0 31 0 31 0 31 0 31 0 31 0 31 0 31 0 31 0 31 0 31 0 31 0 31 0 31 0 31 0 31 0 31 0 31 0 31 0 31 0 31 0 31 0 31 0 31 0 31 0 31 0 31 0 31 0 31 0 31 0 
91 3 0 1 1 1 114 599 -1 -1 1 3540 114 489 114 599 114 599 114 599 114 599 114 599 114 599 114 599 114 599 
91 3 0 1 1 1 228 0 -1 -1 0 4945 228 91 228 48 228 29 228 9 228 0 228 0 228 0 
91 3 0 1 1 1 172 218 -1 -1 0 3834 172 284 172 314 172 294 172 273 172 255 172 240 172 229 172 218 
91 3 0 1 1 1 114 595 -1 -1 1 2399 83 595 111 595 112 595 112 595 114 595 
91 3 0 1 1 1 89 483 -1 -1 0 2571 93 483 82 483 82 483 82 483 84 483 86 483 89 483 
91 3 0 1 1 1 220 91 -1 -1 0 4020 304 91 216 91 217 91 217 91 218 91 220 91 
91 3 0 1 1 1 408 537 -1 -1 1 2401 353 537 406 537 407 537 408 537 408 537 
91 3 0 1 1 1 276 165 -1 -1 0 2288 275 165 276 165 
91 3 0 1 1 2 249 116 0 5678 2 
91 3 0 1 1 2 449 349 1 1093 2 
91 3 0 1 1 2 482 316 1 563 2 
91 3 0 1 1 2 249 283 0 2532 2 
91 3 0 1 1 2 482 449 1 495 2 
91 3 0 1 1 2 83 316 0 1404 2 
91 3 0 1 1 2 283 183 1 1017 2 
91 3 0 1 1 2 482 116 1 2126 2 
91 3 0 1 1 2 216 549 0 954 2 
91 3 0 1 1 2 316 249 0 840 2 
91 3 0 1 1 2 316 516 1 847 2 
91 3 0 1 1 2 516 50 1 983 2 
91 3 0 1 1 2 116 83 0 1010 2 
91 3 0 1 1 2 183 283 1 865 2 
91 3 0 1 1 2 116 149 0 1575 2 
91 3 0 1 1 2 383 549 1 802 2 
91 3 0 1 1 2 83 549 0 968 2 
91 3 0 1 1 2 416 149 1 1637 2 
91 3 0 1 1 2 83 516 0 2684 3 
91 3 0 1 1 2 50 449 1 2866 4 
91 3 0 1 1 2 516 283 0 1114 3 
91 3 0 1 1 2 183 216 0 446 3 
91 3 0 1 1 2 549 216 0 2119 3 
91 3 0 1 1 2 416 416 1 1163 4 
91 3 0 1 1 2 83 482 1 1456 4 
91 3 0 1 1 2 349 416 1 950 3 
91 3 0 1 1 2 416 116 1 974 4 
91 3 0 1 1 2 216 383 0 2300 3 
91 3 0 1 1 2 482 183 1 1288 4 
91 3 0 1 1 2 316 549 1 1080 4 
91 3 0 1 1 2 83 416 0 654 3 
91 3 0 1 1 2 283 50 1 1241 3 
91 3 0 1 1 1 316 144 -1 -1 0 6564 316 45 316 0 316 0 316 0 316 2 316 6 316 14 316 27 316 61 316 77 316 104 316 115 316 124 316 137 316 140 316 142 316 144 316 145 316 145 316 144 
91 3 0 1 1 1 294 546 -1 -1 1 3011 294 277 294 431 294 440 294 451 294 464 294 477 294 487 294 507 294 515 294 533 294 541 294 545 294 547 294 547 294 547 294 546 294 546 
91 3 0 1 1 1 510 160 -1 -1 1 2333 510 173 510 160 510 160 510 160 
91 3 0 1 1 1 258 130 -1 -1 0 2400 258 160 258 130 
91 3 0 1 1 1 352 599 -1 -1 1 2301 352 338 352 599 352 599 
91 3 0 1 1 1 378 435 -1 -1 1 2415 378 189 378 439 378 438 378 435 
91 3 0 1 1 1 405 478 -1 -1 1 3253 405 541 405 599 405 597 405 594 405 591 405 588 405 586 405 578 405 573 405 561 405 555 405 546 405 526 405 515 405 503 405 485 405 481 405 479 405 478 405 478 
91 3 0 1 1 1 468 75 -1 -1 0 2835 551 75 599 75 597 75 594 75 592 75 591 75 590 75 590 75 588 75 587 75 587 75 585 75 581 75 570 75 551 75 509 75 491 75 469 75 468 75 
91 3 0 1 1 1 350 341 -1 -1 1 2303 333 341 337 341 338 341 340 341 344 341 347 341 348 341 350 341 350 341 350 341 
91 3 0 1 1 1 14 362 -1 -1 0 2266 14 268 14 284 14 298 14 307 14 318 14 335 14 342 14 348 14 359 14 361 14 362 
91 3 0 1 1 1 516 222 -1 -1 1 3042 516 224 516 222 516 222 516 222 
91 3 0 1 1 1 524 582 -1 -1 1 5970 524 285 524 434 524 436 524 451 524 474 524 498 524 521 524 554 524 566 524 594 524 599 524 599 524 599 524 599 524 599 524 599 524 599 524 599 524 593 524 590 524 585 524 585 524 583 524 582 
91 3 0 1 1 1 562 162 -1 -1 1 2349 562 321 562 161 562 162 
91 3 0 1 1 1 525 236 -1 -1 1 2344 525 228 525 230 525 231 525 231 525 232 525 232 525 233 525 234 525 236 
91 3 0 1 1 1 111 430 -1 -1 0 2445 112 430 111 430 
91 3 0 1 1 1 187 179 -1 -1 0 2056 195 179 187 179 
91 3 0 1 1 2 249 249 0 4687 3 
91 3 0 1 1 2 316 416 0 926 3 
91 3 0 1 1 2 482 83 1 511 3 
91 3 0 1 1 2 83 116 1 1502 3 
91 3 0 1 1 2 183 549 0 899 3 
91 3 0 1 1 2 416 316 0 2242 3 
91 3 0 1 1 2 116 249 0 812 3 
91 3 0 1 1 2 549 116 0 1122 3 
91 3 0 1 1 2 116 283 0 803 3 
91 3 0 1 1 2 316 50 1 1151 3 
91 3 0 1 1 2 116 516 1 1635 3 
91 3 0 1 1 2 416 50 1 1358 3 
91 3 0 1 1 2 449 183 0 2248 3 
91 3 0 1 1 2 482 482 1 2806 3 
91 3 0 1 1 2 249 83 1 833 3 
91 3 0 1 1 2 50 549 0 874 3 
91 3 0 1 1 2 183 316 1 1117 3 
91 3 0 1 1 2 116 216 0 2109 3 
91 3 0 1 1 2 183 183 0 1660 3 
91 3 0 1 1 2 283 449 1 965 3 
91 3 0 1 1 2 449 516 1 735 3 
91 3 0 1 1 2 216 183 0 1557 3 
91 3 0 1 1 2 449 149 0 1200 3 
91 3 0 1 1 2 383 383 0 4278 3 
91 3 0 1 1 2 549 283 0 1575 3 
91 3 0 1 1 2 449 383 0 820 3 
91 3 0 1 1 2 183 416 0 1125 3 
91 3 0 1 1 2 183 516 1 939 3 
91 3 0 1 1 2 216 316 0 791 3 
91 3 0 1 1 2 349 349 0 828 3 
91 3 0 1 1 2 316 383 0 754 3 
91 3 0 1 1 2 416 83 1 712 3 
91 3 0 1 1 1 548 324 -1 -1 1 8365 548 233 548 244 548 277 548 321 548 392 548 466 548 495 548 509 548 511 548 514 548 508 548 488 548 431 548 405 548 385 548 351 548 339 548 328 548 324 
91 3 0 1 1 1 152 565 -1 -1 1 3154 152 460 152 589 152 588 152 587 152 585 152 585 152 585 152 584 152 584 152 582 152 580 152 575 152 572 152 570 152 568 152 567 152 566 152 565 
91 3 0 1 1 1 392 582 -1 -1 1 3818 392 376 392 374 392 375 392 377 392 380 392 384 392 391 392 415 392 430 392 461 392 478 392 493 392 518 392 529 392 542 392 564 392 572 392 578 392 582 
91 3 0 1 1 1 449 470 -1 -1 1 2891 449 342 449 482 449 482 449 481 449 481 449 481 449 480 449 480 449 479 449 477 449 472 449 470 
91 3 0 1 1 1 73 374 -1 -1 0 3080 73 412 73 396 73 393 73 388 73 384 73 379 73 374 
91 3 0 1 1 1 284 166 -1 -1 0 3662 284 242 284 206 284 198 284 191 284 186 284 182 284 177 284 173 284 172 284 170 284 168 284 167 284 166 
91 3 0 1 1 1 273 435 -1 -1 1 2513 273 363 273 395 273 397 273 402 273 405 273 408 273 414 273 435 
91 3 0 1 1 1 437 146 -1 -1 0 2520 437 80 437 123 437 124 437 129 437 134 437 140 437 146 
91 3 0 1 1 1 266 214 -1 -1 0 2485 266 172 266 164 266 164 266 164 266 166 266 167 266 171 266 178 266 186 266 196 266 214 
91 3 0 1 1 1 338 173 -1 -1 0 2385 338 203 338 93 338 98 338 106 338 114 338 124 338 134 338 159 338 173 
91 3 0 1 1 1 328 364 -1 -1 1 2903 328 333 328 317 328 329 328 340 328 348 328 353 328 357 328 362 328 362 328 363 328 363 328 364 
91 3 0 1 1 1 599 287 -1 -1 1 2273 599 316 599 277 599 278 599 278 599 280 599 283 599 287 
91 3 0 1 1 1 339 58 -1 -1 0 2364 286 58 339 58 
91 3 0 1 1 1 59 71 -1 -1 0 3051 88 71 63 71 63 71 63 71 63 71 63 71 63 71 63 71 62 71 60 71 59 71 
91 3 0 1 1 1 20 135 -1 -1 0 2304 20 135 20 135 
91 3 0 1 1 1 1 436 -1 -1 0 5955 5 436 2 436 2 436 2 436 1 436 1 436 1 436 
91 3 0 1 1 2 516 549 1 2903 2 
91 3 0 1 1 2 482 516 1 902 2 
91 3 0 1 1 2 149 50 0 503 2 
91 3 0 1 1 2 283 249 1 274 2 
91 3 0 1 1 2 482 249 1 379 2 
91 3 0 1 1 2 216 50 0 258 2 
91 3 0 1 1 2 416 216 1 221 2 
91 3 0 1 1 2 50 482 0 89 2 
91 3 0 1 1 2 449 549 1 65 2 
91 3 0 1 1 2 149 316 0 531 2 
91 3 0 1 1 2 516 482 1 283 2 
91 3 0 1 1 2 316 349 0 600 2 
91 3 0 1 1 2 249 149 1 382 2 
91 3 0 1 1 2 283 116 0 880 2 
91 3 0 1 1 2 416 183 0 1558 2 
91 3 0 1 1 2 50 249 1 624 2 
91 3 0 1 1 2 216 482 0 372 2 
91 3 0 1 1 2 416 516 1 330 2 
91 3 0 1 1 2 183 116 1 1363 2 
91 3 0 1 1 2 249 349 1 269 3 
91 3 0 1 1 2 349 116 1 435 2 
91 3 0 1 1 2 249 516 1 244 3 
91 3 0 1 1 2 316 316 1 727 3 
91 3 0 1 1 2 50 316 0 1204 3 
91 3 0 1 1 2 216 416 0 421 4 
91 3 0 1 1 2 516 183 1 333 3 
91 3 0 1 1 2 183 50 0 271 3 
91 3 0 1 1 2 383 216 0 622 3 
91 3 0 1 1 2 416 449 1 626 4 
91 3 0 1 1 2 316 216 1 1364 4 
91 3 0 1 1 2 149 516 1 343 3 
91 3 0 1 1 2 383 183 0 358 4 
91 3 0 1 1 1 289 97 -1 -1 0 5123 289 220 289 220 289 220 289 220 289 217 289 205 289 191 289 178 289 156 289 146 289 133 289 119 289 117 289 115 289 114 289 113 289 112 289 112 289 112 289 112 289 112 289 114 289 115 289 115 289 111 289 104 289 99 289 98 289 97 
91 3 0 1 1 1 230 391 -1 -1 1 2623 230 377 230 406 230 406 230 405 230 405 230 404 230 403 230 401 230 395 230 391 
91 3 0 1 1 1 50 449 -1 -1 0 2510 50 267 50 450 50 450 50 450 50 449 
91 3 0 1 1 1 76 159 -1 -1 0 2468 76 131 76 190 76 194 76 197 76 201 76 204 76 206 76 206 76 206 76 199 76 193 76 182 76 159 
91 3 0 1 1 1 445 123 -1 -1 0 2396 445 104 445 136 445 135 445 132 445 127 445 123 
91 3 0 1 1 1 219 580 -1 -1 1 2471 219 583 219 599 219 599 219 598 219 598 219 598 219 597 219 597 219 596 219 595 219 594 219 592 219 590 219 584 219 580 
91 3 0 1 1 1 573 421 -1 -1 1 2391 573 505 573 430 573 431 573 432 573 434 573 435 573 436 573 436 573 436 573 436 573 432 573 428 573 421 
91 3 0 1 1 1 110 446 -1 -1 0 2388 110 300 110 454 110 453 110 451 110 446 
91 3 0 1 1 1 395 172 -1 -1 0 2373 395 67 395 191 395 190 395 190 395 189 395 188 395 187 395 185 395 181 395 177 395 172 
91 3 0 1 1 1 577 311 -1 -1 1 2367 577 401 577 313 577 313 577 313 577 312 577 312 577 311 
91 3 0 1 1 1 8 584 -1 -1 0 2293 8 594 8 586 8 585 8 585 8 584 
91 3 0 1 1 1 445 295 -1 -1 1 2299 445 291 445 293 445 293 445 294 445 294 445 295 445 295 445 295 
91 3 0 1 1 1 311 375 -1 -1 1 2686 311 376 311 375 311 375 311 375 311 375 311 375 311 375 
91 3 0 1 1 1 147 365 -1 -1 0 2432 147 366 147 365 
91 3 0 1 1 1 118 547 -1 -1 1 2383 118 548 118 547 
91 3 0 1 1 1 329 442 -1 -1 1 3919 329 452 329 445 329 445 329 445 329 444 329 444 329 443 329 443 329 443 329 443 329 442 329 442 329 442 
91 3 0 1 1 2 149 216 0 4967 3 
91 3 0 1 1 2 449 416 1 545 3 
91 3 0 1 1 2 50 183 0 153 3 
91 3 0 1 1 2 50 216 0 196 3 
91 3 0 1 1 2 349 183 0 487 3 
91 3 0 1 1 2 482 283 1 63 3 
91 3 0 1 1 2 283 549 0 322 3 
91 3 0 1 1 2 549 349 0 104 3 
91 3 0 1 1 2 349 316 1 137 3 
91 3 0 1 1 2 216 283 0 198 3 
91 3 0 1 1 2 183 482 0 82 3 
91 3 0 1 1 2 116 449 1 68 3 
91 3 0 1 1 2 549 482 1 90 3 
91 3 0 1 1 2 50 383 0 233 3 
91 3 0 1 1 2 349 283 0 151 3 
91 3 0 1 1 2 516 116 0 235 3 
91 3 0 1 1 2 249 449 0 391 3 
91 3 0 1 1 2 50 349 0 98 3 
91 3 0 1 1 2 316 482 1 37 3 
91 3 0 1 1 2 549 149 0 214 3 
91 3 0 1 1 2 83 283 0 199 3 
91 3 0 1 1 2 249 482 0 239 3 
91 3 0 1 1 2 482 549 0 229 3 
91 3 0 1 1 2 482 416 0 328 3 
91 3 0 1 1 2 349 249 0 69 3 
91 3 0 1 1 2 383 283 0 356 3 
91 3 0 1 1 2 50 116 0 164 3 
91 3 0 1 1 2 116 50 0 81 3 
91 3 0 1 1 2 349 549 0 658 3 
91 3 0 1 1 2 116 549 0 167 3 
91 3 0 1 1 2 83 50 1 204 3 
91 3 0 1 1 2 316 183 1 182 3 
91 3 0 1 1 1 239 599 -1 -1 1 4731 239 479 239 488 239 490 239 491 239 491 239 491 239 493 239 508 239 517 239 543 239 556 239 567 239 585 239 596 239 599 239 599 239 599 
91 3 0 1 1 1 75 49 -1 -1 0 2520 75 66 75 49 
91 3 0 1 1 1 450 70 -1 -1 0 2320 450 46 450 73 450 73 450 72 450 70 
91 3 0 1 1 1 102 485 -1 -1 0 2057 102 571 102 485 
91 3 0 1 1 1 54 503 -1 -1 0 2341 54 511 54 503 54 503 54 503 
91 3 0 1 1 1 269 299 -1 -1 0 2380 269 247 269 325 269 325 269 325 269 325 269 324 269 324 269 322 269 318 269 306 269 299 
91 3 0 1 1 1 85 438 -1 -1 0 2564 85 414 85 436 85 436 85 437 85 437 85 437 85 437 85 438 85 438 
91 3 0 1 1 1 305 101 -1 -1 0 2347 305 98 305 100 305 100 305 100 305 100 305 100 305 101 305 101 305 101 
91 3 0 1 1 1 75 282 -1 -1 0 2364 75 326 75 361 75 357 75 352 75 348 75 343 75 337 75 329 75 326 75 320 75 317 75 312 75 298 75 291 75 282 
91 3 0 1 1 1 539 252 -1 -1 1 2310 539 216 539 277 539 276 539 274 539 271 539 269 539 267 539 265 539 264 539 262 539 258 539 252 
91 3 0 1 1 1 280 435 -1 -1 1 2293 280 472 280 435 280 435 
91 3 0 1 1 1 58 128 -1 -1 0 2055 58 123 58 128 
91 3 0 1 1 1 341 243 -1 -1 0 3261 341 320 341 243 
91 3 0 1 1 1 205 273 -1 -1 0 2834 230 273 234 273 234 273 236 273 237 273 237 273 237 273 234 273 232 273 227 273 224 273 221 273 217 273 215 273 213 273 209 273 208 273 206 273 205 273 205 273 205 273 
91 3 0 1 1 1 245 557 -1 -1 1 2257 221 557 255 557 255 557 254 557 254 557 253 557 250 557 249 557 248 557 246 557 245 557 
91 3 0 1 1 1 580 137 -1 -1 1 2520 593 137 599 137 596 137 592 137 586 137 583 137 580 137 
91 3 0 1 1 2 349 83 0 3119 3 
91 3 0 1 1 2 449 83 0 913 3 
91 3 0 1 1 2 549 383 1 1233 3 
91 3 0 1 1 2 383 83 1 688 3 
91 3 0 1 1 2 283 216 0 723 3 
91 3 0 1 1 2 83 83 0 533 3 
91 3 0 1 1 2 283 383 0 969 3 
91 3 0 1 1 2 516 383 0 1165 3 
91 3 0 1 1 2 482 50 1 827 3 
91 3 0 1 1 2 482 149 0 878 3 
91 3 0 1 1 2 83 349 0 823 3 
91 3 0 1 1 2 50 149 0 738 3 
91 3 0 1 1 2 416 249 0 652 3 
91 3 0 1 1 2 449 449 1 761 3 
91 3 0 1 1 2 83 149 0 811 3 
91 3 0 1 1 2 549 316 0 581 3 
91 3 0 1 1 2 216 349 0 560 3 
91 3 0 1 1 2 216 449 1 793 3 
91 3 0 1 1 2 183 383 0 784 3 
91 3 0 1 1 2 183 349 0 590 3 
91 3 0 1 1 2 316 283 0 802 3 
91 3 0 1 1 2 149 83 1 711 3 
91 3 0 1 1 2 449 116 0 581 3 
91 3 0 1 1 2 149 249 0 524 3 
91 3 0 1 1 2 349 383 0 1206 3 
91 3 0 1 1 2 416 482 1 602 3 
91 3 0 1 1 2 83 449 0 711 3 
91 3 0 1 1 2 349 516 0 1125 3 
91 3 0 1 1 2 249 183 0 616 3 
91 3 0 1 1 2 116 316 0 509 3 
91 3 0 1 1 2 149 116 1 967 3 
91 3 0 1 1 2 416 349 0 866 3 
91 3 0 1 1 1 0 570 -1 -1 0 16963 315 570 247 570 246 570 244 570 245 570 248 570 254 570 270 570 290 570 320 570 414 570 456 570 517 570 535 570 548 570 561 570 564 570 564 570 565 570 565 570 564 570 562 570 560 570 559 570 558 570 556 570 554 570 543 570 536 570 529 570 513 570 506 570 497 570 476 570 461 570 447 570 415 570 397 570 363 570 342 570 322 570 287 570 271 570 254 570 230 570 229 570 229 570 228 570 227 570 226 570 225 570 224 570 224 570 223 570 222 570 222 570 220 570 219 570 218 570 217 570 213 570 210 570 209 570 209 570 207 570 205 570 202 570 201 570 198 570 194 570 191 570 186 570 173 570 165 570 156 570 145 570 143 570 136 570 130 570 123 570 105 570 96 570 85 570 62 570 51 570 38 570 9 570 0 570 0 570 0 570 0 570 0 570 0 570 0 570 0 570 0 570 0 570 0 570 0 570 0 570 0 570 0 570 2 570 6 570 7 570 6 570 5 570 4 570 3 570 2 570 0 570 0 570 0 570 0 570 0 570 0 570 0 570 0 570 0 570 0 570 0 570 0 570 0 570 0 570 0 570 0 570 
91 3 0 1 1 1 421 323 -1 -1 1 4026 66 323 347 323 348 323 350 323 352 323 353 323 353 323 354 323 356 323 366 323 372 323 378 323 392 323 399 323 414 323 421 323 
91 3 0 1 1 1 473 220 -1 -1 1 4214 190 220 473 220 
91 3 0 1 1 1 599 132 -1 -1 1 4532 452 132 398 132 409 132 421 132 437 132 455 132 476 132 518 132 541 132 595 132 599 132 599 132 599 132 599 132 599 132 599 132 599 132 599 132 599 132 599 132 599 132 599 132 599 132 599 132 599 132 599 132 599 132 599 132 
91 3 0 1 1 1 531 22 -1 -1 0 4312 531 22 531 22 
91 3 0 1 1 1 428 0 -1 -1 0 4301 428 20 428 0 428 0 428 0 428 0 428 0 
91 3 0 1 1 1 233 178 -1 -1 0 2813 233 201 233 178 233 178 
91 3 0 1 1 1 132 327 -1 -1 0 2592 132 390 132 320 132 321 132 322 132 323 132 323 132 325 132 326 132 327 
91 3 0 1 1 1 483 55 -1 -1 0 2435 483 60 483 61 483 61 483 61 483 61 483 61 483 60 483 60 483 58 483 55 
91 3 0 1 1 1 233 58 -1 -1 0 2400 233 51 233 40 233 41 233 45 233 47 233 51 233 53 233 57 233 58 
91 3 0 1 1 1 376 306 -1 -1 1 2372 376 319 376 286 376 287 376 288 376 289 376 290 376 291 376 292 376 296 376 299 376 306 
91 3 0 1 1 1 401 282 -1 -1 1 2306 401 192 401 282 401 282 401 282 
91 3 0 1 1 1 364 323 -1 -1 1 2528 364 309 364 311 364 311 364 311 364 311 364 314 364 317 364 320 364 323 
91 3 0 1 1 1 229 254 -1 -1 0 2542 229 248 229 253 229 254 229 254 229 254 
91 3 0 1 1 1 107 223 -1 -1 0 2486 107 230 107 224 107 224 107 223 
91 3 0 1 1 1 142 42 -1 -1 0 2953 142 124 142 43 142 43 142 42 
91 3 0 1 1 2 216 83 0 4142 2 
91 3 0 1 1 2 383 449 1 1346 3 
91 3 0 1 1 2 449 316 0 1314 3 
91 3 0 1 1 2 183 83 1 650 3 
91 3 0 1 1 2 449 50 0 423 3 
91 3 0 1 1 2 116 383 1 213 3 
91 3 0 1 1 2 449 216 0 832 3 
91 3 0 1 1 2 249 549 1 648 3 
91 3 0 1 1 2 516 149 1 859 3 
91 3 0 1 1 2 383 516 1 583 3 
91 3 0 1 1 2 549 416 0 957 3 
91 3 0 1 1 2 149 283 0 662 3 
91 3 0 1 1 2 349 482 1 580 3 
91 3 0 1 1 2 283 482 1 521 3 
91 3 0 1 1 2 383 149 0 1118 3 
91 3 0 1 1 2 50 416 0 1256 3 
91 3 0 1 1 2 549 83 1 673 3 
91 3 0 1 1 2 349 216 0 963 3 
91 3 0 1 1 2 83 183 0 804 3 
91 3 0 1 1 2 316 449 1 753 3 
91 3 0 1 1 2 149 482 0 877 3 
91 3 0 1 1 2 183 449 1 133 3 
91 3 0 1 1 2 383 50 0 1959 3 
91 3 0 1 1 2 482 349 0 1152 3 
91 3 0 1 1 2 383 416 1 810 3 
91 3 0 1 1 2 283 416 0 625 3 
91 3 0 1 1 2 50 50 1 812 3 
91 3 0 1 1 2 149 149 0 755 3 
91 3 0 1 1 2 283 149 0 894 3 
91 3 0 1 1 2 50 516 1 771 3 
91 3 0 1 1 2 549 183 0 895 3 
91 3 0 1 1 2 283 83 1 773 3 
