Subject 98 in condition 2
Training Condition: 0
Task: 1
Rule: [[[250, 350], [[4538, 4463], [4463, 4538]]], [[350, 250], [[4538, 4463], [4463, 4538]]]]
Noise: 0
CATA=0
CATB=1
Sample keys: 120 122
Resp keys: 307 309
Dim direction: 1 1
Dim minimum: 71 30
Test order: [1, 6, 4, 0, 2, 5, 7, 3]
98 2 0 1 0 1 337 599 -1 -1 0 6218 141 597 141 590 141 589 141 588 141 587 141 586 141 585 141 584 141 583 141 582 141 580 141 579 141 575 141 571 141 566 141 556 141 552 141 548 141 547 141 548 141 555 141 568 141 585 141 599 141 599 141 599 141 599 141 599 141 599 141 599 142 599 147 599 155 599 165 599 176 599 187 599 208 599 218 599 239 599 247 599 254 599 261 599 262 599 263 599 268 599 273 599 284 599 290 599 295 599 299 599 301 599 302 599 306 599 311 599 317 599 324 599 335 599 337 599 
98 2 0 1 0 1 288 599 -1 -1 0 9971 137 136 137 132 137 131 137 130 137 128 137 124 137 119 137 113 137 97 137 89 137 74 137 69 137 67 137 66 137 65 137 64 137 63 137 62 137 61 137 59 137 58 137 57 137 56 137 55 137 54 137 52 137 51 137 49 137 45 137 42 137 34 137 29 137 22 137 4 137 0 137 0 137 0 137 0 137 0 137 0 137 0 137 0 137 0 137 0 137 0 137 0 137 0 137 0 137 0 137 0 137 1 137 6 137 12 137 22 137 37 137 54 137 95 137 120 137 180 137 210 137 242 137 308 137 345 137 379 137 440 137 466 137 507 137 524 137 540 137 572 137 589 137 599 137 599 137 599 137 599 137 599 137 599 137 599 137 599 137 599 137 599 137 599 137 599 137 599 137 599 137 599 137 599 137 599 137 599 137 599 136 599 134 599 131 599 127 599 122 599 115 599 103 599 97 599 80 599 74 599 71 599 64 599 59 599 53 599 46 599 49 599 59 599 74 599 90 599 105 599 118 599 140 599 148 599 153 599 154 599 156 599 166 599 173 599 181 599 190 599 193 599 197 599 202 599 208 599 222 599 231 599 239 599 248 599 251 599 252 599 253 599 254 599 256 599 260 599 265 599 275 599 277 599 280 599 281 599 282 599 283 599 284 599 286 599 287 599 288 599 
98 2 0 1 0 1 0 111 -1 -1 0 7689 539 190 539 0 539 4 539 9 539 15 539 23 539 32 539 57 539 72 539 98 539 109 539 118 539 128 539 131 539 132 539 131 539 127 539 121 539 111 539 98 539 84 539 55 539 42 539 19 539 9 539 1 539 0 539 0 539 0 539 0 539 0 539 0 539 0 539 0 539 0 539 0 539 0 539 0 539 0 539 0 539 0 539 0 539 0 539 0 539 1 539 5 539 7 539 10 539 14 539 21 539 45 539 62 539 92 539 102 539 107 539 109 539 110 539 111 538 111 536 111 535 111 532 111 528 111 522 111 501 111 488 111 465 111 452 111 438 111 413 111 403 111 394 111 378 111 373 111 359 111 350 111 342 111 325 111 316 111 309 111 296 111 290 111 275 111 267 111 259 111 239 111 228 111 216 111 189 111 178 111 156 111 146 111 138 111 122 111 115 111 108 111 94 111 87 111 79 111 55 111 44 111 24 111 13 111 0 111 0 111 0 111 0 111 0 111 0 111 0 111 0 111 0 111 0 111 0 111 0 111 0 111 
98 2 0 1 0 1 206 357 -1 -1 0 8257 206 165 206 166 206 168 206 171 206 177 206 185 206 195 206 217 206 231 206 253 206 260 206 267 206 280 206 288 206 297 206 323 206 339 206 371 206 382 206 390 206 397 206 396 206 394 206 392 206 389 206 388 206 387 206 386 206 385 206 383 206 381 206 379 206 378 206 376 206 375 206 374 206 373 206 371 206 369 206 367 206 362 206 360 206 358 206 356 206 354 206 353 206 352 206 351 206 350 206 351 206 352 206 353 206 354 206 355 206 356 206 357 
98 2 0 1 0 1 599 81 -1 -1 1 6483 196 81 203 81 201 81 197 81 189 81 178 81 166 81 148 81 141 81 129 81 123 81 117 81 107 81 104 81 101 81 92 81 88 81 80 81 76 81 73 81 68 81 67 81 68 81 72 81 77 81 81 81 82 81 81 81 76 81 65 81 51 81 35 81 17 81 0 81 0 81 0 81 0 81 0 81 0 81 0 81 0 81 0 81 0 81 3 81 15 81 36 81 68 81 111 81 168 81 299 81 378 81 527 81 593 81 599 81 599 81 599 81 599 81 599 81 599 81 599 81 599 81 599 81 599 81 599 81 599 81 599 81 599 81 599 81 599 81 599 81 599 81 
98 2 0 1 0 1 0 128 -1 -1 0 3672 509 128 506 128 504 128 500 128 492 128 479 128 460 128 407 128 373 128 302 128 268 128 232 128 154 128 111 128 68 128 0 128 0 128 0 128 0 128 0 128 0 128 0 128 0 128 0 128 0 128 0 128 0 128 0 128 0 128 0 128 
98 2 0 1 0 1 599 158 -1 -1 1 3785 4 158 3 158 5 158 13 158 27 158 46 158 72 158 149 158 208 158 359 158 442 158 514 158 599 158 599 158 599 158 599 158 599 158 599 158 599 158 599 158 599 158 599 158 599 158 599 158 
98 2 0 1 0 1 599 599 -1 -1 1 5017 182 19 156 19 170 19 196 19 233 19 278 19 323 19 430 19 488 19 592 19 599 19 599 19 599 19 599 19 599 19 599 19 599 19 599 19 599 19 599 19 599 19 599 19 599 22 599 20 599 12 599 0 599 0 599 0 599 0 599 0 599 0 599 0 599 0 599 0 599 0 599 0 599 0 599 0 599 0 599 0 599 0 599 0 599 0 599 0 599 0 599 0 599 3 599 20 599 110 599 176 599 332 599 417 599 507 599 599 599 599 599 599 599 599 599 599 599 599 599 599 599 599 599 599 599 599 599 599 599 599 599 599 599 599 599 599 599 599 599 599 599 599 
98 2 0 1 0 1 596 517 -1 -1 1 3690 596 259 596 242 596 241 596 240 596 238 596 233 596 226 596 218 596 199 596 189 596 169 596 163 596 159 596 156 596 155 596 154 596 152 596 149 596 145 596 144 596 145 596 156 596 179 596 211 596 245 596 315 596 347 596 375 596 417 596 429 596 446 596 456 596 466 596 488 596 497 596 505 596 517 
98 2 0 1 0 1 469 295 -1 -1 1 4514 38 295 16 295 15 295 13 295 12 295 10 295 9 295 3 295 0 295 0 295 0 295 0 295 0 295 0 295 0 295 0 295 0 295 0 295 2 295 10 295 21 295 39 295 61 295 88 295 151 295 183 295 240 295 263 295 286 295 335 295 367 295 416 295 541 295 599 295 599 295 599 295 599 295 599 295 599 295 599 295 599 295 599 295 599 295 599 295 599 295 599 295 598 295 594 295 590 295 582 295 571 295 559 295 533 295 522 295 505 295 498 295 492 295 481 295 476 295 472 295 471 295 469 295 
98 2 0 1 0 1 363 0 -1 -1 1 7777 368 514 368 599 368 597 368 595 368 592 368 587 368 578 368 536 368 503 368 403 368 340 368 266 368 96 368 5 368 0 368 0 368 0 368 0 368 0 368 0 368 0 368 0 368 0 368 0 368 0 368 0 368 0 368 0 368 0 368 0 369 0 380 0 400 0 423 0 449 0 470 0 515 0 539 0 595 0 599 0 599 0 599 0 599 0 599 0 599 0 599 0 599 0 599 0 599 0 599 0 599 0 599 0 598 0 595 0 592 0 588 0 583 0 578 0 569 0 564 0 558 0 555 0 554 0 552 0 548 0 546 0 540 0 538 0 535 0 534 0 533 0 532 0 531 0 530 0 528 0 526 0 522 0 521 0 519 0 515 0 513 0 510 0 504 0 500 0 492 0 489 0 484 0 478 0 476 0 473 0 466 0 463 0 459 0 452 0 449 0 442 0 440 0 438 0 434 0 432 0 430 0 424 0 420 0 415 0 412 0 411 0 406 0 404 0 402 0 398 0 396 0 391 0 389 0 388 0 382 0 379 0 378 0 377 0 376 0 375 0 374 0 373 0 372 0 371 0 369 0 367 0 367 0 366 0 365 0 364 0 363 0 
98 2 0 1 0 1 253 240 -1 -1 1 5104 467 240 468 240 470 240 471 240 473 240 475 240 476 240 477 240 479 240 483 240 489 240 494 240 500 240 504 240 505 240 503 240 501 240 497 240 493 240 485 240 477 240 462 240 457 240 449 240 448 240 446 240 445 240 443 240 440 240 435 240 433 240 429 240 426 240 423 240 419 240 417 240 415 240 409 240 406 240 402 240 398 240 395 240 387 240 385 240 383 240 380 240 379 240 376 240 375 240 373 240 366 240 362 240 356 240 347 240 341 240 335 240 323 240 318 240 307 240 301 240 296 240 289 240 287 240 286 240 285 240 283 240 278 240 274 240 270 240 263 240 260 240 259 240 258 240 257 240 255 240 254 240 253 240 
98 2 0 1 0 1 71 405 -1 -1 0 3778 172 405 171 405 170 405 168 405 165 405 162 405 160 405 158 405 156 405 155 405 154 405 152 405 147 405 145 405 143 405 142 405 141 405 140 405 140 405 138 405 137 405 136 405 132 405 131 405 128 405 126 405 125 405 122 405 121 405 118 405 113 405 112 405 107 405 105 405 104 405 101 405 100 405 96 405 93 405 92 405 90 405 89 405 87 405 86 405 85 405 84 405 83 405 81 405 79 405 78 405 76 405 74 405 73 405 72 405 72 405 71 405 
98 2 0 1 0 1 0 0 -1 -1 0 4770 286 473 285 473 282 473 274 473 263 473 253 473 243 473 224 473 214 473 192 473 182 473 172 473 156 473 148 473 143 473 135 473 133 473 125 473 118 473 107 473 75 473 54 473 36 473 15 473 10 473 6 473 4 473 1 473 0 473 0 473 0 472 0 476 0 489 0 511 0 545 0 597 0 599 0 599 0 599 0 599 0 599 0 599 0 599 0 599 0 599 0 599 0 599 0 599 0 599 0 599 0 599 0 599 0 599 0 599 0 599 0 599 0 595 0 585 0 566 0 534 0 479 0 303 0 193 0 0 0 0 0 0 0 0 0 0 0 0 0 0 0 0 0 0 0 0 0 0 0 0 0 0 0 0 
98 2 0 1 0 1 72 0 -1 -1 1 8993 494 87 517 87 509 87 499 87 487 87 473 87 454 87 397 87 359 87 283 87 248 87 211 87 136 87 100 87 68 87 22 87 1 87 0 87 0 87 0 87 0 87 0 87 0 87 0 87 0 87 0 87 0 87 0 87 0 87 0 87 0 90 0 98 0 110 0 133 0 164 0 203 0 299 0 339 0 406 0 435 0 463 0 513 0 535 0 553 0 589 0 599 0 599 0 599 0 599 0 599 0 599 0 599 0 599 0 599 0 599 0 599 0 599 0 599 0 599 0 599 0 599 0 598 0 594 0 585 0 568 0 539 0 494 0 366 0 281 0 80 0 0 0 0 0 0 0 0 0 0 0 0 0 0 0 0 1 0 8 0 19 0 32 0 46 0 62 0 105 0 136 0 202 0 230 0 254 0 287 0 297 0 306 0 330 0 345 0 387 0 416 0 447 0 498 0 513 0 522 0 524 0 524 0 522 0 516 0 507 0 495 0 480 0 449 0 437 0 426 0 425 0 424 0 422 0 417 0 410 0 386 0 369 0 327 0 306 0 287 0 253 0 243 0 238 0 235 0 234 0 232 0 231 0 228 0 224 0 221 0 217 0 211 0 198 0 192 0 188 0 183 0 180 0 176 0 166 0 162 0 155 0 149 0 145 0 135 0 133 0 132 0 131 0 129 0 127 0 124 0 120 0 114 0 107 0 106 0 105 0 104 0 103 0 100 0 98 0 94 0 90 0 89 0 88 0 86 0 83 0 80 0 78 0 75 0 74 0 73 0 72 0 72 0 
98 2 0 1 0 1 19 168 -1 -1 0 4267 110 168 80 168 78 168 77 168 75 168 70 168 65 168 58 168 49 168 27 168 13 168 0 168 0 168 0 168 0 168 0 168 0 168 0 168 0 168 0 168 0 168 0 168 0 168 1 168 2 168 4 168 6 168 9 168 13 168 14 168 16 168 17 168 18 168 19 168 
98 2 0 1 0 2 416 449 1 3969 4 
98 2 0 1 0 2 183 116 1 2610 4 
98 2 0 1 0 2 249 516 1 2877 4 
98 2 0 1 0 2 283 249 1 1763 4 
98 2 0 1 0 2 50 482 1 2453 3 
98 2 0 1 0 2 416 183 1 1498 4 
98 2 0 1 0 2 383 216 1 3252 4 
98 2 0 1 0 2 149 316 1 2025 3 
98 2 0 1 0 2 449 549 1 2009 4 
98 2 0 1 0 2 482 249 1 3277 5 
98 2 0 1 0 2 249 149 1 1412 4 
98 2 0 1 0 2 149 50 1 3566 4 
98 2 0 1 0 2 316 349 1 1004 4 
98 2 0 1 0 2 516 183 1 849 4 
98 2 0 1 0 2 316 316 1 989 4 
98 2 0 1 0 2 149 516 1 1834 4 
98 2 0 1 0 2 216 416 1 3149 4 
98 2 0 1 0 2 216 482 1 1070 4 
98 2 0 1 0 2 316 216 1 1028 4 
98 2 0 1 0 2 183 50 1 1060 4 
98 2 0 1 0 2 216 50 1 799 4 
98 2 0 1 0 2 516 549 1 980 3 
98 2 0 1 0 2 50 316 0 3338 4 
98 2 0 1 0 2 283 116 1 1117 3 
98 2 0 1 0 2 383 183 1 1074 3 
98 2 0 1 0 2 416 516 1 976 4 
98 2 0 1 0 2 349 116 1 716 4 
98 2 0 1 0 2 249 349 1 839 4 
98 2 0 1 0 2 482 516 1 800 4 
98 2 0 1 0 2 416 216 1 802 4 
98 2 0 1 0 2 516 482 1 819 4 
98 2 0 1 0 2 50 249 0 2308 3 
98 2 0 1 0 1 273 447 -1 -1 0 8876 396 272 385 272 388 272 394 272 407 272 424 272 444 272 484 272 502 272 530 272 540 272 550 272 567 272 574 272 579 272 585 272 587 272 588 272 588 272 586 272 582 272 573 272 561 272 546 272 513 272 496 272 461 272 442 272 424 272 396 272 385 272 374 272 355 272 347 272 334 272 328 272 323 272 312 272 307 272 302 272 288 272 282 272 274 272 273 272 273 273 273 277 273 281 273 286 273 291 273 295 273 299 273 300 273 301 273 302 273 303 273 305 273 314 273 327 273 346 273 388 273 407 273 435 273 442 273 446 273 448 273 452 273 460 273 470 273 479 273 495 273 499 273 503 273 505 273 507 273 522 273 533 273 544 273 560 273 563 273 564 273 561 273 559 273 556 273 552 273 549 273 546 273 545 273 544 273 543 273 542 273 541 273 540 273 538 273 536 273 534 273 532 273 529 273 528 273 527 273 526 273 524 273 520 273 516 273 510 273 507 273 505 273 504 273 503 273 500 273 495 273 488 273 482 273 473 273 471 273 469 273 463 273 456 273 451 273 448 273 447 
98 2 0 1 0 1 0 599 -1 -1 0 6553 247 418 183 418 182 418 180 418 176 418 169 418 158 418 131 418 113 418 66 418 42 418 19 418 0 418 0 418 0 418 0 418 0 418 0 418 0 418 0 418 0 418 0 418 0 418 0 418 0 418 0 418 0 418 0 418 0 418 0 418 0 432 0 434 0 438 0 447 0 461 0 478 0 517 0 537 0 579 0 598 0 599 0 599 0 599 0 599 0 599 0 599 0 599 0 599 0 599 0 599 0 599 0 599 0 599 0 599 0 599 0 599 0 599 0 599 0 599 
98 2 0 1 0 1 0 227 -1 -1 0 6025 415 117 413 117 411 117 410 117 410 117 411 117 413 117 417 117 419 117 423 117 432 117 474 117 506 117 580 117 599 117 599 117 599 117 599 117 599 117 599 117 599 117 599 117 599 117 599 117 598 117 588 117 564 117 523 117 455 117 267 117 147 117 15 117 0 117 0 117 0 117 0 117 0 117 0 117 0 117 0 117 0 117 0 117 0 117 0 117 0 119 0 126 0 137 0 153 0 174 0 236 0 273 0 346 0 377 0 404 0 447 0 469 0 489 0 526 0 541 0 563 0 568 0 569 0 568 0 567 0 565 0 560 0 551 0 536 0 499 0 479 0 444 0 429 0 415 0 393 0 382 0 368 0 341 0 329 0 307 0 295 0 282 0 259 0 250 0 242 0 229 0 223 0 210 0 203 0 196 0 188 0 187 0 186 0 185 0 184 0 182 0 183 0 189 0 201 0 217 0 235 0 253 0 283 0 297 0 329 0 345 0 359 0 385 0 395 0 402 0 410 0 412 0 418 0 424 0 430 0 446 0 452 0 457 0 459 0 460 0 461 0 462 0 460 0 454 0 444 0 429 0 406 0 380 0 328 0 307 0 276 0 267 0 261 0 254 0 253 0 249 0 244 0 240 0 230 0 228 0 227 
98 2 0 1 0 1 0 0 -1 -1 1 6331 431 431 431 599 431 598 431 597 431 591 431 584 431 573 431 540 431 520 431 478 431 459 431 443 431 424 431 420 431 417 431 407 431 395 431 358 431 334 431 305 431 234 431 197 431 163 431 106 431 81 431 21 431 0 431 0 431 0 431 0 431 0 431 0 431 0 431 0 431 0 431 0 433 0 445 0 469 0 516 0 599 0 599 0 599 0 599 0 599 0 599 0 599 0 599 0 599 0 599 0 597 0 589 0 576 0 553 0 505 0 313 0 136 0 0 0 0 0 0 0 0 0 0 0 0 0 0 0 0 0 0 0 0 0 0 0 0 0 0 0 41 0 23 0 2 0 0 0 0 0 0 0 0 0 0 0 0 0 0 0 0 0 0 0 0 0 0 0 0 0 0 0 0 0 0 0 0 0 0 0 0 0 0 0 0 0 0 0 
98 2 0 1 0 1 0 48 -1 -1 0 5607 380 425 380 484 380 483 380 470 380 441 380 398 380 338 380 211 380 145 380 48 380 14 380 0 380 0 380 0 380 0 380 0 380 0 380 0 380 0 380 0 380 0 380 0 380 0 380 0 380 0 380 0 380 0 422 0 461 0 524 0 599 0 599 0 599 0 599 0 599 0 599 0 599 0 599 0 599 0 599 0 599 0 599 0 599 0 599 0 599 0 598 0 585 0 560 0 523 0 471 0 400 0 220 0 127 0 0 0 0 0 0 0 0 0 0 0 0 0 0 0 0 0 0 0 0 0 0 0 0 0 0 0 0 0 0 0 0 1 0 2 0 3 0 3 0 4 0 5 0 8 0 12 0 16 0 18 0 20 0 27 0 31 0 34 0 43 0 47 0 48 
98 2 0 1 0 1 130 192 -1 -1 0 8545 335 493 335 508 335 500 335 485 335 465 335 441 335 414 335 343 335 302 335 236 335 207 335 184 335 144 335 125 335 106 335 71 335 53 335 5 335 0 335 0 335 0 335 0 335 0 335 0 335 0 335 0 335 0 335 0 335 0 335 0 336 0 339 0 343 0 351 0 368 0 401 0 553 0 599 0 599 0 599 0 599 0 599 0 599 0 599 0 599 0 599 0 599 0 599 0 599 0 599 0 599 0 599 0 598 0 587 0 511 0 424 0 305 0 26 0 0 0 0 0 0 0 0 0 0 0 0 0 0 0 0 0 0 0 0 0 0 0 0 0 0 0 0 0 40 0 41 0 42 0 43 0 46 0 52 0 60 0 70 0 88 0 93 0 96 0 101 0 103 0 104 0 105 0 107 0 112 0 117 0 121 0 129 0 130 0 130 0 130 0 130 0 130 0 130 0 130 0 130 0 130 0 130 0 130 0 130 0 130 0 130 1 130 9 130 29 130 61 130 109 130 168 130 294 130 368 130 524 130 599 130 599 130 599 130 599 130 599 130 599 130 596 130 585 130 566 130 539 130 510 130 481 130 428 130 400 130 358 130 346 130 338 130 319 130 310 130 303 130 287 130 281 130 263 130 254 130 246 130 239 130 235 130 232 130 223 130 219 130 207 130 199 130 194 130 192 
98 2 0 1 0 1 506 232 -1 -1 1 8497 506 158 506 411 506 411 506 413 506 414 506 415 506 416 506 417 506 420 506 422 506 424 506 425 506 425 506 424 506 422 506 419 506 416 506 412 506 409 506 398 506 392 506 380 506 372 506 365 506 342 506 326 506 310 506 277 506 260 506 224 506 205 506 185 506 147 506 131 506 115 506 89 506 78 506 54 506 44 506 35 506 25 506 22 506 23 506 24 506 26 506 31 506 38 506 43 506 49 506 50 506 51 506 52 506 53 506 56 506 59 506 62 506 64 506 65 506 66 506 67 506 69 506 71 506 73 506 81 506 87 506 109 506 122 506 137 506 165 506 179 506 190 506 210 506 218 506 228 506 230 506 231 506 232 
98 2 0 1 0 1 302 0 -1 -1 1 3235 302 112 302 140 302 139 302 138 302 137 302 136 302 135 302 133 302 129 302 120 302 109 302 96 302 66 302 53 302 41 302 40 302 39 302 35 302 26 302 13 302 0 302 0 302 0 302 0 302 0 302 0 302 0 302 0 302 0 302 0 302 0 302 0 302 0 302 0 
98 2 0 1 0 1 284 599 -1 -1 0 3337 284 165 284 166 284 168 284 174 284 185 284 200 284 217 284 251 284 273 284 340 284 381 284 425 284 506 284 540 284 571 284 599 284 599 284 599 284 599 284 599 284 599 284 599 284 599 284 599 284 599 284 599 284 599 284 599 284 599 284 599 284 599 284 599 
98 2 0 1 0 1 349 153 -1 -1 1 13809 6 582 6 570 6 573 6 575 6 578 6 582 6 588 6 599 6 599 6 599 6 599 6 599 6 599 6 599 6 599 6 599 6 599 6 599 6 599 6 599 6 599 6 599 6 599 6 599 8 599 18 599 39 599 69 599 106 599 141 599 198 599 217 599 237 599 240 599 241 599 242 599 247 599 258 599 273 599 296 599 327 599 388 599 415 599 454 599 465 599 471 599 474 599 476 599 479 599 485 599 495 599 511 599 519 599 527 599 535 599 534 599 530 599 524 599 519 599 515 599 512 599 511 599 510 599 509 599 508 599 506 599 505 599 504 599 503 599 502 599 501 599 499 599 497 599 495 599 488 599 484 599 480 599 472 599 470 599 466 599 464 599 460 599 451 599 449 599 447 599 445 599 444 599 443 599 441 599 437 599 433 599 431 599 430 599 429 599 428 599 426 599 424 599 421 599 419 599 418 599 416 599 412 599 403 599 403 584 403 565 403 511 403 478 403 407 403 380 403 354 403 304 403 276 403 247 403 198 403 178 403 148 403 139 403 134 403 132 403 130 403 128 403 123 403 116 403 108 403 91 403 83 403 70 403 67 403 65 403 64 403 65 403 67 403 70 403 73 403 75 403 78 403 82 403 85 403 100 403 108 403 115 403 127 403 135 403 146 403 177 403 193 403 232 403 256 403 280 403 326 403 343 403 356 403 372 403 378 403 382 403 389 403 392 403 400 403 404 403 406 402 406 396 406 383 406 368 406 351 406 330 406 285 406 256 406 198 406 167 406 135 406 74 406 45 406 18 406 0 406 0 406 0 406 0 406 0 406 0 406 0 406 0 406 3 406 11 406 22 406 39 406 63 406 146 406 208 406 265 406 348 406 378 406 436 406 462 406 483 406 518 406 534 406 549 406 579 406 592 406 599 406 595 406 583 406 563 406 532 406 485 406 330 406 223 406 0 406 0 406 0 406 0 406 0 406 0 406 0 406 0 406 0 406 1 406 11 406 87 406 188 406 313 406 583 406 599 406 599 406 599 406 599 406 599 406 599 406 599 406 598 406 597 406 175 406 183 406 198 406 218 406 244 406 272 406 332 406 360 406 400 406 410 406 413 406 414 406 416 406 422 406 432 406 447 406 470 406 536 406 569 406 599 406 599 406 598 406 594 406 585 406 568 406 543 406 513 406 447 406 413 406 366 406 355 406 353 406 352 406 350 406 344 406 338 406 331 406 323 406 307 406 300 406 289 406 286 406 283 406 282 406 281 406 280 406 279 406 278 406 277 406 276 406 275 406 274 406 272 406 273 406 277 406 283 406 291 406 299 406 310 406 332 406 341 406 349 406 349 405 349 399 349 388 349 371 349 347 349 317 349 256 349 225 349 175 349 160 349 153 
98 2 0 1 0 1 98 355 -1 -1 0 5531 98 373 98 370 98 369 98 366 98 363 98 359 98 357 98 355 
98 2 0 1 0 1 456 109 -1 -1 1 6266 456 454 456 453 456 449 456 443 456 434 456 425 456 415 456 394 456 383 456 358 456 340 456 319 456 278 456 258 456 239 456 202 456 182 456 124 456 95 456 72 456 20 456 0 456 0 456 0 456 0 456 0 456 0 456 0 456 0 456 0 456 0 456 0 456 139 456 146 456 152 456 157 456 161 456 166 456 183 456 198 456 234 456 252 456 267 456 279 456 278 456 277 456 277 456 276 456 275 456 272 456 253 456 239 456 202 456 181 456 161 456 127 456 114 456 105 456 91 456 86 456 70 456 61 456 52 456 40 456 36 456 34 456 35 456 38 456 42 456 46 456 50 456 54 456 59 456 61 456 62 456 63 456 64 456 65 456 66 456 69 456 73 456 78 456 82 456 89 456 92 456 98 456 100 456 101 456 102 456 103 456 105 456 108 456 109 
98 2 0 1 0 1 578 542 -1 -1 1 4063 578 307 578 296 578 294 578 288 578 280 578 270 578 257 578 232 578 218 578 191 578 179 578 168 578 152 578 145 578 141 578 135 578 132 578 128 578 124 578 118 578 108 578 103 578 98 578 87 578 80 578 68 578 62 578 59 578 62 578 74 578 93 578 118 578 149 578 186 578 270 578 311 578 387 578 420 578 448 578 486 578 498 578 508 578 518 578 520 578 522 578 523 578 524 578 526 578 529 578 535 578 542 
98 2 0 1 0 1 385 365 -1 -1 1 4594 385 44 385 43 385 42 385 40 385 36 385 30 385 23 385 17 385 2 385 0 385 0 385 0 385 0 385 0 385 0 385 0 385 0 385 0 385 0 385 0 385 0 385 0 385 0 385 0 385 0 385 0 385 0 385 0 385 0 385 1 385 8 385 25 385 56 385 100 385 151 385 237 385 265 385 299 385 310 385 316 385 325 385 329 385 334 385 342 385 344 385 346 385 347 385 349 385 350 385 351 385 352 385 353 385 354 385 355 385 356 385 357 385 359 385 361 385 363 385 365 
98 2 0 1 0 1 559 599 -1 -1 0 3640 559 385 559 383 559 384 559 386 559 390 559 397 559 405 559 415 559 429 559 435 559 450 559 461 559 475 559 506 559 518 559 524 559 528 559 530 559 541 559 549 559 557 559 583 559 596 559 599 559 599 559 599 559 599 559 599 559 599 559 599 559 599 559 599 559 599 559 599 559 599 559 599 559 599 559 599 559 599 559 599 559 599 
98 2 0 1 0 1 51 290 -1 -1 0 5155 51 429 51 417 51 425 51 437 51 451 51 463 51 476 51 497 51 510 51 542 51 559 51 574 51 598 51 599 51 599 51 599 51 599 51 598 51 592 51 583 51 570 51 554 51 534 51 475 51 449 51 419 51 416 51 415 51 414 51 413 51 412 51 411 51 407 51 403 51 382 51 371 51 361 51 352 51 350 51 349 51 348 51 347 51 345 51 342 51 336 51 329 51 313 51 305 51 293 51 291 51 290 
98 2 0 1 0 2 183 482 0 6074 3 
98 2 0 1 0 2 349 249 1 4295 3 
98 2 0 1 0 2 549 482 1 3368 2 
98 2 0 1 0 2 316 482 0 3053 2 
98 2 0 1 0 2 149 216 0 2772 2 
98 2 0 1 0 2 349 549 1 2483 3 
98 2 0 1 0 2 349 183 1 1381 3 
98 2 0 1 0 2 349 316 0 2431 2 
98 2 0 1 0 2 116 549 1 4542 2 
98 2 0 1 0 2 116 50 0 4110 3 
98 2 0 1 0 2 216 283 1 1507 2 
98 2 0 1 0 2 549 149 1 1235 3 
98 2 0 1 0 2 549 349 1 916 3 
98 2 0 1 0 2 50 183 0 2434 3 
98 2 0 1 0 2 482 283 1 1170 2 
98 2 0 1 0 2 249 482 1 1415 2 
98 2 0 1 0 2 283 549 1 675 2 
98 2 0 1 0 2 316 183 1 1284 3 
98 2 0 1 0 2 383 283 0 1579 3 
98 2 0 1 0 2 116 449 1 2769 3 
98 2 0 1 0 2 249 449 1 1500 3 
98 2 0 1 0 2 83 50 0 1661 3 
98 2 0 1 0 2 349 283 1 4996 2 
98 2 0 1 0 2 482 549 1 1830 2 
98 2 0 1 0 2 482 416 0 1453 2 
98 2 0 1 0 2 83 283 0 1214 2 
98 2 0 1 0 2 50 349 0 961 2 
98 2 0 1 0 2 50 116 0 3022 2 
98 2 0 1 0 2 449 416 1 2868 3 
98 2 0 1 0 2 50 383 0 3193 3 
98 2 0 1 0 2 516 116 1 4202 3 
98 2 0 1 0 2 50 216 0 1866 3 
98 2 0 1 0 1 51 183 -1 -1 0 9195 59 150 53 150 52 150 52 150 52 150 51 150 51 151 51 155 51 161 51 170 51 179 51 189 51 209 51 218 51 232 51 237 51 240 51 244 51 246 51 249 51 258 51 263 51 271 51 275 51 279 51 285 51 286 51 285 51 282 51 277 51 271 51 264 51 256 51 239 51 230 51 205 51 189 51 171 51 138 51 121 51 105 51 78 51 67 51 57 51 54 51 50 51 35 51 26 51 16 51 0 51 0 51 0 51 0 51 0 51 0 51 0 51 0 51 0 51 0 51 1 51 8 51 20 51 32 51 42 51 51 51 66 51 73 51 90 51 98 51 105 51 114 51 116 51 117 51 118 51 120 51 127 51 132 51 137 51 150 51 161 51 172 51 191 51 195 51 197 51 198 51 199 51 200 51 202 51 206 51 209 51 211 51 212 51 211 51 210 51 207 51 204 51 199 51 194 51 188 51 180 51 178 51 179 51 180 51 181 51 182 51 183 
98 2 0 1 0 1 549 599 -1 -1 0 6082 549 473 549 467 549 468 549 469 549 470 549 471 549 472 549 473 549 474 549 475 549 476 549 477 549 480 549 483 549 491 549 497 549 511 549 520 549 529 549 552 549 560 549 567 549 571 549 572 549 573 549 574 549 578 549 582 549 587 549 594 549 599 549 599 549 599 549 599 549 599 549 599 549 598 549 593 549 586 549 576 549 566 549 555 549 542 549 540 549 539 549 538 549 535 549 533 549 529 549 523 549 512 549 506 549 495 549 490 549 488 549 487 549 488 549 492 549 499 549 508 549 520 549 533 549 559 549 570 549 592 549 599 549 599 549 599 549 599 549 599 549 599 549 599 549 599 549 599 549 599 549 599 549 599 549 599 549 599 549 599 
98 2 0 1 0 1 175 532 -1 -1 0 4154 175 170 175 111 175 116 175 119 175 121 175 122 175 123 175 124 175 127 175 144 175 153 175 165 175 183 175 190 175 194 175 199 175 201 175 202 175 204 175 205 175 217 175 225 175 235 175 265 175 291 175 357 175 395 175 432 175 498 175 524 175 545 175 581 175 598 175 599 175 599 175 599 175 599 175 598 175 595 175 592 175 590 175 589 175 588 175 586 175 583 175 579 175 573 175 557 175 549 175 540 175 538 175 537 175 534 175 532 
98 2 0 1 0 1 194 169 -1 -1 1 4546 194 95 194 50 194 53 194 57 194 62 194 66 194 69 194 70 194 67 194 63 194 55 194 46 194 39 194 32 194 19 194 15 194 14 194 15 194 21 194 28 194 39 194 50 194 62 194 82 194 90 194 99 194 100 194 101 194 105 194 108 194 111 194 115 194 117 194 119 194 125 194 136 194 150 194 161 194 169 
98 2 0 1 0 1 254 360 -1 -1 0 7408 21 78 2 78 0 78 0 78 0 78 0 78 0 78 0 78 0 78 0 78 0 78 0 78 0 78 0 78 0 78 0 78 0 78 0 78 2 78 13 78 31 78 53 78 77 78 100 78 142 78 160 78 182 78 186 78 188 78 196 78 207 78 221 78 245 78 257 78 275 78 281 78 283 78 284 78 285 78 286 78 294 78 300 78 309 78 310 78 309 78 305 78 301 78 298 78 295 78 294 78 293 78 292 78 290 78 286 78 280 78 271 78 262 78 254 78 254 78 254 82 254 89 254 97 254 109 254 124 254 157 254 173 254 196 254 206 254 217 254 238 254 248 254 256 254 271 254 276 254 286 254 292 254 298 254 309 254 313 254 315 254 319 254 322 254 332 254 336 254 339 254 344 254 345 254 346 254 347 254 349 254 351 254 352 254 353 254 354 254 355 254 356 254 358 254 360 254 362 254 363 254 364 254 363 254 362 254 361 254 360 
98 2 0 1 0 1 232 319 -1 -1 0 4266 88 423 86 423 92 423 100 423 108 423 116 423 121 423 125 423 126 423 129 423 131 423 135 423 145 423 150 423 156 423 161 423 163 423 164 423 165 423 169 423 178 423 188 423 196 423 209 423 212 423 218 423 220 423 221 423 222 423 224 423 226 423 228 423 230 423 232 423 232 423 232 422 232 421 232 420 232 416 232 413 232 409 232 407 232 402 232 399 232 397 232 392 232 388 232 384 232 371 232 365 232 352 232 342 232 332 232 319 
98 2 0 1 0 1 235 219 -1 -1 1 5416 540 393 507 393 511 393 518 393 529 393 538 393 546 393 558 393 562 393 570 393 572 393 573 393 575 393 579 393 586 393 594 393 599 393 599 393 599 393 598 393 592 393 584 393 572 393 554 393 534 393 482 393 454 393 414 393 401 393 393 393 388 393 386 393 385 393 384 393 383 393 378 393 372 393 365 393 347 393 340 393 335 393 332 393 330 393 329 393 327 393 324 393 321 393 318 393 312 393 309 393 302 393 300 393 298 393 297 393 296 393 295 393 293 393 290 393 286 393 283 393 280 393 279 393 276 393 270 393 263 393 247 393 239 393 235 393 235 393 235 392 235 385 235 374 235 359 235 341 235 321 235 273 235 246 235 187 235 159 235 136 235 101 235 90 235 86 235 85 235 88 235 94 235 103 235 113 235 122 235 130 235 140 235 144 235 149 235 151 235 154 235 167 235 178 235 189 235 210 235 216 235 219 
98 2 0 1 0 1 284 599 -1 -1 0 4273 55 371 34 371 34 371 32 371 30 371 24 371 18 371 12 371 0 371 0 371 0 371 0 371 0 371 0 371 2 371 12 371 25 371 43 371 65 371 90 371 140 371 160 371 181 371 183 371 184 371 185 371 187 371 191 371 198 371 206 371 221 371 227 371 234 371 244 371 245 371 247 371 248 371 252 371 260 371 262 371 263 371 264 371 265 371 273 371 278 371 281 371 284 371 284 381 284 388 284 398 284 412 284 430 284 448 284 489 284 508 284 544 284 561 284 578 284 599 284 599 284 599 284 599 284 599 284 599 284 599 284 599 284 599 284 599 284 599 284 599 284 599 
98 2 0 1 0 1 599 0 -1 -1 0 3826 329 190 249 190 262 190 288 190 328 190 392 190 464 190 599 190 599 190 599 190 599 190 599 190 599 190 599 190 599 190 599 190 599 190 599 190 599 190 599 190 599 190 599 190 599 190 599 190 599 190 599 188 599 184 599 171 599 147 599 103 599 38 599 0 599 0 599 0 599 0 599 0 599 0 599 0 599 0 599 0 599 0 599 0 599 0 
98 2 0 1 0 1 91 281 -1 -1 0 3517 1 281 0 281 0 281 0 281 0 281 0 281 0 281 0 281 0 281 0 281 0 281 0 281 0 281 0 281 0 281 0 281 0 281 0 281 0 281 0 281 0 281 0 281 0 281 0 281 0 281 0 281 1 281 2 281 4 281 11 281 22 281 39 281 91 281 
98 2 0 1 0 1 0 0 -1 -1 0 4809 578 136 599 136 587 136 565 136 535 136 501 136 467 136 391 136 347 136 237 136 178 136 124 136 35 136 0 136 0 136 0 136 0 136 0 136 0 136 0 136 0 136 0 136 0 136 0 136 0 136 0 136 0 136 0 136 0 136 0 136 0 136 0 136 0 136 0 138 0 142 0 146 0 156 0 176 0 210 0 343 0 425 0 583 0 599 0 599 0 599 0 599 0 599 0 599 0 599 0 599 0 599 0 599 0 599 0 599 0 599 0 599 0 599 0 599 0 599 0 599 0 599 0 599 0 597 0 584 0 556 0 509 0 440 0 358 0 168 0 66 0 0 0 0 0 0 0 0 0 0 0 0 0 0 0 0 0 0 0 0 0 0 0 0 0 0 0 0 0 0 0 0 0 0 
98 2 0 1 0 1 0 0 -1 -1 0 5240 331 28 591 28 581 28 566 28 541 28 506 28 461 28 344 28 272 28 116 28 45 28 0 28 0 28 0 28 0 28 0 28 0 28 0 28 0 28 0 28 0 28 0 28 0 28 0 28 0 28 0 28 0 28 0 28 0 28 0 23 0 24 0 26 0 31 0 42 0 58 0 98 0 119 0 154 0 165 0 173 0 179 0 180 0 181 0 190 0 200 0 227 0 242 0 253 0 269 0 273 0 278 0 302 0 320 0 357 0 374 0 390 0 420 0 435 0 449 0 470 0 475 0 472 0 462 0 445 0 375 0 303 0 208 0 15 0 0 0 0 0 0 0 0 0 0 0 0 0 0 0 0 0 0 0 0 0 0 0 0 0 0 0 0 0 0 
98 2 0 1 0 1 538 537 -1 -1 1 12587 59 86 300 86 294 86 286 86 271 86 251 86 222 86 145 86 96 86 0 86 0 86 0 86 0 86 0 86 0 86 0 86 0 86 0 86 0 86 0 86 0 86 0 86 0 86 0 86 0 86 0 87 0 89 0 95 0 106 0 124 0 149 0 213 0 249 0 323 0 359 0 399 0 504 0 558 0 599 0 599 0 599 0 599 0 599 0 599 0 599 0 599 0 599 0 599 0 599 0 599 0 597 0 589 0 577 0 561 0 545 0 531 0 514 0 512 0 511 0 510 0 509 0 508 0 507 0 506 0 505 0 503 0 500 0 492 0 481 0 448 0 429 0 391 0 376 0 365 0 358 0 359 0 360 0 364 0 367 0 372 0 377 0 382 0 383 0 384 0 385 0 386 0 387 0 388 0 389 0 390 0 391 0 391 0 391 0 391 0 391 0 391 0 391 0 391 0 391 0 391 0 391 0 391 0 391 0 391 0 391 0 391 1 391 1 402 1 411 1 420 1 428 1 436 1 450 1 458 1 466 1 475 1 486 1 511 1 523 1 535 1 546 1 556 1 566 1 584 1 592 1 599 1 599 1 599 1 599 0 599 0 599 0 599 0 599 0 599 0 599 0 599 0 599 0 599 0 599 0 599 0 599 0 599 0 599 0 599 0 599 0 599 0 599 0 599 0 599 0 599 0 599 0 599 0 599 0 599 37 599 45 599 53 599 61 599 74 599 91 599 132 599 153 599 204 599 235 599 269 599 322 599 340 599 354 599 378 599 389 599 409 599 422 599 441 599 487 599 508 599 523 599 536 599 539 599 541 599 543 599 545 599 559 599 570 599 580 599 598 599 599 599 599 599 599 599 599 599 599 599 599 599 598 599 596 599 594 599 589 599 584 599 579 599 571 599 569 599 568 599 567 599 565 599 564 599 562 599 561 599 559 599 558 599 557 599 556 599 555 599 555 599 553 599 552 599 551 599 550 599 548 599 547 599 545 599 544 599 543 599 542 599 541 599 541 599 540 599 539 599 538 599 538 598 538 597 538 593 538 592 538 591 538 590 538 589 538 588 538 585 538 583 538 569 538 562 538 555 538 545 538 542 538 540 538 540 538 538 538 537 
98 2 0 1 0 1 560 117 -1 -1 1 7695 437 130 429 130 428 130 427 130 426 130 425 130 424 130 423 130 419 130 412 130 405 130 401 130 397 130 395 130 392 130 391 130 391 130 391 130 393 130 397 130 405 130 420 130 441 130 467 130 517 130 536 130 557 130 560 130 560 128 560 125 560 115 560 97 560 74 560 44 560 0 560 0 560 0 560 0 560 0 560 0 560 0 560 0 560 0 560 0 560 0 560 0 560 0 560 0 560 0 560 1 560 9 560 26 560 46 560 72 560 98 560 139 560 155 560 184 560 200 560 215 560 242 560 251 560 257 560 259 560 260 560 262 560 270 560 287 560 315 560 352 560 400 560 475 560 499 560 536 560 548 560 559 560 580 560 589 560 598 560 599 560 599 560 599 560 599 560 599 560 599 560 599 560 599 560 599 560 599 560 599 560 599 560 599 560 599 560 599 560 598 560 597 560 596 560 595 560 590 560 583 560 574 560 565 560 549 560 542 560 529 560 522 560 514 560 501 560 498 560 495 560 485 560 472 560 441 560 423 560 407 560 365 560 336 560 303 560 264 560 224 560 185 560 115 560 84 560 59 560 37 560 22 560 16 560 18 560 22 560 30 560 41 560 57 560 74 560 105 560 113 560 117 
98 2 0 1 0 1 599 599 -1 -1 1 4922 330 394 323 394 327 394 336 394 348 394 363 394 380 394 423 394 447 394 497 394 518 394 535 394 563 394 576 394 588 394 599 394 599 394 599 394 599 394 599 394 599 394 599 394 599 394 599 394 599 394 599 394 599 394 599 394 599 394 599 394 599 394 599 394 599 394 599 391 599 390 599 386 599 382 599 378 599 374 599 366 599 364 599 363 599 362 599 361 599 358 599 355 599 351 599 344 599 340 599 324 599 316 599 311 599 308 599 309 599 317 599 327 599 341 599 378 599 397 599 414 599 442 599 453 599 465 599 489 599 502 599 529 599 542 599 555 599 576 599 581 599 587 599 596 599 599 599 599 599 599 599 599 599 599 599 599 599 599 599 599 599 599 599 599 599 599 599 599 599 599 599 599 599 599 599 599 599 599 
98 2 0 1 0 1 599 45 -1 -1 1 6714 129 541 100 541 100 541 100 541 105 541 117 541 139 541 222 541 268 541 341 541 373 541 398 541 440 541 457 541 475 541 514 541 530 541 550 541 554 541 556 541 554 541 548 541 537 541 507 541 498 541 496 541 496 541 497 541 498 541 500 541 501 541 502 541 502 541 502 541 500 541 497 541 490 541 476 541 470 541 464 541 452 541 447 541 440 541 431 541 428 541 424 541 423 541 421 541 420 541 418 541 416 541 412 541 408 541 399 541 393 541 389 541 382 541 378 541 373 541 353 541 336 541 292 541 263 541 229 541 136 541 82 541 34 541 0 541 0 541 0 541 9 541 25 541 79 541 128 541 206 541 395 541 489 541 572 541 599 541 599 541 599 541 599 541 599 541 599 541 599 541 599 541 599 541 599 541 599 541 599 541 599 541 599 541 599 541 599 541 599 530 599 528 599 526 599 515 599 501 599 484 599 467 599 430 599 410 599 364 599 341 599 321 599 289 599 278 599 268 599 245 599 231 599 201 599 184 599 168 599 137 599 125 599 116 599 106 599 103 599 95 599 89 599 81 599 63 599 56 599 50 599 45 
98 2 0 1 0 2 416 549 0 5129 2 
98 2 0 1 0 2 149 416 1 3205 2 
98 2 0 1 0 2 449 482 0 1052 2 
98 2 0 1 0 2 449 283 1 2288 2 
98 2 0 1 0 2 416 383 1 1409 2 
98 2 0 1 0 2 83 249 0 5129 2 
98 2 0 1 0 2 349 50 1 3944 1 
98 2 0 1 0 2 316 83 1 3404 2 
98 2 0 1 0 2 516 416 0 3359 2 
98 2 0 1 0 2 216 216 0 2552 2 
98 2 0 1 0 2 283 283 1 1594 2 
98 2 0 1 0 2 216 516 1 5090 2 
98 2 0 1 0 2 383 249 1 1497 2 
98 2 0 1 0 2 83 216 0 2305 3 
98 2 0 1 0 2 549 249 1 1435 2 
98 2 0 1 0 2 283 516 1 1064 1 
98 2 0 1 0 2 116 183 1 832 2 
98 2 0 1 0 2 383 482 1 911 2 
98 2 0 1 0 2 516 316 1 1897 3 
98 2 0 1 0 2 116 349 0 981 2 
98 2 0 1 0 2 416 283 1 1573 2 
98 2 0 1 0 2 149 449 0 981 2 
98 2 0 1 0 2 516 516 1 3965 3 
98 2 0 1 0 2 83 383 0 6756 2 
98 2 0 1 0 2 516 83 1 640 2 
98 2 0 1 0 2 216 249 1 810 3 
98 2 0 1 0 2 183 149 1 3550 3 
98 2 0 1 0 2 249 383 0 1014 2 
98 2 0 1 0 2 216 116 1 1614 2 
98 2 0 1 0 2 449 249 1 760 2 
98 2 0 1 0 2 549 549 1 1151 2 
98 2 0 1 0 2 283 316 1 1269 2 
98 2 0 1 0 1 599 599 -1 -1 1 14258 60 66 0 66 6 66 17 66 34 66 62 66 101 66 214 66 277 66 395 66 452 66 506 66 597 66 599 66 599 66 599 66 596 66 588 66 577 66 561 66 548 66 542 66 540 66 541 66 546 66 554 66 566 66 582 66 599 66 599 66 599 66 599 66 599 66 599 66 599 66 599 66 599 66 599 66 599 63 599 62 599 61 599 59 599 56 599 50 599 30 599 18 599 0 599 0 599 0 599 0 599 0 599 0 599 0 599 0 599 0 599 0 599 0 599 0 599 0 599 0 599 0 599 0 599 0 599 0 599 0 599 0 599 0 599 2 599 8 599 15 599 23 599 32 599 40 599 50 599 52 599 53 599 55 599 56 599 57 599 58 599 61 599 79 599 95 599 139 599 169 599 202 599 282 599 329 599 380 599 508 599 566 599 599 599 599 599 599 599 599 599 599 599 599 599 599 599 599 599 599 599 599 599 598 599 597 599 596 599 595 599 594 599 593 599 592 599 591 599 590 599 589 599 588 599 587 599 586 599 585 599 584 599 583 599 583 599 583 599 583 599 583 599 582 599 582 599 581 599 581 599 580 599 579 599 578 599 578 599 578 599 578 599 576 599 572 599 568 599 567 599 567 599 566 599 567 599 568 599 569 599 569 599 567 599 561 599 552 599 538 599 521 599 504 599 462 599 441 599 401 599 383 599 368 599 346 599 342 599 342 599 343 599 345 599 347 599 348 599 350 599 352 599 355 599 366 599 371 599 378 599 400 599 416 599 453 599 470 599 485 599 509 599 525 599 546 599 588 599 599 599 599 599 599 599 599 599 599 599 599 599 599 599 599 599 599 599 599 599 599 599 599 599 599 599 599 599 599 599 599 599 599 599 599 599 599 
98 2 0 1 0 1 599 487 -1 -1 1 8994 417 146 404 146 410 146 420 146 434 146 452 146 473 146 525 146 557 146 599 146 599 146 599 146 599 146 599 146 599 146 599 146 599 146 599 146 599 146 599 146 599 146 599 146 599 146 599 146 599 146 599 146 599 146 599 146 599 144 599 140 599 135 599 128 599 121 599 110 599 98 599 93 599 87 599 85 599 83 599 80 599 77 599 75 599 73 599 73 599 76 599 84 599 94 599 107 599 118 599 139 599 151 599 165 599 195 599 210 599 242 599 257 599 270 599 283 599 285 599 286 599 290 599 297 599 308 599 320 599 340 599 345 599 347 599 348 599 350 599 354 599 361 599 380 599 388 599 393 599 399 599 399 599 398 599 396 599 392 599 389 599 387 599 386 599 385 599 384 599 383 599 382 599 381 599 379 599 378 599 377 599 376 599 375 599 373 599 369 599 364 599 357 599 350 599 349 599 349 599 350 599 354 599 358 599 364 599 372 599 388 599 394 599 400 599 402 599 403 599 404 599 406 599 408 599 411 599 415 599 422 599 424 599 425 599 428 599 430 599 436 599 440 599 442 599 449 599 453 599 457 599 465 599 469 599 476 599 480 599 484 599 489 599 490 599 491 599 492 599 493 599 495 599 498 599 500 599 502 599 501 599 497 599 489 599 478 599 464 599 448 599 423 599 412 599 395 599 390 599 384 599 373 599 365 599 357 599 345 599 340 599 332 599 329 599 327 599 326 599 328 599 332 599 338 599 348 599 360 599 371 599 386 599 390 599 399 599 406 599 415 599 436 599 446 599 455 599 466 599 468 599 469 599 470 599 472 599 475 599 480 599 484 599 487 
98 2 0 1 0 1 599 357 -1 -1 1 7089 159 450 0 450 0 450 0 450 0 450 0 450 0 450 0 450 0 450 0 450 0 450 0 450 0 450 0 450 0 450 0 450 1 450 13 450 37 450 71 450 186 450 278 450 390 450 599 450 599 450 599 450 599 450 599 450 599 450 599 450 599 450 599 450 599 450 599 450 599 450 599 450 599 450 599 450 599 452 599 452 599 449 599 438 599 421 599 402 599 385 599 367 599 334 599 320 599 304 599 300 599 301 599 303 599 308 599 313 599 316 599 319 599 322 599 323 599 324 599 325 599 327 599 328 599 330 599 336 599 338 599 340 599 341 599 342 599 343 599 347 599 350 599 353 599 356 599 361 599 363 599 365 599 364 599 363 599 362 599 361 599 360 599 359 599 358 599 357 
98 2 0 1 0 1 599 245 -1 -1 1 5451 294 504 91 504 88 504 85 504 84 504 83 504 82 504 81 504 78 504 70 504 52 504 26 504 0 504 0 504 0 504 0 504 0 504 0 504 0 504 0 504 0 504 0 504 0 504 0 504 0 504 4 504 22 504 53 504 107 504 282 504 375 504 498 504 535 504 571 504 599 504 599 504 599 504 599 504 599 504 599 504 599 504 599 504 599 504 599 504 599 504 599 511 599 509 599 505 599 494 599 480 599 460 599 412 599 383 599 325 599 294 599 263 599 206 599 181 599 161 599 135 599 129 599 130 599 136 599 145 599 157 599 168 599 179 599 200 599 209 599 221 599 224 599 226 599 233 599 238 599 239 599 239 599 241 599 242 599 244 599 248 599 251 599 258 599 261 599 263 599 262 599 261 599 259 599 258 599 257 599 256 599 254 599 253 599 252 599 251 599 250 599 249 599 248 599 247 599 247 599 246 599 245 
98 2 0 1 0 1 599 94 -1 -1 1 4616 208 242 255 242 263 242 275 242 292 242 319 242 353 242 430 242 469 242 530 242 556 242 582 242 599 242 599 242 599 242 599 242 599 242 599 242 599 242 599 242 599 271 599 263 599 255 599 249 599 242 599 234 599 222 599 218 599 212 599 209 599 206 599 204 599 202 599 201 599 199 599 198 599 197 599 195 599 194 599 191 599 190 599 190 599 189 599 188 599 185 599 184 599 182 599 179 599 177 599 173 599 164 599 158 599 150 599 146 599 145 599 141 599 140 599 139 599 138 599 137 599 131 599 126 599 120 599 113 599 111 599 110 599 108 599 105 599 102 599 100 599 98 599 97 599 96 599 95 599 94 
98 2 0 1 0 1 599 0 -1 -1 1 3603 433 430 354 430 360 430 376 430 398 430 428 430 457 430 515 430 544 430 594 430 599 430 599 430 599 430 599 430 599 430 599 430 599 430 599 430 599 430 599 430 599 430 599 430 599 430 599 430 599 430 599 430 599 430 599 430 599 420 599 402 599 376 599 344 599 311 599 251 599 221 599 148 599 93 599 27 599 0 599 0 599 0 599 0 599 0 599 0 599 0 599 0 599 0 599 0 599 0 
98 2 0 1 0 1 599 0 -1 -1 0 3849 319 429 321 429 323 429 327 429 334 429 342 429 353 429 375 429 383 429 393 429 394 429 395 429 403 429 412 429 462 429 472 429 482 429 493 429 505 429 519 429 546 429 561 429 596 429 599 429 599 429 599 429 599 429 599 429 599 429 599 429 599 429 599 429 599 429 599 429 599 429 599 429 599 429 599 429 599 429 599 423 599 410 599 389 599 357 599 313 599 253 599 113 599 46 599 0 599 0 599 0 599 0 599 0 599 0 599 0 599 0 599 0 
98 2 0 1 0 1 599 0 -1 -1 1 3493 391 466 392 466 396 466 406 466 422 466 444 466 474 466 535 466 565 466 599 466 599 466 599 466 599 466 599 466 599 466 599 466 599 466 599 466 599 466 599 466 599 471 599 469 599 467 599 464 599 457 599 447 599 418 599 397 599 338 599 304 599 270 599 196 599 166 599 134 599 74 599 41 599 0 599 0 599 0 599 0 599 0 599 0 599 0 599 0 599 0 599 0 599 0 
98 2 0 1 0 1 599 0 -1 -1 0 3419 28 380 30 380 41 380 60 380 88 380 124 380 171 380 291 380 348 380 462 380 509 380 548 380 599 380 599 380 599 380 599 380 599 380 599 380 599 380 599 380 599 380 599 397 599 395 599 391 599 382 599 367 599 345 599 285 599 254 599 190 599 155 599 117 599 51 599 23 599 0 599 0 599 0 599 0 599 0 599 0 599 0 599 0 
98 2 0 1 0 1 599 0 -1 -1 0 3299 0 348 0 348 6 348 17 348 34 348 57 348 83 348 145 348 189 348 322 348 389 348 460 348 575 348 599 348 599 348 599 348 599 348 599 348 599 348 599 348 599 348 599 346 599 340 599 331 599 321 599 307 599 290 599 245 599 214 599 147 599 109 599 67 599 0 599 0 599 0 599 0 599 0 599 0 599 0 599 0 599 0 599 0 599 0 
98 2 0 1 0 1 599 0 -1 -1 0 3426 196 277 188 277 190 277 200 277 221 277 252 277 286 277 360 277 399 277 510 277 577 277 599 277 599 277 599 277 599 277 599 277 599 277 599 277 599 277 599 277 599 284 599 284 599 282 599 281 599 280 599 279 599 278 599 273 599 255 599 223 599 164 599 76 599 0 599 0 599 0 599 0 599 0 599 0 599 0 599 0 599 0 599 0 599 0 
98 2 0 1 0 1 384 0 -1 -1 1 4679 482 154 479 154 480 154 481 154 482 154 486 154 488 154 492 154 510 154 520 154 543 154 555 154 563 154 575 154 581 154 588 154 599 154 599 154 599 154 599 154 598 154 592 154 580 154 562 154 540 154 482 154 456 154 438 154 422 154 421 154 420 154 419 154 417 154 415 154 412 154 403 154 396 154 391 154 385 154 384 154 384 154 384 153 384 151 384 148 384 142 384 133 384 125 384 106 384 98 384 84 384 78 384 72 384 58 384 51 384 41 384 18 384 6 384 0 384 0 384 0 384 0 384 0 384 0 384 0 384 0 384 0 384 0 384 0 384 0 384 0 384 0 384 0 
98 2 0 1 0 1 377 0 -1 -1 1 6794 347 163 565 163 561 163 556 163 551 163 546 163 542 163 530 163 525 163 518 163 515 163 514 163 515 163 516 163 520 163 525 163 536 163 552 163 590 163 599 163 599 163 599 163 599 163 599 163 599 163 599 163 599 163 599 163 599 163 598 163 594 163 589 163 585 163 585 163 597 163 599 163 599 163 599 163 599 163 599 163 595 163 581 163 557 163 521 163 438 163 403 163 366 163 289 163 264 163 247 163 228 163 225 163 224 163 223 163 221 163 212 163 207 163 202 163 203 163 205 163 209 163 215 163 222 163 230 163 251 163 260 163 271 163 274 163 275 163 276 163 277 163 278 163 280 163 283 163 287 163 288 163 290 163 291 163 292 163 293 163 295 163 296 163 298 163 301 163 309 163 315 163 336 163 346 163 353 163 357 163 359 163 361 163 365 163 369 163 373 163 377 163 377 158 377 163 377 176 377 194 377 221 377 253 377 328 377 373 377 444 377 472 377 496 377 531 377 545 377 559 377 579 377 585 377 594 377 599 377 599 377 599 377 599 377 599 377 599 377 598 377 591 377 577 377 557 377 497 377 455 377 399 377 275 377 210 377 142 377 23 377 0 377 0 377 0 377 0 377 0 377 0 377 0 377 0 377 0 377 0 377 0 377 0 377 0 377 0 377 0 377 0 377 0 377 0 377 0 377 0 377 0 377 0 377 0 377 0 377 0 377 0 
98 2 0 1 0 1 279 199 -1 -1 1 4969 421 114 414 114 416 114 419 114 425 114 431 114 440 114 459 114 470 114 489 114 497 114 504 114 514 114 520 114 525 114 538 114 543 114 548 114 548 114 547 114 543 114 535 114 522 114 484 114 463 114 424 114 408 114 394 114 379 114 370 114 359 114 339 114 332 114 323 114 322 114 321 114 319 114 315 114 311 114 302 114 295 114 284 114 279 114 279 110 279 112 279 115 279 122 279 135 279 150 279 184 279 198 279 221 279 230 279 237 279 244 279 246 279 247 279 247 279 248 279 250 279 252 279 255 279 253 279 248 279 238 279 224 279 206 279 181 279 122 279 89 279 35 279 15 279 0 279 0 279 0 279 0 279 0 279 0 279 0 279 0 279 0 279 1 279 3 279 9 279 19 279 33 279 47 279 79 279 91 279 104 279 108 279 110 279 115 279 121 279 129 279 154 279 167 279 191 279 197 279 199 
98 2 0 1 0 1 305 316 -1 -1 0 4274 360 317 359 317 358 317 357 317 356 317 355 317 353 317 345 317 341 317 333 317 331 317 329 317 328 317 327 317 326 317 324 317 323 317 317 317 314 317 312 317 310 317 308 317 307 317 306 317 305 317 305 316 
98 2 0 1 0 1 228 304 -1 -1 0 5434 256 304 296 304 296 304 294 304 293 304 294 304 295 304 297 304 298 304 299 304 301 304 307 304 312 304 319 304 321 304 322 304 324 304 325 304 326 304 328 304 330 304 335 304 337 304 338 304 337 304 334 304 328 304 317 304 304 304 287 304 257 304 248 304 243 304 242 304 241 304 240 304 238 304 237 304 236 304 235 304 234 304 233 304 232 304 231 304 230 304 229 304 228 304 
98 2 0 1 0 2 416 149 1 5327 2 
98 2 0 1 0 2 283 50 0 8192 2 
98 2 0 1 0 2 516 283 1 2107 2 
98 2 0 1 0 2 349 416 1 2340 2 
98 2 0 1 0 2 83 549 1 982 2 
98 2 0 1 0 2 549 216 1 799 2 
98 2 0 1 0 2 83 482 0 1060 2 
98 2 0 1 0 2 449 349 1 2464 2 
98 2 0 1 0 2 116 83 0 1831 1 
98 2 0 1 0 2 283 183 1 5373 2 
98 2 0 1 0 2 249 283 1 1411 2 
98 2 0 1 0 2 83 416 0 1007 2 
98 2 0 1 0 2 249 116 1 1840 2 
98 2 0 1 0 2 50 449 0 1363 3 
98 2 0 1 0 2 116 149 0 3248 1 
98 2 0 1 0 2 216 549 1 2195 2 
98 2 0 1 0 2 183 216 1 1692 2 
98 2 0 1 0 2 316 249 1 901 2 
98 2 0 1 0 2 416 416 1 1958 2 
98 2 0 1 0 2 516 50 1 2463 2 
98 2 0 1 0 2 316 549 1 2310 3 
98 2 0 1 0 2 482 183 1 1154 1 
98 2 0 1 0 2 482 316 1 768 2 
98 2 0 1 0 2 183 283 0 4037 2 
98 2 0 1 0 2 482 449 1 1169 1 
98 2 0 1 0 2 316 516 1 2535 2 
98 2 0 1 0 2 383 549 1 4866 2 
98 2 0 1 0 2 416 116 1 2156 2 
98 2 0 1 0 2 216 383 1 2763 2 
98 2 0 1 0 2 83 516 0 1026 1 
98 2 0 1 0 2 482 116 1 1385 2 
98 2 0 1 0 2 83 316 0 1236 2 
98 2 0 1 0 1 0 599 -1 -1 0 7547 269 200 294 200 296 200 300 200 306 200 312 200 318 200 330 200 337 200 362 200 381 200 401 200 443 200 461 200 475 200 488 200 488 200 477 200 460 200 429 200 337 200 288 200 232 200 105 200 35 200 0 200 0 200 0 200 0 200 0 200 0 200 0 200 0 200 0 200 0 200 0 200 0 200 0 200 0 200 0 200 0 516 0 526 0 540 0 554 0 571 0 591 0 599 0 599 0 599 0 599 0 599 0 599 0 599 0 599 0 599 0 599 0 599 0 599 0 599 0 599 0 599 0 599 0 599 0 599 0 599 0 599 0 599 0 599 0 599 0 599 
98 2 0 1 0 1 0 599 -1 -1 0 4761 306 300 305 300 301 300 294 300 286 300 276 300 264 300 238 300 226 300 202 300 189 300 176 300 144 300 125 300 106 300 65 300 42 300 0 300 0 300 0 300 0 300 0 300 0 300 0 300 0 300 0 300 0 300 0 300 0 300 0 300 0 266 0 257 0 251 0 248 0 246 0 248 0 256 0 271 0 290 0 313 0 338 0 389 0 414 0 472 0 507 0 541 0 599 0 599 0 599 0 599 0 599 0 599 0 599 0 599 0 599 0 599 0 599 0 599 0 599 0 599 0 597 0 591 0 581 0 567 0 550 0 532 0 503 0 494 0 488 0 487 0 486 0 485 0 483 0 480 0 477 0 476 0 476 0 479 0 493 0 502 0 511 0 535 0 552 0 574 0 599 0 599 0 599 0 599 0 599 0 599 0 599 0 599 0 599 
98 2 0 1 0 1 0 499 -1 -1 0 4715 163 163 153 163 149 163 143 163 136 163 129 163 123 163 107 163 97 163 71 163 57 163 43 163 15 163 0 163 0 163 0 163 0 163 0 163 0 163 0 163 0 163 0 163 0 163 0 163 0 163 0 163 0 163 0 163 0 163 0 132 0 139 0 148 0 159 0 172 0 186 0 219 0 239 0 282 0 301 0 320 0 362 0 383 0 405 0 440 0 457 0 495 0 518 0 541 0 584 0 599 0 599 0 599 0 599 0 599 0 599 0 599 0 599 0 599 0 599 0 599 0 599 0 599 0 599 0 599 0 596 0 592 0 586 0 578 0 570 0 553 0 543 0 528 0 522 0 518 0 512 0 509 0 508 0 506 0 505 0 504 0 503 0 502 0 500 0 499 
98 2 0 1 0 1 0 360 -1 -1 0 8207 548 366 545 366 538 366 527 366 511 366 492 366 471 366 421 366 395 366 334 366 300 366 267 366 203 366 172 366 138 366 56 366 6 366 0 366 0 366 0 366 0 366 0 366 0 238 0 229 0 222 0 219 0 221 0 229 0 241 0 256 0 273 0 295 0 331 0 344 0 360 0 365 0 369 0 371 0 372 0 373 0 372 0 371 0 370 0 368 0 367 0 366 0 364 0 363 0 362 0 360 0 359 0 358 0 357 0 356 0 355 0 354 0 353 0 354 0 355 0 356 0 357 0 358 0 359 0 360 0 361 0 362 0 364 0 365 0 366 0 366 0 365 0 364 0 363 0 362 0 361 0 360 0 359 0 358 0 359 0 360 
98 2 0 1 0 1 0 235 -1 -1 0 4922 327 322 396 322 395 322 393 322 390 322 386 322 382 322 374 322 369 322 362 322 359 322 356 322 355 322 353 322 352 322 353 322 355 322 360 322 371 322 387 322 407 322 443 322 456 322 473 322 477 322 480 322 485 322 486 322 485 322 478 322 466 322 447 322 421 322 390 322 282 322 199 322 19 322 0 322 0 322 0 322 0 322 0 322 0 322 0 322 0 322 0 322 0 322 0 322 0 322 0 322 0 322 0 321 0 319 0 316 0 311 0 307 0 301 0 285 0 277 0 262 0 256 0 253 0 248 0 246 0 244 0 242 0 240 0 239 0 238 0 237 0 236 0 235 
98 2 0 1 0 1 0 163 -1 -1 0 3722 151 33 173 33 170 33 165 33 148 33 133 33 116 33 79 33 62 33 32 33 15 33 0 33 0 33 0 33 0 33 0 33 0 33 0 33 0 33 0 33 0 33 0 33 0 33 0 33 0 33 0 33 0 15 0 16 0 23 0 34 0 47 0 65 0 68 0 69 0 70 0 67 0 62 0 57 0 53 0 45 0 37 0 25 0 20 0 12 0 9 0 7 0 6 0 6 0 11 0 24 0 40 0 60 0 78 0 102 0 115 0 146 0 157 0 161 0 163 
98 2 0 1 0 1 0 0 -1 -1 1 3834 75 154 99 154 88 154 71 154 48 154 18 154 0 154 0 154 0 154 0 154 0 154 0 154 0 154 0 154 0 154 0 154 0 154 0 154 0 154 0 154 0 139 0 141 0 146 0 156 0 171 0 188 0 226 0 244 0 280 0 295 0 310 0 334 0 345 0 354 0 373 0 387 0 417 0 429 0 441 0 457 0 461 0 462 0 459 0 450 0 413 0 382 0 347 0 270 0 231 0 197 0 134 0 107 0 80 0 37 0 17 0 0 0 0 0 0 0 0 0 0 0 0 0 0 0 0 0 0 
98 2 0 1 0 1 0 22 -1 -1 0 4929 151 319 249 319 245 319 237 319 226 319 209 319 189 319 139 319 105 319 34 319 0 319 0 319 0 319 0 319 0 319 0 319 0 319 0 319 0 319 0 319 0 319 0 319 0 319 0 319 0 319 0 319 0 326 0 330 0 332 0 334 0 336 0 337 0 338 0 341 0 352 0 358 0 366 0 383 0 393 0 406 0 434 0 444 0 450 0 449 0 443 0 430 0 412 0 388 0 328 0 296 0 238 0 210 0 186 0 148 0 133 0 119 0 93 0 82 0 59 0 48 0 37 0 16 0 6 0 0 0 0 0 0 0 0 0 0 0 0 0 0 0 0 0 0 0 0 0 0 0 0 0 0 0 1 0 2 0 3 0 5 0 7 0 8 0 10 0 12 0 13 0 14 0 15 0 16 0 17 0 18 0 18 0 19 0 20 0 21 0 22 
98 2 0 1 0 1 0 0 -1 -1 0 3888 531 335 599 335 582 335 557 335 526 335 492 335 458 335 389 335 353 335 271 335 230 335 190 335 121 335 89 335 60 335 3 335 0 335 0 335 0 335 0 335 0 335 0 324 0 328 0 334 0 342 0 350 0 357 0 384 0 408 0 477 0 515 0 552 0 599 0 599 0 599 0 599 0 599 0 599 0 599 0 599 0 599 0 599 0 599 0 599 0 599 0 599 0 598 0 586 0 516 0 456 0 384 0 221 0 126 0 0 0 0 0 0 0 0 0 0 0 0 0 0 0 0 0 0 0 0 0 0 0 0 0 0 
98 2 0 1 0 1 0 0 -1 -1 1 7124 401 482 263 482 264 482 237 482 200 482 180 482 159 482 97 482 35 482 0 482 0 482 0 482 0 482 0 482 0 482 0 482 0 482 0 393 0 384 0 385 0 393 0 409 0 441 0 495 0 564 0 599 0 599 0 599 0 599 0 599 0 599 0 599 0 599 0 599 0 599 0 599 0 599 0 599 0 599 0 599 0 599 0 599 0 599 0 593 0 557 0 519 0 384 0 304 0 221 0 23 0 0 0 0 0 0 0 0 0 0 0 0 0 0 0 0 0 0 0 0 0 0 0 0 
98 2 0 1 0 1 260 113 -1 -1 1 4576 40 180 71 180 75 180 81 180 86 180 91 180 95 180 105 180 112 180 127 180 133 180 138 180 143 180 146 180 150 180 165 180 172 180 183 180 189 180 197 180 219 180 228 180 235 180 243 180 245 180 245 180 248 180 251 180 254 180 256 180 258 180 259 180 260 180 260 180 260 178 260 175 260 173 260 172 260 171 260 170 260 169 260 168 260 167 260 167 260 165 260 164 260 163 260 162 260 161 260 159 260 156 260 154 260 153 260 152 260 151 260 150 260 150 260 149 260 148 260 146 260 141 260 139 260 137 260 135 260 134 260 132 260 130 260 128 260 126 260 124 260 121 260 118 260 116 260 113 
98 2 0 1 0 1 387 433 -1 -1 0 5041 148 123 146 123 145 123 144 123 143 123 142 123 141 123 137 123 130 123 125 123 115 123 109 123 103 123 90 123 84 123 78 123 70 123 67 123 69 123 75 123 85 123 98 123 110 123 132 123 141 123 152 123 174 123 185 123 202 123 212 123 227 123 261 123 277 123 291 123 313 123 325 123 338 123 364 123 372 123 379 123 380 123 381 123 385 123 386 123 387 123 387 122 387 118 387 115 387 110 387 105 387 101 387 88 387 79 387 58 387 46 387 34 387 7 387 0 387 0 387 0 387 0 387 0 387 0 387 0 387 0 387 0 387 0 387 0 387 1 387 4 387 9 387 16 387 24 387 36 387 65 387 80 387 114 387 134 387 160 387 220 387 246 387 267 387 307 387 327 387 357 387 367 387 374 387 392 387 403 387 412 387 422 387 426 387 431 387 432 387 433 
98 2 0 1 0 1 303 244 -1 -1 1 5098 423 596 409 596 408 596 406 596 405 596 404 596 403 596 402 596 401 596 400 596 399 596 397 596 395 596 393 596 391 596 390 596 389 596 388 596 387 596 385 596 383 596 373 596 366 596 361 596 348 596 342 596 337 596 324 596 318 596 309 596 306 596 304 596 303 596 303 597 303 599 303 599 303 599 303 599 303 599 303 599 303 599 303 599 303 599 303 599 303 599 303 599 303 599 303 597 303 589 303 578 303 561 303 542 303 523 303 492 303 479 303 457 303 447 303 438 303 426 303 422 303 419 303 413 303 410 303 408 303 407 303 406 303 405 303 404 303 403 303 402 303 401 303 399 303 398 303 397 303 396 303 395 303 394 303 393 303 389 303 382 303 371 303 360 303 347 303 326 303 315 303 293 303 281 303 270 303 254 303 248 303 245 303 244 
98 2 0 1 0 1 347 467 -1 -1 0 4729 293 549 293 549 292 549 291 549 289 549 286 549 282 549 280 549 277 549 276 549 277 549 279 549 282 549 288 549 296 549 307 549 336 549 349 549 372 549 380 549 384 549 387 549 385 549 380 549 373 549 368 549 364 549 362 549 360 549 359 549 354 549 351 549 349 549 347 549 347 549 347 548 347 546 347 542 347 540 347 539 347 538 347 537 347 536 347 535 347 534 347 533 347 531 347 527 347 520 347 509 347 493 347 487 347 479 347 475 347 472 347 468 347 467 
98 2 0 1 0 1 342 217 -1 -1 1 7028 279 0 271 0 270 0 266 0 263 0 260 0 256 0 250 0 248 0 245 0 243 0 242 0 241 0 240 0 239 0 238 0 240 0 246 0 256 0 264 0 271 0 276 0 294 0 308 0 335 0 344 0 351 0 362 0 365 0 368 0 370 0 373 0 387 0 395 0 402 0 413 0 417 0 416 0 410 0 403 0 395 0 391 0 389 0 386 0 385 0 384 0 383 0 382 0 380 0 378 0 375 0 373 0 372 0 371 0 370 0 369 0 368 0 365 0 358 0 352 0 347 0 346 0 345 0 344 0 343 0 342 0 342 0 342 0 342 0 342 0 342 0 342 0 342 0 342 0 342 0 342 0 342 0 342 0 342 0 342 0 342 0 342 0 342 0 342 0 342 0 342 0 342 0 342 0 342 0 342 1 342 7 342 29 342 48 342 70 342 121 342 148 342 174 342 221 342 244 342 264 342 295 342 301 342 300 342 299 342 297 342 292 342 283 342 272 342 262 342 245 342 240 342 234 342 232 342 230 342 229 342 227 342 224 342 212 342 206 342 196 342 191 342 186 342 180 342 179 342 178 342 177 342 176 342 177 342 178 342 179 342 180 342 183 342 189 342 195 342 208 342 214 342 216 342 217 
98 2 0 1 0 1 411 469 -1 -1 0 5655 355 469 353 469 354 469 355 469 356 469 357 469 361 469 366 469 382 469 391 469 398 469 408 469 410 469 411 469 
98 2 0 1 0 2 482 149 1 3868 2 
98 2 0 1 0 2 449 449 0 1532 2 
98 2 0 1 0 2 516 383 0 2164 2 
98 2 0 1 0 2 349 83 1 2133 2 
98 2 0 1 0 2 449 116 1 1169 2 
98 2 0 1 0 2 416 482 0 985 2 
98 2 0 1 0 2 83 149 0 2871 1 
98 2 0 1 0 2 83 83 0 1026 2 
98 2 0 1 0 2 449 83 1 1367 2 
98 2 0 1 0 2 349 383 1 5151 2 
98 2 0 1 0 2 549 316 1 1532 2 
98 2 0 1 0 2 83 449 0 1426 1 
98 2 0 1 0 2 149 116 0 1462 1 
98 2 0 1 0 2 183 349 0 3508 2 
98 2 0 1 0 2 416 249 1 1216 2 
98 2 0 1 0 2 383 83 1 728 2 
98 2 0 1 0 2 116 316 0 3253 2 
98 2 0 1 0 2 349 516 0 2095 2 
98 2 0 1 0 2 149 249 1 1666 2 
98 2 0 1 0 2 216 349 1 1297 2 
98 2 0 1 0 2 83 349 0 1659 2 
98 2 0 1 0 2 316 283 1 1978 2 
98 2 0 1 0 2 149 83 1 953 2 
98 2 0 1 0 2 249 183 1 1641 2 
98 2 0 1 0 2 50 149 0 1222 1 
98 2 0 1 0 2 549 383 1 1945 2 
98 2 0 1 0 2 283 383 0 1758 2 
98 2 0 1 0 2 283 216 1 1275 2 
98 2 0 1 0 2 183 383 0 973 2 
98 2 0 1 0 2 482 50 1 1886 2 
98 2 0 1 0 2 416 349 1 1605 2 
98 2 0 1 0 2 216 449 0 1164 2 
98 2 0 1 0 1 449 302 -1 -1 1 8410 57 302 73 302 65 302 57 302 50 302 45 302 43 302 43 302 42 302 42 302 41 302 41 302 40 302 39 302 38 302 33 302 23 302 0 302 0 302 0 302 0 302 0 302 0 302 0 302 0 302 1 302 12 302 40 302 77 302 158 302 193 302 227 302 296 302 330 302 360 302 412 302 436 302 480 302 498 302 515 302 537 302 541 302 543 302 554 302 569 302 596 302 599 302 599 302 599 302 599 302 599 302 599 302 599 302 599 302 599 302 599 302 599 302 599 302 599 302 599 302 599 302 599 302 598 302 597 302 597 302 595 302 591 302 583 302 571 302 559 302 534 302 523 302 511 302 488 302 477 302 466 302 449 302 443 302 433 302 429 302 426 302 421 302 420 302 418 302 417 302 416 302 415 302 414 302 413 302 412 302 412 302 414 302 420 302 430 302 445 302 464 302 512 302 536 302 574 302 592 302 599 302 599 302 599 302 599 302 599 302 599 302 599 302 599 302 598 302 596 302 595 302 593 302 591 302 586 302 584 302 578 302 575 302 571 302 560 302 554 302 546 302 528 302 520 302 506 302 501 302 498 302 491 302 488 302 485 302 480 302 478 302 475 302 474 302 473 302 472 302 471 302 470 302 469 302 467 302 463 302 457 302 455 302 453 302 451 302 449 302 
98 2 0 1 0 1 407 374 -1 -1 1 8321 47 0 34 0 32 0 51 0 74 0 96 0 118 0 158 0 179 0 215 0 233 0 249 0 284 0 302 0 323 0 355 0 367 0 379 0 380 0 382 0 402 0 425 0 459 0 554 0 599 0 599 0 599 0 599 0 599 0 599 0 599 0 599 0 599 0 599 0 599 0 599 0 599 0 599 0 599 0 599 0 599 0 595 0 585 0 572 0 555 0 535 0 498 0 483 0 464 0 458 0 453 0 445 0 440 0 433 0 421 0 416 0 411 0 407 0 407 0 407 0 407 0 407 0 407 0 407 0 407 0 407 0 407 0 407 0 407 0 407 0 407 0 407 0 407 0 407 0 407 0 407 0 407 0 407 0 407 0 407 0 407 3 407 9 407 17 407 30 407 46 407 64 407 84 407 110 407 142 407 177 407 247 407 281 407 310 407 337 407 358 407 395 407 409 407 419 407 428 407 433 407 437 407 440 407 442 407 445 407 453 407 468 407 486 407 504 407 540 407 558 407 586 407 594 407 599 407 599 407 599 407 597 407 592 407 583 407 573 407 562 407 550 407 520 407 500 407 462 407 450 407 441 407 417 407 403 407 388 407 366 407 358 407 334 407 322 407 313 407 304 407 302 407 301 407 300 407 299 407 297 407 298 407 300 407 306 407 314 407 322 407 330 407 339 407 340 407 341 407 342 407 343 407 344 407 346 407 350 407 354 407 357 407 360 407 364 407 365 407 366 407 367 407 368 407 369 407 370 407 371 407 371 407 373 407 374 
98 2 0 1 0 1 442 386 -1 -1 1 5393 588 169 575 169 571 169 566 169 560 169 553 169 548 169 541 169 539 169 538 169 536 169 534 169 533 169 530 169 526 169 517 169 510 169 501 169 498 169 496 169 493 169 491 169 488 169 483 169 480 169 473 169 469 169 464 169 454 169 451 169 449 169 446 169 444 169 442 169 442 167 442 171 442 179 442 190 442 204 442 219 442 232 442 255 442 265 442 274 442 276 442 277 442 285 442 291 442 296 442 301 442 302 442 304 442 306 442 310 442 322 442 328 442 335 442 356 442 371 442 400 442 412 442 420 442 426 442 428 442 431 442 438 442 440 442 441 442 440 442 438 442 434 442 431 442 430 442 428 442 426 442 425 442 424 442 423 442 422 442 421 442 419 442 417 442 415 442 414 442 410 442 404 442 397 442 391 442 387 442 386 
98 2 0 1 0 1 392 535 -1 -1 0 5266 239 269 238 269 236 269 234 269 233 269 232 269 231 269 229 269 226 269 220 269 213 269 205 269 194 269 191 269 182 269 175 269 167 269 140 269 125 269 107 269 75 269 66 269 57 269 58 269 65 269 77 269 93 269 110 269 129 269 170 269 190 269 234 269 255 269 276 269 318 269 336 269 352 269 384 269 402 269 442 269 461 269 480 269 518 269 537 269 557 269 594 269 599 269 599 269 599 269 599 269 599 269 599 269 599 269 599 269 599 269 599 269 599 269 599 269 599 269 597 269 586 269 571 269 555 269 540 269 516 269 505 269 485 269 474 269 463 269 441 269 429 269 419 269 408 269 405 269 404 269 403 269 402 269 401 269 399 269 397 269 395 269 392 269 392 270 392 275 392 286 392 301 392 318 392 337 392 373 392 391 392 427 392 443 392 457 392 479 392 487 392 493 392 503 392 507 392 519 392 523 392 528 392 533 392 533 392 534 392 535 
98 2 0 1 0 1 474 421 -1 -1 1 4828 108 510 104 510 103 510 102 510 101 510 97 510 91 510 85 510 77 510 65 510 56 510 35 510 24 510 17 510 13 510 14 510 24 510 41 510 62 510 82 510 122 510 142 510 162 510 207 510 232 510 257 510 317 510 346 510 374 510 417 510 436 510 473 510 488 510 500 510 518 510 528 510 537 510 561 510 576 510 599 510 599 510 599 510 599 510 599 510 599 510 599 510 599 510 599 510 599 510 599 510 599 510 599 510 599 510 599 510 595 510 588 510 577 510 565 510 552 510 542 510 525 510 517 510 505 510 502 510 500 510 499 510 497 510 496 510 495 510 493 510 489 510 486 510 482 510 475 510 474 510 474 509 474 508 474 504 474 499 474 491 474 483 474 463 474 454 474 439 474 433 474 429 474 424 474 422 474 421 
98 2 0 1 0 1 284 501 -1 -1 0 5424 167 55 166 55 165 55 165 55 164 55 163 55 162 55 161 55 160 55 159 55 158 55 156 55 152 55 141 55 133 55 126 55 110 55 101 55 90 55 77 55 62 55 25 55 6 55 0 55 0 55 0 55 0 55 0 55 0 55 0 55 0 55 0 55 0 55 0 55 4 55 10 55 21 55 32 55 45 55 58 55 71 55 86 55 99 55 123 55 135 55 146 55 157 55 166 55 185 55 193 55 200 55 208 55 215 55 223 55 235 55 240 55 245 55 253 55 260 55 272 55 274 55 275 55 277 55 279 55 282 55 284 55 284 54 284 52 284 52 284 51 284 50 284 49 284 48 284 47 284 36 284 25 284 14 284 0 284 0 284 0 284 0 284 0 284 0 284 0 284 0 284 0 284 0 284 0 284 0 284 0 284 0 284 0 284 0 284 0 284 1 284 5 284 12 284 22 284 36 284 74 284 97 284 152 284 185 284 220 284 290 284 321 284 351 284 392 284 409 284 435 284 446 284 456 284 475 284 483 284 490 284 498 284 499 284 501 
98 2 0 1 0 1 266 597 -1 -1 0 7002 405 435 386 435 383 435 377 435 370 435 363 435 352 435 329 435 315 435 278 435 261 435 244 435 212 435 195 435 176 435 123 435 87 435 0 435 0 435 0 435 0 435 0 435 0 435 0 435 0 435 0 435 0 435 0 435 0 435 0 435 0 435 1 435 7 435 16 435 27 435 42 435 70 435 81 435 102 435 114 435 125 435 150 435 166 435 182 435 211 435 223 435 238 435 262 435 271 435 283 435 284 435 285 435 284 435 283 435 281 435 277 435 275 435 273 435 270 435 269 435 268 435 267 435 266 435 266 434 266 433 266 429 266 425 266 421 266 414 266 403 266 394 266 373 266 366 266 362 266 355 266 350 266 347 266 341 266 337 266 324 266 313 266 299 266 275 266 266 266 259 266 247 266 243 266 239 266 238 266 237 266 236 266 235 266 234 266 233 266 233 266 234 266 238 266 244 266 250 266 253 266 254 266 255 266 256 266 260 266 264 266 267 266 278 266 288 266 303 266 345 266 369 266 423 266 454 266 489 266 556 266 586 266 599 266 599 266 599 266 599 266 599 266 599 266 599 266 599 266 599 266 599 266 599 266 599 266 599 266 598 266 597 266 597 
98 2 0 1 0 1 199 270 -1 -1 0 4624 365 165 342 165 338 165 331 165 319 165 303 165 286 165 256 165 243 165 224 165 217 165 213 165 209 165 208 165 207 165 206 165 205 165 204 165 203 165 202 165 202 165 201 165 200 165 199 165 199 166 199 168 199 170 199 174 199 178 199 182 199 192 199 197 199 209 199 216 199 223 199 239 199 248 199 258 199 281 199 293 199 315 199 325 199 334 199 349 199 356 199 363 199 369 199 369 199 367 199 361 199 352 199 340 199 328 199 317 199 300 199 294 199 288 199 287 199 286 199 284 199 282 199 281 199 280 199 277 199 274 199 273 199 271 199 271 199 270 
98 2 0 1 0 1 185 176 -1 -1 1 5673 173 383 161 383 160 383 159 383 158 383 158 383 157 383 156 383 155 383 153 383 148 383 139 383 124 383 105 383 53 383 26 383 0 383 0 383 0 383 0 383 0 383 0 383 0 383 0 383 0 383 0 383 0 383 0 383 0 383 0 383 0 383 0 383 4 383 12 383 24 383 56 383 75 383 95 383 131 383 146 383 171 383 179 383 186 383 197 383 201 383 204 383 206 383 208 383 209 383 209 383 208 383 203 383 198 383 194 383 191 383 186 383 185 383 185 383 185 381 185 377 185 370 185 360 185 350 185 339 185 313 185 299 185 270 185 257 185 244 185 221 185 212 185 203 185 194 185 192 185 190 185 189 185 189 185 188 185 187 185 186 185 185 185 184 185 183 185 182 185 181 185 181 185 180 185 179 185 177 185 176 185 176 
98 2 0 1 0 1 294 101 -1 -1 1 4299 441 176 443 176 442 176 440 176 436 176 431 176 425 176 419 176 417 176 416 176 413 176 409 176 402 176 398 176 394 176 391 176 390 176 389 176 387 176 383 176 379 176 372 176 361 176 357 176 353 176 351 176 347 176 338 176 334 176 328 176 313 176 308 176 301 176 299 176 298 176 296 176 294 176 294 168 294 163 294 158 294 154 294 151 294 146 294 140 294 138 294 133 294 130 294 127 294 120 294 115 294 113 294 107 294 105 294 103 294 101 
98 2 0 1 0 1 200 333 -1 -1 0 6866 428 294 599 294 598 294 597 294 596 294 595 294 594 294 593 294 591 294 589 294 586 294 575 294 570 294 561 294 558 294 556 294 554 294 550 294 546 294 532 294 519 294 487 294 468 294 448 294 403 294 376 294 349 294 300 294 280 294 237 294 215 294 193 294 154 294 136 294 119 294 88 294 73 294 52 294 45 294 41 294 38 294 37 294 36 294 34 294 32 294 27 294 18 294 0 294 0 294 0 294 0 294 0 294 0 294 0 294 0 294 0 294 0 294 0 294 0 294 0 294 0 294 0 294 0 294 0 294 0 294 0 294 4 294 8 294 23 294 32 294 41 294 59 294 66 294 72 294 79 294 80 294 81 294 82 294 83 294 86 294 87 294 91 294 96 294 98 294 103 294 105 294 107 294 109 294 110 294 111 294 116 294 118 294 122 294 124 294 126 294 127 294 128 294 130 294 136 294 139 294 149 294 154 294 158 294 166 294 169 294 170 294 173 294 174 294 177 294 178 294 180 294 181 294 182 294 185 294 189 294 191 294 192 294 193 294 194 294 195 294 196 294 197 294 198 294 199 294 200 294 200 293 200 292 200 290 200 289 200 287 200 285 200 282 200 280 200 278 200 277 200 276 200 274 200 273 200 273 200 272 200 271 200 270 200 269 200 268 200 267 200 266 200 263 200 262 200 260 200 256 200 254 200 252 200 250 200 249 200 248 200 249 200 251 200 255 200 262 200 270 200 278 200 297 200 306 200 320 200 324 200 327 200 328 200 330 200 331 200 332 200 333 
98 2 0 1 0 1 206 223 -1 -1 0 5457 116 9 116 9 115 9 113 9 111 9 107 9 101 9 85 9 76 9 58 9 49 9 39 9 18 9 5 9 0 9 0 9 0 9 0 9 0 9 0 9 0 9 0 9 0 9 0 9 1 9 3 9 6 9 10 9 17 9 25 9 37 9 62 9 74 9 85 9 96 9 106 9 125 9 135 9 144 9 150 9 155 9 158 9 161 9 162 9 163 9 164 9 165 9 166 9 167 9 168 9 169 9 170 9 172 9 179 9 187 9 195 9 203 9 205 9 206 9 206 8 206 7 206 5 206 2 206 0 206 0 206 0 206 0 206 0 206 0 206 0 206 0 206 0 206 0 206 0 206 0 206 0 206 0 206 0 206 0 206 0 206 0 206 0 206 2 206 27 206 49 206 75 206 141 206 173 206 205 206 251 206 270 206 298 206 308 206 315 206 320 206 320 206 319 206 319 206 318 206 316 206 312 206 306 206 288 206 278 206 263 206 257 206 254 206 248 206 245 206 243 206 241 206 240 206 237 206 236 206 232 206 226 206 225 206 224 206 223 
98 2 0 1 0 1 155 171 -1 -1 0 7017 335 66 363 66 362 66 361 66 360 66 357 66 354 66 349 66 344 66 330 66 324 66 317 66 302 66 296 66 284 66 279 66 274 66 262 66 255 66 245 66 214 66 194 66 157 66 141 66 123 66 90 66 73 66 58 66 30 66 16 66 0 66 0 66 0 66 0 66 0 66 0 66 0 66 0 66 0 66 0 66 0 66 2 66 7 66 14 66 24 66 34 66 44 66 65 66 72 66 84 66 88 66 91 66 96 66 99 66 101 66 107 66 110 66 115 66 118 66 121 66 124 66 125 66 126 66 127 66 128 66 130 66 131 66 132 66 133 66 134 66 134 66 135 66 136 66 137 66 138 66 139 66 140 66 141 66 142 66 143 66 144 66 145 66 146 66 147 66 148 66 149 66 150 66 151 66 152 66 153 66 154 66 155 66 155 65 155 64 155 60 155 57 155 52 155 48 155 43 155 35 155 33 155 31 155 30 155 31 155 36 155 43 155 50 155 58 155 69 155 95 155 108 155 129 155 138 155 145 155 154 155 156 155 157 155 158 155 159 155 160 155 162 155 163 155 164 155 166 155 167 155 168 155 169 155 170 155 171 
98 2 0 1 0 1 181 139 -1 -1 1 5441 313 543 386 543 385 543 381 543 378 543 374 543 366 543 349 543 339 543 322 543 311 543 298 543 266 543 249 543 230 543 200 543 186 543 154 543 137 543 120 543 77 543 52 543 24 543 0 543 0 543 0 543 0 543 0 543 0 543 0 543 0 543 0 543 0 543 0 543 0 543 0 543 0 543 0 543 0 543 1 543 3 543 7 543 14 543 25 543 37 543 57 543 66 543 81 543 88 543 93 543 103 543 106 543 108 543 108 543 109 543 110 543 112 543 113 543 114 543 115 543 117 543 125 543 133 543 150 543 157 543 160 543 163 543 164 543 166 543 168 543 169 543 170 543 171 543 173 543 176 543 178 543 179 543 180 543 181 543 181 542 181 539 181 534 181 527 181 519 181 509 181 488 181 478 181 456 181 444 181 433 181 411 181 401 181 390 181 370 181 361 181 343 181 333 181 322 181 295 181 278 181 258 181 223 181 208 181 180 181 170 181 162 181 151 181 148 181 146 181 144 181 142 181 141 181 140 181 139 
98 2 0 1 0 1 0 158 -1 -1 0 5506 208 509 240 509 239 509 238 509 237 509 235 509 231 509 225 509 216 509 182 509 158 509 132 509 61 509 21 509 0 509 0 509 0 509 0 509 0 509 0 509 0 509 0 509 0 509 0 509 0 509 0 509 0 509 0 509 0 509 0 505 0 507 0 510 0 518 0 527 0 538 0 560 0 572 0 597 0 599 0 599 0 599 0 599 0 599 0 599 0 599 0 599 0 599 0 599 0 599 0 599 0 599 0 599 0 599 0 599 0 599 0 598 0 592 0 582 0 569 0 536 0 519 0 475 0 452 0 425 0 377 0 357 0 337 0 306 0 291 0 275 0 243 0 227 0 191 0 176 0 159 0 128 0 115 0 101 0 78 0 70 0 61 0 60 0 61 0 65 0 68 0 74 0 82 0 89 0 105 0 114 0 127 0 132 0 135 0 142 0 143 0 145 0 146 0 147 0 147 0 148 0 150 0 151 0 152 0 156 0 157 0 158 
98 2 0 1 0 1 256 121 -1 -1 1 6715 273 185 522 185 496 185 467 185 438 185 405 185 367 185 286 185 243 185 151 185 97 185 43 185 0 185 0 185 0 185 0 185 0 185 0 185 0 185 0 185 0 185 0 185 0 185 0 185 0 185 0 185 2 185 16 185 63 185 91 185 120 185 170 185 192 185 231 185 249 185 266 185 288 185 294 185 296 185 297 185 296 185 291 185 281 185 271 185 262 185 258 185 256 185 256 185 256 184 256 182 256 179 256 175 256 173 256 171 256 169 256 170 256 173 256 178 256 185 256 191 256 196 256 201 256 204 256 204 256 201 256 192 256 182 256 172 256 160 256 137 256 122 256 89 256 74 256 59 256 33 256 22 256 15 256 11 256 11 256 15 256 21 256 29 256 37 256 44 256 53 256 55 256 56 256 58 256 59 256 60 256 62 256 63 256 65 256 66 256 67 256 67 256 69 256 73 256 77 256 88 256 94 256 100 256 107 256 109 256 111 256 112 256 113 256 115 256 117 256 119 256 121 
98 2 0 1 0 2 183 416 0 5143 3 
98 2 0 1 0 2 216 316 0 2702 2 
98 2 0 1 0 2 549 283 1 8912 2 
98 2 0 1 0 2 482 482 1 1381 2 
98 2 0 1 0 2 116 249 0 2490 2 
98 2 0 1 0 2 116 516 0 2622 2 
98 2 0 1 0 2 449 149 0 6779 2 
98 2 0 1 0 2 83 116 1 3977 2 
98 2 0 1 0 2 183 549 0 1404 2 
98 2 0 1 0 2 383 383 1 2955 2 
98 2 0 1 0 2 416 50 0 1819 2 
98 2 0 1 0 2 482 83 0 1309 2 
98 2 0 1 0 2 249 249 0 3439 2 
98 2 0 1 0 2 449 183 0 2888 2 
98 2 0 1 0 2 316 50 0 2754 2 
98 2 0 1 0 2 549 116 1 3752 2 
98 2 0 1 0 2 183 316 1 4370 2 
98 2 0 1 0 2 116 283 0 1588 2 
98 2 0 1 0 2 416 316 0 1948 2 
98 2 0 1 0 2 183 183 0 7444 2 
98 2 0 1 0 2 449 383 1 5491 3 
98 2 0 1 0 2 449 516 1 1233 2 
98 2 0 1 0 2 216 183 1 711 2 
98 2 0 1 0 2 50 549 0 390 3 
98 2 0 1 0 2 316 416 1 10318 2 
98 2 0 1 0 2 183 516 0 1269 2 
98 2 0 1 0 2 416 83 0 1593 1 
98 2 0 1 0 2 249 83 1 1681 2 
98 2 0 1 0 2 349 349 0 1664 2 
98 2 0 1 0 2 283 449 0 3266 2 
98 2 0 1 0 2 316 383 0 758 2 
98 2 0 1 0 2 116 216 0 2315 1 
98 2 0 1 0 1 0 210 -1 -1 0 6380 298 210 248 210 244 210 242 210 239 210 235 210 230 210 214 210 201 210 165 210 145 210 124 210 71 210 38 210 3 210 0 210 0 210 0 210 0 210 0 210 0 210 0 210 0 210 0 210 0 210 0 210 0 210 0 210 
98 2 0 1 0 1 216 183 -1 -1 1 4098 52 183 63 183 64 183 67 183 71 183 74 183 78 183 82 183 84 183 90 183 97 183 105 183 131 183 146 183 163 183 193 183 205 183 229 183 238 183 245 183 251 183 252 183 256 183 267 183 282 183 297 183 329 183 342 183 363 183 362 183 354 183 338 183 319 183 301 183 267 183 245 183 186 183 149 183 105 183 0 183 0 183 0 183 0 183 0 183 0 183 0 183 0 183 0 183 0 183 0 183 0 183 0 183 2 183 6 183 15 183 50 183 74 183 95 183 123 183 132 183 139 183 150 183 152 183 154 183 156 183 157 183 158 183 159 183 163 183 170 183 178 183 186 183 195 183 211 183 216 183 
98 2 0 1 0 1 426 195 -1 -1 1 4848 180 387 187 387 188 387 189 387 190 387 191 387 191 386 191 384 191 381 191 375 191 370 191 366 191 354 191 348 191 336 191 327 191 318 191 298 191 288 191 277 191 248 191 234 191 212 191 204 191 198 191 195 192 195 194 195 196 195 200 195 204 195 210 195 216 195 230 195 236 195 249 195 254 195 260 195 272 195 279 195 286 195 299 195 306 195 316 195 322 195 329 195 347 195 356 195 363 195 374 195 381 195 388 195 389 195 390 195 391 195 392 195 393 195 394 195 398 195 404 195 410 195 423 195 425 195 426 195 
98 2 0 1 0 1 398 238 -1 -1 1 5724 531 585 528 585 527 585 527 576 527 568 527 558 527 546 527 529 527 509 527 457 527 425 527 370 527 346 527 324 527 286 527 268 527 251 527 221 527 209 527 190 527 181 527 174 527 161 527 158 527 157 527 154 527 148 527 127 527 117 527 108 527 97 527 94 527 92 527 91 527 90 527 93 527 99 527 105 527 113 527 117 527 122 527 130 527 136 527 147 527 153 527 162 527 181 527 189 527 194 527 199 527 200 527 201 527 202 527 204 527 207 527 210 527 212 527 216 527 218 527 219 527 224 527 227 527 232 527 234 527 235 527 236 527 237 527 238 526 238 525 238 524 238 523 238 520 238 517 238 515 238 512 238 504 238 500 238 493 238 488 238 484 238 476 238 474 238 472 238 471 238 467 238 463 238 458 238 455 238 446 238 439 238 417 238 408 238 402 238 398 238 398 238 
98 2 0 1 0 1 599 192 -1 -1 1 6515 327 320 372 320 370 320 364 320 357 320 345 320 331 320 295 320 273 320 217 320 188 320 159 320 104 320 79 320 54 320 10 320 0 320 0 320 0 320 0 320 0 320 0 320 0 320 0 320 0 332 0 340 0 349 0 360 0 374 0 392 0 442 0 473 0 534 0 563 0 595 0 599 0 599 0 599 0 599 0 599 0 599 0 597 0 584 0 560 0 528 0 493 0 459 0 395 0 368 0 316 0 289 0 260 0 201 0 172 0 144 0 89 0 63 0 12 0 0 0 0 0 0 0 0 0 0 1 0 2 0 3 0 3 1 3 2 3 3 3 4 3 8 3 15 3 26 3 41 3 57 3 89 3 104 3 132 3 148 3 168 3 210 3 229 3 246 3 273 3 284 3 299 3 300 3 298 3 292 3 283 3 274 3 268 3 263 3 258 3 254 3 248 3 245 3 243 3 240 3 239 3 238 3 231 3 219 3 208 3 198 3 193 3 192 7 192 15 192 26 192 40 192 54 192 68 192 100 192 123 192 184 192 219 192 253 192 323 192 364 192 410 192 525 192 574 192 599 192 599 192 599 192 599 192 599 192 599 192 599 192 599 192 599 192 599 192 599 192 599 192 
98 2 0 1 0 1 0 452 -1 -1 0 4770 73 122 61 122 59 122 55 122 48 122 37 122 20 122 0 122 0 122 0 122 0 122 0 122 0 122 0 122 0 122 0 122 0 122 0 122 0 122 0 122 0 122 0 122 0 122 0 122 0 122 0 120 0 121 0 126 0 134 0 147 0 162 0 197 0 214 0 248 0 265 0 286 0 333 0 357 0 378 0 416 0 433 0 459 0 465 0 469 0 467 0 463 0 456 0 448 0 439 0 431 0 414 0 407 0 395 0 389 0 384 0 377 0 376 0 374 0 375 0 376 0 378 0 383 0 389 0 395 0 400 0 410 0 415 0 423 0 428 0 433 0 443 0 446 0 448 0 452 
98 2 0 1 0 1 223 438 -1 -1 0 7409 309 446 309 445 309 444 309 443 309 442 309 438 309 434 309 427 309 405 309 387 309 366 309 319 309 294 309 267 309 205 309 170 309 107 309 85 309 69 309 46 309 37 309 32 309 28 309 29 309 31 309 36 309 45 309 58 309 71 309 94 309 103 309 121 309 132 309 144 309 171 309 181 309 190 309 210 309 224 309 250 309 260 309 267 309 280 309 286 309 292 309 304 309 311 309 320 309 347 309 364 309 398 309 412 309 426 309 450 309 460 309 468 309 481 309 486 309 493 309 492 309 490 309 485 309 480 309 476 309 473 309 470 309 469 309 468 309 467 309 466 309 465 309 464 309 462 309 460 309 457 309 453 309 451 309 447 309 445 309 444 309 443 309 442 309 441 309 440 309 439 309 438 309 438 310 438 311 438 312 438 316 438 320 438 327 438 349 438 362 438 390 438 404 438 419 438 452 438 468 438 482 438 512 438 530 438 567 438 587 438 599 438 599 438 599 438 599 438 599 438 599 438 599 438 599 438 599 438 599 438 599 438 599 438 599 438 596 438 582 438 557 438 522 438 489 438 459 438 379 438 334 438 240 438 193 438 140 438 18 438 0 438 0 438 0 438 0 438 0 438 0 438 0 438 0 438 0 438 0 438 0 438 1 438 7 438 20 438 33 438 47 438 58 438 75 438 83 438 103 438 114 438 124 438 136 438 139 438 143 438 155 438 162 438 171 438 173 438 175 438 178 438 179 438 180 438 182 438 187 438 195 438 203 438 215 438 219 438 222 438 222 438 223 438 
98 2 0 1 0 1 423 427 -1 -1 0 7345 186 292 186 294 186 300 186 311 186 323 186 335 186 346 186 370 186 385 186 417 186 431 186 443 186 458 186 463 186 466 186 467 186 465 186 457 186 448 186 441 186 435 186 432 186 428 186 426 186 423 186 422 186 423 186 424 186 425 186 426 186 427 187 427 188 427 191 427 195 427 199 427 203 427 212 427 218 427 231 427 238 427 244 427 254 427 260 427 269 427 286 427 297 427 314 427 322 427 329 427 345 427 355 427 370 427 410 427 428 427 449 427 490 427 511 427 552 427 572 427 590 427 599 427 599 427 599 427 596 427 589 427 575 427 551 427 508 427 450 427 357 427 326 427 270 427 239 427 205 427 131 427 90 427 55 427 0 427 0 427 0 427 0 427 0 427 0 427 0 427 0 427 0 427 0 427 1 427 5 427 16 427 29 427 44 427 76 427 93 427 110 427 144 427 161 427 190 427 201 427 212 427 226 427 231 427 236 427 246 427 253 427 259 427 272 427 277 427 296 427 307 427 318 427 335 427 342 427 350 427 359 427 360 427 363 427 365 427 368 427 371 427 373 427 375 427 388 427 394 427 405 427 409 427 412 427 418 427 420 427 422 427 423 427 
98 2 0 1 0 1 572 428 -1 -1 1 7689 419 24 419 0 419 2 419 7 419 13 419 21 419 31 419 60 419 81 419 138 419 170 419 201 419 261 419 290 419 318 419 364 419 385 419 422 419 440 419 457 419 497 419 515 419 533 419 566 419 581 419 599 419 599 419 599 419 599 419 598 419 596 419 587 419 572 419 551 419 529 419 490 419 476 419 452 419 441 419 432 419 420 419 416 419 414 419 414 419 415 419 416 419 417 419 418 419 419 419 420 419 421 419 422 419 423 419 424 419 425 419 426 419 427 419 428 419 428 418 428 417 428 416 428 414 428 411 428 402 428 391 428 361 428 343 428 325 428 286 428 264 428 238 428 184 428 161 428 139 428 94 428 71 428 19 428 0 428 0 428 0 428 0 428 0 428 0 428 0 428 0 428 0 428 0 428 0 428 0 428 2 428 10 428 21 428 32 428 43 428 69 428 85 428 121 428 139 428 155 428 181 428 194 428 208 428 231 428 241 428 259 428 268 428 279 428 296 428 304 428 312 428 329 428 337 428 354 428 359 428 364 428 367 428 368 428 368 428 369 428 370 428 371 428 372 428 373 428 375 428 376 428 381 428 383 428 390 428 393 428 397 428 404 428 409 428 413 428 422 428 428 428 438 428 442 428 446 428 457 428 463 428 468 428 477 428 481 428 490 428 495 428 499 428 504 428 505 428 506 428 508 428 509 428 510 428 511 428 514 428 526 428 531 428 538 428 549 428 554 428 558 428 561 428 562 428 563 428 564 428 565 428 568 428 570 428 571 428 572 428 572 428 
98 2 0 1 0 1 437 409 -1 -1 1 4898 344 409 340 409 343 409 351 409 361 409 375 409 395 409 444 409 470 409 525 409 554 409 584 409 599 409 599 409 599 409 599 409 599 409 599 409 599 409 599 409 599 409 599 409 599 409 599 409 599 409 599 409 599 409 599 409 599 409 599 409 599 409 599 409 599 409 599 409 598 409 594 409 588 409 582 409 575 409 568 409 559 409 553 409 544 409 540 409 536 409 530 409 529 409 528 409 526 409 525 409 524 409 520 409 517 409 509 409 504 409 499 409 489 409 485 409 476 409 472 409 468 409 462 409 459 409 458 409 456 409 454 409 452 409 451 409 450 409 449 409 448 409 447 409 446 409 445 409 443 409 441 409 439 409 438 409 437 409 
98 2 0 1 0 1 323 435 -1 -1 0 6225 115 196 104 196 103 196 103 196 102 196 101 196 100 196 99 196 97 196 95 196 94 196 93 196 90 196 89 196 89 196 89 198 89 202 89 209 89 219 89 229 89 243 89 276 89 293 89 324 89 335 89 343 89 353 89 356 89 358 89 359 89 360 89 362 89 364 89 367 89 371 89 376 89 387 89 392 89 401 89 405 89 408 89 415 89 418 89 421 89 425 89 427 89 429 89 430 89 430 89 432 89 433 89 434 89 435 88 435 87 435 84 435 81 435 77 435 72 435 58 435 49 435 28 435 18 435 8 435 0 435 0 435 0 435 0 435 0 435 0 435 0 435 0 435 0 435 0 435 0 435 0 435 0 435 0 435 0 435 1 435 7 435 21 435 47 435 81 435 181 435 249 435 320 435 461 435 522 435 575 435 599 435 599 435 599 435 599 435 599 435 599 435 599 435 598 435 592 435 585 435 574 435 561 435 548 435 517 435 501 435 469 435 456 435 445 435 428 435 421 435 415 435 408 435 405 435 400 435 397 435 393 435 383 435 379 435 375 435 369 435 366 435 363 435 361 435 360 435 357 435 355 435 352 435 345 435 340 435 336 435 334 435 332 435 330 435 329 435 328 435 326 435 324 435 323 435 
98 2 0 1 0 1 362 456 -1 -1 0 4315 487 226 487 212 487 218 487 227 487 237 487 246 487 255 487 270 487 279 487 299 487 311 487 324 487 350 487 365 487 378 487 406 487 417 487 429 487 431 487 432 487 435 487 438 487 442 487 452 487 456 487 456 486 456 485 456 483 456 479 456 475 456 470 456 458 456 453 456 444 456 441 456 438 456 434 456 431 456 426 456 413 456 404 456 387 456 380 456 375 456 367 456 366 456 365 456 364 456 363 456 362 456 
98 2 0 1 0 1 451 599 -1 -1 0 11624 40 338 29 338 28 338 24 338 18 338 10 338 0 338 0 338 0 338 0 338 0 338 0 338 0 338 0 338 0 338 0 338 0 338 0 338 0 338 0 338 0 338 0 338 0 338 0 338 0 338 0 338 2 338 13 338 30 338 67 338 86 338 106 338 154 338 180 338 206 338 247 338 264 338 299 338 316 338 334 338 363 338 374 338 387 338 416 338 430 338 444 338 445 338 447 338 449 338 450 338 451 338 451 327 451 320 451 312 451 302 451 293 451 281 451 258 451 246 451 222 451 210 451 200 451 181 451 173 451 165 451 155 451 151 451 146 451 145 451 145 451 144 451 143 451 142 451 141 451 139 451 135 451 126 451 110 451 77 451 62 451 37 451 26 451 13 451 0 451 0 451 0 451 0 451 0 451 0 451 0 451 0 451 0 451 0 451 0 451 0 451 0 451 0 451 0 451 0 451 0 451 0 451 0 451 0 451 0 451 0 451 0 451 1 451 7 451 16 451 26 451 33 451 38 451 43 451 46 451 56 451 63 451 74 451 104 451 119 451 133 451 162 451 177 451 208 451 222 451 236 451 259 451 270 451 280 451 297 451 304 451 308 451 310 451 311 451 312 451 312 451 313 451 317 451 321 451 325 451 340 451 348 451 365 451 372 451 381 451 402 451 414 451 428 451 457 451 473 451 505 451 520 451 534 451 561 451 572 451 583 451 599 451 599 451 599 
98 2 0 1 0 1 599 533 -1 -1 1 4395 504 222 200 222 199 222 198 222 199 222 201 222 205 222 209 222 214 222 220 222 229 222 232 222 246 222 257 222 268 222 293 222 309 222 325 222 358 222 375 222 404 222 419 222 434 222 466 222 483 222 498 222 526 222 537 222 557 222 566 222 573 222 581 222 583 222 585 222 590 222 591 222 592 222 597 222 599 222 599 222 599 222 599 222 599 228 599 234 599 242 599 253 599 266 599 280 599 315 599 332 599 367 599 385 599 402 599 434 599 449 599 461 599 475 599 477 599 479 599 481 599 482 599 486 599 491 599 498 599 515 599 522 599 533 
98 2 0 1 0 1 599 0 -1 -1 1 5202 435 554 164 554 158 554 149 554 145 554 139 554 137 554 136 554 135 554 134 554 133 554 131 554 129 554 127 554 126 554 125 554 124 554 123 554 122 554 122 554 121 554 122 554 124 554 126 554 130 554 135 554 142 554 161 554 173 554 206 554 225 554 246 554 294 554 324 554 354 554 410 554 437 554 487 554 510 554 533 554 572 554 589 554 599 554 599 554 599 554 599 554 599 554 599 554 599 554 599 554 599 554 599 554 599 554 599 554 599 554 599 554 599 554 599 554 599 554 599 554 599 554 599 538 599 525 599 508 599 491 599 469 599 441 599 367 599 319 599 196 599 122 599 39 599 0 599 0 599 0 599 0 599 0 599 0 599 0 599 0 
98 2 0 1 0 1 397 116 -1 -1 1 4610 161 32 159 32 158 32 157 32 156 32 155 32 153 32 148 32 142 32 135 32 119 32 107 32 77 32 59 32 41 32 3 32 0 32 0 32 0 32 0 32 0 32 0 32 0 32 0 32 0 32 0 32 1 32 4 32 7 32 10 32 14 32 27 32 42 32 63 32 106 32 128 32 163 32 178 32 191 32 215 32 228 32 241 32 258 32 263 32 274 32 285 32 300 32 326 32 336 32 344 32 361 32 370 32 388 32 393 32 396 32 397 32 397 33 397 34 397 38 397 43 397 50 397 56 397 69 397 75 397 86 397 91 397 97 397 108 397 112 397 115 397 116 
98 2 0 1 0 2 516 349 1 4948 2 
98 2 0 1 0 2 149 549 0 946 1 
98 2 0 1 0 2 183 249 0 928 2 
98 2 0 1 0 2 249 416 0 2354 1 
98 2 0 1 0 2 383 116 1 872 2 
98 2 0 1 0 2 149 349 0 2077 1 
98 2 0 1 0 2 349 149 1 808 2 
98 2 0 1 0 2 516 249 1 2956 2 
98 2 0 1 0 2 482 216 1 761 2 
98 2 0 1 0 2 249 216 1 1111 2 
98 2 0 1 0 2 249 316 0 1582 2 
98 2 0 1 0 2 116 116 1 2778 2 
98 2 0 1 0 2 316 149 0 1191 2 
98 2 0 1 0 2 316 116 1 651 2 
98 2 0 1 0 2 149 183 0 1462 2 
98 2 0 1 0 2 249 50 1 805 2 
98 2 0 1 0 2 50 283 1 830 2 
98 2 0 1 0 2 349 449 0 909 2 
98 2 0 1 0 2 383 316 1 1471 1 
98 2 0 1 0 2 549 449 1 3278 2 
98 2 0 1 0 2 216 149 1 1227 2 
98 2 0 1 0 2 549 50 1 801 2 
98 2 0 1 0 2 383 349 1 1030 2 
98 2 0 1 0 2 50 83 0 1165 1 
98 2 0 1 0 2 116 482 0 1128 1 
98 2 0 1 0 2 116 416 0 696 1 
98 2 0 1 0 2 516 449 1 691 2 
98 2 0 1 0 2 549 516 1 598 2 
98 2 0 1 0 2 283 349 1 1490 2 
98 2 0 1 0 2 149 383 1 1349 2 
98 2 0 1 0 2 482 383 1 895 2 
98 2 0 1 0 2 516 216 1 859 2 
98 2 0 1 0 1 599 0 -1 -1 1 13228 592 524 401 524 373 524 344 524 315 524 286 524 258 524 200 524 166 524 102 524 74 524 50 524 11 524 0 524 0 524 0 524 0 524 0 524 0 524 0 524 0 524 0 524 0 524 0 524 0 524 0 524 0 524 0 524 2 524 6 524 14 524 25 524 38 524 53 524 80 524 90 524 106 524 112 524 120 524 136 524 143 524 148 524 159 524 167 524 200 524 228 524 262 524 358 524 422 524 490 524 599 524 599 524 599 524 599 524 599 524 599 524 599 524 599 524 599 524 599 524 598 524 591 524 582 524 567 524 546 524 520 524 460 524 430 524 390 524 375 524 363 524 344 524 338 524 334 524 330 524 329 524 328 524 327 524 325 524 322 524 318 524 314 524 310 524 305 524 298 524 294 524 290 524 287 524 285 524 283 524 282 524 281 524 280 524 279 524 278 524 277 524 276 524 275 524 274 524 273 524 272 524 271 524 271 524 270 524 269 524 270 524 271 524 272 524 274 524 278 524 283 524 306 524 318 524 345 524 358 524 371 524 403 524 418 524 431 524 449 524 454 524 460 524 464 524 470 524 486 524 497 524 511 524 547 524 567 524 599 524 599 524 599 524 599 524 599 524 599 524 599 524 599 524 599 524 599 318 599 316 599 311 599 302 599 290 599 277 599 247 599 229 599 199 599 189 599 182 599 175 599 173 599 172 599 170 599 169 599 169 599 169 599 169 599 170 599 172 599 174 599 177 599 177 599 175 599 171 599 165 599 142 599 124 599 102 599 56 599 36 599 1 599 0 599 0 599 0 599 0 599 0 599 0 599 0 599 0 599 0 599 0 599 0 599 0 599 0 599 0 599 0 
98 2 0 1 0 1 28 125 -1 -1 0 5089 101 384 101 385 101 386 101 387 101 388 101 392 101 400 101 410 101 424 101 440 101 477 101 500 101 543 101 561 101 575 101 588 101 587 101 585 101 575 101 558 101 537 101 509 101 446 101 415 101 353 101 322 101 293 101 241 101 221 101 205 101 185 101 179 101 172 101 171 101 170 101 168 101 166 101 162 101 155 101 152 101 150 101 146 101 138 101 131 101 126 101 125 99 125 95 125 87 125 71 125 51 125 30 125 0 125 0 125 0 125 0 125 0 125 0 125 0 125 0 125 0 125 0 125 1 125 10 125 25 125 55 125 96 125 149 125 216 125 231 125 245 125 248 125 249 125 256 125 265 125 279 125 313 125 328 125 339 125 339 125 337 125 332 125 323 125 305 125 253 125 224 125 167 125 141 125 119 125 80 125 64 125 50 125 31 125 28 125 
98 2 0 1 0 1 196 211 -1 -1 0 4378 234 195 234 287 234 286 234 285 234 283 234 276 234 268 234 258 234 232 234 217 234 185 234 166 234 146 234 107 234 88 234 73 234 53 234 49 234 50 234 54 234 59 234 67 234 76 234 86 234 117 234 135 234 167 234 178 234 186 234 189 234 191 234 194 234 197 234 201 234 205 234 208 234 211 232 211 226 211 217 211 204 211 190 211 176 211 149 211 136 211 113 211 102 211 91 211 75 211 69 211 61 211 40 211 26 211 0 211 0 211 0 211 0 211 0 211 0 211 0 211 0 211 0 211 2 211 7 211 18 211 32 211 50 211 69 211 102 211 116 211 137 211 146 211 152 211 160 211 162 211 165 211 174 211 180 211 190 211 194 211 196 211 
98 2 0 1 0 1 366 272 -1 -1 1 4235 73 272 71 272 69 272 62 272 54 272 43 272 32 272 9 272 0 272 0 272 0 272 0 272 0 272 1 272 7 272 19 272 37 272 56 272 77 272 122 272 143 272 178 272 192 272 203 272 218 272 220 272 221 272 222 272 223 272 231 272 237 272 243 272 255 272 261 272 268 272 284 272 290 272 297 272 300 272 302 272 307 272 310 272 311 272 318 272 323 272 329 272 339 272 342 272 348 272 351 272 354 272 357 272 359 272 360 272 361 272 363 272 364 272 366 272 
98 2 0 1 0 1 220 281 -1 -1 0 5792 116 110 101 110 105 110 112 110 119 110 125 110 132 110 144 110 150 110 158 110 161 110 162 110 163 110 164 110 165 110 166 110 167 110 169 110 170 110 174 110 175 110 179 110 180 110 182 110 185 110 187 110 188 110 191 110 192 110 193 110 194 110 195 110 196 110 197 110 197 110 198 110 199 110 200 110 201 110 201 109 201 108 201 107 201 103 201 97 201 87 201 75 201 46 201 34 201 23 201 21 201 21 201 22 201 26 201 32 201 41 201 54 201 68 201 95 201 110 201 138 201 150 201 161 201 177 201 181 201 185 201 194 201 197 201 207 201 212 201 218 201 230 201 236 201 241 201 249 201 252 201 258 201 262 201 266 201 273 201 276 201 279 201 280 201 281 200 281 199 281 196 281 191 281 186 281 181 281 173 281 170 281 166 281 165 281 164 281 163 281 162 281 162 281 163 281 165 281 168 281 173 281 178 281 185 281 197 281 202 281 207 281 208 281 210 281 212 281 214 281 215 281 216 281 217 281 219 281 220 281 
98 2 0 1 0 1 332 230 -1 -1 1 3290 206 230 69 230 79 230 93 230 107 230 123 230 137 230 163 230 176 230 200 230 210 230 217 230 231 230 238 230 245 230 256 230 260 230 263 230 265 230 267 230 270 230 274 230 280 230 294 230 302 230 307 230 318 230 323 230 331 230 332 230 
98 2 0 1 0 1 434 95 -1 -1 1 2546 434 95 432 95 434 95 
98 2 0 1 0 1 370 143 -1 -1 1 4265 291 143 430 143 429 143 427 143 422 143 416 143 406 143 396 143 376 143 370 143 
98 2 0 1 0 1 558 194 -1 -1 1 3401 509 194 498 194 497 194 496 194 494 194 492 194 489 194 484 194 474 194 468 194 461 194 459 194 458 194 457 194 458 194 463 194 471 194 483 194 499 194 515 194 542 194 552 194 558 194 
98 2 0 1 0 1 476 450 -1 -1 1 3479 166 404 166 385 166 384 166 383 166 382 166 381 166 380 166 379 166 378 166 380 166 388 166 396 166 404 166 413 166 420 166 432 166 437 166 443 166 447 166 450 170 450 171 450 174 450 180 450 193 450 210 450 250 450 271 450 308 450 328 450 344 450 372 450 381 450 387 450 396 450 401 450 414 450 422 450 431 450 452 450 462 450 471 450 476 450 
98 2 0 1 0 1 599 417 -1 -1 1 3659 501 250 501 218 501 216 501 212 501 204 501 194 501 185 501 173 501 168 501 157 501 149 501 140 501 129 501 129 501 133 501 139 501 151 501 165 501 182 501 222 501 242 501 284 501 304 501 321 501 350 501 362 501 373 501 395 501 404 501 417 510 417 513 417 519 417 525 417 535 417 547 417 574 417 589 417 599 417 599 417 599 417 599 417 599 417 599 417 599 417 599 417 599 417 599 417 
98 2 0 1 0 1 544 544 -1 -1 0 4562 251 192 267 192 252 192 231 192 204 192 173 192 142 192 92 192 73 192 36 192 19 192 3 192 0 192 0 192 0 192 0 192 0 192 0 192 0 192 0 192 0 192 0 192 0 192 0 192 0 152 0 146 0 144 0 143 0 142 0 141 0 138 0 135 0 118 0 103 0 87 0 48 0 28 0 8 0 0 0 0 0 0 0 0 0 0 0 0 0 0 0 0 0 3 0 14 0 33 0 55 0 80 0 108 0 183 0 224 0 295 0 326 0 353 0 405 0 429 0 448 0 477 0 495 0 528 0 544 85 544 103 544 120 544 138 544 155 544 172 544 205 544 220 544 250 544 264 544 276 544 300 544 312 544 323 544 343 544 353 544 372 544 383 544 395 544 422 544 434 544 447 544 470 544 481 544 494 544 517 544 528 544 544 544 
98 2 0 1 0 1 261 449 -1 -1 0 3529 26 253 26 176 26 175 26 173 26 172 26 170 26 169 26 168 26 169 26 175 26 186 26 200 26 219 26 239 26 280 26 298 26 328 26 339 26 349 26 363 26 369 26 375 26 389 26 399 26 422 26 434 26 449 82 449 93 449 104 449 113 449 121 449 130 449 148 449 157 449 172 449 180 449 187 449 203 449 211 449 217 449 228 449 234 449 244 449 247 449 250 449 257 449 261 449 
98 2 0 1 0 1 396 599 -1 -1 0 3572 126 418 126 189 126 194 126 202 126 213 126 228 126 244 126 275 126 287 126 305 126 310 126 314 126 318 126 319 126 318 126 317 126 320 126 337 126 360 126 382 126 403 126 450 126 479 126 506 126 552 126 571 126 586 126 599 126 599 126 599 126 599 126 599 127 599 129 599 131 599 136 599 142 599 150 599 174 599 190 599 225 599 242 599 257 599 285 599 296 599 307 599 326 599 333 599 349 599 358 599 367 599 387 599 396 599 
98 2 0 1 0 1 599 520 -1 -1 1 4380 393 504 393 0 393 4 393 8 393 16 393 24 393 34 393 50 393 56 393 61 393 62 393 61 393 57 393 53 393 46 393 36 393 25 393 0 393 0 393 0 393 0 393 0 393 0 393 0 393 0 393 0 393 0 393 0 393 0 393 0 393 0 393 0 393 0 393 0 393 0 393 0 393 0 393 0 393 4 393 15 393 63 393 99 393 135 393 203 393 235 393 294 393 324 393 348 393 389 393 408 393 428 393 463 393 475 393 485 393 500 393 507 393 517 393 520 395 520 401 520 414 520 430 520 448 520 469 520 512 520 532 520 566 520 583 520 598 520 599 520 599 520 599 520 599 520 599 520 599 520 599 520 599 520 599 520 599 520 599 520 599 520 599 520 599 520 
98 2 0 1 0 1 599 0 -1 -1 0 4280 96 231 96 76 96 79 96 87 96 101 96 118 96 138 96 186 96 207 96 239 96 251 96 260 96 266 96 267 96 268 96 269 96 271 96 275 96 280 96 286 96 297 96 299 96 298 96 290 96 275 96 251 96 220 96 188 96 134 96 118 96 102 96 99 96 97 96 89 96 77 96 65 96 52 96 28 96 19 96 5 96 1 96 0 96 0 96 0 107 0 123 0 144 0 173 0 206 0 280 0 319 0 405 0 456 0 508 0 599 0 599 0 599 0 599 0 599 0 599 0 599 0 599 0 599 0 599 0 
98 2 0 1 0 2 549 83 1 1023 2 
98 2 0 1 0 2 549 416 1 497 2 
98 2 0 1 0 2 83 183 0 610 2 
98 2 0 1 0 2 50 50 1 794 2 
98 2 0 1 0 2 383 149 0 964 2 
98 2 0 1 0 2 116 383 0 1325 2 
98 2 0 1 0 2 449 316 0 3585 1 
98 2 0 1 0 2 316 449 1 746 2 
98 2 0 1 0 2 149 283 0 913 1 
98 2 0 1 0 2 383 449 1 792 2 
98 2 0 1 0 2 50 516 0 869 1 
98 2 0 1 0 2 149 482 0 686 1 
98 2 0 1 0 2 283 482 0 1324 1 
98 2 0 1 0 2 283 149 1 892 2 
98 2 0 1 0 2 149 149 1 607 2 
98 2 0 1 0 2 383 516 0 1335 2 
98 2 0 1 0 2 449 216 1 1402 2 
98 2 0 1 0 2 283 416 1 816 2 
98 2 0 1 0 2 449 50 0 768 2 
98 2 0 1 0 2 249 549 1 608 2 
98 2 0 1 0 2 549 183 1 964 2 
98 2 0 1 0 2 349 482 1 2314 2 
98 2 0 1 0 2 50 416 0 864 2 
98 2 0 1 0 2 516 149 1 1154 2 
98 2 0 1 0 2 482 349 1 1217 2 
98 2 0 1 0 2 283 83 1 1975 2 
98 2 0 1 0 2 183 83 1 1635 2 
98 2 0 1 0 2 383 416 1 1107 2 
98 2 0 1 0 2 349 216 1 1712 2 
98 2 0 1 0 2 383 50 0 726 2 
98 2 0 1 0 2 216 83 0 591 2 
98 2 0 1 0 2 183 449 0 888 2 
