Subject 160 in condition 0
Training Condition: 2
Task: 0
Rule: [[[220, 300], [[2000, 0], [0, 9000]]], [[380, 300], [[2000, 0], [0, 9000]]]]
Noise: 0
CATA=1
CATB=0
Sample keys: 122 120
Resp keys: 309 307
Dim direction: 0 1
Dim minimum: 73 86
Test order: [7, 3, 0, 6, 5, 2, 1, 4]
160 0 2 0 0 1 242 211 0 6861 
160 0 2 0 0 1 201 267 0 5831 
160 0 2 0 0 1 375 177 1 5272 
160 0 2 0 0 1 193 388 0 5680 
160 0 2 0 0 1 264 302 0 4336 
160 0 2 0 0 1 222 233 0 2807 
160 0 2 0 0 1 224 200 0 4064 
160 0 2 0 0 1 475 334 1 4464 
160 0 2 0 0 1 430 294 1 2617 
160 0 2 0 0 1 370 268 1 2201 
160 0 2 0 0 1 343 219 1 2786 
160 0 2 0 0 1 366 302 1 3122 
160 0 2 0 0 1 194 296 0 6522 
160 0 2 0 0 1 419 252 1 7657 
160 0 2 0 0 1 323 218 1 2887 
160 0 2 0 0 1 311 164 1 3057 
160 0 2 0 0 2 249 316 0 3796 2 
160 0 2 0 0 2 50 83 0 8918 1 
160 0 2 0 0 2 516 449 1 3182 3 
160 0 2 0 0 2 549 516 1 1749 3 
160 0 2 0 0 2 316 149 1 5238 2 
160 0 2 0 0 2 116 416 0 3467 1 
160 0 2 0 0 2 149 549 0 2596 1 
160 0 2 0 0 2 50 283 0 4884 2 
160 0 2 0 0 2 249 50 1 3309 1 
160 0 2 0 0 2 482 216 1 1688 1 
160 0 2 0 0 2 183 249 0 4265 3 
160 0 2 0 0 2 316 116 1 4985 1 
160 0 2 0 0 2 149 183 0 4849 2 
160 0 2 0 0 2 116 482 1 5378 2 
160 0 2 0 0 2 482 383 1 3725 3 
160 0 2 0 0 2 549 50 1 22574 1 
160 0 2 0 0 2 549 449 1 6367 1 
160 0 2 0 0 2 383 349 0 4376 1 
160 0 2 0 0 2 249 216 0 1973 2 
160 0 2 0 0 2 249 416 0 1713 1 
160 0 2 0 0 2 516 216 1 1802 3 
160 0 2 0 0 2 349 449 0 3319 1 
160 0 2 0 0 2 116 116 0 1637 1 
160 0 2 0 0 2 383 316 1 2245 2 
160 0 2 0 0 2 283 349 1 2191 2 
160 0 2 0 0 2 349 149 0 1403 2 
160 0 2 0 0 2 149 383 0 1722 2 
160 0 2 0 0 2 216 149 0 1073 2 
160 0 2 0 0 2 516 249 1 1049 2 
160 0 2 0 0 2 383 116 1 1091 1 
160 0 2 0 0 2 516 349 1 897 1 
160 0 2 0 0 2 149 349 1 1371 1 
160 0 2 0 0 1 239 196 0 11733 
160 0 2 0 0 1 405 307 1 1936 
160 0 2 0 0 1 235 201 0 1087 
160 0 2 0 0 1 330 126 1 1904 
160 0 2 0 0 1 271 270 0 1824 
160 0 2 0 0 1 244 280 0 1240 
160 0 2 0 0 1 169 196 0 1154 
160 0 2 0 0 1 179 278 0 921 
160 0 2 0 0 1 388 216 1 1889 
160 0 2 0 0 1 297 305 0 1297 
160 0 2 0 0 1 372 234 1 2017 
160 0 2 0 0 1 445 357 1 777 
160 0 2 0 0 1 419 266 1 872 
160 0 2 0 0 1 412 359 1 777 
160 0 2 0 0 1 231 391 0 937 
160 0 2 0 0 1 364 370 1 1097 
160 0 2 0 0 2 116 383 0 3691 2 
160 0 2 0 0 2 383 449 1 2724 1 
160 0 2 0 0 2 482 349 1 1102 1 
160 0 2 0 0 2 449 50 1 1111 1 
160 0 2 0 0 2 549 83 1 1130 2 
160 0 2 0 0 2 383 50 1 1286 2 
160 0 2 0 0 2 283 83 1 1538 2 
160 0 2 0 0 2 383 416 1 1110 2 
160 0 2 0 0 2 516 149 1 965 2 
160 0 2 0 0 2 83 183 0 1059 2 
160 0 2 0 0 2 183 83 0 904 2 
160 0 2 0 0 2 349 216 1 2309 2 
160 0 2 0 0 2 316 449 0 2014 1 
160 0 2 0 0 2 449 216 1 1716 2 
160 0 2 0 0 2 50 50 0 1424 2 
160 0 2 0 0 2 149 283 0 942 2 
160 0 2 0 0 2 183 449 0 912 2 
160 0 2 0 0 2 216 83 0 3446 2 
160 0 2 0 0 2 549 416 1 1154 1 
160 0 2 0 0 2 449 316 1 757 1 
160 0 2 0 0 2 149 149 0 955 2 
160 0 2 0 0 2 283 149 1 1253 1 
160 0 2 0 0 2 149 482 0 848 2 
160 0 2 0 0 2 549 183 1 1474 2 
160 0 2 0 0 2 383 149 1 1286 2 
160 0 2 0 0 2 383 516 1 1514 2 
160 0 2 0 0 2 249 549 0 2657 1 
160 0 2 0 0 2 50 516 0 1678 2 
160 0 2 0 0 2 283 416 0 1095 2 
160 0 2 0 0 2 50 416 0 982 2 
160 0 2 0 0 2 349 482 1 1771 1 
160 0 2 0 0 2 283 482 1 2461 1 
160 0 2 0 0 1 237 149 0 19252 
160 0 2 0 0 1 212 163 0 1478 
160 0 2 0 0 1 302 214 1 1072 
160 0 2 0 0 1 318 252 1 895 
160 0 2 0 0 1 241 339 0 1032 
160 0 2 0 0 1 193 163 0 1192 
160 0 2 0 0 1 398 467 1 744 
160 0 2 0 0 1 271 232 0 777 
160 0 2 0 0 1 192 185 0 694 
160 0 2 0 0 1 204 280 0 680 
160 0 2 0 0 1 371 185 1 584 
160 0 2 0 0 1 355 345 1 689 
160 0 2 0 0 1 355 328 1 627 
160 0 2 0 0 1 271 276 0 686 
160 0 2 0 0 1 468 219 1 584 
160 0 2 0 0 1 461 412 1 857 
160 0 2 0 0 2 183 216 0 4198 2 
160 0 2 0 0 2 83 516 0 961 2 
160 0 2 0 0 2 383 549 1 1737 2 
160 0 2 0 0 2 316 516 0 2819 1 
160 0 2 0 0 2 316 549 0 1208 1 
160 0 2 0 0 2 549 216 1 1386 2 
160 0 2 0 0 2 83 416 0 2284 2 
160 0 2 0 0 2 482 449 1 1122 2 
160 0 2 0 0 2 416 416 1 747 2 
160 0 2 0 0 2 482 183 1 747 2 
160 0 2 0 0 2 516 50 1 660 2 
160 0 2 0 0 2 216 549 0 893 2 
160 0 2 0 0 2 83 549 0 765 2 
160 0 2 0 0 2 50 449 0 646 2 
160 0 2 0 0 2 516 283 1 868 2 
160 0 2 0 0 2 83 482 0 938 2 
160 0 2 0 0 2 349 416 1 3225 1 
160 0 2 0 0 2 83 316 0 1184 2 
160 0 2 0 0 2 116 83 0 1158 2 
160 0 2 0 0 2 216 383 0 1070 2 
160 0 2 0 0 2 283 50 0 2229 2 
160 0 2 0 0 2 183 283 0 919 2 
160 0 2 0 0 2 449 349 1 1058 1 
160 0 2 0 0 2 482 316 1 851 2 
160 0 2 0 0 2 416 149 1 595 2 
160 0 2 0 0 2 249 116 0 1785 1 
160 0 2 0 0 2 283 183 0 1964 1 
160 0 2 0 0 2 249 283 0 3029 2 
160 0 2 0 0 2 416 116 1 1452 2 
160 0 2 0 0 2 482 116 1 957 2 
160 0 2 0 0 2 316 249 1 2463 2 
160 0 2 0 0 2 116 149 0 1175 2 
160 0 2 0 0 1 267 198 0 5332 
160 0 2 0 0 1 382 252 1 3343 
160 0 2 0 0 1 313 374 1 1016 
160 0 2 0 0 1 319 360 1 1169 
160 0 2 0 0 1 165 267 0 721 
160 0 2 0 0 1 200 275 0 761 
160 0 2 0 0 1 388 132 1 1305 
160 0 2 0 0 1 385 219 1 1201 
160 0 2 0 0 1 201 153 0 928 
160 0 2 0 0 1 145 255 0 1720 
160 0 2 0 0 1 257 323 0 1623 
160 0 2 0 0 1 236 151 0 969 
160 0 2 0 0 1 368 500 1 786 
160 0 2 0 0 1 350 377 1 687 
160 0 2 0 0 1 354 346 1 663 
160 0 2 0 0 1 306 293 1 608 
160 0 2 0 0 2 249 482 0 5695 2 
160 0 2 0 0 2 482 283 1 1249 2 
160 0 2 0 0 2 83 283 0 1162 2 
160 0 2 0 0 2 116 549 0 840 2 
160 0 2 0 0 2 183 482 0 1391 2 
160 0 2 0 0 2 50 383 0 919 2 
160 0 2 0 0 2 449 416 1 859 2 
160 0 2 0 0 2 249 449 0 1198 2 
160 0 2 0 0 2 482 416 1 1625 2 
160 0 2 0 0 2 482 549 1 1390 2 
160 0 2 0 0 2 283 549 0 985 2 
160 0 2 0 0 2 83 50 0 950 2 
160 0 2 0 0 2 516 116 1 892 2 
160 0 2 0 0 2 116 50 0 749 2 
160 0 2 0 0 2 50 349 0 703 2 
160 0 2 0 0 2 50 216 0 752 2 
160 0 2 0 0 2 549 149 1 793 2 
160 0 2 0 0 2 50 116 0 805 2 
160 0 2 0 0 2 316 183 1 1967 2 
160 0 2 0 0 2 549 349 1 1875 1 
160 0 2 0 0 2 149 216 0 2927 2 
160 0 2 0 0 2 349 316 1 3386 1 
160 0 2 0 0 2 116 449 0 1560 2 
160 0 2 0 0 2 349 183 1 1419 1 
160 0 2 0 0 2 349 249 0 1237 2 
160 0 2 0 0 2 50 183 0 922 2 
160 0 2 0 0 2 349 283 1 1707 1 
160 0 2 0 0 2 549 482 1 925 1 
160 0 2 0 0 2 383 283 1 914 2 
160 0 2 0 0 2 316 482 1 791 2 
160 0 2 0 0 2 349 549 1 728 2 
160 0 2 0 0 2 216 283 0 1859 1 
160 0 2 0 0 1 231 350 0 3388 
160 0 2 0 0 1 204 65 0 937 
160 0 2 0 0 1 366 324 1 874 
160 0 2 0 0 1 286 264 0 1009 
160 0 2 0 0 1 174 202 0 1016 
160 0 2 0 0 1 185 391 0 449 
160 0 2 0 0 1 229 278 0 696 
160 0 2 0 0 1 267 302 0 392 
160 0 2 0 0 1 275 426 0 528 
160 0 2 0 0 1 248 219 0 649 
160 0 2 0 0 1 353 301 1 5449 
160 0 2 0 0 1 329 272 1 617 
160 0 2 0 0 1 342 178 1 689 
160 0 2 0 0 1 424 478 1 737 
160 0 2 0 0 1 377 234 1 808 
160 0 2 0 0 1 416 356 1 2072 
160 0 2 0 0 2 416 50 1 2208 2 
160 0 2 0 0 2 83 116 0 3029 2 
160 0 2 0 0 2 183 516 0 1082 2 
160 0 2 0 0 2 183 183 0 585 2 
160 0 2 0 0 2 449 516 1 1680 2 
160 0 2 0 0 2 116 283 0 906 2 
160 0 2 0 0 2 449 383 1 6331 2 
160 0 2 0 0 2 183 416 0 924 2 
160 0 2 0 0 2 216 183 0 1879 2 
160 0 2 0 0 2 249 83 0 710 2 
160 0 2 0 0 2 116 216 0 852 2 
160 0 2 0 0 2 482 83 1 809 2 
160 0 2 0 0 2 183 549 0 738 2 
160 0 2 0 0 2 316 416 1 1967 2 
160 0 2 0 0 2 549 283 1 853 2 
160 0 2 0 0 2 50 549 0 897 2 
160 0 2 0 0 2 283 449 1 1330 2 
160 0 2 0 0 2 116 249 0 1025 2 
160 0 2 0 0 2 216 316 0 1084 2 
160 0 2 0 0 2 549 116 1 728 2 
160 0 2 0 0 2 183 316 0 892 2 
160 0 2 0 0 2 449 149 1 980 2 
160 0 2 0 0 2 249 249 0 956 2 
160 0 2 0 0 2 416 83 1 703 2 
160 0 2 0 0 2 482 482 1 726 2 
160 0 2 0 0 2 316 50 0 1135 1 
160 0 2 0 0 2 383 383 1 1420 2 
160 0 2 0 0 2 449 183 1 677 2 
160 0 2 0 0 2 349 349 1 656 2 
160 0 2 0 0 2 416 316 1 647 2 
160 0 2 0 0 2 316 383 1 659 2 
160 0 2 0 0 2 116 516 0 2513 1 
160 0 2 0 0 1 367 357 1 6372 
160 0 2 0 0 1 434 368 1 635 
160 0 2 0 0 1 382 260 1 696 
160 0 2 0 0 1 361 253 1 976 
160 0 2 0 0 1 327 201 1 368 
160 0 2 0 0 1 446 369 1 673 
160 0 2 0 0 1 96 309 0 586 
160 0 2 0 0 1 187 318 0 385 
160 0 2 0 0 1 220 381 0 322 
160 0 2 0 0 1 183 382 0 368 
160 0 2 0 0 1 201 316 0 288 
160 0 2 0 0 1 232 241 0 592 
160 0 2 0 0 1 427 219 1 784 
160 0 2 0 0 1 171 292 0 682 
160 0 2 0 0 1 199 222 0 767 
160 0 2 0 0 1 444 413 1 655 
160 0 2 0 0 2 83 349 0 3854 2 
160 0 2 0 0 2 416 482 1 1472 1 
160 0 2 0 0 2 116 316 0 1001 2 
160 0 2 0 0 2 549 383 1 932 1 
160 0 2 0 0 2 516 383 1 877 2 
160 0 2 0 0 2 149 249 0 865 2 
160 0 2 0 0 2 149 116 0 957 2 
160 0 2 0 0 2 149 83 0 719 2 
160 0 2 0 0 2 83 149 0 900 2 
160 0 2 0 0 2 249 183 0 1081 2 
160 0 2 0 0 2 416 349 1 1137 2 
160 0 2 0 0 2 216 349 0 1060 2 
160 0 2 0 0 2 416 249 1 703 2 
160 0 2 0 0 2 349 83 1 870 2 
160 0 2 0 0 2 449 83 1 688 2 
160 0 2 0 0 2 349 516 1 688 2 
160 0 2 0 0 2 549 316 1 853 2 
160 0 2 0 0 2 283 216 1 1365 2 
160 0 2 0 0 2 183 383 0 1250 1 
160 0 2 0 0 2 349 383 0 2710 1 
160 0 2 0 0 2 283 383 0 1920 1 
160 0 2 0 0 2 83 83 0 1194 2 
160 0 2 0 0 2 83 449 0 633 2 
160 0 2 0 0 2 482 149 1 948 1 
160 0 2 0 0 2 216 449 0 1739 2 
160 0 2 0 0 2 316 283 1 1825 1 
160 0 2 0 0 2 482 50 1 821 2 
160 0 2 0 0 2 449 449 1 774 2 
160 0 2 0 0 2 50 149 0 993 2 
160 0 2 0 0 2 383 83 1 2313 2 
160 0 2 0 0 2 449 116 1 834 2 
160 0 2 0 0 2 183 349 0 1120 2 
160 0 2 0 0 1 140 220 0 3135 
160 0 2 0 0 1 330 356 1 792 
160 0 2 0 0 1 182 420 0 546 
160 0 2 0 0 1 372 381 1 1265 
160 0 2 0 0 1 353 296 1 1426 
160 0 2 0 0 1 224 210 0 634 
160 0 2 0 0 1 221 335 0 674 
160 0 2 0 0 1 115 428 0 513 
160 0 2 0 0 1 294 263 0 369 
160 0 2 0 0 1 446 378 1 761 
160 0 2 0 0 1 398 297 1 608 
160 0 2 0 0 1 208 298 0 857 
160 0 2 0 0 1 347 371 1 896 
160 0 2 0 0 1 376 314 1 1368 
160 0 2 0 0 1 243 263 0 681 
160 0 2 0 0 1 351 202 1 833 
160 0 2 0 0 2 516 183 1 9193 3 
160 0 2 0 0 2 416 183 1 1246 3 
160 0 2 0 0 2 316 316 0 1343 2 
160 0 2 0 0 2 249 149 0 5065 2 
160 0 2 0 0 2 349 116 1 1509 2 
160 0 2 0 0 2 216 416 0 4326 1 
160 0 2 0 0 2 283 249 0 1018 1 
160 0 2 0 0 2 249 516 0 755 1 
160 0 2 0 0 2 482 249 1 1109 2 
160 0 2 0 0 2 482 516 1 698 2 
160 0 2 0 0 2 416 449 1 732 2 
160 0 2 0 0 2 516 549 1 1450 2 
160 0 2 0 0 2 316 349 0 1085 2 
160 0 2 0 0 2 383 216 1 949 2 
160 0 2 0 0 2 50 249 0 973 2 
160 0 2 0 0 2 149 316 0 685 2 
160 0 2 0 0 2 183 50 0 732 2 
160 0 2 0 0 2 50 482 0 823 2 
160 0 2 0 0 2 416 516 1 861 2 
160 0 2 0 0 2 216 50 0 840 2 
160 0 2 0 0 2 316 216 1 1034 2 
160 0 2 0 0 2 216 482 0 1513 2 
160 0 2 0 0 2 449 549 1 675 2 
160 0 2 0 0 2 516 482 1 757 2 
160 0 2 0 0 2 149 50 0 746 2 
160 0 2 0 0 2 183 116 0 713 2 
160 0 2 0 0 2 283 116 0 1379 2 
160 0 2 0 0 2 383 183 1 1189 2 
160 0 2 0 0 2 249 349 1 1676 1 
160 0 2 0 0 2 149 516 0 1644 2 
160 0 2 0 0 2 50 316 0 1041 2 
160 0 2 0 0 2 416 216 1 1805 1 
160 0 2 0 0 1 304 151 1 16092 
160 0 2 0 0 1 326 248 1 753 
160 0 2 0 0 1 387 314 1 472 
160 0 2 0 0 1 370 257 1 1272 
160 0 2 0 0 1 316 501 1 1129 
160 0 2 0 0 1 447 178 1 512 
160 0 2 0 0 1 352 412 1 417 
160 0 2 0 0 1 387 370 1 449 
160 0 2 0 0 1 319 144 1 401 
160 0 2 0 0 1 382 269 1 290 
160 0 2 0 0 1 164 237 0 977 
160 0 2 0 0 1 198 255 0 369 
160 0 2 0 0 1 134 280 0 505 
160 0 2 0 0 1 206 466 0 305 
160 0 2 0 0 1 217 365 0 314 
160 0 2 0 0 1 287 267 0 345 
160 0 2 0 0 2 83 216 0 3782 3 
160 0 2 0 0 2 516 516 1 927 2 
160 0 2 0 0 2 416 383 1 1049 3 
160 0 2 0 0 2 416 549 1 655 3 
160 0 2 0 0 2 183 149 0 1185 3 
160 0 2 0 0 2 116 183 0 726 3 
160 0 2 0 0 2 283 283 1 998 3 
160 0 2 0 0 2 216 516 1 838 3 
160 0 2 0 0 2 416 283 1 628 3 
160 0 2 0 0 2 449 249 1 560 3 
160 0 2 0 0 2 83 383 0 849 3 
160 0 2 0 0 2 283 316 1 966 3 
160 0 2 0 0 2 216 249 0 648 3 
160 0 2 0 0 2 383 249 1 2168 3 
160 0 2 0 0 2 149 449 0 1671 3 
160 0 2 0 0 2 216 216 0 1930 2 
160 0 2 0 0 2 516 416 1 1047 2 
160 0 2 0 0 2 349 50 1 945 3 
160 0 2 0 0 2 516 316 1 645 3 
160 0 2 0 0 2 149 416 0 1062 3 
160 0 2 0 0 2 383 482 1 1659 2 
160 0 2 0 0 2 516 83 1 985 3 
160 0 2 0 0 2 283 516 0 1026 3 
160 0 2 0 0 2 549 549 1 1486 3 
160 0 2 0 0 2 449 283 1 975 3 
160 0 2 0 0 2 216 116 0 1013 3 
160 0 2 0 0 2 249 383 0 1991 2 
160 0 2 0 0 2 116 349 0 1154 2 
160 0 2 0 0 2 316 83 0 7572 3 
160 0 2 0 0 2 449 482 1 1359 3 
160 0 2 0 0 2 83 249 0 1231 3 
160 0 2 0 0 2 549 249 1 887 3 
