Subject 173 in condition 1
Training Condition: 2
Task: 0
Rule: [[[300, 220], [[9000, 0], [0, 2000]]], [[300, 380], [[9000, 0], [0, 2000]]]]
Noise: 0
CATA=1
CATB=0
Sample keys: 120 122
Resp keys: 309 307
Dim direction: 0 1
Dim minimum: 85 85
Test order: [7, 2, 4, 5, 6, 1, 3, 0]
173 1 2 0 1 1 358 271 0 11716 
173 1 2 0 1 1 177 252 0 5609 
173 1 2 0 1 1 417 227 0 1264 
173 1 2 0 1 1 474 295 0 12457 
173 1 2 0 1 1 401 375 1 5697 
173 1 2 0 1 1 155 371 1 1240 
173 1 2 0 1 1 370 236 0 1353 
173 1 2 0 1 1 287 364 1 1208 
173 1 2 0 1 1 174 333 1 1202 
173 1 2 0 1 1 191 352 1 3216 
173 1 2 0 1 1 352 231 0 3073 
173 1 2 0 1 1 353 341 1 9729 
173 1 2 0 1 1 252 265 0 3679 
173 1 2 0 1 1 344 417 1 2762 
173 1 2 0 1 1 497 134 0 9562 
173 1 2 0 1 1 176 184 0 6946 
173 1 2 0 1 2 283 349 1 9963 4 
173 1 2 0 1 2 383 349 0 7345 4 
173 1 2 0 1 2 316 116 0 10620 4 
173 1 2 0 1 2 549 449 1 6087 3 
173 1 2 0 1 2 549 516 1 6552 4 
173 1 2 0 1 2 249 416 1 3589 4 
173 1 2 0 1 2 516 249 0 2457 3 
173 1 2 0 1 2 216 149 1 8630 2 
173 1 2 0 1 2 116 416 1 3331 3 
173 1 2 0 1 2 249 216 0 1931 4 
173 1 2 0 1 2 383 316 0 3780 4 
173 1 2 0 1 2 149 383 1 2800 2 
173 1 2 0 1 2 482 383 1 3807 2 
173 1 2 0 1 2 249 316 0 8637 3 
173 1 2 0 1 2 549 50 1 5213 2 
173 1 2 0 1 2 249 50 1 4022 2 
173 1 2 0 1 2 316 149 0 4056 3 
173 1 2 0 1 2 516 349 0 7900 4 
173 1 2 0 1 2 50 83 1 1780 2 
173 1 2 0 1 2 116 482 1 1851 3 
173 1 2 0 1 2 149 183 0 3410 3 
173 1 2 0 1 2 116 116 1 2859 4 
173 1 2 0 1 2 349 449 1 2923 4 
173 1 2 0 1 2 50 283 0 3199 4 
173 1 2 0 1 2 482 216 0 4054 4 
173 1 2 0 1 2 383 116 1 4597 2 
173 1 2 0 1 2 516 449 1 3208 4 
173 1 2 0 1 2 516 216 0 3443 4 
173 1 2 0 1 2 149 549 1 3736 3 
173 1 2 0 1 2 149 349 0 5512 4 
173 1 2 0 1 2 183 249 0 2449 4 
173 1 2 0 1 2 349 149 1 2928 2 
173 1 2 0 1 1 380 414 1 14909 
173 1 2 0 1 1 276 260 0 4144 
173 1 2 0 1 1 334 266 0 2105 
173 1 2 0 1 1 154 193 0 2768 
173 1 2 0 1 1 376 110 0 1576 
173 1 2 0 1 1 380 194 0 1368 
173 1 2 0 1 1 169 265 0 1297 
173 1 2 0 1 1 413 363 1 1264 
173 1 2 0 1 1 299 388 1 1280 
173 1 2 0 1 1 408 421 1 1304 
173 1 2 0 1 1 379 389 1 1041 
173 1 2 0 1 1 427 343 1 1208 
173 1 2 0 1 1 343 393 1 1233 
173 1 2 0 1 1 251 190 0 1040 
173 1 2 0 1 1 248 220 0 1081 
173 1 2 0 1 1 232 265 0 881 
173 1 2 0 1 2 416 349 1 4208 4 
173 1 2 0 1 2 216 349 1 2351 3 
173 1 2 0 1 2 183 383 1 54012 4 
173 1 2 0 1 2 283 216 0 10784 4 
173 1 2 0 1 2 349 516 1 2536 4 
173 1 2 0 1 2 149 249 0 2894 5 
173 1 2 0 1 2 516 383 1 4318 5 
173 1 2 0 1 2 482 149 0 1881 5 
173 1 2 0 1 2 249 183 0 1520 5 
173 1 2 0 1 2 416 249 0 2429 5 
173 1 2 0 1 2 482 50 0 2890 5 
173 1 2 0 1 2 183 349 1 1396 4 
173 1 2 0 1 2 449 116 0 1488 5 
173 1 2 0 1 2 383 83 0 4186 4 
173 1 2 0 1 2 316 283 0 2667 4 
173 1 2 0 1 2 216 449 1 1834 5 
173 1 2 0 1 2 116 316 1 2180 5 
173 1 2 0 1 2 349 83 0 2590 5 
173 1 2 0 1 2 83 149 0 1221 5 
173 1 2 0 1 2 549 316 1 2090 3 
173 1 2 0 1 2 149 83 0 2078 4 
173 1 2 0 1 2 549 383 1 1499 3 
173 1 2 0 1 2 149 116 0 2714 4 
173 1 2 0 1 2 449 449 1 1274 4 
173 1 2 0 1 2 349 383 1 1453 4 
173 1 2 0 1 2 83 449 1 879 4 
173 1 2 0 1 2 449 83 0 1148 5 
173 1 2 0 1 2 283 383 1 3474 4 
173 1 2 0 1 2 416 482 1 1393 4 
173 1 2 0 1 2 50 149 0 1419 5 
173 1 2 0 1 2 83 349 0 3314 4 
173 1 2 0 1 2 83 83 0 1460 5 
173 1 2 0 1 1 338 331 1 9949 
173 1 2 0 1 1 293 355 1 1072 
173 1 2 0 1 1 387 200 0 3407 
173 1 2 0 1 1 460 427 1 1136 
173 1 2 0 1 1 432 270 0 3192 
173 1 2 0 1 1 141 477 1 1207 
173 1 2 0 1 1 218 162 0 1270 
173 1 2 0 1 1 307 334 1 1121 
173 1 2 0 1 1 200 414 1 832 
173 1 2 0 1 1 308 415 1 537 
173 1 2 0 1 1 168 252 0 1385 
173 1 2 0 1 1 294 242 0 1946 
173 1 2 0 1 1 319 298 0 3289 
173 1 2 0 1 1 344 234 0 775 
173 1 2 0 1 1 385 406 1 761 
173 1 2 0 1 1 179 392 1 1761 
173 1 2 0 1 2 516 316 1 2379 4 
173 1 2 0 1 2 416 283 1 4016 3 
173 1 2 0 1 2 216 216 0 3084 3 
173 1 2 0 1 2 83 383 1 1279 4 
173 1 2 0 1 2 449 482 1 1390 4 
173 1 2 0 1 2 383 482 1 2944 4 
173 1 2 0 1 2 349 50 0 1448 4 
173 1 2 0 1 2 449 249 0 4009 3 
173 1 2 0 1 2 549 249 0 1642 3 
173 1 2 0 1 2 116 349 1 2746 4 
173 1 2 0 1 2 416 549 1 1493 4 
173 1 2 0 1 2 383 249 0 6865 3 
173 1 2 0 1 2 449 283 0 1895 2 
173 1 2 0 1 2 316 83 0 1887 4 
173 1 2 0 1 2 83 249 0 4747 2 
173 1 2 0 1 2 283 516 1 2196 4 
173 1 2 0 1 2 216 116 0 2758 4 
173 1 2 0 1 2 516 83 0 2218 4 
173 1 2 0 1 2 83 216 0 2847 4 
173 1 2 0 1 2 149 449 1 1755 4 
173 1 2 0 1 2 549 549 1 2584 4 
173 1 2 0 1 2 283 283 0 2332 4 
173 1 2 0 1 2 216 516 1 1779 4 
173 1 2 0 1 2 516 416 1 1866 3 
173 1 2 0 1 2 249 383 1 1706 3 
173 1 2 0 1 2 149 416 1 1500 3 
173 1 2 0 1 2 416 383 1 1202 3 
173 1 2 0 1 2 183 149 0 1620 4 
173 1 2 0 1 2 116 183 0 2135 4 
173 1 2 0 1 2 516 516 1 1275 3 
173 1 2 0 1 2 216 249 0 3231 2 
173 1 2 0 1 2 283 316 0 4334 3 
173 1 2 0 1 1 394 393 1 13509 
173 1 2 0 1 1 296 411 1 872 
173 1 2 0 1 1 314 262 0 2314 
173 1 2 0 1 1 147 388 1 1009 
173 1 2 0 1 1 245 226 0 968 
173 1 2 0 1 1 264 257 0 1424 
173 1 2 0 1 1 373 203 0 767 
173 1 2 0 1 1 261 333 1 937 
173 1 2 0 1 1 319 312 1 952 
173 1 2 0 1 1 403 203 0 786 
173 1 2 0 1 1 342 397 1 800 
173 1 2 0 1 1 309 211 0 1032 
173 1 2 0 1 1 295 199 0 731 
173 1 2 0 1 1 250 242 0 2362 
173 1 2 0 1 1 448 170 0 1562 
173 1 2 0 1 1 317 330 1 808 
173 1 2 0 1 2 183 549 1 2111 4 
173 1 2 0 1 2 549 116 0 1464 4 
173 1 2 0 1 2 416 83 0 1406 5 
173 1 2 0 1 2 549 283 1 2446 3 
173 1 2 0 1 2 116 516 1 1783 5 
173 1 2 0 1 2 183 183 0 1924 5 
173 1 2 0 1 2 482 83 0 998 5 
173 1 2 0 1 2 116 216 0 7406 2 
173 1 2 0 1 2 449 149 0 3609 4 
173 1 2 0 1 2 183 516 1 1313 5 
173 1 2 0 1 2 216 316 1 850 5 
173 1 2 0 1 2 449 516 1 894 5 
173 1 2 0 1 2 316 416 1 1865 5 
173 1 2 0 1 2 50 549 1 1024 5 
173 1 2 0 1 2 482 482 1 960 5 
173 1 2 0 1 2 249 83 0 1445 5 
173 1 2 0 1 2 249 249 0 2948 5 
173 1 2 0 1 2 416 316 0 5659 1 
173 1 2 0 1 2 283 449 1 2198 5 
173 1 2 0 1 2 83 116 0 1256 5 
173 1 2 0 1 2 416 50 0 1460 5 
173 1 2 0 1 2 449 183 0 1197 5 
173 1 2 0 1 2 383 383 1 1357 5 
173 1 2 0 1 2 449 383 1 845 5 
173 1 2 0 1 2 316 50 0 1135 5 
173 1 2 0 1 2 116 249 1 6155 3 
173 1 2 0 1 2 183 416 1 1703 5 
173 1 2 0 1 2 316 383 1 718 5 
173 1 2 0 1 2 116 283 1 2853 3 
173 1 2 0 1 2 216 183 0 3609 3 
173 1 2 0 1 2 183 316 1 1567 4 
173 1 2 0 1 2 349 349 1 767 4 
173 1 2 0 1 1 305 215 0 6884 
173 1 2 0 1 1 217 221 0 2368 
173 1 2 0 1 1 269 357 1 1057 
173 1 2 0 1 1 226 184 0 753 
173 1 2 0 1 1 323 379 1 673 
173 1 2 0 1 1 464 290 0 6592 
173 1 2 0 1 1 344 251 0 4120 
173 1 2 0 1 1 338 327 1 1009 
173 1 2 0 1 1 410 253 0 1193 
173 1 2 0 1 1 182 262 0 784 
173 1 2 0 1 1 305 465 1 794 
173 1 2 0 1 1 295 223 0 890 
173 1 2 0 1 1 340 272 0 1041 
173 1 2 0 1 1 338 381 1 752 
173 1 2 0 1 1 225 231 0 728 
173 1 2 0 1 1 362 225 0 624 
173 1 2 0 1 2 482 416 1 1760 4 
173 1 2 0 1 2 249 482 1 1637 4 
173 1 2 0 1 2 216 283 0 2260 3 
173 1 2 0 1 2 349 316 1 2983 3 
173 1 2 0 1 2 549 482 1 1305 5 
173 1 2 0 1 2 482 283 0 2713 4 
173 1 2 0 1 2 116 549 1 1578 5 
173 1 2 0 1 2 116 449 1 1049 5 
173 1 2 0 1 2 349 283 0 2056 3 
173 1 2 0 1 2 83 283 0 4192 4 
173 1 2 0 1 2 349 549 1 3775 5 
173 1 2 0 1 2 349 183 0 1697 5 
173 1 2 0 1 2 183 482 1 1173 5 
173 1 2 0 1 2 349 249 0 2962 4 
173 1 2 0 1 2 316 482 1 1635 5 
173 1 2 0 1 2 116 50 0 2326 5 
173 1 2 0 1 2 549 149 0 1150 5 
173 1 2 0 1 2 50 183 0 1164 5 
173 1 2 0 1 2 383 283 0 2805 5 
173 1 2 0 1 2 50 116 0 1406 5 
173 1 2 0 1 2 50 349 1 1761 5 
173 1 2 0 1 2 249 449 1 874 5 
173 1 2 0 1 2 482 549 1 873 5 
173 1 2 0 1 2 83 50 0 1481 5 
173 1 2 0 1 2 316 183 0 1043 5 
173 1 2 0 1 2 50 383 1 1428 5 
173 1 2 0 1 2 516 116 0 1776 5 
173 1 2 0 1 2 149 216 0 1723 5 
173 1 2 0 1 2 549 349 0 3276 4 
173 1 2 0 1 2 283 549 1 2441 4 
173 1 2 0 1 2 50 216 0 2388 4 
173 1 2 0 1 2 449 416 1 2271 5 
173 1 2 0 1 1 356 251 0 13973 
173 1 2 0 1 1 190 393 1 825 
173 1 2 0 1 1 225 417 1 666 
173 1 2 0 1 1 391 189 0 777 
173 1 2 0 1 1 292 263 0 977 
173 1 2 0 1 1 406 494 1 746 
173 1 2 0 1 1 321 281 0 841 
173 1 2 0 1 1 188 295 0 1040 
173 1 2 0 1 1 312 181 0 953 
173 1 2 0 1 1 308 183 0 889 
173 1 2 0 1 1 427 318 1 1169 
173 1 2 0 1 1 373 354 1 728 
173 1 2 0 1 1 218 393 1 722 
173 1 2 0 1 1 300 319 1 697 
173 1 2 0 1 1 230 245 0 944 
173 1 2 0 1 1 247 200 0 1025 
173 1 2 0 1 2 349 116 0 2659 5 
173 1 2 0 1 2 316 216 0 1318 5 
173 1 2 0 1 2 416 449 1 1707 4 
173 1 2 0 1 2 183 50 0 1531 5 
173 1 2 0 1 2 316 349 1 1913 5 
173 1 2 0 1 2 416 183 0 1736 5 
173 1 2 0 1 2 316 316 1 3879 4 
173 1 2 0 1 2 50 249 0 1660 5 
173 1 2 0 1 2 383 183 0 1380 5 
173 1 2 0 1 2 249 149 0 790 5 
173 1 2 0 1 2 516 549 1 1416 5 
173 1 2 0 1 2 216 482 1 806 5 
173 1 2 0 1 2 516 183 0 1372 5 
173 1 2 0 1 2 416 516 1 894 5 
173 1 2 0 1 2 416 216 0 1471 5 
173 1 2 0 1 2 50 482 1 821 5 
173 1 2 0 1 2 249 349 1 1442 5 
173 1 2 0 1 2 149 50 0 890 5 
173 1 2 0 1 2 482 249 0 2248 5 
173 1 2 0 1 2 216 50 0 1108 5 
173 1 2 0 1 2 482 516 1 867 5 
173 1 2 0 1 2 149 516 1 952 5 
173 1 2 0 1 2 183 116 0 982 5 
173 1 2 0 1 2 449 549 1 917 5 
173 1 2 0 1 2 149 316 1 1145 5 
173 1 2 0 1 2 216 416 1 927 5 
173 1 2 0 1 2 249 516 1 750 5 
173 1 2 0 1 2 383 216 0 1407 5 
173 1 2 0 1 2 283 116 0 1132 5 
173 1 2 0 1 2 50 316 1 6734 3 
173 1 2 0 1 2 283 249 0 1734 4 
173 1 2 0 1 2 516 482 1 1688 5 
173 1 2 0 1 1 290 194 0 6876 
173 1 2 0 1 1 72 286 0 1232 
173 1 2 0 1 1 369 399 1 866 
173 1 2 0 1 1 438 363 1 712 
173 1 2 0 1 1 238 385 1 608 
173 1 2 0 1 1 210 309 1 1216 
173 1 2 0 1 1 319 336 1 656 
173 1 2 0 1 1 276 193 0 801 
173 1 2 0 1 1 239 208 0 760 
173 1 2 0 1 1 326 175 0 1280 
173 1 2 0 1 1 236 336 1 1096 
173 1 2 0 1 1 445 229 0 824 
173 1 2 0 1 1 105 344 1 713 
173 1 2 0 1 1 228 391 1 1024 
173 1 2 0 1 1 395 287 0 4049 
173 1 2 0 1 1 292 199 0 649 
173 1 2 0 1 2 183 83 0 2182 5 
173 1 2 0 1 2 383 416 1 836 5 
173 1 2 0 1 2 516 149 0 1848 5 
173 1 2 0 1 2 149 283 1 2939 5 
173 1 2 0 1 2 283 83 0 1264 5 
173 1 2 0 1 2 249 549 1 1311 5 
173 1 2 0 1 2 283 482 1 697 5 
173 1 2 0 1 2 283 149 0 1986 5 
173 1 2 0 1 2 149 482 1 863 5 
173 1 2 0 1 2 449 216 0 1208 5 
173 1 2 0 1 2 383 516 1 1034 5 
173 1 2 0 1 2 183 449 1 1238 5 
173 1 2 0 1 2 283 416 1 721 5 
173 1 2 0 1 2 50 516 1 839 5 
173 1 2 0 1 2 83 183 0 859 5 
173 1 2 0 1 2 383 149 0 777 5 
173 1 2 0 1 2 50 50 1 2772 1 
173 1 2 0 1 2 449 316 0 3307 5 
173 1 2 0 1 2 383 449 1 1947 5 
173 1 2 0 1 2 116 383 1 752 5 
173 1 2 0 1 2 549 416 1 718 5 
173 1 2 0 1 2 549 83 0 929 5 
173 1 2 0 1 2 349 216 0 2109 5 
173 1 2 0 1 2 349 482 1 989 5 
173 1 2 0 1 2 449 50 0 1073 5 
173 1 2 0 1 2 149 149 0 1290 5 
173 1 2 0 1 2 216 83 0 1490 5 
173 1 2 0 1 2 50 416 1 912 5 
173 1 2 0 1 2 383 50 0 832 5 
173 1 2 0 1 2 482 349 1 860 5 
173 1 2 0 1 2 549 183 0 1326 5 
173 1 2 0 1 2 316 449 1 859 5 
173 1 2 0 1 1 409 411 1 2869 
173 1 2 0 1 1 321 341 1 624 
173 1 2 0 1 1 286 375 1 656 
173 1 2 0 1 1 221 438 1 705 
173 1 2 0 1 1 279 266 0 1961 
173 1 2 0 1 1 260 414 1 648 
173 1 2 0 1 1 399 339 1 672 
173 1 2 0 1 1 331 421 1 674 
173 1 2 0 1 1 366 391 1 641 
173 1 2 0 1 1 313 389 1 586 
173 1 2 0 1 1 396 524 1 1545 
173 1 2 0 1 1 378 140 0 737 
173 1 2 0 1 1 212 379 1 671 
173 1 2 0 1 1 312 246 0 1161 
173 1 2 0 1 1 275 176 0 776 
173 1 2 0 1 1 268 205 0 600 
173 1 2 0 1 2 83 549 1 1773 5 
173 1 2 0 1 2 83 416 1 608 5 
173 1 2 0 1 2 83 516 1 567 5 
173 1 2 0 1 2 416 416 1 637 5 
173 1 2 0 1 2 416 149 0 907 5 
173 1 2 0 1 2 83 316 0 1221 5 
173 1 2 0 1 2 316 549 1 2725 5 
173 1 2 0 1 2 216 549 1 771 5 
173 1 2 0 1 2 549 216 0 1445 5 
173 1 2 0 1 2 216 383 1 1881 5 
173 1 2 0 1 2 482 449 1 982 5 
173 1 2 0 1 2 349 416 1 855 5 
173 1 2 0 1 2 416 116 0 904 5 
173 1 2 0 1 2 50 449 1 1998 5 
173 1 2 0 1 2 482 316 1 1580 5 
173 1 2 0 1 2 383 549 1 924 5 
173 1 2 0 1 2 116 149 0 982 5 
173 1 2 0 1 2 183 216 0 1045 5 
173 1 2 0 1 2 83 482 1 1153 5 
173 1 2 0 1 2 183 283 0 3691 5 
173 1 2 0 1 2 283 50 0 1287 5 
173 1 2 0 1 2 516 283 1 2569 5 
173 1 2 0 1 2 249 283 0 2545 5 
173 1 2 0 1 2 449 349 1 1361 5 
173 1 2 0 1 2 283 183 0 1372 5 
173 1 2 0 1 2 316 249 0 2200 5 
173 1 2 0 1 2 482 116 1 2385 1 
173 1 2 0 1 2 249 116 0 1524 5 
173 1 2 0 1 2 316 516 1 1615 5 
173 1 2 0 1 2 116 83 0 1524 5 
173 1 2 0 1 2 516 50 0 938 5 
173 1 2 0 1 2 482 183 0 938 5 
