Subject 180 in condition 0
Training Condition: 2
Task: 0
Rule: [[[220, 300], [[2000, 0], [0, 9000]]], [[380, 300], [[2000, 0], [0, 9000]]]]
Noise: 0
CATA=0
CATB=1
Sample keys: 120 122
Resp keys: 307 309
Dim direction: 1 1
Dim minimum: 68 34
Test order: [4, 6, 0, 1, 3, 5, 7, 2]
180 0 2 0 0 1 424 478 1 1787 
180 0 2 0 0 1 419 266 1 1319 
180 0 2 0 0 1 96 309 0 1409 
180 0 2 0 0 1 257 323 0 1203 
180 0 2 0 0 1 430 294 1 1857 
180 0 2 0 0 1 364 370 1 1474 
180 0 2 0 0 1 388 132 1 1810 
180 0 2 0 0 1 350 377 1 1225 
180 0 2 0 0 1 187 318 0 3210 
180 0 2 0 0 1 185 391 0 1698 
180 0 2 0 0 1 221 335 0 2057 
180 0 2 0 0 1 306 293 1 1776 
180 0 2 0 0 1 351 202 1 1890 
180 0 2 0 0 1 370 268 1 1808 
180 0 2 0 0 1 194 296 0 1491 
180 0 2 0 0 1 198 255 0 880 
180 0 2 0 0 2 449 482 1 2759 4 
180 0 2 0 0 2 416 549 1 2374 4 
180 0 2 0 0 2 516 516 1 1776 4 
180 0 2 0 0 2 149 449 0 2526 5 
180 0 2 0 0 2 549 249 1 2688 4 
180 0 2 0 0 2 416 283 1 2344 4 
180 0 2 0 0 2 549 549 1 2493 3 
180 0 2 0 0 2 349 50 0 4225 3 
180 0 2 0 0 2 516 83 1 2433 3 
180 0 2 0 0 2 216 249 0 1700 5 
180 0 2 0 0 2 249 383 0 5587 4 
180 0 2 0 0 2 449 249 1 7224 4 
180 0 2 0 0 2 283 316 0 5974 4 
180 0 2 0 0 2 216 516 0 2188 5 
180 0 2 0 0 2 516 416 1 5872 2 
180 0 2 0 0 2 383 249 1 4124 4 
180 0 2 0 0 2 149 416 0 1349 5 
180 0 2 0 0 2 183 149 0 1616 4 
180 0 2 0 0 2 416 383 1 2147 4 
180 0 2 0 0 2 83 249 0 1260 5 
180 0 2 0 0 2 83 383 0 2165 5 
180 0 2 0 0 2 116 183 0 1112 5 
180 0 2 0 0 2 383 482 1 1429 2 
180 0 2 0 0 2 216 116 0 5839 2 
180 0 2 0 0 2 516 316 1 3584 3 
180 0 2 0 0 2 116 349 0 1745 4 
180 0 2 0 0 2 283 283 1 3768 3 
180 0 2 0 0 2 83 216 0 1206 5 
180 0 2 0 0 2 283 516 0 2085 5 
180 0 2 0 0 2 449 283 1 1297 3 
180 0 2 0 0 2 316 83 1 1032 3 
180 0 2 0 0 2 216 216 0 1356 4 
180 0 2 0 0 1 446 378 1 2389 
180 0 2 0 0 1 372 234 1 1633 
180 0 2 0 0 1 327 201 1 1378 
180 0 2 0 0 1 367 357 1 1609 
180 0 2 0 0 1 319 144 1 1177 
180 0 2 0 0 1 353 296 1 1081 
180 0 2 0 0 1 287 267 0 4272 
180 0 2 0 0 1 354 346 1 2552 
180 0 2 0 0 1 329 272 1 1095 
180 0 2 0 0 1 446 369 1 1394 
180 0 2 0 0 1 368 500 1 1272 
180 0 2 0 0 1 311 164 1 1017 
180 0 2 0 0 1 376 314 1 872 
180 0 2 0 0 1 241 339 0 5482 
180 0 2 0 0 1 169 196 0 1138 
180 0 2 0 0 1 271 232 0 1841 
180 0 2 0 0 2 349 249 1 1677 5 
180 0 2 0 0 2 50 216 0 1729 5 
180 0 2 0 0 2 349 283 1 1495 4 
180 0 2 0 0 2 482 416 1 1176 4 
180 0 2 0 0 2 249 449 1 742 4 
180 0 2 0 0 2 116 449 0 2903 4 
180 0 2 0 0 2 449 416 1 797 4 
180 0 2 0 0 2 249 482 1 632 4 
180 0 2 0 0 2 549 149 1 654 5 
180 0 2 0 0 2 283 549 1 836 5 
180 0 2 0 0 2 383 283 1 729 5 
180 0 2 0 0 2 50 116 0 2469 4 
180 0 2 0 0 2 349 316 1 1843 4 
180 0 2 0 0 2 149 216 0 1528 5 
180 0 2 0 0 2 549 482 1 1100 4 
180 0 2 0 0 2 116 50 0 3887 5 
180 0 2 0 0 2 316 183 1 6147 4 
180 0 2 0 0 2 316 482 1 1160 5 
180 0 2 0 0 2 516 116 1 745 5 
180 0 2 0 0 2 183 482 0 2474 3 
180 0 2 0 0 2 549 349 1 1114 5 
180 0 2 0 0 2 50 183 0 2732 3 
180 0 2 0 0 2 83 50 0 5652 3 
180 0 2 0 0 2 116 549 0 3738 4 
180 0 2 0 0 2 349 549 1 1067 4 
180 0 2 0 0 2 50 383 0 2940 5 
180 0 2 0 0 2 50 349 0 2176 3 
180 0 2 0 0 2 482 549 1 982 4 
180 0 2 0 0 2 482 283 1 559 4 
180 0 2 0 0 2 216 283 1 794 4 
180 0 2 0 0 2 83 283 0 822 5 
180 0 2 0 0 2 349 183 1 2318 3 
180 0 2 0 0 1 434 368 1 1722 
180 0 2 0 0 1 201 316 0 1579 
180 0 2 0 0 1 200 275 0 698 
180 0 2 0 0 1 237 149 0 698 
180 0 2 0 0 1 134 280 0 695 
180 0 2 0 0 1 199 222 0 857 
180 0 2 0 0 1 224 210 0 728 
180 0 2 0 0 1 330 356 1 920 
180 0 2 0 0 1 171 292 0 779 
180 0 2 0 0 1 445 357 1 1138 
180 0 2 0 0 1 342 178 1 768 
180 0 2 0 0 1 206 466 0 866 
180 0 2 0 0 1 371 185 1 832 
180 0 2 0 0 1 427 219 1 641 
180 0 2 0 0 1 220 381 0 1353 
180 0 2 0 0 1 235 201 0 961 
180 0 2 0 0 2 83 416 0 12315 4 
180 0 2 0 0 2 116 149 0 529 4 
180 0 2 0 0 2 482 183 1 1407 2 
180 0 2 0 0 2 83 549 0 3059 5 
180 0 2 0 0 2 216 383 0 1770 3 
180 0 2 0 0 2 416 116 1 2616 4 
180 0 2 0 0 2 383 549 1 1104 2 
180 0 2 0 0 2 416 416 1 1528 2 
180 0 2 0 0 2 83 482 0 1425 4 
180 0 2 0 0 2 249 283 0 1187 4 
180 0 2 0 0 2 482 449 1 1135 2 
180 0 2 0 0 2 249 116 0 938 4 
180 0 2 0 0 2 316 249 0 1265 3 
180 0 2 0 0 2 183 283 0 887 5 
180 0 2 0 0 2 83 316 0 501 5 
180 0 2 0 0 2 216 549 0 677 5 
180 0 2 0 0 2 116 83 0 473 5 
180 0 2 0 0 2 349 416 1 2545 3 
180 0 2 0 0 2 83 516 0 905 5 
180 0 2 0 0 2 283 183 0 634 5 
180 0 2 0 0 2 316 549 1 1075 3 
180 0 2 0 0 2 449 349 1 1639 4 
180 0 2 0 0 2 482 116 1 973 5 
180 0 2 0 0 2 283 50 1 3852 2 
180 0 2 0 0 2 183 216 0 1444 5 
180 0 2 0 0 2 316 516 0 6339 2 
180 0 2 0 0 2 50 449 0 1794 5 
180 0 2 0 0 2 482 316 0 989 2 
180 0 2 0 0 2 516 50 1 5864 5 
180 0 2 0 0 2 516 283 1 1325 5 
180 0 2 0 0 2 549 216 1 786 5 
180 0 2 0 0 2 416 149 1 1517 4 
180 0 2 0 0 1 461 412 1 1780 
180 0 2 0 0 1 313 374 1 777 
180 0 2 0 0 1 243 263 0 768 
180 0 2 0 0 1 174 202 0 649 
180 0 2 0 0 1 286 264 0 674 
180 0 2 0 0 1 244 280 0 1474 
180 0 2 0 0 1 475 334 1 2129 
180 0 2 0 0 1 193 388 0 1592 
180 0 2 0 0 1 366 302 1 1241 
180 0 2 0 0 1 318 252 1 728 
180 0 2 0 0 1 326 248 1 666 
180 0 2 0 0 1 388 216 1 585 
180 0 2 0 0 1 372 381 1 1194 
180 0 2 0 0 1 224 200 0 5659 
180 0 2 0 0 1 444 413 1 4322 
180 0 2 0 0 1 382 260 1 938 
180 0 2 0 0 2 149 516 0 2064 4 
180 0 2 0 0 2 482 516 1 3107 1 
180 0 2 0 0 2 149 316 0 2758 4 
180 0 2 0 0 2 516 482 1 1291 3 
180 0 2 0 0 2 449 549 1 1149 3 
180 0 2 0 0 2 516 549 1 820 3 
180 0 2 0 0 2 149 50 0 1291 5 
180 0 2 0 0 2 316 216 0 2716 4 
180 0 2 0 0 2 249 516 1 1532 3 
180 0 2 0 0 2 383 216 1 1753 3 
180 0 2 0 0 2 283 116 0 3106 4 
180 0 2 0 0 2 416 516 0 1731 3 
180 0 2 0 0 2 349 116 0 4203 4 
180 0 2 0 0 2 50 249 0 4309 5 
180 0 2 0 0 2 249 349 0 1667 5 
180 0 2 0 0 2 249 149 0 1561 3 
180 0 2 0 0 2 383 183 1 1328 3 
180 0 2 0 0 2 283 249 1 2506 4 
180 0 2 0 0 2 516 183 1 1150 4 
180 0 2 0 0 2 216 416 0 1824 3 
180 0 2 0 0 2 183 50 0 1136 4 
180 0 2 0 0 2 416 183 1 1553 3 
180 0 2 0 0 2 50 316 0 1082 5 
180 0 2 0 0 2 416 449 1 5920 3 
180 0 2 0 0 2 316 349 0 1911 4 
180 0 2 0 0 2 416 216 0 8897 4 
180 0 2 0 0 2 216 50 0 786 4 
180 0 2 0 0 2 183 116 0 798 4 
180 0 2 0 0 2 216 482 0 1653 5 
180 0 2 0 0 2 50 482 0 848 5 
180 0 2 0 0 2 316 316 1 2576 3 
180 0 2 0 0 2 482 249 1 720 3 
180 0 2 0 0 1 370 257 1 2310 
180 0 2 0 0 1 468 219 1 1193 
180 0 2 0 0 1 145 255 0 1545 
180 0 2 0 0 1 361 253 1 1137 
180 0 2 0 0 1 229 278 0 1097 
180 0 2 0 0 1 304 151 1 1089 
180 0 2 0 0 1 267 198 0 6048 
180 0 2 0 0 1 416 356 1 1250 
180 0 2 0 0 1 115 428 0 1602 
180 0 2 0 0 1 385 219 1 905 
180 0 2 0 0 1 248 219 0 1064 
180 0 2 0 0 1 236 151 0 913 
180 0 2 0 0 1 330 126 1 1128 
180 0 2 0 0 1 267 302 0 1465 
180 0 2 0 0 1 212 163 0 1058 
180 0 2 0 0 1 183 382 0 865 
180 0 2 0 0 2 549 83 1 3299 5 
180 0 2 0 0 2 316 449 1 1233 4 
180 0 2 0 0 2 383 416 1 886 4 
180 0 2 0 0 2 549 416 1 569 4 
180 0 2 0 0 2 116 383 0 963 5 
180 0 2 0 0 2 383 449 1 4320 3 
180 0 2 0 0 2 50 50 0 1011 5 
180 0 2 0 0 2 149 482 0 1024 5 
180 0 2 0 0 2 249 549 0 1813 5 
180 0 2 0 0 2 349 216 1 3183 3 
180 0 2 0 0 2 449 316 1 1134 5 
180 0 2 0 0 2 50 416 0 987 5 
180 0 2 0 0 2 149 149 0 913 5 
180 0 2 0 0 2 449 50 1 1195 3 
180 0 2 0 0 2 183 449 0 2285 4 
180 0 2 0 0 2 349 482 1 1327 5 
180 0 2 0 0 2 283 416 1 1597 4 
180 0 2 0 0 2 383 149 1 1734 3 
180 0 2 0 0 2 516 149 1 715 3 
180 0 2 0 0 2 383 50 1 682 3 
180 0 2 0 0 2 283 149 1 8816 3 
180 0 2 0 0 2 50 516 0 982 5 
180 0 2 0 0 2 383 516 0 996 3 
180 0 2 0 0 2 482 349 1 5231 4 
180 0 2 0 0 2 283 83 0 2558 4 
180 0 2 0 0 2 449 216 1 1326 3 
180 0 2 0 0 2 549 183 1 763 4 
180 0 2 0 0 2 83 183 0 983 5 
180 0 2 0 0 2 183 83 0 840 5 
180 0 2 0 0 2 283 482 1 2159 3 
180 0 2 0 0 2 149 283 0 911 5 
180 0 2 0 0 2 216 83 0 843 5 
180 0 2 0 0 1 271 276 0 1947 
180 0 2 0 0 1 382 269 1 705 
180 0 2 0 0 1 231 350 0 905 
180 0 2 0 0 1 297 305 0 706 
180 0 2 0 0 1 323 218 1 922 
180 0 2 0 0 1 419 252 1 729 
180 0 2 0 0 1 242 211 0 1144 
180 0 2 0 0 1 140 220 0 754 
180 0 2 0 0 1 387 314 1 682 
180 0 2 0 0 1 447 178 1 715 
180 0 2 0 0 1 353 301 1 850 
180 0 2 0 0 1 192 185 0 1384 
180 0 2 0 0 1 355 328 1 785 
180 0 2 0 0 1 179 278 0 914 
180 0 2 0 0 1 343 219 1 914 
180 0 2 0 0 1 294 263 0 4050 
180 0 2 0 0 2 549 283 1 1926 5 
180 0 2 0 0 2 449 149 1 713 5 
180 0 2 0 0 2 449 383 1 542 5 
180 0 2 0 0 2 183 316 0 1379 4 
180 0 2 0 0 2 116 249 0 694 4 
180 0 2 0 0 2 449 183 1 761 3 
180 0 2 0 0 2 316 416 1 1547 4 
180 0 2 0 0 2 549 116 1 725 4 
180 0 2 0 0 2 416 83 1 710 4 
180 0 2 0 0 2 216 316 0 2111 5 
180 0 2 0 0 2 50 549 0 836 5 
180 0 2 0 0 2 482 482 1 677 4 
180 0 2 0 0 2 116 283 0 2019 4 
180 0 2 0 0 2 349 349 1 1883 4 
180 0 2 0 0 2 116 216 0 841 5 
180 0 2 0 0 2 83 116 0 791 4 
180 0 2 0 0 2 416 316 1 1082 4 
180 0 2 0 0 2 316 50 1 2130 4 
180 0 2 0 0 2 183 549 0 2244 4 
180 0 2 0 0 2 183 416 0 1271 3 
180 0 2 0 0 2 183 516 0 1138 3 
180 0 2 0 0 2 449 516 1 1082 5 
180 0 2 0 0 2 316 383 1 845 4 
180 0 2 0 0 2 383 383 1 648 4 
180 0 2 0 0 2 116 516 0 1433 4 
180 0 2 0 0 2 216 183 0 990 4 
180 0 2 0 0 2 183 183 0 1239 4 
180 0 2 0 0 2 249 83 0 11239 3 
180 0 2 0 0 2 249 249 0 2813 4 
180 0 2 0 0 2 283 449 1 1326 3 
180 0 2 0 0 2 482 83 1 804 4 
180 0 2 0 0 2 416 50 1 582 4 
180 0 2 0 0 1 164 237 0 2045 
180 0 2 0 0 1 377 234 1 1715 
180 0 2 0 0 1 232 241 0 1066 
180 0 2 0 0 1 222 233 0 1066 
180 0 2 0 0 1 398 297 1 706 
180 0 2 0 0 1 231 391 0 952 
180 0 2 0 0 1 275 426 0 850 
180 0 2 0 0 1 316 501 1 914 
180 0 2 0 0 1 366 324 1 1346 
180 0 2 0 0 1 201 267 0 3025 
180 0 2 0 0 1 182 420 0 1435 
180 0 2 0 0 1 271 270 0 890 
180 0 2 0 0 1 193 163 0 898 
180 0 2 0 0 1 398 467 1 842 
180 0 2 0 0 1 302 214 1 802 
180 0 2 0 0 1 412 359 1 775 
180 0 2 0 0 2 349 149 1 2838 5 
180 0 2 0 0 2 549 516 1 628 4 
180 0 2 0 0 2 383 316 1 601 4 
180 0 2 0 0 2 516 349 1 709 4 
180 0 2 0 0 2 549 50 1 534 5 
180 0 2 0 0 2 516 216 1 535 5 
180 0 2 0 0 2 516 249 1 441 5 
180 0 2 0 0 2 482 383 1 497 5 
180 0 2 0 0 2 116 116 0 1090 5 
180 0 2 0 0 2 383 116 1 1813 4 
180 0 2 0 0 2 216 149 0 680 5 
180 0 2 0 0 2 283 349 0 651 5 
180 0 2 0 0 2 149 183 0 743 5 
180 0 2 0 0 2 116 416 0 656 5 
180 0 2 0 0 2 249 50 0 1089 4 
180 0 2 0 0 2 549 449 1 1026 4 
180 0 2 0 0 2 316 149 1 2007 4 
180 0 2 0 0 2 183 249 0 800 5 
180 0 2 0 0 2 50 283 0 522 5 
180 0 2 0 0 2 249 316 0 611 3 
180 0 2 0 0 2 516 449 1 995 4 
180 0 2 0 0 2 50 83 0 764 5 
180 0 2 0 0 2 349 449 1 2080 4 
180 0 2 0 0 2 383 349 1 1086 5 
180 0 2 0 0 2 316 116 1 1030 4 
180 0 2 0 0 2 249 216 0 589 4 
180 0 2 0 0 2 116 482 0 735 4 
180 0 2 0 0 2 149 549 0 931 4 
180 0 2 0 0 2 482 216 1 781 4 
180 0 2 0 0 2 249 416 0 1651 5 
180 0 2 0 0 2 149 383 0 703 5 
180 0 2 0 0 2 149 349 0 604 5 
180 0 2 0 0 1 208 298 0 2012 
180 0 2 0 0 1 204 280 0 600 
180 0 2 0 0 1 352 412 1 768 
180 0 2 0 0 1 375 177 1 690 
180 0 2 0 0 1 204 65 0 1776 
180 0 2 0 0 1 201 153 0 570 
180 0 2 0 0 1 347 371 1 1034 
180 0 2 0 0 1 405 307 1 761 
180 0 2 0 0 1 264 302 0 1050 
180 0 2 0 0 1 387 370 1 2074 
180 0 2 0 0 1 382 252 1 706 
180 0 2 0 0 1 239 196 0 729 
180 0 2 0 0 1 319 360 1 824 
180 0 2 0 0 1 355 345 1 802 
180 0 2 0 0 1 217 365 0 874 
180 0 2 0 0 1 165 267 0 922 
180 0 2 0 0 2 283 383 1 2881 4 
180 0 2 0 0 2 349 383 1 1662 4 
180 0 2 0 0 2 349 83 1 2311 4 
180 0 2 0 0 2 449 83 1 1017 4 
180 0 2 0 0 2 50 149 0 787 5 
180 0 2 0 0 2 83 449 0 705 5 
180 0 2 0 0 2 149 83 0 614 5 
180 0 2 0 0 2 549 316 1 638 4 
180 0 2 0 0 2 83 349 0 652 5 
180 0 2 0 0 2 316 283 1 1369 4 
180 0 2 0 0 2 416 249 0 2433 1 
180 0 2 0 0 2 249 183 1 2313 5 
180 0 2 0 0 2 449 116 1 4453 4 
180 0 2 0 0 2 149 116 0 720 5 
180 0 2 0 0 2 183 349 0 1953 5 
180 0 2 0 0 2 482 50 1 654 4 
180 0 2 0 0 2 183 383 0 1364 4 
180 0 2 0 0 2 549 383 1 672 5 
180 0 2 0 0 2 83 149 0 904 5 
180 0 2 0 0 2 283 216 0 2229 4 
180 0 2 0 0 2 449 449 1 688 4 
180 0 2 0 0 2 416 349 1 577 5 
180 0 2 0 0 2 116 316 0 669 5 
180 0 2 0 0 2 383 83 1 1601 4 
180 0 2 0 0 2 349 516 1 1271 4 
180 0 2 0 0 2 416 482 1 1691 4 
180 0 2 0 0 2 482 149 0 584 5 
180 0 2 0 0 2 149 249 1 1129 5 
180 0 2 0 0 2 216 349 0 2368 5 
180 0 2 0 0 2 83 83 0 1116 5 
180 0 2 0 0 2 216 449 0 955 5 
180 0 2 0 0 2 516 383 1 741 5 
