Subject 123 in condition 3
Training Condition: 2
Task: 1
Rule: [[[250, 250], [[4538, -4463], [-4463, 4538]]], [[350, 350], [[4538, -4463], [-4463, 4538]]]]
Noise: 0
CATA=0
CATB=1
Sample keys: 120 122
Resp keys: 307 309
Dim direction: 0 0
Dim minimum: 82 30
Test order: [3, 7, 6, 5, 2, 4, 1, 0]
123 3 2 1 1 1 395 291 1 1404 
123 3 2 1 1 1 125 359 0 2472 
123 3 2 1 1 1 411 293 1 1296 
123 3 2 1 1 1 419 277 1 3000 
123 3 2 1 1 1 363 327 1 2280 
123 3 2 1 1 1 276 442 1 2425 
123 3 2 1 1 1 230 279 0 1786 
123 3 2 1 1 1 264 235 0 2121 
123 3 2 1 1 1 315 378 1 1105 
123 3 2 1 1 1 194 336 0 1561 
123 3 2 1 1 1 277 234 0 1130 
123 3 2 1 1 1 246 276 0 2025 
123 3 2 1 1 1 492 224 1 6199 
123 3 2 1 1 1 382 318 1 3119 
123 3 2 1 1 1 246 236 0 1808 
123 3 2 1 1 1 387 316 1 1353 
123 3 2 1 1 2 149 283 1 3998 2 
123 3 2 1 1 2 149 482 1 3551 3 
123 3 2 1 1 2 283 149 0 2576 3 
123 3 2 1 1 2 183 449 1 2092 3 
123 3 2 1 1 2 549 83 0 5339 3 
123 3 2 1 1 2 216 83 0 7893 1 
123 3 2 1 1 2 449 50 0 3499 2 
123 3 2 1 1 2 83 183 0 5134 2 
123 3 2 1 1 2 482 349 1 2570 4 
123 3 2 1 1 2 249 549 1 5047 2 
123 3 2 1 1 2 50 416 1 3047 4 
123 3 2 1 1 2 149 149 0 6089 2 
123 3 2 1 1 2 283 416 1 3159 4 
123 3 2 1 1 2 383 516 1 3157 3 
123 3 2 1 1 2 383 449 1 3017 3 
123 3 2 1 1 2 549 183 0 4142 2 
123 3 2 1 1 2 50 50 0 1951 2 
123 3 2 1 1 2 516 149 0 4612 2 
123 3 2 1 1 2 183 83 0 1732 2 
123 3 2 1 1 2 283 83 0 2103 3 
123 3 2 1 1 2 116 383 1 1987 4 
123 3 2 1 1 2 316 449 1 1026 4 
123 3 2 1 1 2 549 416 0 4817 2 
123 3 2 1 1 2 449 216 0 2837 2 
123 3 2 1 1 2 349 482 1 1622 3 
123 3 2 1 1 2 383 149 0 4169 3 
123 3 2 1 1 2 383 416 1 1698 5 
123 3 2 1 1 2 283 482 1 749 5 
123 3 2 1 1 2 383 50 0 1797 2 
123 3 2 1 1 2 449 316 1 2578 3 
123 3 2 1 1 2 349 216 0 3620 4 
123 3 2 1 1 2 50 516 1 1417 2 
123 3 2 1 1 1 327 352 1 15732 
123 3 2 1 1 1 258 250 0 2793 
123 3 2 1 1 1 330 155 0 1697 
123 3 2 1 1 1 190 311 0 4450 
123 3 2 1 1 1 160 336 0 1738 
123 3 2 1 1 1 198 282 0 1209 
123 3 2 1 1 1 287 194 0 2513 
123 3 2 1 1 1 425 271 1 2873 
123 3 2 1 1 1 290 206 0 2464 
123 3 2 1 1 1 450 258 1 1376 
123 3 2 1 1 1 208 278 0 1081 
123 3 2 1 1 1 202 294 0 2536 
123 3 2 1 1 1 265 433 1 1514 
123 3 2 1 1 1 187 316 0 945 
123 3 2 1 1 1 229 261 0 841 
123 3 2 1 1 1 375 326 1 1465 
123 3 2 1 1 2 249 316 0 5215 4 
123 3 2 1 1 2 283 349 0 5524 3 
123 3 2 1 1 2 149 183 0 1722 3 
123 3 2 1 1 2 549 50 0 6620 3 
123 3 2 1 1 2 516 449 1 1874 5 
123 3 2 1 1 2 549 449 1 1110 5 
123 3 2 1 1 2 149 549 0 4952 1 
123 3 2 1 1 2 116 416 0 2445 2 
123 3 2 1 1 2 516 249 0 2861 2 
123 3 2 1 1 2 216 149 0 2542 4 
123 3 2 1 1 2 183 249 0 2313 3 
123 3 2 1 1 2 149 349 0 4912 2 
123 3 2 1 1 2 149 383 0 2789 2 
123 3 2 1 1 2 50 83 0 1103 2 
123 3 2 1 1 2 249 416 1 3204 4 
123 3 2 1 1 2 549 516 0 3225 3 
123 3 2 1 1 2 249 50 0 2172 3 
123 3 2 1 1 2 349 449 1 4407 3 
123 3 2 1 1 2 316 149 0 1219 3 
123 3 2 1 1 2 50 283 0 6378 2 
123 3 2 1 1 2 516 216 0 1644 2 
123 3 2 1 1 2 116 116 0 5148 2 
123 3 2 1 1 2 383 116 0 1530 4 
123 3 2 1 1 2 316 116 0 1505 5 
123 3 2 1 1 2 383 349 1 3405 5 
123 3 2 1 1 2 482 216 0 3103 5 
123 3 2 1 1 2 516 349 1 4354 4 
123 3 2 1 1 2 383 316 0 2207 4 
123 3 2 1 1 2 482 383 1 1850 5 
123 3 2 1 1 2 116 482 0 1562 3 
123 3 2 1 1 2 249 216 0 6664 5 
123 3 2 1 1 2 349 149 0 1684 4 
123 3 2 1 1 1 283 198 0 2973 
123 3 2 1 1 1 356 344 1 1839 
123 3 2 1 1 1 388 311 1 4823 
123 3 2 1 1 1 255 236 0 1121 
123 3 2 1 1 1 165 355 0 2456 
123 3 2 1 1 1 341 357 1 810 
123 3 2 1 1 1 167 326 0 897 
123 3 2 1 1 1 396 314 1 720 
123 3 2 1 1 1 373 323 1 833 
123 3 2 1 1 1 415 300 1 737 
123 3 2 1 1 1 367 136 0 2514 
123 3 2 1 1 1 401 298 1 793 
123 3 2 1 1 1 418 304 1 705 
123 3 2 1 1 1 242 251 0 4481 
123 3 2 1 1 1 434 280 1 1112 
123 3 2 1 1 1 364 358 1 825 
123 3 2 1 1 2 349 283 1 4441 5 
123 3 2 1 1 2 482 549 1 1761 5 
123 3 2 1 1 2 349 316 1 2105 3 
123 3 2 1 1 2 316 482 1 2835 3 
123 3 2 1 1 2 83 283 1 2303 3 
123 3 2 1 1 2 549 482 1 1609 3 
123 3 2 1 1 2 482 416 1 1779 3 
123 3 2 1 1 2 216 283 1 3416 4 
123 3 2 1 1 2 149 216 0 2554 5 
123 3 2 1 1 2 83 50 0 1320 5 
123 3 2 1 1 2 349 249 0 982 5 
123 3 2 1 1 2 283 549 1 1142 5 
123 3 2 1 1 2 349 183 0 1703 3 
123 3 2 1 1 2 183 482 1 5508 4 
123 3 2 1 1 2 349 549 1 3015 4 
123 3 2 1 1 2 516 116 0 3241 3 
123 3 2 1 1 2 50 216 0 2659 3 
123 3 2 1 1 2 116 50 0 1462 4 
123 3 2 1 1 2 50 116 0 1328 4 
123 3 2 1 1 2 116 449 1 1324 5 
123 3 2 1 1 2 116 549 1 1001 5 
123 3 2 1 1 2 50 183 0 1594 4 
123 3 2 1 1 2 383 283 1 2751 4 
123 3 2 1 1 2 482 283 1 1962 4 
123 3 2 1 1 2 249 449 1 1043 4 
123 3 2 1 1 2 316 183 0 1453 5 
123 3 2 1 1 2 549 349 1 3080 5 
123 3 2 1 1 2 50 349 1 966 5 
123 3 2 1 1 2 50 383 1 733 5 
123 3 2 1 1 2 449 416 1 815 5 
123 3 2 1 1 2 249 482 1 688 5 
123 3 2 1 1 2 549 149 0 1315 5 
123 3 2 1 1 1 252 456 1 2437 
123 3 2 1 1 1 261 253 0 842 
123 3 2 1 1 1 389 315 1 848 
123 3 2 1 1 1 252 251 0 760 
123 3 2 1 1 1 275 433 1 641 
123 3 2 1 1 1 205 282 0 823 
123 3 2 1 1 1 279 243 0 1312 
123 3 2 1 1 1 262 418 1 575 
123 3 2 1 1 1 344 357 1 912 
123 3 2 1 1 1 311 180 0 889 
123 3 2 1 1 1 306 193 0 608 
123 3 2 1 1 1 139 363 0 11417 
123 3 2 1 1 1 336 369 1 1336 
123 3 2 1 1 1 351 153 0 1425 
123 3 2 1 1 1 358 327 1 697 
123 3 2 1 1 1 493 223 1 4416 
123 3 2 1 1 2 50 549 1 3476 3 
123 3 2 1 1 2 183 416 1 2321 3 
123 3 2 1 1 2 383 383 1 1170 3 
123 3 2 1 1 2 249 249 0 3910 5 
123 3 2 1 1 2 116 216 0 2066 5 
123 3 2 1 1 2 216 316 1 1572 4 
123 3 2 1 1 2 482 482 1 7562 5 
123 3 2 1 1 2 416 83 0 1568 5 
123 3 2 1 1 2 316 50 0 931 5 
123 3 2 1 1 2 449 383 1 7127 5 
123 3 2 1 1 2 116 249 0 1588 5 
123 3 2 1 1 2 416 50 0 1909 5 
123 3 2 1 1 2 549 283 1 2309 5 
123 3 2 1 1 2 549 116 0 2226 3 
123 3 2 1 1 2 316 383 1 5120 3 
123 3 2 1 1 2 116 283 1 6519 3 
123 3 2 1 1 2 283 449 0 2119 3 
123 3 2 1 1 2 183 183 0 1439 3 
123 3 2 1 1 2 316 416 1 3259 3 
123 3 2 1 1 2 249 83 0 1300 3 
123 3 2 1 1 2 416 316 1 3458 4 
123 3 2 1 1 2 183 516 0 5626 5 
123 3 2 1 1 2 482 83 0 5001 5 
123 3 2 1 1 2 183 316 1 5933 3 
123 3 2 1 1 2 183 549 0 1553 3 
123 3 2 1 1 2 449 183 0 3011 3 
123 3 2 1 1 2 83 116 0 820 3 
123 3 2 1 1 2 449 516 1 3678 4 
123 3 2 1 1 2 116 516 0 1960 3 
123 3 2 1 1 2 216 183 0 1313 3 
123 3 2 1 1 2 349 349 1 886 3 
123 3 2 1 1 2 449 149 0 1017 4 
123 3 2 1 1 1 210 298 0 4837 
123 3 2 1 1 1 256 437 1 4401 
123 3 2 1 1 1 220 493 1 1513 
123 3 2 1 1 1 202 276 0 824 
123 3 2 1 1 1 311 368 1 3554 
123 3 2 1 1 1 273 257 0 5328 
123 3 2 1 1 1 246 456 1 7385 
123 3 2 1 1 1 332 374 1 1400 
123 3 2 1 1 1 463 237 1 1600 
123 3 2 1 1 1 157 355 0 1792 
123 3 2 1 1 1 482 227 1 1256 
123 3 2 1 1 1 110 388 0 2273 
123 3 2 1 1 1 288 406 1 4337 
123 3 2 1 1 1 327 164 0 953 
123 3 2 1 1 1 219 265 0 3776 
123 3 2 1 1 1 216 293 0 1152 
123 3 2 1 1 2 416 482 1 8602 3 
123 3 2 1 1 2 449 116 0 1407 3 
123 3 2 1 1 2 349 83 0 1481 5 
123 3 2 1 1 2 149 116 0 1445 5 
123 3 2 1 1 2 416 349 0 4484 5 
123 3 2 1 1 2 83 349 0 2279 3 
123 3 2 1 1 2 349 383 0 3204 3 
123 3 2 1 1 2 449 449 1 1619 4 
123 3 2 1 1 2 83 149 0 1277 2 
123 3 2 1 1 2 216 349 0 3643 5 
123 3 2 1 1 2 316 283 0 1070 5 
123 3 2 1 1 2 283 383 0 1192 5 
123 3 2 1 1 2 516 383 1 2681 3 
123 3 2 1 1 2 216 449 0 5972 4 
123 3 2 1 1 2 449 83 0 1732 5 
123 3 2 1 1 2 349 516 1 2854 5 
123 3 2 1 1 2 50 149 0 1823 2 
123 3 2 1 1 2 83 449 0 4253 3 
123 3 2 1 1 2 149 83 0 1529 3 
123 3 2 1 1 2 249 183 0 2055 5 
123 3 2 1 1 2 83 83 0 1443 3 
123 3 2 1 1 2 116 316 0 1850 2 
123 3 2 1 1 2 482 149 0 1557 2 
123 3 2 1 1 2 549 316 1 3129 5 
123 3 2 1 1 2 416 249 0 1641 3 
123 3 2 1 1 2 482 50 0 1286 4 
123 3 2 1 1 2 149 249 0 1484 3 
123 3 2 1 1 2 549 383 1 1949 4 
123 3 2 1 1 2 283 216 0 1807 4 
123 3 2 1 1 2 183 349 0 1189 4 
123 3 2 1 1 2 183 383 0 1452 4 
123 3 2 1 1 2 383 83 0 2838 4 
123 3 2 1 1 1 242 460 1 8605 
123 3 2 1 1 1 99 402 0 2712 
123 3 2 1 1 1 201 293 0 1329 
123 3 2 1 1 1 264 240 0 890 
123 3 2 1 1 1 281 416 1 2938 
123 3 2 1 1 1 406 297 1 769 
123 3 2 1 1 1 239 242 0 769 
123 3 2 1 1 1 312 376 1 1161 
123 3 2 1 1 1 431 87 0 823 
123 3 2 1 1 1 191 303 0 1993 
123 3 2 1 1 1 411 261 1 992 
123 3 2 1 1 1 294 418 1 6312 
123 3 2 1 1 1 223 475 1 1072 
123 3 2 1 1 1 187 296 0 1144 
123 3 2 1 1 1 404 281 1 992 
123 3 2 1 1 1 225 270 0 833 
123 3 2 1 1 2 116 349 0 2125 4 
123 3 2 1 1 2 449 249 0 2880 3 
123 3 2 1 1 2 83 249 0 1165 3 
123 3 2 1 1 2 216 116 0 983 3 
123 3 2 1 1 2 516 516 1 1413 3 
123 3 2 1 1 2 283 516 1 1491 3 
123 3 2 1 1 2 83 383 0 3601 3 
123 3 2 1 1 2 183 149 0 902 3 
123 3 2 1 1 2 449 283 1 1753 3 
123 3 2 1 1 2 283 316 0 2735 3 
123 3 2 1 1 2 116 183 0 4436 3 
123 3 2 1 1 2 549 549 1 3181 3 
123 3 2 1 1 2 383 482 1 905 3 
123 3 2 1 1 2 383 249 0 1135 3 
123 3 2 1 1 2 216 516 0 1859 3 
123 3 2 1 1 2 316 83 1 859 3 
123 3 2 1 1 2 416 549 1 4015 3 
123 3 2 1 1 2 216 249 0 1238 3 
123 3 2 1 1 2 249 383 0 4757 3 
123 3 2 1 1 2 83 216 0 1126 3 
123 3 2 1 1 2 549 249 0 2293 3 
123 3 2 1 1 2 516 83 0 1271 3 
123 3 2 1 1 2 283 283 0 2771 3 
123 3 2 1 1 2 216 216 0 924 3 
123 3 2 1 1 2 516 416 1 1190 3 
123 3 2 1 1 2 416 383 1 916 3 
123 3 2 1 1 2 149 416 0 3084 3 
123 3 2 1 1 2 349 50 0 1134 3 
123 3 2 1 1 2 149 449 1 3092 1 
123 3 2 1 1 2 516 316 1 3408 3 
123 3 2 1 1 2 449 482 1 1023 3 
123 3 2 1 1 2 416 283 0 1298 3 
123 3 2 1 1 1 172 331 0 2900 
123 3 2 1 1 1 381 311 1 1855 
123 3 2 1 1 1 294 413 1 753 
123 3 2 1 1 1 298 187 0 970 
123 3 2 1 1 1 296 411 1 2937 
123 3 2 1 1 1 323 346 1 952 
123 3 2 1 1 1 251 250 0 776 
123 3 2 1 1 1 405 301 1 1761 
123 3 2 1 1 1 278 418 1 767 
123 3 2 1 1 1 263 229 0 745 
123 3 2 1 1 1 282 216 0 745 
123 3 2 1 1 1 285 215 0 666 
123 3 2 1 1 1 337 324 1 1505 
123 3 2 1 1 1 290 192 0 751 
123 3 2 1 1 1 264 448 1 1360 
123 3 2 1 1 1 470 228 1 1233 
123 3 2 1 1 2 416 516 1 3155 3 
123 3 2 1 1 2 349 116 0 1028 3 
123 3 2 1 1 2 216 416 0 2765 3 
123 3 2 1 1 2 183 116 0 1008 3 
123 3 2 1 1 2 516 482 1 1429 3 
123 3 2 1 1 2 50 249 0 1303 3 
123 3 2 1 1 2 216 50 0 890 3 
123 3 2 1 1 2 482 249 0 1257 3 
123 3 2 1 1 2 482 516 1 872 3 
123 3 2 1 1 2 50 316 0 785 3 
123 3 2 1 1 2 416 183 0 1265 3 
123 3 2 1 1 2 383 183 0 3931 3 
123 3 2 1 1 2 316 216 0 770 3 
123 3 2 1 1 2 183 50 0 1351 3 
123 3 2 1 1 2 383 216 1 5368 4 
123 3 2 1 1 2 416 216 1 934 4 
123 3 2 1 1 2 249 516 1 1502 4 
123 3 2 1 1 2 316 349 0 1511 3 
123 3 2 1 1 2 249 349 0 1041 3 
123 3 2 1 1 2 449 549 1 801 3 
123 3 2 1 1 2 50 482 1 2067 3 
123 3 2 1 1 2 516 549 1 1058 3 
123 3 2 1 1 2 149 316 1 1141 3 
123 3 2 1 1 2 416 449 0 819 3 
123 3 2 1 1 2 216 482 1 2480 3 
123 3 2 1 1 2 316 316 1 656 3 
123 3 2 1 1 2 149 516 1 662 3 
123 3 2 1 1 2 149 50 0 663 3 
123 3 2 1 1 2 283 249 0 1243 3 
123 3 2 1 1 2 249 149 0 1088 3 
123 3 2 1 1 2 516 183 0 1244 3 
123 3 2 1 1 2 283 116 0 632 3 
123 3 2 1 1 1 315 181 0 2797 
123 3 2 1 1 1 223 484 1 801 
123 3 2 1 1 1 385 323 1 776 
123 3 2 1 1 1 89 378 0 809 
123 3 2 1 1 1 244 238 0 865 
123 3 2 1 1 1 316 387 1 711 
123 3 2 1 1 1 259 236 0 1096 
123 3 2 1 1 1 441 65 0 839 
123 3 2 1 1 1 282 418 1 857 
123 3 2 1 1 1 349 345 1 792 
123 3 2 1 1 1 244 246 0 928 
123 3 2 1 1 1 205 295 0 712 
123 3 2 1 1 1 305 182 0 753 
123 3 2 1 1 1 366 310 1 872 
123 3 2 1 1 1 348 348 1 592 
123 3 2 1 1 1 293 196 0 1048 
123 3 2 1 1 2 183 283 0 3315 3 
123 3 2 1 1 2 516 283 1 1077 3 
123 3 2 1 1 2 249 283 0 698 3 
123 3 2 1 1 2 383 549 1 1050 3 
123 3 2 1 1 2 50 449 0 2382 3 
123 3 2 1 1 2 249 116 0 838 3 
123 3 2 1 1 2 283 50 0 854 3 
123 3 2 1 1 2 316 249 0 1146 3 
123 3 2 1 1 2 116 83 0 650 3 
123 3 2 1 1 2 316 516 1 2770 3 
123 3 2 1 1 2 216 549 1 920 3 
123 3 2 1 1 2 549 216 0 990 3 
123 3 2 1 1 2 482 116 0 675 3 
123 3 2 1 1 2 416 416 1 1282 3 
123 3 2 1 1 2 416 116 0 746 3 
123 3 2 1 1 2 449 349 1 911 3 
123 3 2 1 1 2 83 549 0 1169 3 
123 3 2 1 1 2 482 316 1 633 3 
123 3 2 1 1 2 216 383 1 1596 3 
123 3 2 1 1 2 183 216 0 888 3 
123 3 2 1 1 2 316 549 1 815 3 
123 3 2 1 1 2 516 50 0 857 3 
123 3 2 1 1 2 116 149 0 844 3 
123 3 2 1 1 2 83 482 0 1760 3 
123 3 2 1 1 2 416 149 0 1087 3 
123 3 2 1 1 2 83 416 0 1537 3 
123 3 2 1 1 2 83 316 1 1469 3 
123 3 2 1 1 2 83 516 0 1615 3 
123 3 2 1 1 2 482 183 0 1081 3 
123 3 2 1 1 2 283 183 0 653 3 
123 3 2 1 1 2 482 449 1 655 3 
123 3 2 1 1 2 349 416 1 758 3 
