Subject 138 in condition 2
Training Condition: 2
Task: 1
Rule: [[[250, 350], [[4538, 4463], [4463, 4538]]], [[350, 250], [[4538, 4463], [4463, 4538]]]]
Noise: 0
CATA=0
CATB=1
Sample keys: 122 120
Resp keys: 309 307
Dim direction: 0 0
Dim minimum: 96 80
Test order: [3, 0, 5, 6, 4, 7, 2, 1]
138 2 2 1 0 1 352 442 0 3614 
138 2 2 1 0 1 420 511 0 3530 
138 2 2 1 0 1 323 231 1 1602 
138 2 2 1 0 1 204 299 0 9785 
138 2 2 1 0 1 354 242 1 7080 
138 2 2 1 0 1 287 379 0 3304 
138 2 2 1 0 1 239 345 0 2040 
138 2 2 1 0 1 262 345 0 936 
138 2 2 1 0 1 213 316 0 777 
138 2 2 1 0 1 278 177 1 1720 
138 2 2 1 0 1 258 172 1 1041 
138 2 2 1 0 1 182 284 0 976 
138 2 2 1 0 1 353 263 1 1335 
138 2 2 1 0 1 217 322 0 904 
138 2 2 1 0 1 397 300 1 1376 
138 2 2 1 0 1 310 209 1 1152 
138 2 2 1 0 2 149 149 0 241262 3 
138 2 2 1 0 2 283 416 1 11248 3 
138 2 2 1 0 2 116 383 0 3047 3 
138 2 2 1 0 2 216 83 0 8800 3 
138 2 2 1 0 2 449 50 0 2646 3 
138 2 2 1 0 2 383 449 1 867 3 
138 2 2 1 0 2 383 516 1 2795 3 
138 2 2 1 0 2 83 183 0 1468 3 
138 2 2 1 0 2 449 216 0 6498 3 
138 2 2 1 0 2 316 449 1 3347 3 
138 2 2 1 0 2 449 316 0 889 3 
138 2 2 1 0 2 283 149 1 916 3 
138 2 2 1 0 2 549 83 0 1130 3 
138 2 2 1 0 2 549 416 1 1179 3 
138 2 2 1 0 2 516 149 0 777 3 
138 2 2 1 0 2 249 549 1 1631 3 
138 2 2 1 0 2 549 183 0 1068 3 
138 2 2 1 0 2 50 416 1 1411 3 
138 2 2 1 0 2 383 149 0 900 3 
138 2 2 1 0 2 183 449 1 887 3 
138 2 2 1 0 2 349 216 0 787 3 
138 2 2 1 0 2 149 283 1 1322 3 
138 2 2 1 0 2 283 482 0 1123 3 
138 2 2 1 0 2 482 349 1 1256 3 
138 2 2 1 0 2 383 50 0 1463 3 
138 2 2 1 0 2 349 482 1 3518 3 
138 2 2 1 0 2 149 482 1 1369 3 
138 2 2 1 0 2 283 83 0 1025 3 
138 2 2 1 0 2 183 83 0 1518 3 
138 2 2 1 0 2 50 516 1 1013 3 
138 2 2 1 0 2 50 50 0 1079 3 
138 2 2 1 0 2 383 416 1 1758 3 
138 2 2 1 0 1 335 236 1 16109 
138 2 2 1 0 1 350 270 1 2464 
138 2 2 1 0 1 316 246 1 1401 
138 2 2 1 0 1 232 328 0 12617 
138 2 2 1 0 1 283 387 0 1353 
138 2 2 1 0 1 170 288 0 1313 
138 2 2 1 0 1 420 314 1 2631 
138 2 2 1 0 1 213 312 0 3649 
138 2 2 1 0 1 269 361 0 1586 
138 2 2 1 0 1 439 350 1 5768 
138 2 2 1 0 1 265 146 1 4544 
138 2 2 1 0 1 239 136 1 968 
138 2 2 1 0 1 193 305 0 1944 
138 2 2 1 0 1 212 318 0 2760 
138 2 2 1 0 1 371 273 1 1327 
138 2 2 1 0 1 320 215 1 1463 
138 2 2 1 0 2 349 416 0 5224 3 
138 2 2 1 0 2 416 116 1 2864 3 
138 2 2 1 0 2 516 283 1 3335 3 
138 2 2 1 0 2 216 549 1 2057 3 
138 2 2 1 0 2 482 316 0 1042 3 
138 2 2 1 0 2 482 449 1 991 3 
138 2 2 1 0 2 283 50 1 1580 3 
138 2 2 1 0 2 83 482 1 1578 3 
138 2 2 1 0 2 83 549 1 1006 3 
138 2 2 1 0 2 83 316 1 1381 3 
138 2 2 1 0 2 316 516 1 1041 3 
138 2 2 1 0 2 183 216 1 4045 3 
138 2 2 1 0 2 249 283 1 1062 3 
138 2 2 1 0 2 116 149 1 927 3 
138 2 2 1 0 2 216 383 0 2743 3 
138 2 2 1 0 2 516 50 1 3430 3 
138 2 2 1 0 2 249 116 1 2748 3 
138 2 2 1 0 2 83 416 0 1378 3 
138 2 2 1 0 2 482 116 1 3595 3 
138 2 2 1 0 2 50 449 0 3519 3 
138 2 2 1 0 2 482 183 1 1380 3 
138 2 2 1 0 2 416 416 0 7093 3 
138 2 2 1 0 2 416 149 1 4808 3 
138 2 2 1 0 2 316 549 1 1566 3 
138 2 2 1 0 2 449 349 0 1295 3 
138 2 2 1 0 2 549 216 1 1460 3 
138 2 2 1 0 2 83 516 0 1474 3 
138 2 2 1 0 2 116 83 1 1153 3 
138 2 2 1 0 2 316 249 1 2249 3 
138 2 2 1 0 2 383 549 1 1950 3 
138 2 2 1 0 2 183 283 0 927 3 
138 2 2 1 0 2 283 183 1 996 3 
138 2 2 1 0 1 406 305 1 1837 
138 2 2 1 0 1 310 411 0 977 
138 2 2 1 0 1 295 199 1 1553 
138 2 2 1 0 1 132 225 0 849 
138 2 2 1 0 1 374 249 1 847 
138 2 2 1 0 1 375 467 0 312 
138 2 2 1 0 1 298 172 1 262 
138 2 2 1 0 1 479 395 1 838 
138 2 2 1 0 1 265 158 1 944 
138 2 2 1 0 1 500 405 1 648 
138 2 2 1 0 1 232 339 0 976 
138 2 2 1 0 1 376 278 1 993 
138 2 2 1 0 1 100 207 0 7592 
138 2 2 1 0 1 301 214 1 1025 
138 2 2 1 0 1 372 265 1 969 
138 2 2 1 0 1 308 214 1 849 
138 2 2 1 0 2 549 116 1 2816 3 
138 2 2 1 0 2 482 482 1 4083 3 
138 2 2 1 0 2 383 383 0 2223 3 
138 2 2 1 0 2 116 249 1 2848 3 
138 2 2 1 0 2 316 416 0 1563 3 
138 2 2 1 0 2 183 416 0 1063 3 
138 2 2 1 0 2 416 316 0 1266 3 
138 2 2 1 0 2 216 316 0 768 3 
138 2 2 1 0 2 183 316 0 648 3 
138 2 2 1 0 2 249 249 1 2063 3 
138 2 2 1 0 2 216 183 1 753 3 
138 2 2 1 0 2 183 516 1 645 3 
138 2 2 1 0 2 116 283 1 722 3 
138 2 2 1 0 2 482 83 0 1742 3 
138 2 2 1 0 2 183 183 1 915 3 
138 2 2 1 0 2 316 383 0 1152 3 
138 2 2 1 0 2 416 83 1 765 3 
138 2 2 1 0 2 283 449 0 4828 3 
138 2 2 1 0 2 349 349 0 1351 3 
138 2 2 1 0 2 316 50 1 905 3 
138 2 2 1 0 2 416 50 1 959 3 
138 2 2 1 0 2 449 516 1 4591 3 
138 2 2 1 0 2 183 549 1 705 3 
138 2 2 1 0 2 116 216 1 2098 3 
138 2 2 1 0 2 449 383 0 2398 3 
138 2 2 1 0 2 83 116 1 790 3 
138 2 2 1 0 2 116 516 1 781 3 
138 2 2 1 0 2 549 283 1 814 3 
138 2 2 1 0 2 50 549 0 3083 3 
138 2 2 1 0 2 449 149 1 1043 3 
138 2 2 1 0 2 249 83 1 661 3 
138 2 2 1 0 2 449 183 1 627 3 
138 2 2 1 0 1 297 382 0 13901 
138 2 2 1 0 1 440 343 1 3145 
138 2 2 1 0 1 339 226 1 1088 
138 2 2 1 0 1 361 269 1 976 
138 2 2 1 0 1 178 286 0 2048 
138 2 2 1 0 1 266 169 1 3200 
138 2 2 1 0 1 302 409 0 2656 
138 2 2 1 0 1 217 286 0 4385 
138 2 2 1 0 1 275 399 0 2850 
138 2 2 1 0 1 219 317 0 826 
138 2 2 1 0 1 291 182 1 1785 
138 2 2 1 0 1 237 325 0 7849 
138 2 2 1 0 1 163 255 0 729 
138 2 2 1 0 1 394 291 1 785 
138 2 2 1 0 1 318 224 1 1049 
138 2 2 1 0 1 203 306 0 9889 
138 2 2 1 0 2 383 283 1 5961 3 
138 2 2 1 0 2 549 149 1 6024 3 
138 2 2 1 0 2 316 183 1 407 3 
138 2 2 1 0 2 83 50 1 257 3 
138 2 2 1 0 2 349 249 1 275 3 
138 2 2 1 0 2 349 316 1 269 3 
138 2 2 1 0 2 249 482 1 282 3 
138 2 2 1 0 2 50 183 1 253 3 
138 2 2 1 0 2 83 283 1 230 3 
138 2 2 1 0 2 116 449 1 267 3 
138 2 2 1 0 2 50 349 1 136 3 
138 2 2 1 0 2 183 482 1 185 3 
138 2 2 1 0 2 149 216 1 294 3 
138 2 2 1 0 2 50 116 1 288 3 
138 2 2 1 0 2 482 416 1 247 3 
138 2 2 1 0 2 449 416 1 306 3 
138 2 2 1 0 2 516 116 1 535 3 
138 2 2 1 0 2 549 349 1 327 3 
138 2 2 1 0 2 349 183 1 373 3 
138 2 2 1 0 2 549 482 1 354 3 
138 2 2 1 0 2 349 283 1 716 3 
138 2 2 1 0 2 349 549 1 288 3 
138 2 2 1 0 2 50 383 1 314 3 
138 2 2 1 0 2 316 482 1 561 3 
138 2 2 1 0 2 482 549 1 286 3 
138 2 2 1 0 2 216 283 1 1128 3 
138 2 2 1 0 2 283 549 1 543 3 
138 2 2 1 0 2 50 216 1 590 3 
138 2 2 1 0 2 116 549 1 439 3 
138 2 2 1 0 2 249 449 1 469 3 
138 2 2 1 0 2 116 50 1 458 3 
138 2 2 1 0 2 482 283 1 316 3 
138 2 2 1 0 1 313 391 0 1581 
138 2 2 1 0 1 289 198 1 744 
138 2 2 1 0 1 191 302 0 401 
138 2 2 1 0 1 414 303 1 262 
138 2 2 1 0 1 242 331 0 548 
138 2 2 1 0 1 251 345 0 712 
138 2 2 1 0 1 222 310 0 465 
138 2 2 1 0 1 278 171 1 922 
138 2 2 1 0 1 94 192 0 922 
138 2 2 1 0 1 451 362 1 520 
138 2 2 1 0 1 267 364 0 472 
138 2 2 1 0 1 286 393 0 776 
138 2 2 1 0 1 100 200 0 514 
138 2 2 1 0 1 279 173 1 769 
138 2 2 1 0 1 464 356 1 761 
138 2 2 1 0 1 330 432 0 576 
138 2 2 1 0 2 516 83 0 4591 3 
138 2 2 1 0 2 516 416 0 368 3 
138 2 2 1 0 2 216 516 0 359 3 
138 2 2 1 0 2 383 482 0 259 3 
138 2 2 1 0 2 549 549 0 270 3 
138 2 2 1 0 2 149 449 0 320 3 
138 2 2 1 0 2 183 149 0 431 3 
138 2 2 1 0 2 283 316 0 403 3 
138 2 2 1 0 2 216 116 0 347 3 
138 2 2 1 0 2 316 83 0 544 3 
138 2 2 1 0 2 83 216 0 797 3 
138 2 2 1 0 2 516 516 0 500 3 
138 2 2 1 0 2 283 283 0 457 3 
138 2 2 1 0 2 416 383 0 336 3 
138 2 2 1 0 2 216 216 0 424 3 
138 2 2 1 0 2 83 383 0 348 3 
138 2 2 1 0 2 116 349 0 500 3 
138 2 2 1 0 2 349 50 0 339 3 
138 2 2 1 0 2 416 283 0 533 3 
138 2 2 1 0 2 216 249 0 411 3 
138 2 2 1 0 2 249 383 0 353 3 
138 2 2 1 0 2 83 249 0 369 3 
138 2 2 1 0 2 383 249 0 718 3 
138 2 2 1 0 2 283 516 0 497 3 
138 2 2 1 0 2 549 249 0 566 3 
138 2 2 1 0 2 449 482 0 627 3 
138 2 2 1 0 2 149 416 0 373 3 
138 2 2 1 0 2 449 283 0 516 3 
138 2 2 1 0 2 449 249 0 429 3 
138 2 2 1 0 2 516 316 0 304 3 
138 2 2 1 0 2 116 183 0 321 3 
138 2 2 1 0 2 416 549 0 363 3 
138 2 2 1 0 1 288 184 1 8557 
138 2 2 1 0 1 340 456 0 1688 
138 2 2 1 0 1 160 265 0 5224 
138 2 2 1 0 1 271 368 0 8145 
138 2 2 1 0 1 233 146 1 4921 
138 2 2 1 0 1 336 233 1 21192 
138 2 2 1 0 1 249 336 0 584 
138 2 2 1 0 1 409 525 0 888 
138 2 2 1 0 1 151 257 0 801 
138 2 2 1 0 1 315 420 0 1072 
138 2 2 1 0 1 382 294 1 864 
138 2 2 1 0 1 264 378 0 769 
138 2 2 1 0 1 289 367 0 744 
138 2 2 1 0 1 363 264 1 799 
138 2 2 1 0 1 530 420 1 2456 
138 2 2 1 0 1 310 395 0 818 
138 2 2 1 0 2 516 249 1 3195 3 
138 2 2 1 0 2 349 449 0 3779 3 
138 2 2 1 0 2 316 116 1 1193 3 
138 2 2 1 0 2 349 149 1 915 3 
138 2 2 1 0 2 149 349 0 2551 3 
138 2 2 1 0 2 249 316 0 1204 3 
138 2 2 1 0 2 116 416 0 1040 3 
138 2 2 1 0 2 549 50 1 818 3 
138 2 2 1 0 2 216 149 1 872 3 
138 2 2 1 0 2 50 83 1 772 3 
138 2 2 1 0 2 516 216 1 822 3 
138 2 2 1 0 2 549 449 0 801 3 
138 2 2 1 0 2 249 216 1 1535 3 
138 2 2 1 0 2 516 449 0 728 3 
138 2 2 1 0 2 116 116 1 948 3 
138 2 2 1 0 2 50 283 0 1570 3 
138 2 2 1 0 2 549 516 1 780 3 
138 2 2 1 0 2 149 183 1 1220 3 
138 2 2 1 0 2 482 383 0 967 3 
138 2 2 1 0 2 516 349 0 763 3 
138 2 2 1 0 2 149 549 1 1332 3 
138 2 2 1 0 2 283 349 1 6008 3 
138 2 2 1 0 2 249 50 1 1059 3 
138 2 2 1 0 2 149 383 0 977 3 
138 2 2 1 0 2 482 216 1 903 3 
138 2 2 1 0 2 316 149 1 891 3 
138 2 2 1 0 2 116 482 0 1116 3 
138 2 2 1 0 2 183 249 1 1034 3 
138 2 2 1 0 2 383 116 1 1901 3 
138 2 2 1 0 2 383 349 0 1373 3 
138 2 2 1 0 2 383 316 0 785 3 
138 2 2 1 0 2 249 416 0 790 3 
138 2 2 1 0 1 369 252 1 18757 
138 2 2 1 0 1 431 307 1 1984 
138 2 2 1 0 1 249 347 0 4169 
138 2 2 1 0 1 245 347 0 1104 
138 2 2 1 0 1 340 449 0 1374 
138 2 2 1 0 1 248 341 0 1408 
138 2 2 1 0 1 469 366 1 2322 
138 2 2 1 0 1 380 305 1 1489 
138 2 2 1 0 1 168 267 0 1274 
138 2 2 1 0 1 384 291 1 1120 
138 2 2 1 0 1 112 192 0 1032 
138 2 2 1 0 1 291 203 1 1080 
138 2 2 1 0 1 234 330 0 3440 
138 2 2 1 0 1 318 222 1 1399 
138 2 2 1 0 1 252 324 0 3088 
138 2 2 1 0 1 356 453 0 1217 
138 2 2 1 0 2 50 149 0 2866 3 
138 2 2 1 0 2 449 449 0 3171 3 
138 2 2 1 0 2 283 216 1 2293 3 
138 2 2 1 0 2 149 116 1 1433 3 
138 2 2 1 0 2 349 383 0 1080 3 
138 2 2 1 0 2 416 482 1 2615 3 
138 2 2 1 0 2 116 316 0 844 3 
138 2 2 1 0 2 249 183 1 942 3 
138 2 2 1 0 2 183 383 0 1172 3 
138 2 2 1 0 2 516 383 0 923 3 
138 2 2 1 0 2 183 349 0 661 3 
138 2 2 1 0 2 416 249 1 877 3 
138 2 2 1 0 2 83 349 0 896 3 
138 2 2 1 0 2 449 116 0 1703 3 
138 2 2 1 0 2 149 249 1 1635 3 
138 2 2 1 0 2 349 83 0 1485 3 
138 2 2 1 0 2 549 383 0 1105 3 
138 2 2 1 0 2 482 50 1 888 3 
138 2 2 1 0 2 316 283 1 1853 3 
138 2 2 1 0 2 83 83 1 1060 3 
138 2 2 1 0 2 549 316 0 3647 3 
138 2 2 1 0 2 83 449 0 1129 3 
138 2 2 1 0 2 383 83 1 1953 3 
138 2 2 1 0 2 216 349 0 2893 3 
138 2 2 1 0 2 216 449 0 988 3 
138 2 2 1 0 2 349 516 1 3239 3 
138 2 2 1 0 2 83 149 1 1183 3 
138 2 2 1 0 2 416 349 0 3971 3 
138 2 2 1 0 2 283 383 0 4622 3 
138 2 2 1 0 2 482 149 1 734 3 
138 2 2 1 0 2 149 83 1 3201 3 
138 2 2 1 0 2 449 83 1 2271 3 
138 2 2 1 0 1 379 273 1 15892 
138 2 2 1 0 1 340 224 1 1361 
138 2 2 1 0 1 378 288 1 1273 
138 2 2 1 0 1 413 327 1 1128 
138 2 2 1 0 1 361 261 1 1249 
138 2 2 1 0 1 383 306 1 1008 
138 2 2 1 0 1 408 505 0 2248 
138 2 2 1 0 1 292 202 1 1009 
138 2 2 1 0 1 322 219 1 1272 
138 2 2 1 0 1 319 195 1 913 
138 2 2 1 0 1 268 360 0 1240 
138 2 2 1 0 1 253 381 0 689 
138 2 2 1 0 1 414 322 1 832 
138 2 2 1 0 1 239 133 1 1521 
138 2 2 1 0 1 350 443 0 1025 
138 2 2 1 0 1 289 386 0 1329 
138 2 2 1 0 2 516 549 1 2423 3 
138 2 2 1 0 2 183 116 1 1533 3 
138 2 2 1 0 2 383 183 1 654 3 
138 2 2 1 0 2 50 249 1 558 3 
138 2 2 1 0 2 216 50 1 534 3 
138 2 2 1 0 2 249 516 1 615 3 
138 2 2 1 0 2 449 549 1 1010 3 
138 2 2 1 0 2 516 183 1 595 3 
138 2 2 1 0 2 149 50 1 991 3 
138 2 2 1 0 2 349 116 1 758 3 
138 2 2 1 0 2 149 516 1 620 3 
138 2 2 1 0 2 516 482 1 857 3 
138 2 2 1 0 2 283 249 1 618 3 
138 2 2 1 0 2 283 116 1 795 3 
138 2 2 1 0 2 416 449 0 946 3 
138 2 2 1 0 2 249 349 0 1123 3 
138 2 2 1 0 2 249 149 1 629 3 
138 2 2 1 0 2 50 316 1 720 3 
138 2 2 1 0 2 50 482 1 542 3 
138 2 2 1 0 2 216 482 1 591 3 
138 2 2 1 0 2 482 516 1 505 3 
138 2 2 1 0 2 416 516 1 544 3 
138 2 2 1 0 2 416 216 1 721 3 
138 2 2 1 0 2 482 249 1 509 3 
138 2 2 1 0 2 316 349 1 584 3 
138 2 2 1 0 2 416 183 1 729 3 
138 2 2 1 0 2 216 416 1 515 3 
138 2 2 1 0 2 316 316 1 977 3 
138 2 2 1 0 2 183 50 1 706 3 
138 2 2 1 0 2 383 216 1 684 3 
138 2 2 1 0 2 149 316 1 796 3 
138 2 2 1 0 2 316 216 1 557 3 
