Subject 142 in condition 2
Training Condition: 2
Task: 1
Rule: [[[250, 350], [[4538, 4463], [4463, 4538]]], [[350, 250], [[4538, 4463], [4463, 4538]]]]
Noise: 0
CATA=0
CATB=1
Sample keys: 122 120
Resp keys: 309 307
Dim direction: 1 1
Dim minimum: 38 86
Test order: [2, 5, 4, 1, 6, 3, 0, 7]
142 2 2 1 0 1 278 171 1 9553 
142 2 2 1 0 1 308 214 1 2393 
142 2 2 1 0 1 239 345 0 1793 
142 2 2 1 0 1 249 336 0 1451 
142 2 2 1 0 1 212 318 0 1395 
142 2 2 1 0 1 268 360 0 954 
142 2 2 1 0 1 233 146 1 1162 
142 2 2 1 0 1 191 302 0 920 
142 2 2 1 0 1 283 387 0 1090 
142 2 2 1 0 1 287 379 0 1065 
142 2 2 1 0 1 269 361 0 1144 
142 2 2 1 0 1 408 505 0 1194 
142 2 2 1 0 1 168 267 0 1353 
142 2 2 1 0 1 302 409 0 898 
142 2 2 1 0 1 310 395 0 1024 
142 2 2 1 0 1 100 200 0 4962 
142 2 2 1 0 2 116 316 0 3176 1 
142 2 2 1 0 2 449 116 1 1865 1 
142 2 2 1 0 2 416 482 0 8825 4 
142 2 2 1 0 2 449 83 1 4233 4 
142 2 2 1 0 2 416 349 0 3117 4 
142 2 2 1 0 2 149 116 1 1630 4 
142 2 2 1 0 2 83 149 1 2229 4 
142 2 2 1 0 2 549 316 0 1529 4 
142 2 2 1 0 2 349 383 0 1324 4 
142 2 2 1 0 2 149 83 1 1851 4 
142 2 2 1 0 2 416 249 1 5127 3 
142 2 2 1 0 2 83 449 0 4890 4 
142 2 2 1 0 2 216 449 0 1207 4 
142 2 2 1 0 2 83 83 1 1586 4 
142 2 2 1 0 2 183 349 0 2132 4 
142 2 2 1 0 2 216 349 0 962 4 
142 2 2 1 0 2 83 349 0 953 4 
142 2 2 1 0 2 516 383 0 993 4 
142 2 2 1 0 2 283 216 0 6235 4 
142 2 2 1 0 2 149 249 0 3868 3 
142 2 2 1 0 2 50 149 1 4192 2 
142 2 2 1 0 2 316 283 0 1581 3 
142 2 2 1 0 2 183 383 0 7162 3 
142 2 2 1 0 2 249 183 1 3806 2 
142 2 2 1 0 2 482 50 1 2709 4 
142 2 2 1 0 2 383 83 1 1732 4 
142 2 2 1 0 2 349 516 0 6085 2 
142 2 2 1 0 2 283 383 0 3389 2 
142 2 2 1 0 2 482 149 1 3809 4 
142 2 2 1 0 2 549 383 0 3785 5 
142 2 2 1 0 2 449 449 0 3598 4 
142 2 2 1 0 2 349 83 0 6384 2 
142 2 2 1 0 1 265 146 1 7566 
142 2 2 1 0 1 451 362 1 6411 
142 2 2 1 0 1 170 288 0 3033 
142 2 2 1 0 1 182 284 0 1472 
142 2 2 1 0 1 291 182 1 4432 
142 2 2 1 0 1 219 317 0 1424 
142 2 2 1 0 1 530 420 1 10729 
142 2 2 1 0 1 266 169 1 6096 
142 2 2 1 0 1 271 368 0 3066 
142 2 2 1 0 1 239 136 1 2258 
142 2 2 1 0 1 232 339 0 1313 
142 2 2 1 0 1 383 306 1 5962 
142 2 2 1 0 1 394 291 1 1930 
142 2 2 1 0 1 469 366 1 1914 
142 2 2 1 0 1 440 343 1 1865 
142 2 2 1 0 1 354 242 1 1265 
142 2 2 1 0 2 283 449 1 5277 2 
142 2 2 1 0 2 116 249 0 4971 2 
142 2 2 1 0 2 449 149 1 4225 3 
142 2 2 1 0 2 383 383 0 4586 3 
142 2 2 1 0 2 183 416 1 7540 3 
142 2 2 1 0 2 216 316 1 1240 3 
142 2 2 1 0 2 449 383 1 3745 3 
142 2 2 1 0 2 549 283 1 4490 3 
142 2 2 1 0 2 416 50 1 3198 3 
142 2 2 1 0 2 183 183 0 6321 3 
142 2 2 1 0 2 50 549 0 2723 3 
142 2 2 1 0 2 183 549 0 1430 3 
142 2 2 1 0 2 249 249 0 6036 2 
142 2 2 1 0 2 116 516 0 2623 2 
142 2 2 1 0 2 83 116 1 13406 1 
142 2 2 1 0 2 316 50 1 5060 3 
142 2 2 1 0 2 449 183 1 3146 2 
142 2 2 1 0 2 316 416 1 5528 2 
142 2 2 1 0 2 449 516 0 3619 3 
142 2 2 1 0 2 349 349 0 8463 2 
142 2 2 1 0 2 416 316 1 4104 1 
142 2 2 1 0 2 249 83 1 6928 3 
142 2 2 1 0 2 549 116 0 3642 2 
142 2 2 1 0 2 416 83 1 6863 3 
142 2 2 1 0 2 316 383 0 4270 2 
142 2 2 1 0 2 183 516 0 4395 3 
142 2 2 1 0 2 116 216 0 2454 3 
142 2 2 1 0 2 482 482 1 3500 2 
142 2 2 1 0 2 116 283 0 3290 3 
142 2 2 1 0 2 482 83 1 4372 2 
142 2 2 1 0 2 216 183 0 5830 3 
142 2 2 1 0 2 183 316 0 1217 3 
142 2 2 1 0 1 369 252 1 6388 
142 2 2 1 0 1 320 215 1 2713 
142 2 2 1 0 1 151 257 0 2713 
142 2 2 1 0 1 350 270 1 2122 
142 2 2 1 0 1 295 199 1 1825 
142 2 2 1 0 1 291 203 1 1569 
142 2 2 1 0 1 439 350 1 3594 
142 2 2 1 0 1 297 382 0 1970 
142 2 2 1 0 1 112 192 0 1538 
142 2 2 1 0 1 323 231 1 1922 
142 2 2 1 0 1 262 345 0 3387 
142 2 2 1 0 1 431 307 1 6201 
142 2 2 1 0 1 384 291 1 8096 
142 2 2 1 0 1 267 364 0 2010 
142 2 2 1 0 1 232 328 0 1522 
142 2 2 1 0 1 222 310 0 1675 
142 2 2 1 0 2 549 549 1 4122 3 
142 2 2 1 0 2 216 116 0 8617 3 
142 2 2 1 0 2 249 383 0 6711 3 
142 2 2 1 0 2 183 149 0 4279 3 
142 2 2 1 0 2 449 283 1 4302 4 
142 2 2 1 0 2 416 383 1 4100 4 
142 2 2 1 0 2 116 183 0 2360 4 
142 2 2 1 0 2 83 216 1 3376 2 
142 2 2 1 0 2 216 249 1 2823 3 
142 2 2 1 0 2 216 216 0 8479 2 
142 2 2 1 0 2 349 50 0 6608 2 
142 2 2 1 0 2 216 516 0 3443 3 
142 2 2 1 0 2 316 83 1 4494 3 
142 2 2 1 0 2 283 516 0 4058 1 
142 2 2 1 0 2 449 482 0 2849 2 
142 2 2 1 0 2 383 249 1 3358 5 
142 2 2 1 0 2 149 416 0 3776 5 
142 2 2 1 0 2 383 482 0 4966 2 
142 2 2 1 0 2 516 83 1 4686 3 
142 2 2 1 0 2 516 516 0 4666 3 
142 2 2 1 0 2 283 316 1 3124 3 
142 2 2 1 0 2 549 249 0 3369 3 
142 2 2 1 0 2 116 349 0 2278 3 
142 2 2 1 0 2 416 549 0 2659 3 
142 2 2 1 0 2 416 283 1 1686 3 
142 2 2 1 0 2 83 383 0 3974 4 
142 2 2 1 0 2 516 316 0 5430 2 
142 2 2 1 0 2 149 449 0 2550 3 
142 2 2 1 0 2 83 249 1 4301 2 
142 2 2 1 0 2 283 283 1 3351 4 
142 2 2 1 0 2 449 249 1 3294 4 
142 2 2 1 0 2 516 416 0 3363 3 
142 2 2 1 0 1 289 198 1 7004 
142 2 2 1 0 1 100 207 0 2760 
142 2 2 1 0 1 375 467 0 4249 
142 2 2 1 0 1 352 442 0 2232 
142 2 2 1 0 1 361 269 1 4472 
142 2 2 1 0 1 278 177 1 7193 
142 2 2 1 0 1 252 324 0 2267 
142 2 2 1 0 1 132 225 0 2218 
142 2 2 1 0 1 376 278 1 2074 
142 2 2 1 0 1 242 331 0 1609 
142 2 2 1 0 1 340 224 1 5481 
142 2 2 1 0 1 251 345 0 2728 
142 2 2 1 0 1 94 192 0 5818 
142 2 2 1 0 1 245 347 0 1954 
142 2 2 1 0 1 378 288 1 6985 
142 2 2 1 0 1 178 286 0 6555 
142 2 2 1 0 2 149 316 0 6117 3 
142 2 2 1 0 2 316 349 0 3792 3 
142 2 2 1 0 2 216 416 1 4626 2 
142 2 2 1 0 2 249 516 1 8893 2 
142 2 2 1 0 2 516 482 0 2861 1 
142 2 2 1 0 2 316 216 1 7806 4 
142 2 2 1 0 2 50 249 0 3439 4 
142 2 2 1 0 2 50 316 0 5677 2 
142 2 2 1 0 2 249 149 0 3826 2 
142 2 2 1 0 2 149 516 0 5292 3 
142 2 2 1 0 2 316 316 1 4921 2 
142 2 2 1 0 2 383 216 1 6436 4 
142 2 2 1 0 2 449 549 0 3164 3 
142 2 2 1 0 2 416 183 1 1727 3 
142 2 2 1 0 2 416 449 0 1312 3 
142 2 2 1 0 2 249 349 0 4523 4 
142 2 2 1 0 2 482 516 0 2437 3 
142 2 2 1 0 2 416 216 1 2709 4 
142 2 2 1 0 2 383 183 1 1493 4 
142 2 2 1 0 2 149 50 0 3356 2 
142 2 2 1 0 2 216 482 0 2233 2 
142 2 2 1 0 2 283 116 1 3850 3 
142 2 2 1 0 2 283 249 1 8803 4 
142 2 2 1 0 2 183 116 0 3014 2 
142 2 2 1 0 2 516 183 1 2926 3 
142 2 2 1 0 2 416 516 0 1837 2 
142 2 2 1 0 2 183 50 0 5766 3 
142 2 2 1 0 2 516 549 0 2807 2 
142 2 2 1 0 2 50 482 0 3049 3 
142 2 2 1 0 2 349 116 0 2561 3 
142 2 2 1 0 2 216 50 0 1682 3 
142 2 2 1 0 2 482 249 1 2644 4 
142 2 2 1 0 1 464 356 1 11572 
142 2 2 1 0 1 336 233 1 3936 
142 2 2 1 0 1 279 173 1 2275 
142 2 2 1 0 1 258 172 1 1042 
142 2 2 1 0 1 239 133 1 1424 
142 2 2 1 0 1 371 273 1 2114 
142 2 2 1 0 1 313 391 0 13506 
142 2 2 1 0 1 213 312 0 2633 
142 2 2 1 0 1 500 405 1 5529 
142 2 2 1 0 1 289 386 0 3419 
142 2 2 1 0 1 292 202 1 2098 
142 2 2 1 0 1 265 158 1 1250 
142 2 2 1 0 1 253 381 0 1897 
142 2 2 1 0 1 372 265 1 8522 
142 2 2 1 0 1 204 299 0 1713 
142 2 2 1 0 1 335 236 1 2299 
142 2 2 1 0 2 83 283 0 4394 3 
142 2 2 1 0 2 216 283 0 1879 3 
142 2 2 1 0 2 482 283 0 4087 3 
142 2 2 1 0 2 549 482 0 4542 2 
142 2 2 1 0 2 349 249 1 3403 4 
142 2 2 1 0 2 50 183 0 4155 3 
142 2 2 1 0 2 149 216 0 1826 3 
142 2 2 1 0 2 116 449 1 4783 2 
142 2 2 1 0 2 316 482 0 5299 2 
142 2 2 1 0 2 349 283 0 2249 2 
142 2 2 1 0 2 183 482 0 4753 3 
142 2 2 1 0 2 383 283 0 10129 2 
142 2 2 1 0 2 349 549 0 3220 3 
142 2 2 1 0 2 116 549 0 3747 4 
142 2 2 1 0 2 283 549 0 2076 3 
142 2 2 1 0 2 516 116 1 1734 2 
142 2 2 1 0 2 50 216 1 3455 2 
142 2 2 1 0 2 249 449 0 2970 3 
142 2 2 1 0 2 50 383 0 1900 2 
142 2 2 1 0 2 549 349 0 6768 4 
142 2 2 1 0 2 482 416 0 4216 4 
142 2 2 1 0 2 449 416 0 3638 3 
142 2 2 1 0 2 349 183 1 3735 2 
142 2 2 1 0 2 83 50 0 6505 1 
142 2 2 1 0 2 316 183 1 3378 3 
142 2 2 1 0 2 50 116 0 2221 2 
142 2 2 1 0 2 50 349 0 2209 2 
142 2 2 1 0 2 482 549 1 5456 2 
142 2 2 1 0 2 349 316 0 3057 2 
142 2 2 1 0 2 116 50 0 4006 2 
142 2 2 1 0 2 549 149 1 7933 3 
142 2 2 1 0 2 249 482 0 7650 2 
142 2 2 1 0 1 413 327 1 15909 
142 2 2 1 0 1 310 209 1 4359 
142 2 2 1 0 1 318 224 1 842 
142 2 2 1 0 1 289 367 0 3098 
142 2 2 1 0 1 414 303 1 8415 
142 2 2 1 0 1 361 261 1 2729 
142 2 2 1 0 1 330 432 0 1258 
142 2 2 1 0 1 340 449 0 735 
142 2 2 1 0 1 340 456 0 984 
142 2 2 1 0 1 160 265 0 2488 
142 2 2 1 0 1 409 525 0 3512 
142 2 2 1 0 1 353 263 1 1322 
142 2 2 1 0 1 379 273 1 1585 
142 2 2 1 0 1 163 255 0 1528 
142 2 2 1 0 1 288 184 1 2136 
142 2 2 1 0 1 363 264 1 1234 
142 2 2 1 0 2 449 316 1 3297 2 
142 2 2 1 0 2 383 449 0 2984 4 
142 2 2 1 0 2 83 183 0 3981 4 
142 2 2 1 0 2 249 549 1 6990 3 
142 2 2 1 0 2 482 349 0 4513 3 
142 2 2 1 0 2 549 416 0 4134 3 
142 2 2 1 0 2 383 516 0 5356 3 
142 2 2 1 0 2 216 83 1 3870 3 
142 2 2 1 0 2 549 183 1 2369 3 
142 2 2 1 0 2 283 83 1 9081 2 
142 2 2 1 0 2 149 149 0 8728 3 
142 2 2 1 0 2 116 383 1 2773 3 
142 2 2 1 0 2 149 283 0 1824 2 
142 2 2 1 0 2 349 482 0 5496 3 
142 2 2 1 0 2 449 50 0 2037 3 
142 2 2 1 0 2 283 482 0 8418 3 
142 2 2 1 0 2 50 416 1 2940 3 
142 2 2 1 0 2 449 216 1 3357 4 
142 2 2 1 0 2 549 83 1 3225 4 
142 2 2 1 0 2 383 50 0 4469 2 
142 2 2 1 0 2 516 149 1 3604 3 
142 2 2 1 0 2 283 149 1 5181 3 
142 2 2 1 0 2 183 83 0 3217 3 
142 2 2 1 0 2 183 449 0 1740 3 
142 2 2 1 0 2 383 149 1 6812 3 
142 2 2 1 0 2 149 482 1 2613 4 
142 2 2 1 0 2 383 416 0 4192 3 
142 2 2 1 0 2 316 449 0 2038 3 
142 2 2 1 0 2 50 50 1 2295 4 
142 2 2 1 0 2 50 516 1 1472 4 
142 2 2 1 0 2 283 416 0 3033 3 
142 2 2 1 0 2 349 216 1 3148 2 
142 2 2 1 0 1 310 411 0 3252 
142 2 2 1 0 1 193 305 0 5682 
142 2 2 1 0 1 350 443 0 3585 
142 2 2 1 0 1 217 322 0 2633 
142 2 2 1 0 1 318 222 1 2672 
142 2 2 1 0 1 374 249 1 2089 
142 2 2 1 0 1 322 219 1 1040 
142 2 2 1 0 1 301 214 1 1065 
142 2 2 1 0 1 339 226 1 801 
142 2 2 1 0 1 217 286 0 2719 
142 2 2 1 0 1 420 511 0 2255 
142 2 2 1 0 1 315 420 0 1144 
142 2 2 1 0 1 397 300 1 1330 
142 2 2 1 0 1 234 330 0 1290 
142 2 2 1 0 1 414 322 1 6009 
142 2 2 1 0 1 319 195 1 4282 
142 2 2 1 0 2 449 349 0 4552 3 
142 2 2 1 0 2 516 50 0 8091 2 
142 2 2 1 0 2 249 116 0 21135 2 
142 2 2 1 0 2 383 549 0 6700 3 
142 2 2 1 0 2 83 316 0 5161 3 
142 2 2 1 0 2 482 116 0 2891 3 
142 2 2 1 0 2 283 183 1 7171 2 
142 2 2 1 0 2 116 149 0 4786 2 
142 2 2 1 0 2 482 449 0 2801 3 
142 2 2 1 0 2 316 249 0 2157 3 
142 2 2 1 0 2 516 283 0 3480 3 
142 2 2 1 0 2 316 549 0 2558 3 
142 2 2 1 0 2 416 116 0 4695 3 
142 2 2 1 0 2 216 549 1 3030 3 
142 2 2 1 0 2 83 549 1 943 3 
142 2 2 1 0 2 549 216 1 4951 3 
142 2 2 1 0 2 249 283 1 2857 3 
142 2 2 1 0 2 416 416 0 3360 3 
142 2 2 1 0 2 216 383 1 6699 2 
142 2 2 1 0 2 482 183 1 9593 2 
142 2 2 1 0 2 349 416 0 7400 3 
142 2 2 1 0 2 183 216 1 4159 1 
142 2 2 1 0 2 183 283 1 3969 3 
142 2 2 1 0 2 482 316 0 9874 3 
142 2 2 1 0 2 416 149 1 4969 3 
142 2 2 1 0 2 50 449 1 2439 3 
142 2 2 1 0 2 83 416 1 1192 3 
142 2 2 1 0 2 283 50 0 3254 3 
142 2 2 1 0 2 83 482 1 2492 3 
142 2 2 1 0 2 316 516 0 1949 3 
142 2 2 1 0 2 83 516 1 2395 3 
142 2 2 1 0 2 116 83 1 2718 3 
142 2 2 1 0 1 213 316 0 30311 
142 2 2 1 0 1 286 393 0 794 
142 2 2 1 0 1 298 172 1 1176 
142 2 2 1 0 1 203 306 0 897 
142 2 2 1 0 1 275 399 0 1569 
142 2 2 1 0 1 380 305 1 3497 
142 2 2 1 0 1 264 378 0 2200 
142 2 2 1 0 1 237 325 0 1383 
142 2 2 1 0 1 316 246 1 1865 
142 2 2 1 0 1 356 453 0 1040 
142 2 2 1 0 1 406 305 1 1219 
142 2 2 1 0 1 479 395 1 2595 
142 2 2 1 0 1 382 294 1 2395 
142 2 2 1 0 1 248 341 0 2256 
142 2 2 1 0 1 249 347 0 2586 
142 2 2 1 0 1 420 314 1 2353 
142 2 2 1 0 2 183 249 1 3339 3 
142 2 2 1 0 2 50 283 1 2321 2 
142 2 2 1 0 2 316 149 1 4762 2 
142 2 2 1 0 2 516 249 1 3267 2 
142 2 2 1 0 2 383 116 1 3222 3 
142 2 2 1 0 2 116 116 0 4450 1 
142 2 2 1 0 2 482 383 0 2431 3 
142 2 2 1 0 2 316 116 1 2769 2 
142 2 2 1 0 2 482 216 1 1853 2 
142 2 2 1 0 2 383 316 0 1865 3 
142 2 2 1 0 2 116 416 0 2112 3 
142 2 2 1 0 2 149 349 0 9865 2 
142 2 2 1 0 2 549 50 1 2278 3 
142 2 2 1 0 2 249 216 1 3019 3 
142 2 2 1 0 2 516 449 0 6846 3 
142 2 2 1 0 2 216 149 1 3306 3 
142 2 2 1 0 2 149 183 1 1319 3 
142 2 2 1 0 2 50 83 1 2547 3 
142 2 2 1 0 2 249 50 1 1518 3 
142 2 2 1 0 2 249 416 0 1247 3 
142 2 2 1 0 2 283 349 0 1004 3 
142 2 2 1 0 2 516 349 0 1293 3 
142 2 2 1 0 2 249 316 0 1208 3 
142 2 2 1 0 2 149 549 0 2024 3 
142 2 2 1 0 2 349 149 1 2425 2 
142 2 2 1 0 2 549 449 0 1513 3 
142 2 2 1 0 2 383 349 1 3420 2 
142 2 2 1 0 2 349 449 0 1191 3 
142 2 2 1 0 2 116 482 0 1568 3 
142 2 2 1 0 2 549 516 0 1467 2 
142 2 2 1 0 2 516 216 1 2625 2 
142 2 2 1 0 2 149 383 0 1350 3 
