Subject 147 in condition 3
Training Condition: 2
Task: 1
Rule: [[[250, 250], [[4538, -4463], [-4463, 4538]]], [[350, 350], [[4538, -4463], [-4463, 4538]]]]
Noise: 0
CATA=1
CATB=0
Sample keys: 122 120
Resp keys: 307 309
Dim direction: 1 0
Dim minimum: 52 45
Test order: [0, 7, 2, 6, 5, 4, 3, 1]
147 3 2 1 1 1 261 253 0 4220 
147 3 2 1 1 1 493 223 1 2129 
147 3 2 1 1 1 110 388 0 2921 
147 3 2 1 1 1 139 363 0 2673 
147 3 2 1 1 1 418 304 1 3058 
147 3 2 1 1 1 202 276 0 1610 
147 3 2 1 1 1 373 323 1 1681 
147 3 2 1 1 1 202 294 0 1890 
147 3 2 1 1 1 198 282 0 1370 
147 3 2 1 1 1 172 331 0 1074 
147 3 2 1 1 1 306 193 0 2642 
147 3 2 1 1 1 194 336 0 1296 
147 3 2 1 1 1 230 279 0 1289 
147 3 2 1 1 1 387 316 1 1345 
147 3 2 1 1 1 229 261 0 1128 
147 3 2 1 1 1 290 192 0 1089 
147 3 2 1 1 2 482 316 1 4488 4 
147 3 2 1 1 2 283 50 0 5158 2 
147 3 2 1 1 2 83 516 0 2765 3 
147 3 2 1 1 2 50 449 0 2747 3 
147 3 2 1 1 2 516 283 1 2248 4 
147 3 2 1 1 2 116 149 0 3347 3 
147 3 2 1 1 2 482 183 1 2124 3 
147 3 2 1 1 2 482 449 1 2072 4 
147 3 2 1 1 2 183 283 0 2544 3 
147 3 2 1 1 2 83 549 0 2394 3 
147 3 2 1 1 2 316 249 0 3078 3 
147 3 2 1 1 2 349 416 0 3261 3 
147 3 2 1 1 2 216 549 0 1263 3 
147 3 2 1 1 2 283 183 0 1293 3 
147 3 2 1 1 2 549 216 1 2108 3 
147 3 2 1 1 2 116 83 0 1750 3 
147 3 2 1 1 2 216 383 0 1431 3 
147 3 2 1 1 2 249 116 0 2614 3 
147 3 2 1 1 2 83 316 0 1151 3 
147 3 2 1 1 2 316 549 0 1611 3 
147 3 2 1 1 2 516 50 1 1278 3 
147 3 2 1 1 2 449 349 1 1143 3 
147 3 2 1 1 2 249 283 0 1059 3 
147 3 2 1 1 2 482 116 1 1051 3 
147 3 2 1 1 2 316 516 0 1145 3 
147 3 2 1 1 2 416 116 1 3976 2 
147 3 2 1 1 2 416 416 1 1597 3 
147 3 2 1 1 2 383 549 1 1743 2 
147 3 2 1 1 2 416 149 1 1162 2 
147 3 2 1 1 2 83 416 0 1456 4 
147 3 2 1 1 2 83 482 0 883 4 
147 3 2 1 1 2 183 216 0 1060 4 
147 3 2 1 1 1 219 265 0 3700 
147 3 2 1 1 1 258 250 0 1897 
147 3 2 1 1 1 330 155 0 4217 
147 3 2 1 1 1 349 345 1 2673 
147 3 2 1 1 1 296 411 1 2226 
147 3 2 1 1 1 315 378 1 1609 
147 3 2 1 1 1 210 298 0 1922 
147 3 2 1 1 1 246 456 1 1906 
147 3 2 1 1 1 242 460 1 954 
147 3 2 1 1 1 160 336 0 1002 
147 3 2 1 1 1 251 250 0 762 
147 3 2 1 1 1 167 326 0 689 
147 3 2 1 1 1 252 251 0 714 
147 3 2 1 1 1 187 316 0 674 
147 3 2 1 1 1 293 196 0 904 
147 3 2 1 1 1 441 65 0 2944 
147 3 2 1 1 2 482 383 1 4128 3 
147 3 2 1 1 2 249 50 0 2860 3 
147 3 2 1 1 2 116 482 0 2730 3 
147 3 2 1 1 2 116 416 1 2579 3 
147 3 2 1 1 2 283 349 0 2802 3 
147 3 2 1 1 2 249 216 0 2075 4 
147 3 2 1 1 2 349 449 1 3258 3 
147 3 2 1 1 2 149 549 1 1204 3 
147 3 2 1 1 2 149 349 0 1139 3 
147 3 2 1 1 2 116 116 0 1711 4 
147 3 2 1 1 2 249 416 1 3802 3 
147 3 2 1 1 2 383 116 0 1976 3 
147 3 2 1 1 2 349 149 0 1588 3 
147 3 2 1 1 2 249 316 0 2231 4 
147 3 2 1 1 2 482 216 0 1351 4 
147 3 2 1 1 2 383 349 1 3486 3 
147 3 2 1 1 2 50 83 0 2080 4 
147 3 2 1 1 2 316 149 0 1139 4 
147 3 2 1 1 2 549 50 0 959 4 
147 3 2 1 1 2 383 316 1 4209 2 
147 3 2 1 1 2 149 383 1 1390 3 
147 3 2 1 1 2 149 183 0 1701 3 
147 3 2 1 1 2 50 283 0 2249 3 
147 3 2 1 1 2 516 216 0 1683 3 
147 3 2 1 1 2 316 116 0 1349 3 
147 3 2 1 1 2 183 249 0 944 3 
147 3 2 1 1 2 516 349 1 2092 2 
147 3 2 1 1 2 516 249 1 1043 2 
147 3 2 1 1 2 549 516 1 2078 4 
147 3 2 1 1 2 216 149 0 1646 3 
147 3 2 1 1 2 516 449 1 1906 2 
147 3 2 1 1 2 549 449 1 916 2 
147 3 2 1 1 1 165 355 0 5301 
147 3 2 1 1 1 336 369 1 2377 
147 3 2 1 1 1 305 182 0 1682 
147 3 2 1 1 1 290 206 0 1202 
147 3 2 1 1 1 450 258 1 2593 
147 3 2 1 1 1 264 240 0 2810 
147 3 2 1 1 1 385 323 1 1386 
147 3 2 1 1 1 252 456 1 994 
147 3 2 1 1 1 208 278 0 938 
147 3 2 1 1 1 298 187 0 738 
147 3 2 1 1 1 255 236 0 730 
147 3 2 1 1 1 406 297 1 809 
147 3 2 1 1 1 316 387 1 769 
147 3 2 1 1 1 381 311 1 712 
147 3 2 1 1 1 367 136 0 826 
147 3 2 1 1 1 216 293 0 986 
147 3 2 1 1 2 283 383 1 2860 3 
147 3 2 1 1 2 83 449 1 1056 3 
147 3 2 1 1 2 449 83 0 2065 4 
147 3 2 1 1 2 449 116 0 1640 4 
147 3 2 1 1 2 516 383 1 1601 4 
147 3 2 1 1 2 83 83 0 1404 4 
147 3 2 1 1 2 316 283 0 4227 2 
147 3 2 1 1 2 216 349 1 1623 3 
147 3 2 1 1 2 383 83 0 2591 3 
147 3 2 1 1 2 83 149 0 1340 4 
147 3 2 1 1 2 249 183 0 1237 4 
147 3 2 1 1 2 416 482 1 1498 4 
147 3 2 1 1 2 50 149 0 1362 4 
147 3 2 1 1 2 449 449 1 1277 4 
147 3 2 1 1 2 416 349 1 854 4 
147 3 2 1 1 2 549 383 1 1063 4 
147 3 2 1 1 2 149 83 0 2729 4 
147 3 2 1 1 2 349 83 0 900 4 
147 3 2 1 1 2 83 349 1 2015 3 
147 3 2 1 1 2 549 316 1 1512 3 
147 3 2 1 1 2 216 449 1 1089 4 
147 3 2 1 1 2 183 349 1 802 4 
147 3 2 1 1 2 116 316 1 850 4 
147 3 2 1 1 2 349 383 1 1146 4 
147 3 2 1 1 2 283 216 0 1224 3 
147 3 2 1 1 2 416 249 0 742 3 
147 3 2 1 1 2 482 50 0 2079 3 
147 3 2 1 1 2 482 149 0 1807 3 
147 3 2 1 1 2 183 383 1 2061 3 
147 3 2 1 1 2 349 516 1 1579 4 
147 3 2 1 1 2 149 249 0 1948 4 
147 3 2 1 1 2 149 116 0 1042 4 
147 3 2 1 1 1 356 344 1 5891 
147 3 2 1 1 1 264 235 0 1505 
147 3 2 1 1 1 125 359 0 1385 
147 3 2 1 1 1 239 242 0 1001 
147 3 2 1 1 1 389 315 1 1018 
147 3 2 1 1 1 288 406 1 1050 
147 3 2 1 1 1 277 234 0 1041 
147 3 2 1 1 1 246 236 0 824 
147 3 2 1 1 1 246 276 0 954 
147 3 2 1 1 1 279 243 0 664 
147 3 2 1 1 1 492 224 1 1072 
147 3 2 1 1 1 312 376 1 929 
147 3 2 1 1 1 382 318 1 1346 
147 3 2 1 1 1 463 237 1 1289 
147 3 2 1 1 1 294 413 1 2258 
147 3 2 1 1 1 220 493 1 811 
147 3 2 1 1 2 549 349 1 2527 3 
147 3 2 1 1 2 316 183 0 4914 2 
147 3 2 1 1 2 116 449 1 1766 3 
147 3 2 1 1 2 549 149 1 2673 3 
147 3 2 1 1 2 349 249 0 2827 2 
147 3 2 1 1 2 482 283 1 1527 3 
147 3 2 1 1 2 349 183 0 3088 3 
147 3 2 1 1 2 50 216 0 2185 4 
147 3 2 1 1 2 349 316 1 4630 2 
147 3 2 1 1 2 183 482 1 1574 4 
147 3 2 1 1 2 216 283 0 3189 2 
147 3 2 1 1 2 482 549 1 2838 2 
147 3 2 1 1 2 50 183 0 1703 4 
147 3 2 1 1 2 482 416 1 2672 3 
147 3 2 1 1 2 249 482 1 2138 3 
147 3 2 1 1 2 316 482 1 1095 3 
147 3 2 1 1 2 50 116 0 3420 4 
147 3 2 1 1 2 349 283 0 2569 2 
147 3 2 1 1 2 83 50 0 1892 3 
147 3 2 1 1 2 349 549 1 3459 2 
147 3 2 1 1 2 449 416 1 1530 3 
147 3 2 1 1 2 283 549 1 1636 3 
147 3 2 1 1 2 149 216 0 2028 4 
147 3 2 1 1 2 50 383 0 1979 3 
147 3 2 1 1 2 383 283 1 3966 2 
147 3 2 1 1 2 549 482 1 1437 4 
147 3 2 1 1 2 83 283 0 2679 3 
147 3 2 1 1 2 516 116 1 2123 2 
147 3 2 1 1 2 249 449 1 2332 3 
147 3 2 1 1 2 116 50 0 2738 4 
147 3 2 1 1 2 50 349 0 2271 4 
147 3 2 1 1 2 116 549 1 1822 3 
147 3 2 1 1 1 201 293 0 3051 
147 3 2 1 1 1 405 301 1 1977 
147 3 2 1 1 1 396 314 1 1706 
147 3 2 1 1 1 278 418 1 1698 
147 3 2 1 1 1 282 216 0 1514 
147 3 2 1 1 1 205 282 0 1474 
147 3 2 1 1 1 434 280 1 1218 
147 3 2 1 1 1 256 437 1 1320 
147 3 2 1 1 1 265 433 1 1162 
147 3 2 1 1 1 395 291 1 1168 
147 3 2 1 1 1 294 418 1 1168 
147 3 2 1 1 1 187 296 0 1642 
147 3 2 1 1 1 375 326 1 1200 
147 3 2 1 1 1 315 181 0 1050 
147 3 2 1 1 1 244 238 0 826 
147 3 2 1 1 1 275 433 1 1080 
147 3 2 1 1 2 449 516 1 2688 4 
147 3 2 1 1 2 183 316 0 2805 3 
147 3 2 1 1 2 549 116 1 1378 4 
147 3 2 1 1 2 116 516 0 2248 4 
147 3 2 1 1 2 316 416 1 2574 3 
147 3 2 1 1 2 416 316 1 1497 4 
147 3 2 1 1 2 416 83 1 937 4 
147 3 2 1 1 2 316 383 1 1130 4 
147 3 2 1 1 2 416 50 1 5757 2 
147 3 2 1 1 2 482 83 1 3891 2 
147 3 2 1 1 2 183 183 0 2831 4 
147 3 2 1 1 2 449 383 1 1785 4 
147 3 2 1 1 2 116 249 0 1932 3 
147 3 2 1 1 2 449 149 1 4609 1 
147 3 2 1 1 2 482 482 1 1765 4 
147 3 2 1 1 2 183 416 0 1550 4 
147 3 2 1 1 2 249 249 0 1503 4 
147 3 2 1 1 2 449 183 1 5840 1 
147 3 2 1 1 2 183 516 1 3994 3 
147 3 2 1 1 2 349 349 0 4253 1 
147 3 2 1 1 2 50 549 1 5294 1 
147 3 2 1 1 2 216 183 0 1590 4 
147 3 2 1 1 2 116 216 0 765 4 
147 3 2 1 1 2 283 449 1 2044 3 
147 3 2 1 1 2 216 316 0 2136 3 
147 3 2 1 1 2 316 50 0 1550 3 
147 3 2 1 1 2 116 283 0 1038 3 
147 3 2 1 1 2 383 383 1 1467 3 
147 3 2 1 1 2 83 116 0 1349 4 
147 3 2 1 1 2 549 283 1 1210 3 
147 3 2 1 1 2 249 83 0 2187 3 
147 3 2 1 1 2 183 549 1 1941 3 
147 3 2 1 1 1 366 310 1 3050 
147 3 2 1 1 1 223 484 1 1361 
147 3 2 1 1 1 332 374 1 1897 
147 3 2 1 1 1 327 352 1 1162 
147 3 2 1 1 1 327 164 0 1217 
147 3 2 1 1 1 287 194 0 906 
147 3 2 1 1 1 348 348 1 986 
147 3 2 1 1 1 470 228 1 897 
147 3 2 1 1 1 264 448 1 801 
147 3 2 1 1 1 425 271 1 824 
147 3 2 1 1 1 311 368 1 962 
147 3 2 1 1 1 337 324 1 1136 
147 3 2 1 1 1 311 180 0 904 
147 3 2 1 1 1 191 303 0 882 
147 3 2 1 1 1 223 475 1 1602 
147 3 2 1 1 1 341 357 1 913 
147 3 2 1 1 2 549 249 1 2130 3 
147 3 2 1 1 2 149 416 0 4620 3 
147 3 2 1 1 2 216 216 0 2060 3 
147 3 2 1 1 2 449 482 1 1633 4 
147 3 2 1 1 2 283 283 0 2273 3 
147 3 2 1 1 2 283 316 1 3191 3 
147 3 2 1 1 2 416 283 1 1471 3 
147 3 2 1 1 2 116 349 0 4280 4 
147 3 2 1 1 2 516 83 1 1377 3 
147 3 2 1 1 2 249 383 1 3086 3 
147 3 2 1 1 2 83 383 0 2807 3 
147 3 2 1 1 2 449 249 1 1354 3 
147 3 2 1 1 2 83 216 0 1187 3 
147 3 2 1 1 2 183 149 0 837 3 
147 3 2 1 1 2 83 249 0 723 3 
147 3 2 1 1 2 383 482 1 1311 3 
147 3 2 1 1 2 216 516 1 959 3 
147 3 2 1 1 2 516 416 1 756 3 
147 3 2 1 1 2 416 383 1 1021 4 
147 3 2 1 1 2 549 549 1 809 4 
147 3 2 1 1 2 516 516 1 641 4 
147 3 2 1 1 2 349 50 0 3997 3 
147 3 2 1 1 2 216 249 0 969 3 
147 3 2 1 1 2 516 316 1 1443 3 
147 3 2 1 1 2 416 549 1 1124 4 
147 3 2 1 1 2 449 283 1 3843 2 
147 3 2 1 1 2 149 449 1 5204 3 
147 3 2 1 1 2 316 83 0 2294 3 
147 3 2 1 1 2 216 116 0 2030 4 
147 3 2 1 1 2 283 516 1 1553 4 
147 3 2 1 1 2 383 249 0 1999 3 
147 3 2 1 1 2 116 183 0 1452 4 
147 3 2 1 1 1 285 215 0 3140 
147 3 2 1 1 1 401 298 1 1514 
147 3 2 1 1 1 351 153 0 1018 
147 3 2 1 1 1 344 357 1 1378 
147 3 2 1 1 1 244 246 0 970 
147 3 2 1 1 1 431 87 0 1114 
147 3 2 1 1 1 99 402 0 2152 
147 3 2 1 1 1 363 327 1 818 
147 3 2 1 1 1 283 198 0 706 
147 3 2 1 1 1 281 416 1 1074 
147 3 2 1 1 1 205 295 0 1018 
147 3 2 1 1 1 482 227 1 794 
147 3 2 1 1 1 89 378 0 745 
147 3 2 1 1 1 323 346 1 1216 
147 3 2 1 1 1 262 418 1 3465 
147 3 2 1 1 1 415 300 1 912 
147 3 2 1 1 2 283 83 0 2929 4 
147 3 2 1 1 2 50 516 1 7749 2 
147 3 2 1 1 2 283 149 0 1637 4 
147 3 2 1 1 2 383 516 1 2683 4 
147 3 2 1 1 2 50 50 0 2249 4 
147 3 2 1 1 2 149 283 0 3564 3 
147 3 2 1 1 2 516 149 0 5121 2 
147 3 2 1 1 2 549 183 0 1365 2 
147 3 2 1 1 2 449 50 0 1666 2 
147 3 2 1 1 2 50 416 0 3449 3 
147 3 2 1 1 2 283 482 1 1702 3 
147 3 2 1 1 2 482 349 1 1299 3 
147 3 2 1 1 2 383 449 1 1794 3 
147 3 2 1 1 2 383 149 0 1670 3 
147 3 2 1 1 2 549 416 1 1386 3 
147 3 2 1 1 2 116 383 0 2730 3 
147 3 2 1 1 2 83 183 0 1352 3 
147 3 2 1 1 2 249 549 1 1855 3 
147 3 2 1 1 2 316 449 1 1265 3 
147 3 2 1 1 2 383 416 1 792 3 
147 3 2 1 1 2 349 482 1 700 3 
147 3 2 1 1 2 183 449 1 756 3 
147 3 2 1 1 2 149 482 1 592 3 
147 3 2 1 1 2 283 416 1 628 3 
147 3 2 1 1 2 349 216 0 1572 3 
147 3 2 1 1 2 383 50 0 1003 3 
147 3 2 1 1 2 449 216 0 650 3 
147 3 2 1 1 2 216 83 0 751 3 
147 3 2 1 1 2 183 83 0 698 3 
147 3 2 1 1 2 549 83 0 1871 3 
147 3 2 1 1 2 449 316 1 3239 3 
147 3 2 1 1 2 149 149 0 948 3 
147 3 2 1 1 1 388 311 1 3237 
147 3 2 1 1 1 419 277 1 1033 
147 3 2 1 1 1 282 418 1 2673 
147 3 2 1 1 1 364 358 1 673 
147 3 2 1 1 1 411 261 1 601 
147 3 2 1 1 1 358 327 1 528 
147 3 2 1 1 1 225 270 0 2737 
147 3 2 1 1 1 259 236 0 762 
147 3 2 1 1 1 157 355 0 650 
147 3 2 1 1 1 242 251 0 583 
147 3 2 1 1 1 411 293 1 842 
147 3 2 1 1 1 190 311 0 986 
147 3 2 1 1 1 276 442 1 1049 
147 3 2 1 1 1 273 257 0 754 
147 3 2 1 1 1 404 281 1 2042 
147 3 2 1 1 1 263 229 0 2392 
147 3 2 1 1 2 249 349 1 4775 3 
147 3 2 1 1 2 383 216 1 1488 4 
147 3 2 1 1 2 349 116 1 3835 2 
147 3 2 1 1 2 383 183 1 1729 2 
147 3 2 1 1 2 516 549 1 1649 4 
147 3 2 1 1 2 216 416 1 3241 3 
147 3 2 1 1 2 416 183 0 3275 2 
147 3 2 1 1 2 516 482 1 1820 4 
147 3 2 1 1 2 149 50 0 1776 4 
147 3 2 1 1 2 183 116 0 814 4 
147 3 2 1 1 2 249 516 1 1673 3 
147 3 2 1 1 2 516 183 0 1654 3 
147 3 2 1 1 2 283 249 0 4577 3 
147 3 2 1 1 2 249 149 0 1143 3 
147 3 2 1 1 2 482 249 0 2253 3 
147 3 2 1 1 2 416 516 1 1554 4 
147 3 2 1 1 2 50 249 0 2368 4 
147 3 2 1 1 2 183 50 0 971 4 
147 3 2 1 1 2 216 482 0 1993 4 
147 3 2 1 1 2 50 482 0 865 4 
147 3 2 1 1 2 149 316 0 1024 4 
147 3 2 1 1 2 50 316 0 750 4 
147 3 2 1 1 2 482 516 1 1565 4 
147 3 2 1 1 2 283 116 0 1394 4 
147 3 2 1 1 2 149 516 1 974 4 
147 3 2 1 1 2 316 216 0 1772 4 
147 3 2 1 1 2 416 449 1 2558 4 
147 3 2 1 1 2 416 216 0 1300 4 
147 3 2 1 1 2 316 316 0 6006 2 
147 3 2 1 1 2 216 50 0 6775 3 
147 3 2 1 1 2 316 349 1 8232 2 
147 3 2 1 1 2 449 549 1 1517 4 
