Subject 150 in condition 2
Training Condition: 2
Task: 1
Rule: [[[250, 350], [[4538, 4463], [4463, 4538]]], [[350, 250], [[4538, 4463], [4463, 4538]]]]
Noise: 0
CATA=0
CATB=1
Sample keys: 120 122
Resp keys: 309 307
Dim direction: 1 1
Dim minimum: 59 59
Test order: [0, 7, 5, 3, 2, 1, 4, 6]
150 2 2 1 0 1 239 136 1 6510 
150 2 2 1 0 1 297 382 0 5681 
150 2 2 1 0 1 94 192 0 11049 
150 2 2 1 0 1 266 169 1 4032 
150 2 2 1 0 1 182 284 0 4640 
150 2 2 1 0 1 335 236 1 7992 
150 2 2 1 0 1 374 249 1 3975 
150 2 2 1 0 1 271 368 0 2784 
150 2 2 1 0 1 500 405 1 3016 
150 2 2 1 0 1 204 299 0 3025 
150 2 2 1 0 1 413 327 1 3266 
150 2 2 1 0 1 170 288 0 3304 
150 2 2 1 0 1 320 215 1 3480 
150 2 2 1 0 1 233 146 1 3802 
150 2 2 1 0 1 310 209 1 2945 
150 2 2 1 0 1 431 307 1 3953 
150 2 2 1 0 2 416 416 0 5362 5 
150 2 2 1 0 2 283 50 0 10241 2 
150 2 2 1 0 2 416 149 1 4731 5 
150 2 2 1 0 2 349 416 0 5099 3 
150 2 2 1 0 2 482 316 0 5485 3 
150 2 2 1 0 2 549 216 1 3705 3 
150 2 2 1 0 2 83 416 0 2892 4 
150 2 2 1 0 2 116 149 1 5893 3 
150 2 2 1 0 2 249 116 1 3527 2 
150 2 2 1 0 2 449 349 0 3163 3 
150 2 2 1 0 2 83 316 0 4340 4 
150 2 2 1 0 2 316 516 0 7030 1 
150 2 2 1 0 2 416 116 1 3300 2 
150 2 2 1 0 2 316 549 0 2999 2 
150 2 2 1 0 2 482 116 1 2167 2 
150 2 2 1 0 2 83 549 0 5042 2 
150 2 2 1 0 2 216 383 0 2985 4 
150 2 2 1 0 2 482 449 0 4942 2 
150 2 2 1 0 2 216 549 0 3366 2 
150 2 2 1 0 2 50 449 0 2865 3 
150 2 2 1 0 2 482 183 1 3317 5 
150 2 2 1 0 2 249 283 0 3161 3 
150 2 2 1 0 2 116 83 1 5985 2 
150 2 2 1 0 2 283 183 1 2514 4 
150 2 2 1 0 2 316 249 0 5815 2 
150 2 2 1 0 2 516 283 0 3226 3 
150 2 2 1 0 2 83 516 0 2709 2 
150 2 2 1 0 2 183 283 0 3019 3 
150 2 2 1 0 2 383 549 0 5580 3 
150 2 2 1 0 2 83 482 0 2694 3 
150 2 2 1 0 2 516 50 1 3590 2 
150 2 2 1 0 2 183 216 1 3899 3 
150 2 2 1 0 1 440 343 1 9181 
150 2 2 1 0 1 420 511 0 4033 
150 2 2 1 0 1 269 361 0 4473 
150 2 2 1 0 1 267 364 0 2888 
150 2 2 1 0 1 451 362 1 4050 
150 2 2 1 0 1 168 267 0 3105 
150 2 2 1 0 1 318 224 1 3272 
150 2 2 1 0 1 178 286 0 4322 
150 2 2 1 0 1 193 305 0 3048 
150 2 2 1 0 1 371 273 1 2639 
150 2 2 1 0 1 213 316 0 2103 
150 2 2 1 0 1 295 199 1 2264 
150 2 2 1 0 1 397 300 1 2417 
150 2 2 1 0 1 191 302 0 1697 
150 2 2 1 0 1 249 347 0 1608 
150 2 2 1 0 1 239 345 0 1616 
150 2 2 1 0 2 549 449 1 3457 4 
150 2 2 1 0 2 383 116 1 6085 2 
150 2 2 1 0 2 482 216 1 2448 4 
150 2 2 1 0 2 249 216 0 4178 4 
150 2 2 1 0 2 516 216 1 2263 4 
150 2 2 1 0 2 549 516 0 5968 2 
150 2 2 1 0 2 383 316 0 4190 3 
150 2 2 1 0 2 149 183 0 5785 3 
150 2 2 1 0 2 50 283 0 2607 5 
150 2 2 1 0 2 316 149 1 4537 2 
150 2 2 1 0 2 249 416 0 3606 4 
150 2 2 1 0 2 283 349 0 2775 3 
150 2 2 1 0 2 349 149 1 3851 4 
150 2 2 1 0 2 183 249 0 2978 4 
150 2 2 1 0 2 549 50 0 3241 3 
150 2 2 1 0 2 249 316 0 2799 4 
150 2 2 1 0 2 516 349 1 4884 3 
150 2 2 1 0 2 50 83 0 2603 5 
150 2 2 1 0 2 349 449 0 5104 4 
150 2 2 1 0 2 116 116 0 3096 3 
150 2 2 1 0 2 116 482 0 4238 4 
150 2 2 1 0 2 249 50 0 3327 2 
150 2 2 1 0 2 482 383 1 4542 4 
150 2 2 1 0 2 516 449 1 6368 3 
150 2 2 1 0 2 316 116 0 10031 2 
150 2 2 1 0 2 383 349 0 6525 3 
150 2 2 1 0 2 116 416 0 2332 5 
150 2 2 1 0 2 149 549 0 2353 5 
150 2 2 1 0 2 516 249 1 3486 4 
150 2 2 1 0 2 149 349 0 1958 5 
150 2 2 1 0 2 216 149 1 5210 3 
150 2 2 1 0 2 149 383 0 2444 4 
150 2 2 1 0 1 251 345 0 3861 
150 2 2 1 0 1 253 381 0 2529 
150 2 2 1 0 1 222 310 0 2353 
150 2 2 1 0 1 322 219 1 4048 
150 2 2 1 0 1 414 322 1 2936 
150 2 2 1 0 1 275 399 0 2561 
150 2 2 1 0 1 340 456 0 2255 
150 2 2 1 0 1 380 305 1 2944 
150 2 2 1 0 1 302 409 0 2665 
150 2 2 1 0 1 382 294 1 1944 
150 2 2 1 0 1 289 367 0 1008 
150 2 2 1 0 1 363 264 1 1937 
150 2 2 1 0 1 378 288 1 2193 
150 2 2 1 0 1 291 203 1 2265 
150 2 2 1 0 1 286 393 0 1896 
150 2 2 1 0 1 163 255 0 1857 
150 2 2 1 0 2 482 482 1 8821 3 
150 2 2 1 0 2 349 349 0 4475 4 
150 2 2 1 0 2 383 383 0 2296 4 
150 2 2 1 0 2 449 149 1 2174 4 
150 2 2 1 0 2 416 83 1 3143 3 
150 2 2 1 0 2 116 283 0 2087 5 
150 2 2 1 0 2 83 116 0 2224 5 
150 2 2 1 0 2 183 183 0 2753 4 
150 2 2 1 0 2 316 383 0 2836 4 
150 2 2 1 0 2 549 283 1 1973 5 
150 2 2 1 0 2 283 449 0 2148 4 
150 2 2 1 0 2 449 383 1 2866 3 
150 2 2 1 0 2 482 83 1 2688 3 
150 2 2 1 0 2 249 249 0 2128 4 
150 2 2 1 0 2 416 50 1 2048 2 
150 2 2 1 0 2 183 549 0 2330 3 
150 2 2 1 0 2 549 116 1 1887 4 
150 2 2 1 0 2 216 316 0 4147 5 
150 2 2 1 0 2 183 416 0 1959 5 
150 2 2 1 0 2 183 316 0 1675 5 
150 2 2 1 0 2 116 249 0 2097 5 
150 2 2 1 0 2 50 549 0 2006 5 
150 2 2 1 0 2 183 516 0 1884 5 
150 2 2 1 0 2 316 416 1 2946 3 
150 2 2 1 0 2 449 516 1 1843 3 
150 2 2 1 0 2 249 83 0 3356 3 
150 2 2 1 0 2 316 50 0 2032 3 
150 2 2 1 0 2 216 183 0 2795 4 
150 2 2 1 0 2 116 216 0 3140 5 
150 2 2 1 0 2 449 183 1 1730 5 
150 2 2 1 0 2 116 516 0 1971 4 
150 2 2 1 0 2 416 316 1 3132 4 
150 2 2 1 0 1 151 257 0 9773 
150 2 2 1 0 1 310 411 0 2425 
150 2 2 1 0 1 234 330 0 2208 
150 2 2 1 0 1 409 525 0 2129 
150 2 2 1 0 1 232 328 0 1377 
150 2 2 1 0 1 439 350 1 1498 
150 2 2 1 0 1 265 146 1 1665 
150 2 2 1 0 1 361 261 1 1360 
150 2 2 1 0 1 336 233 1 1402 
150 2 2 1 0 1 375 467 0 1378 
150 2 2 1 0 1 394 291 1 1481 
150 2 2 1 0 1 376 278 1 825 
150 2 2 1 0 1 242 331 0 831 
150 2 2 1 0 1 350 443 0 1392 
150 2 2 1 0 1 361 269 1 1401 
150 2 2 1 0 1 265 158 1 1096 
150 2 2 1 0 2 283 83 1 5608 2 
150 2 2 1 0 2 283 416 0 3246 3 
150 2 2 1 0 2 249 549 0 1896 4 
150 2 2 1 0 2 83 183 0 3123 5 
150 2 2 1 0 2 482 349 1 3140 4 
150 2 2 1 0 2 549 83 1 2487 3 
150 2 2 1 0 2 50 516 0 1624 5 
150 2 2 1 0 2 383 449 0 2633 4 
150 2 2 1 0 2 50 416 0 1722 5 
150 2 2 1 0 2 383 516 0 1968 4 
150 2 2 1 0 2 149 149 0 2606 4 
150 2 2 1 0 2 349 216 0 4766 3 
150 2 2 1 0 2 383 149 1 2394 4 
150 2 2 1 0 2 449 316 1 1723 5 
150 2 2 1 0 2 449 216 1 1734 5 
150 2 2 1 0 2 549 416 1 2534 4 
150 2 2 1 0 2 549 183 1 1628 5 
150 2 2 1 0 2 349 482 0 1713 5 
150 2 2 1 0 2 383 416 0 1595 5 
150 2 2 1 0 2 116 383 0 2288 5 
150 2 2 1 0 2 316 449 0 1561 5 
150 2 2 1 0 2 183 449 0 1468 5 
150 2 2 1 0 2 449 50 1 1978 3 
150 2 2 1 0 2 50 50 0 1935 3 
150 2 2 1 0 2 149 283 0 2136 5 
150 2 2 1 0 2 516 149 1 1620 5 
150 2 2 1 0 2 216 83 0 1787 3 
150 2 2 1 0 2 283 482 0 2947 4 
150 2 2 1 0 2 383 50 1 3583 2 
150 2 2 1 0 2 283 149 0 2116 4 
150 2 2 1 0 2 183 83 0 1749 4 
150 2 2 1 0 2 149 482 0 1402 5 
150 2 2 1 0 1 268 360 0 1909 
150 2 2 1 0 1 112 192 0 1000 
150 2 2 1 0 1 384 291 1 4537 
150 2 2 1 0 1 252 324 0 1040 
150 2 2 1 0 1 217 322 0 872 
150 2 2 1 0 1 219 317 0 712 
150 2 2 1 0 1 291 182 1 1456 
150 2 2 1 0 1 339 226 1 1041 
150 2 2 1 0 1 310 395 0 1192 
150 2 2 1 0 1 212 318 0 1129 
150 2 2 1 0 1 232 339 0 1049 
150 2 2 1 0 1 249 336 0 929 
150 2 2 1 0 1 379 273 1 1586 
150 2 2 1 0 1 264 378 0 1041 
150 2 2 1 0 1 298 172 1 1271 
150 2 2 1 0 1 353 263 1 896 
150 2 2 1 0 2 416 349 1 3724 4 
150 2 2 1 0 2 416 482 0 5174 3 
150 2 2 1 0 2 149 83 0 2149 4 
150 2 2 1 0 2 83 149 0 1452 5 
150 2 2 1 0 2 149 249 0 1330 5 
150 2 2 1 0 2 216 349 0 1565 5 
150 2 2 1 0 2 116 316 0 1726 5 
150 2 2 1 0 2 83 349 0 1239 5 
150 2 2 1 0 2 183 383 0 1424 5 
150 2 2 1 0 2 50 149 0 1063 5 
150 2 2 1 0 2 516 383 1 2113 5 
150 2 2 1 0 2 549 383 1 1099 5 
150 2 2 1 0 2 449 449 0 3284 3 
150 2 2 1 0 2 249 183 0 2512 4 
150 2 2 1 0 2 482 50 0 2876 3 
150 2 2 1 0 2 449 83 0 1563 3 
150 2 2 1 0 2 549 316 1 1983 5 
150 2 2 1 0 2 183 349 0 2541 5 
150 2 2 1 0 2 349 383 1 3546 3 
150 2 2 1 0 2 482 149 1 1378 5 
150 2 2 1 0 2 283 383 0 1916 4 
150 2 2 1 0 2 149 116 0 1614 4 
150 2 2 1 0 2 283 216 0 1878 5 
150 2 2 1 0 2 316 283 0 1212 5 
150 2 2 1 0 2 83 449 0 1244 5 
150 2 2 1 0 2 416 249 1 3453 3 
150 2 2 1 0 2 349 83 0 2025 3 
150 2 2 1 0 2 383 83 0 1151 3 
150 2 2 1 0 2 83 83 0 1697 4 
150 2 2 1 0 2 349 516 0 1931 4 
150 2 2 1 0 2 216 449 0 1229 5 
150 2 2 1 0 2 449 116 1 1878 3 
150 2 2 1 0 1 217 286 0 3637 
150 2 2 1 0 1 350 270 1 1865 
150 2 2 1 0 1 258 172 1 3193 
150 2 2 1 0 1 408 505 0 1089 
150 2 2 1 0 1 308 214 1 1193 
150 2 2 1 0 1 369 252 1 905 
150 2 2 1 0 1 245 347 0 1759 
150 2 2 1 0 1 278 177 1 1008 
150 2 2 1 0 1 330 432 0 1113 
150 2 2 1 0 1 278 171 1 1351 
150 2 2 1 0 1 160 265 0 1080 
150 2 2 1 0 1 340 449 0 1593 
150 2 2 1 0 1 315 420 0 960 
150 2 2 1 0 1 100 207 0 3072 
150 2 2 1 0 1 100 200 0 864 
150 2 2 1 0 1 318 222 1 1385 
150 2 2 1 0 2 349 116 1 3245 4 
150 2 2 1 0 2 216 416 0 1862 5 
150 2 2 1 0 2 183 50 0 2991 4 
150 2 2 1 0 2 283 116 1 3993 3 
150 2 2 1 0 2 183 116 1 1904 3 
150 2 2 1 0 2 516 183 1 1562 5 
150 2 2 1 0 2 383 183 1 1508 5 
150 2 2 1 0 2 249 516 0 1322 5 
150 2 2 1 0 2 283 249 0 1718 5 
150 2 2 1 0 2 50 249 0 1181 5 
150 2 2 1 0 2 516 549 1 5250 3 
150 2 2 1 0 2 50 482 0 2407 5 
150 2 2 1 0 2 416 449 0 1710 4 
150 2 2 1 0 2 216 50 0 3343 3 
150 2 2 1 0 2 249 349 0 1632 4 
150 2 2 1 0 2 316 316 0 1826 4 
150 2 2 1 0 2 249 149 1 2188 3 
150 2 2 1 0 2 316 216 0 2013 5 
150 2 2 1 0 2 449 549 1 3579 3 
150 2 2 1 0 2 416 516 1 970 3 
150 2 2 1 0 2 482 516 1 1552 3 
150 2 2 1 0 2 383 216 0 2784 4 
150 2 2 1 0 2 316 349 0 1394 5 
150 2 2 1 0 2 149 516 0 1369 5 
150 2 2 1 0 2 516 482 0 3079 3 
150 2 2 1 0 2 416 183 1 2740 4 
150 2 2 1 0 2 50 316 0 1415 5 
150 2 2 1 0 2 149 50 0 1726 4 
150 2 2 1 0 2 482 249 1 2422 4 
150 2 2 1 0 2 416 216 0 1761 4 
150 2 2 1 0 2 149 316 0 4037 5 
150 2 2 1 0 2 216 482 0 1437 5 
150 2 2 1 0 1 239 133 1 3701 
150 2 2 1 0 1 406 305 1 2785 
150 2 2 1 0 1 262 345 0 1498 
150 2 2 1 0 1 283 387 0 849 
150 2 2 1 0 1 530 420 1 1448 
150 2 2 1 0 1 356 453 0 1992 
150 2 2 1 0 1 248 341 0 1777 
150 2 2 1 0 1 287 379 0 1128 
150 2 2 1 0 1 237 325 0 1016 
150 2 2 1 0 1 213 312 0 735 
150 2 2 1 0 1 289 386 0 648 
150 2 2 1 0 1 372 265 1 2144 
150 2 2 1 0 1 313 391 0 792 
150 2 2 1 0 1 289 198 1 1207 
150 2 2 1 0 1 383 306 1 2848 
150 2 2 1 0 1 340 224 1 1000 
150 2 2 1 0 2 83 216 0 3610 5 
150 2 2 1 0 2 449 283 1 2470 4 
150 2 2 1 0 2 116 183 0 1648 5 
150 2 2 1 0 2 416 383 1 4192 3 
150 2 2 1 0 2 449 482 1 3829 3 
150 2 2 1 0 2 83 249 0 1695 5 
150 2 2 1 0 2 383 249 0 3022 4 
150 2 2 1 0 2 216 216 0 1486 5 
150 2 2 1 0 2 383 482 1 2905 2 
150 2 2 1 0 2 216 516 0 1900 4 
150 2 2 1 0 2 349 50 0 2174 3 
150 2 2 1 0 2 283 316 0 1694 5 
150 2 2 1 0 2 283 283 0 1683 5 
150 2 2 1 0 2 416 283 1 1886 3 
150 2 2 1 0 2 216 116 0 2227 4 
150 2 2 1 0 2 116 349 0 1204 5 
150 2 2 1 0 2 316 83 0 2050 3 
150 2 2 1 0 2 183 149 1 4198 3 
150 2 2 1 0 2 283 516 0 4699 4 
150 2 2 1 0 2 549 549 1 2328 5 
150 2 2 1 0 2 416 549 1 3876 3 
150 2 2 1 0 2 449 249 1 1493 5 
150 2 2 1 0 2 216 249 0 1990 5 
150 2 2 1 0 2 549 249 1 1282 5 
150 2 2 1 0 2 83 383 0 1304 5 
150 2 2 1 0 2 516 83 1 1984 3 
150 2 2 1 0 2 516 316 1 1201 5 
150 2 2 1 0 2 516 516 1 1267 3 
150 2 2 1 0 2 149 416 0 1617 5 
150 2 2 1 0 2 149 449 0 1017 5 
150 2 2 1 0 2 249 383 0 1200 5 
150 2 2 1 0 2 516 416 1 1245 5 
150 2 2 1 0 1 316 246 1 8542 
150 2 2 1 0 1 420 314 1 1817 
150 2 2 1 0 1 301 214 1 1800 
150 2 2 1 0 1 414 303 1 856 
150 2 2 1 0 1 479 395 1 1170 
150 2 2 1 0 1 469 366 1 681 
150 2 2 1 0 1 352 442 0 2031 
150 2 2 1 0 1 319 195 1 1064 
150 2 2 1 0 1 288 184 1 721 
150 2 2 1 0 1 292 202 1 639 
150 2 2 1 0 1 203 306 0 1072 
150 2 2 1 0 1 464 356 1 1313 
150 2 2 1 0 1 132 225 0 1175 
150 2 2 1 0 1 323 231 1 1776 
150 2 2 1 0 1 279 173 1 1048 
150 2 2 1 0 1 354 242 1 1008 
150 2 2 1 0 2 383 283 1 2118 5 
150 2 2 1 0 2 349 283 1 1693 5 
150 2 2 1 0 2 449 416 1 1282 5 
150 2 2 1 0 2 349 183 1 2231 4 
150 2 2 1 0 2 349 316 1 1766 4 
150 2 2 1 0 2 516 116 1 1846 4 
150 2 2 1 0 2 116 449 0 1424 5 
150 2 2 1 0 2 83 50 0 1212 5 
150 2 2 1 0 2 50 383 0 1004 5 
150 2 2 1 0 2 549 482 1 1454 3 
150 2 2 1 0 2 149 216 0 1649 5 
150 2 2 1 0 2 283 549 0 1866 4 
150 2 2 1 0 2 116 549 0 1295 4 
150 2 2 1 0 2 183 482 0 1018 4 
150 2 2 1 0 2 482 283 1 2590 4 
150 2 2 1 0 2 50 116 0 2300 3 
150 2 2 1 0 2 216 283 0 2560 4 
150 2 2 1 0 2 50 216 0 1437 5 
150 2 2 1 0 2 349 549 0 2301 3 
150 2 2 1 0 2 549 149 1 1069 5 
150 2 2 1 0 2 482 549 1 1834 3 
150 2 2 1 0 2 316 183 1 1882 4 
150 2 2 1 0 2 50 183 0 1144 5 
150 2 2 1 0 2 50 349 0 1177 5 
150 2 2 1 0 2 83 283 0 999 5 
150 2 2 1 0 2 249 449 0 2945 4 
150 2 2 1 0 2 549 349 1 1282 5 
150 2 2 1 0 2 249 482 0 1183 4 
150 2 2 1 0 2 316 482 0 1406 4 
150 2 2 1 0 2 116 50 0 1194 3 
150 2 2 1 0 2 482 416 1 1039 5 
150 2 2 1 0 2 349 249 1 1491 4 
