Subject 154 in condition 2
Training Condition: 2
Task: 1
Rule: [[[250, 350], [[4538, 4463], [4463, 4538]]], [[350, 250], [[4538, 4463], [4463, 4538]]]]
Noise: 0
CATA=1
CATB=0
Sample keys: 122 120
Resp keys: 307 309
Dim direction: 0 1
Dim minimum: 31 40
Test order: [7, 3, 5, 1, 0, 2, 4, 6]
154 2 2 1 0 1 369 252 1 19988 
154 2 2 1 0 1 397 300 1 4800 
154 2 2 1 0 1 237 325 0 4888 
154 2 2 1 0 1 217 322 0 2185 
154 2 2 1 0 1 336 233 1 1745 
154 2 2 1 0 1 378 288 1 1305 
154 2 2 1 0 1 249 336 0 680 
154 2 2 1 0 1 217 286 0 1184 
154 2 2 1 0 1 232 328 0 1824 
154 2 2 1 0 1 318 224 1 1161 
154 2 2 1 0 1 469 366 1 1265 
154 2 2 1 0 1 193 305 0 2249 
154 2 2 1 0 1 286 393 0 3321 
154 2 2 1 0 1 295 199 1 3696 
154 2 2 1 0 1 271 368 0 1809 
154 2 2 1 0 1 394 291 1 2856 
154 2 2 1 0 2 216 149 1 7995 3 
154 2 2 1 0 2 149 183 0 5388 4 
154 2 2 1 0 2 349 449 0 9812 4 
154 2 2 1 0 2 516 349 1 4533 5 
154 2 2 1 0 2 549 50 1 9367 5 
154 2 2 1 0 2 50 83 0 2758 5 
154 2 2 1 0 2 349 149 1 6050 5 
154 2 2 1 0 2 283 349 1 8248 5 
154 2 2 1 0 2 383 116 1 10344 5 
154 2 2 1 0 2 249 416 0 4066 1 
154 2 2 1 0 2 482 216 1 3112 5 
154 2 2 1 0 2 316 149 1 2414 5 
154 2 2 1 0 2 149 349 0 6968 3 
154 2 2 1 0 2 116 416 0 3418 3 
154 2 2 1 0 2 516 449 1 5716 4 
154 2 2 1 0 2 516 216 1 1661 4 
154 2 2 1 0 2 116 116 0 6131 2 
154 2 2 1 0 2 549 449 1 2305 5 
154 2 2 1 0 2 249 50 0 12450 3 
154 2 2 1 0 2 50 283 0 2841 4 
154 2 2 1 0 2 116 482 1 15062 2 
154 2 2 1 0 2 183 249 1 4561 4 
154 2 2 1 0 2 249 316 1 4758 2 
154 2 2 1 0 2 149 549 0 4524 4 
154 2 2 1 0 2 249 216 0 7559 4 
154 2 2 1 0 2 383 316 1 1949 2 
154 2 2 1 0 2 383 349 1 1863 2 
154 2 2 1 0 2 516 249 1 1573 2 
154 2 2 1 0 2 482 383 1 1955 3 
154 2 2 1 0 2 549 516 0 5513 4 
154 2 2 1 0 2 149 383 0 7189 3 
154 2 2 1 0 2 316 116 0 31298 3 
154 2 2 1 0 1 289 386 0 3868 
154 2 2 1 0 1 265 158 1 2224 
154 2 2 1 0 1 409 525 0 6913 
154 2 2 1 0 1 361 261 1 1825 
154 2 2 1 0 1 310 395 0 4482 
154 2 2 1 0 1 182 284 0 1833 
154 2 2 1 0 1 322 219 1 3064 
154 2 2 1 0 1 94 192 0 1161 
154 2 2 1 0 1 323 231 1 5072 
154 2 2 1 0 1 479 395 1 2743 
154 2 2 1 0 1 308 214 1 2560 
154 2 2 1 0 1 239 136 1 1184 
154 2 2 1 0 1 232 339 0 3281 
154 2 2 1 0 1 100 200 0 3689 
154 2 2 1 0 1 379 273 1 2441 
154 2 2 1 0 1 160 265 0 1585 
154 2 2 1 0 2 283 149 1 3439 5 
154 2 2 1 0 2 149 149 0 2026 5 
154 2 2 1 0 2 149 283 0 3678 5 
154 2 2 1 0 2 50 50 0 1118 5 
154 2 2 1 0 2 516 149 1 1825 5 
154 2 2 1 0 2 183 449 1 7586 5 
154 2 2 1 0 2 549 183 1 2351 5 
154 2 2 1 0 2 149 482 0 2791 5 
154 2 2 1 0 2 449 316 1 3073 5 
154 2 2 1 0 2 383 149 1 1726 5 
154 2 2 1 0 2 316 449 0 3953 5 
154 2 2 1 0 2 216 83 0 4050 5 
154 2 2 1 0 2 549 416 0 6479 5 
154 2 2 1 0 2 116 383 0 11368 5 
154 2 2 1 0 2 283 482 0 7491 4 
154 2 2 1 0 2 549 83 1 2688 5 
154 2 2 1 0 2 449 50 1 9336 5 
154 2 2 1 0 2 449 216 1 1365 5 
154 2 2 1 0 2 50 516 1 2015 5 
154 2 2 1 0 2 383 50 1 2402 5 
154 2 2 1 0 2 283 416 0 4651 5 
154 2 2 1 0 2 383 516 0 1162 5 
154 2 2 1 0 2 383 449 0 835 5 
154 2 2 1 0 2 482 349 1 2052 5 
154 2 2 1 0 2 50 416 1 2389 5 
154 2 2 1 0 2 283 83 0 2329 5 
154 2 2 1 0 2 383 416 0 2077 5 
154 2 2 1 0 2 349 216 1 2995 5 
154 2 2 1 0 2 83 183 0 2707 5 
154 2 2 1 0 2 183 83 0 1155 5 
154 2 2 1 0 2 349 482 0 2058 5 
154 2 2 1 0 2 249 549 0 5115 5 
154 2 2 1 0 1 275 399 0 5181 
154 2 2 1 0 1 289 367 0 1896 
154 2 2 1 0 1 340 456 0 1912 
154 2 2 1 0 1 249 347 0 2497 
154 2 2 1 0 1 212 318 0 1024 
154 2 2 1 0 1 213 316 0 1064 
154 2 2 1 0 1 287 379 0 1601 
154 2 2 1 0 1 266 169 1 1384 
154 2 2 1 0 1 239 345 0 968 
154 2 2 1 0 1 339 226 1 1247 
154 2 2 1 0 1 372 265 1 1856 
154 2 2 1 0 1 297 382 0 1737 
154 2 2 1 0 1 288 184 1 961 
154 2 2 1 0 1 384 291 1 1128 
154 2 2 1 0 1 354 242 1 1241 
154 2 2 1 0 1 245 347 0 1482 
154 2 2 1 0 2 83 116 1 5720 5 
154 2 2 1 0 2 183 183 0 5862 5 
154 2 2 1 0 2 216 183 0 2385 5 
154 2 2 1 0 2 183 416 0 1456 5 
154 2 2 1 0 2 116 516 0 850 5 
154 2 2 1 0 2 50 549 0 1503 5 
154 2 2 1 0 2 416 83 1 2010 5 
154 2 2 1 0 2 316 50 1 1335 5 
154 2 2 1 0 2 183 316 0 1486 5 
154 2 2 1 0 2 249 249 1 1127 5 
154 2 2 1 0 2 349 349 1 937 5 
154 2 2 1 0 2 116 216 0 826 5 
154 2 2 1 0 2 383 383 1 2178 5 
154 2 2 1 0 2 449 383 1 842 5 
154 2 2 1 0 2 482 83 1 17037 5 
154 2 2 1 0 2 183 516 0 2682 5 
154 2 2 1 0 2 482 482 1 1287 5 
154 2 2 1 0 2 249 83 0 1882 5 
154 2 2 1 0 2 316 383 1 2805 5 
154 2 2 1 0 2 316 416 1 1012 5 
154 2 2 1 0 2 116 249 0 835 5 
154 2 2 1 0 2 183 549 0 976 5 
154 2 2 1 0 2 283 449 0 3000 5 
154 2 2 1 0 2 449 516 1 883 5 
154 2 2 1 0 2 216 316 0 1911 5 
154 2 2 1 0 2 549 116 1 734 5 
154 2 2 1 0 2 449 183 1 1021 5 
154 2 2 1 0 2 416 50 1 731 5 
154 2 2 1 0 2 416 316 1 877 5 
154 2 2 1 0 2 116 283 0 873 5 
154 2 2 1 0 2 549 283 1 865 5 
154 2 2 1 0 2 449 149 1 1007 5 
154 2 2 1 0 1 408 505 0 9557 
154 2 2 1 0 1 292 202 1 3434 
154 2 2 1 0 1 262 345 0 3792 
154 2 2 1 0 1 431 307 1 5097 
154 2 2 1 0 1 310 411 0 1864 
154 2 2 1 0 1 242 331 0 1176 
154 2 2 1 0 1 319 195 1 2095 
154 2 2 1 0 1 500 405 1 1360 
154 2 2 1 0 1 383 306 1 1473 
154 2 2 1 0 1 163 255 0 841 
154 2 2 1 0 1 382 294 1 3386 
154 2 2 1 0 1 361 269 1 986 
154 2 2 1 0 1 316 246 1 961 
154 2 2 1 0 1 100 207 0 873 
154 2 2 1 0 1 252 324 0 1505 
154 2 2 1 0 1 315 420 0 817 
154 2 2 1 0 2 516 482 1 5061 5 
154 2 2 1 0 2 50 482 0 4960 5 
154 2 2 1 0 2 283 249 1 2249 5 
154 2 2 1 0 2 349 116 1 1096 5 
154 2 2 1 0 2 449 549 1 929 5 
154 2 2 1 0 2 416 516 1 840 5 
154 2 2 1 0 2 249 516 1 1931 5 
154 2 2 1 0 2 216 482 1 1668 5 
154 2 2 1 0 2 183 116 0 1313 5 
154 2 2 1 0 2 249 149 1 3627 1 
154 2 2 1 0 2 516 183 1 5478 5 
154 2 2 1 0 2 416 216 1 1265 5 
154 2 2 1 0 2 149 516 0 1096 5 
154 2 2 1 0 2 316 316 1 876 5 
154 2 2 1 0 2 216 50 0 1172 5 
154 2 2 1 0 2 316 216 1 1010 5 
154 2 2 1 0 2 383 183 1 1278 5 
154 2 2 1 0 2 416 183 1 983 5 
154 2 2 1 0 2 316 349 1 1875 5 
154 2 2 1 0 2 149 316 0 960 5 
154 2 2 1 0 2 183 50 0 874 5 
154 2 2 1 0 2 482 249 1 873 5 
154 2 2 1 0 2 416 449 1 5172 5 
154 2 2 1 0 2 50 316 0 887 5 
154 2 2 1 0 2 216 416 1 5030 5 
154 2 2 1 0 2 516 549 1 1398 5 
154 2 2 1 0 2 383 216 1 795 5 
154 2 2 1 0 2 482 516 1 932 5 
154 2 2 1 0 2 283 116 0 1312 5 
154 2 2 1 0 2 50 249 0 844 5 
154 2 2 1 0 2 249 349 0 4079 5 
154 2 2 1 0 2 149 50 0 730 5 
154 2 2 1 0 1 213 312 0 2789 
154 2 2 1 0 1 248 341 0 1264 
154 2 2 1 0 1 268 360 0 1105 
154 2 2 1 0 1 219 317 0 759 
154 2 2 1 0 1 289 198 1 1936 
154 2 2 1 0 1 451 362 1 2009 
154 2 2 1 0 1 132 225 0 944 
154 2 2 1 0 1 376 278 1 850 
154 2 2 1 0 1 310 209 1 1312 
154 2 2 1 0 1 253 381 0 976 
154 2 2 1 0 1 298 172 1 3432 
154 2 2 1 0 1 414 303 1 3608 
154 2 2 1 0 1 356 453 0 1655 
154 2 2 1 0 1 374 249 1 3977 
154 2 2 1 0 1 178 286 0 857 
154 2 2 1 0 1 464 356 1 1232 
154 2 2 1 0 2 216 549 0 3626 5 
154 2 2 1 0 2 83 516 0 6994 5 
154 2 2 1 0 2 50 449 0 832 5 
154 2 2 1 0 2 349 416 0 2111 5 
154 2 2 1 0 2 516 50 1 998 5 
154 2 2 1 0 2 516 283 1 1188 5 
154 2 2 1 0 2 83 482 0 877 5 
154 2 2 1 0 2 316 549 0 1705 5 
154 2 2 1 0 2 116 83 1 3428 5 
154 2 2 1 0 2 249 116 1 783 5 
154 2 2 1 0 2 249 283 0 2057 5 
154 2 2 1 0 2 316 249 0 811 5 
154 2 2 1 0 2 482 316 1 7986 5 
154 2 2 1 0 2 116 149 0 817 5 
154 2 2 1 0 2 482 116 1 902 5 
154 2 2 1 0 2 83 549 0 1741 5 
154 2 2 1 0 2 316 516 0 739 5 
154 2 2 1 0 2 216 383 0 3195 5 
154 2 2 1 0 2 183 283 1 3517 5 
154 2 2 1 0 2 283 183 1 2739 5 
154 2 2 1 0 2 416 416 0 1004 5 
154 2 2 1 0 2 416 149 1 3976 5 
154 2 2 1 0 2 83 316 0 926 5 
154 2 2 1 0 2 416 116 1 902 5 
154 2 2 1 0 2 283 50 1 770 5 
154 2 2 1 0 2 83 416 0 1094 5 
154 2 2 1 0 2 383 549 0 2219 5 
154 2 2 1 0 2 482 183 1 2004 5 
154 2 2 1 0 2 549 216 1 724 5 
154 2 2 1 0 2 482 449 1 2871 5 
154 2 2 1 0 2 449 349 1 1268 5 
154 2 2 1 0 2 183 216 0 3077 5 
154 2 2 1 0 1 350 443 0 3188 
154 2 2 1 0 1 414 322 1 2216 
154 2 2 1 0 1 264 378 0 2240 
154 2 2 1 0 1 239 133 1 1458 
154 2 2 1 0 1 204 299 0 1041 
154 2 2 1 0 1 251 345 0 784 
154 2 2 1 0 1 191 302 0 1071 
154 2 2 1 0 1 222 310 0 729 
154 2 2 1 0 1 350 270 1 3464 
154 2 2 1 0 1 420 511 0 818 
154 2 2 1 0 1 267 364 0 811 
154 2 2 1 0 1 301 214 1 768 
154 2 2 1 0 1 352 442 0 897 
154 2 2 1 0 1 340 224 1 1057 
154 2 2 1 0 1 353 263 1 848 
154 2 2 1 0 1 265 146 1 929 
154 2 2 1 0 2 116 316 0 4027 5 
154 2 2 1 0 2 83 149 1 1088 5 
154 2 2 1 0 2 283 216 1 1262 5 
154 2 2 1 0 2 216 349 0 867 5 
154 2 2 1 0 2 383 83 1 1625 5 
154 2 2 1 0 2 83 349 0 861 5 
154 2 2 1 0 2 482 50 1 910 5 
154 2 2 1 0 2 416 482 0 3445 5 
154 2 2 1 0 2 149 249 0 938 5 
154 2 2 1 0 2 216 449 0 789 5 
154 2 2 1 0 2 482 149 1 777 5 
154 2 2 1 0 2 516 383 1 1252 5 
154 2 2 1 0 2 316 283 1 1381 5 
154 2 2 1 0 2 349 516 0 808 5 
154 2 2 1 0 2 50 149 0 858 5 
154 2 2 1 0 2 249 183 1 11574 5 
154 2 2 1 0 2 83 83 1 815 5 
154 2 2 1 0 2 149 116 1 734 5 
154 2 2 1 0 2 416 349 0 1045 5 
154 2 2 1 0 2 549 316 0 3352 5 
154 2 2 1 0 2 549 383 0 1682 5 
154 2 2 1 0 2 349 383 0 1445 5 
154 2 2 1 0 2 83 449 0 1004 5 
154 2 2 1 0 2 449 83 1 780 5 
154 2 2 1 0 2 183 383 0 887 5 
154 2 2 1 0 2 183 349 0 723 5 
154 2 2 1 0 2 449 449 0 1430 5 
154 2 2 1 0 2 416 249 1 1741 5 
154 2 2 1 0 2 449 116 1 650 5 
154 2 2 1 0 2 349 83 1 671 5 
154 2 2 1 0 2 149 83 0 865 5 
154 2 2 1 0 2 283 383 0 2621 5 
154 2 2 1 0 1 291 203 1 3805 
154 2 2 1 0 1 335 236 1 689 
154 2 2 1 0 1 371 273 1 776 
154 2 2 1 0 1 530 420 1 5896 
154 2 2 1 0 1 112 192 0 2552 
154 2 2 1 0 1 269 361 0 1601 
154 2 2 1 0 1 151 257 0 1033 
154 2 2 1 0 1 380 305 1 11752 
154 2 2 1 0 1 278 171 1 2448 
154 2 2 1 0 1 318 222 1 3217 
154 2 2 1 0 1 278 177 1 1201 
154 2 2 1 0 1 330 432 0 4137 
154 2 2 1 0 1 203 306 0 10402 
154 2 2 1 0 1 406 305 1 20431 
154 2 2 1 0 1 283 387 0 3408 
154 2 2 1 0 1 170 288 0 14112 
154 2 2 1 0 2 216 216 0 17013 5 
154 2 2 1 0 2 83 383 0 9763 5 
154 2 2 1 0 2 516 416 0 18148 5 
154 2 2 1 0 2 283 316 0 14608 5 
154 2 2 1 0 2 416 549 0 2766 5 
154 2 2 1 0 2 149 449 1 3114 5 
154 2 2 1 0 2 316 83 1 3594 5 
154 2 2 1 0 2 383 249 1 1186 5 
154 2 2 1 0 2 549 249 1 853 5 
154 2 2 1 0 2 349 50 1 1034 5 
154 2 2 1 0 2 516 516 0 1660 5 
154 2 2 1 0 2 549 549 0 793 5 
154 2 2 1 0 2 116 183 0 3879 5 
154 2 2 1 0 2 183 149 0 844 5 
154 2 2 1 0 2 449 482 0 2257 5 
154 2 2 1 0 2 283 516 0 916 5 
154 2 2 1 0 2 449 249 1 2479 5 
154 2 2 1 0 2 216 516 1 1885 5 
154 2 2 1 0 2 416 283 1 5582 5 
154 2 2 1 0 2 516 316 1 942 5 
154 2 2 1 0 2 449 283 1 1202 5 
154 2 2 1 0 2 416 383 1 1700 5 
154 2 2 1 0 2 83 216 0 2471 5 
154 2 2 1 0 2 249 383 0 2229 5 
154 2 2 1 0 2 216 116 0 2000 5 
154 2 2 1 0 2 83 249 0 2852 5 
154 2 2 1 0 2 383 482 0 1861 5 
154 2 2 1 0 2 149 416 1 5369 5 
154 2 2 1 0 2 516 83 1 1961 5 
154 2 2 1 0 2 116 349 0 1575 5 
154 2 2 1 0 2 283 283 0 3031 5 
154 2 2 1 0 2 216 249 1 1875 5 
154 2 2 1 0 1 413 327 1 3157 
154 2 2 1 0 1 420 314 1 1216 
154 2 2 1 0 1 340 449 0 1024 
154 2 2 1 0 1 233 146 1 1120 
154 2 2 1 0 1 279 173 1 689 
154 2 2 1 0 1 258 172 1 1137 
154 2 2 1 0 1 320 215 1 969 
154 2 2 1 0 1 375 467 0 1296 
154 2 2 1 0 1 363 264 1 721 
154 2 2 1 0 1 168 267 0 5624 
154 2 2 1 0 1 440 343 1 2632 
154 2 2 1 0 1 234 330 0 1672 
154 2 2 1 0 1 302 409 0 5376 
154 2 2 1 0 1 291 182 1 4672 
154 2 2 1 0 1 313 391 0 2624 
154 2 2 1 0 1 439 350 1 3071 
154 2 2 1 0 2 50 383 0 4695 5 
154 2 2 1 0 2 216 283 0 2543 5 
154 2 2 1 0 2 316 482 0 2116 5 
154 2 2 1 0 2 549 149 1 2062 5 
154 2 2 1 0 2 482 549 0 1266 5 
154 2 2 1 0 2 349 549 0 1686 5 
154 2 2 1 0 2 50 183 0 3177 5 
154 2 2 1 0 2 482 283 1 2188 5 
154 2 2 1 0 2 482 416 0 2978 5 
154 2 2 1 0 2 83 283 0 1942 5 
154 2 2 1 0 2 349 183 1 1176 5 
154 2 2 1 0 2 116 50 0 3593 5 
154 2 2 1 0 2 116 449 0 3386 5 
154 2 2 1 0 2 50 349 0 4014 5 
154 2 2 1 0 2 183 482 1 9162 5 
154 2 2 1 0 2 449 416 0 4263 5 
154 2 2 1 0 2 316 183 1 2540 5 
154 2 2 1 0 2 50 216 0 2254 5 
154 2 2 1 0 2 349 249 1 10391 5 
154 2 2 1 0 2 116 549 1 1605 5 
154 2 2 1 0 2 349 283 1 4107 5 
154 2 2 1 0 2 283 549 0 5089 5 
154 2 2 1 0 2 249 482 0 1229 5 
154 2 2 1 0 2 50 116 0 2124 5 
154 2 2 1 0 2 549 482 0 2052 5 
154 2 2 1 0 2 549 349 1 1145 5 
154 2 2 1 0 2 516 116 1 818 5 
154 2 2 1 0 2 83 50 0 1345 5 
154 2 2 1 0 2 149 216 0 1147 5 
154 2 2 1 0 2 249 449 1 1934 5 
154 2 2 1 0 2 383 283 1 2935 5 
154 2 2 1 0 2 349 316 1 1000 5 
