Subject 158 in condition 2
Training Condition: 2
Task: 1
Rule: [[[250, 350], [[4538, 4463], [4463, 4538]]], [[350, 250], [[4538, 4463], [4463, 4538]]]]
Noise: 0
CATA=1
CATB=0
Sample keys: 120 122
Resp keys: 309 307
Dim direction: 0 1
Dim minimum: 50 53
Test order: [0, 1, 7, 3, 2, 4, 5, 6]
158 2 2 1 0 1 354 242 1 2486 
158 2 2 1 0 1 264 378 0 912 
158 2 2 1 0 1 330 432 0 800 
158 2 2 1 0 1 451 362 1 880 
158 2 2 1 0 1 439 350 1 840 
158 2 2 1 0 1 352 442 0 1272 
158 2 2 1 0 1 271 368 0 848 
158 2 2 1 0 1 409 525 0 1152 
158 2 2 1 0 1 361 269 1 831 
158 2 2 1 0 1 301 214 1 1704 
158 2 2 1 0 1 383 306 1 936 
158 2 2 1 0 1 297 382 0 840 
158 2 2 1 0 1 288 184 1 889 
158 2 2 1 0 1 431 307 1 888 
158 2 2 1 0 1 233 146 1 1272 
158 2 2 1 0 1 310 411 0 1177 
158 2 2 1 0 2 416 116 0 3807 3 
158 2 2 1 0 2 482 449 0 2232 2 
158 2 2 1 0 2 416 149 0 1534 2 
158 2 2 1 0 2 316 549 1 1337 3 
158 2 2 1 0 2 83 516 1 1483 2 
158 2 2 1 0 2 216 383 0 1199 2 
158 2 2 1 0 2 316 249 0 1017 2 
158 2 2 1 0 2 83 482 1 1075 3 
158 2 2 1 0 2 83 416 0 1098 2 
158 2 2 1 0 2 549 216 0 2437 3 
158 2 2 1 0 2 416 416 0 1119 3 
158 2 2 1 0 2 283 50 1 1364 2 
158 2 2 1 0 2 482 183 0 629 3 
158 2 2 1 0 2 482 316 1 686 2 
158 2 2 1 0 2 516 283 1 593 2 
158 2 2 1 0 2 349 416 1 918 2 
158 2 2 1 0 2 383 549 0 1012 3 
158 2 2 1 0 2 516 50 1 947 1 
158 2 2 1 0 2 216 549 1 1266 1 
158 2 2 1 0 2 83 316 0 944 1 
158 2 2 1 0 2 449 349 0 1330 1 
158 2 2 1 0 2 283 183 1 991 1 
158 2 2 1 0 2 50 449 1 1079 2 
158 2 2 1 0 2 316 516 1 1215 3 
158 2 2 1 0 2 249 116 0 1550 4 
158 2 2 1 0 2 183 216 0 1279 4 
158 2 2 1 0 2 183 283 0 720 4 
158 2 2 1 0 2 482 116 1 1169 4 
158 2 2 1 0 2 83 549 1 2108 3 
158 2 2 1 0 2 116 149 0 1900 3 
158 2 2 1 0 2 249 283 0 1001 4 
158 2 2 1 0 2 116 83 1 605 3 
158 2 2 1 0 1 191 302 0 1452 
158 2 2 1 0 1 530 420 1 975 
158 2 2 1 0 1 219 317 0 418 
158 2 2 1 0 1 234 330 0 577 
158 2 2 1 0 1 464 356 1 888 
158 2 2 1 0 1 265 146 1 977 
158 2 2 1 0 1 469 366 1 714 
158 2 2 1 0 1 232 339 0 913 
158 2 2 1 0 1 318 222 1 776 
158 2 2 1 0 1 213 316 0 935 
158 2 2 1 0 1 350 270 1 815 
158 2 2 1 0 1 372 265 1 865 
158 2 2 1 0 1 151 257 0 873 
158 2 2 1 0 1 242 331 0 904 
158 2 2 1 0 1 287 379 0 1016 
158 2 2 1 0 1 340 456 0 968 
158 2 2 1 0 2 316 349 0 3540 2 
158 2 2 1 0 2 516 549 1 1607 2 
158 2 2 1 0 2 149 316 0 1074 2 
158 2 2 1 0 2 482 516 1 937 2 
158 2 2 1 0 2 349 116 0 1066 2 
158 2 2 1 0 2 482 249 0 551 2 
158 2 2 1 0 2 516 482 1 1316 2 
158 2 2 1 0 2 416 516 0 897 2 
158 2 2 1 0 2 449 549 0 875 2 
158 2 2 1 0 2 149 516 0 819 2 
158 2 2 1 0 2 249 349 1 925 2 
158 2 2 1 0 2 249 149 0 729 2 
158 2 2 1 0 2 316 316 1 586 2 
158 2 2 1 0 2 416 449 0 591 2 
158 2 2 1 0 2 50 482 1 588 2 
158 2 2 1 0 2 283 249 0 623 2 
158 2 2 1 0 2 283 116 1 590 2 
158 2 2 1 0 2 216 482 0 305 2 
158 2 2 1 0 2 383 183 0 354 3 
158 2 2 1 0 2 383 216 0 1963 4 
158 2 2 1 0 2 183 116 0 1631 2 
158 2 2 1 0 2 183 50 1 2307 4 
158 2 2 1 0 2 216 416 0 1147 3 
158 2 2 1 0 2 216 50 1 812 4 
158 2 2 1 0 2 50 249 0 920 4 
158 2 2 1 0 2 249 516 0 617 2 
158 2 2 1 0 2 416 216 1 1219 2 
158 2 2 1 0 2 50 316 1 1202 3 
158 2 2 1 0 2 416 183 0 1173 3 
158 2 2 1 0 2 516 183 0 1034 4 
158 2 2 1 0 2 149 50 1 737 3 
158 2 2 1 0 2 316 216 1 739 3 
158 2 2 1 0 1 289 367 0 1220 
158 2 2 1 0 1 440 343 1 752 
158 2 2 1 0 1 384 291 1 745 
158 2 2 1 0 1 251 345 0 1410 
158 2 2 1 0 1 291 182 1 770 
158 2 2 1 0 1 100 200 0 569 
158 2 2 1 0 1 248 341 0 809 
158 2 2 1 0 1 182 284 0 504 
158 2 2 1 0 1 376 278 1 681 
158 2 2 1 0 1 479 395 1 681 
158 2 2 1 0 1 320 215 1 1096 
158 2 2 1 0 1 267 364 0 849 
158 2 2 1 0 1 316 246 1 1056 
158 2 2 1 0 1 356 453 0 872 
158 2 2 1 0 1 374 249 1 929 
158 2 2 1 0 1 394 291 1 1233 
158 2 2 1 0 2 482 383 1 3055 4 
158 2 2 1 0 2 316 149 1 4625 3 
158 2 2 1 0 2 249 316 1 1207 3 
158 2 2 1 0 2 349 449 0 1011 2 
158 2 2 1 0 2 516 449 1 827 3 
158 2 2 1 0 2 516 349 1 667 3 
158 2 2 1 0 2 149 383 1 787 3 
158 2 2 1 0 2 149 549 0 1040 3 
158 2 2 1 0 2 549 50 1 685 3 
158 2 2 1 0 2 116 416 1 973 3 
158 2 2 1 0 2 516 249 1 1061 3 
158 2 2 1 0 2 549 516 1 705 3 
158 2 2 1 0 2 283 349 1 1402 3 
158 2 2 1 0 2 183 249 0 913 3 
158 2 2 1 0 2 549 449 1 1686 4 
158 2 2 1 0 2 383 349 1 1832 2 
158 2 2 1 0 2 50 83 1 1568 2 
158 2 2 1 0 2 383 116 1 1204 3 
158 2 2 1 0 2 216 149 1 2098 3 
158 2 2 1 0 2 149 183 0 785 2 
158 2 2 1 0 2 249 50 0 914 2 
158 2 2 1 0 2 249 216 0 614 2 
158 2 2 1 0 2 516 216 0 701 2 
158 2 2 1 0 2 482 216 0 664 2 
158 2 2 1 0 2 349 149 0 808 2 
158 2 2 1 0 2 383 316 0 578 3 
158 2 2 1 0 2 116 482 0 487 3 
158 2 2 1 0 2 116 116 1 679 3 
158 2 2 1 0 2 249 416 0 467 2 
158 2 2 1 0 2 316 116 1 528 3 
158 2 2 1 0 2 50 283 0 332 2 
158 2 2 1 0 2 149 349 1 213 3 
158 2 2 1 0 1 278 177 1 1221 
158 2 2 1 0 1 258 172 1 760 
158 2 2 1 0 1 265 158 1 618 
158 2 2 1 0 1 350 443 0 776 
158 2 2 1 0 1 361 261 1 703 
158 2 2 1 0 1 222 310 0 737 
158 2 2 1 0 1 363 264 1 762 
158 2 2 1 0 1 340 449 0 775 
158 2 2 1 0 1 239 133 1 727 
158 2 2 1 0 1 178 286 0 977 
158 2 2 1 0 1 112 192 0 737 
158 2 2 1 0 1 217 286 0 872 
158 2 2 1 0 1 278 171 1 738 
158 2 2 1 0 1 420 511 0 904 
158 2 2 1 0 1 212 318 0 744 
158 2 2 1 0 1 310 395 0 729 
158 2 2 1 0 2 449 50 1 1971 2 
158 2 2 1 0 2 449 316 0 832 3 
158 2 2 1 0 2 149 283 1 496 2 
158 2 2 1 0 2 349 482 0 630 3 
158 2 2 1 0 2 549 83 1 1192 3 
158 2 2 1 0 2 149 482 0 1235 3 
158 2 2 1 0 2 516 149 1 1347 2 
158 2 2 1 0 2 149 149 0 711 2 
158 2 2 1 0 2 249 549 0 771 2 
158 2 2 1 0 2 349 216 0 594 2 
158 2 2 1 0 2 283 416 0 581 2 
158 2 2 1 0 2 482 349 0 1872 3 
158 2 2 1 0 2 383 416 0 706 3 
158 2 2 1 0 2 449 216 1 616 2 
158 2 2 1 0 2 283 149 0 669 3 
158 2 2 1 0 2 383 149 1 545 4 
158 2 2 1 0 2 383 50 0 916 2 
158 2 2 1 0 2 283 482 1 884 3 
158 2 2 1 0 2 383 449 0 2499 5 
158 2 2 1 0 2 383 516 0 991 3 
158 2 2 1 0 2 83 183 1 797 3 
158 2 2 1 0 2 183 449 0 3721 5 
158 2 2 1 0 2 50 50 0 642 3 
158 2 2 1 0 2 50 516 0 601 2 
158 2 2 1 0 2 316 449 1 600 2 
158 2 2 1 0 2 50 416 0 486 2 
158 2 2 1 0 2 216 83 1 640 2 
158 2 2 1 0 2 549 183 0 608 2 
158 2 2 1 0 2 283 83 1 590 2 
158 2 2 1 0 2 183 83 0 665 2 
158 2 2 1 0 2 116 383 0 535 2 
158 2 2 1 0 2 549 416 1 1051 2 
158 2 2 1 0 1 322 219 1 1205 
158 2 2 1 0 1 249 347 0 792 
158 2 2 1 0 1 315 420 0 849 
158 2 2 1 0 1 336 233 1 705 
158 2 2 1 0 1 217 322 0 801 
158 2 2 1 0 1 239 136 1 784 
158 2 2 1 0 1 323 231 1 720 
158 2 2 1 0 1 420 314 1 746 
158 2 2 1 0 1 283 387 0 825 
158 2 2 1 0 1 339 226 1 785 
158 2 2 1 0 1 380 305 1 698 
158 2 2 1 0 1 371 273 1 671 
158 2 2 1 0 1 100 207 0 840 
158 2 2 1 0 1 310 209 1 744 
158 2 2 1 0 1 245 347 0 762 
158 2 2 1 0 1 413 327 1 777 
158 2 2 1 0 2 516 383 0 1461 2 
158 2 2 1 0 2 549 316 1 1654 2 
158 2 2 1 0 2 83 449 0 1154 2 
158 2 2 1 0 2 50 149 1 896 3 
158 2 2 1 0 2 216 349 0 880 2 
158 2 2 1 0 2 349 516 1 849 3 
158 2 2 1 0 2 183 349 0 857 2 
158 2 2 1 0 2 349 83 1 673 3 
158 2 2 1 0 2 149 83 0 719 2 
158 2 2 1 0 2 283 216 1 669 3 
158 2 2 1 0 2 482 50 0 828 2 
158 2 2 1 0 2 449 116 1 708 3 
158 2 2 1 0 2 349 383 0 2353 3 
158 2 2 1 0 2 283 383 0 997 2 
158 2 2 1 0 2 149 249 1 905 3 
158 2 2 1 0 2 416 482 0 654 2 
158 2 2 1 0 2 83 349 0 725 2 
158 2 2 1 0 2 482 149 0 647 3 
158 2 2 1 0 2 449 449 1 654 2 
158 2 2 1 0 2 316 283 0 580 3 
158 2 2 1 0 2 83 149 1 1126 2 
158 2 2 1 0 2 216 449 0 709 3 
158 2 2 1 0 2 416 349 0 831 2 
158 2 2 1 0 2 83 83 0 833 3 
158 2 2 1 0 2 383 83 0 801 4 
158 2 2 1 0 2 449 83 0 737 3 
158 2 2 1 0 2 116 316 0 1209 2 
158 2 2 1 0 2 249 183 0 652 2 
158 2 2 1 0 2 149 116 0 645 3 
158 2 2 1 0 2 416 249 0 970 1 
158 2 2 1 0 2 183 383 0 463 1 
158 2 2 1 0 2 549 383 0 701 2 
158 2 2 1 0 1 132 225 0 1085 
158 2 2 1 0 1 289 386 0 667 
158 2 2 1 0 1 286 393 0 752 
158 2 2 1 0 1 318 224 1 664 
158 2 2 1 0 1 295 199 1 801 
158 2 2 1 0 1 168 267 0 841 
158 2 2 1 0 1 204 299 0 758 
158 2 2 1 0 1 500 405 1 704 
158 2 2 1 0 1 269 361 0 810 
158 2 2 1 0 1 335 236 1 816 
158 2 2 1 0 1 163 255 0 896 
158 2 2 1 0 1 232 328 0 611 
158 2 2 1 0 1 239 345 0 665 
158 2 2 1 0 1 298 172 1 745 
158 2 2 1 0 1 268 360 0 906 
158 2 2 1 0 1 353 263 1 889 
158 2 2 1 0 2 83 249 0 3371 2 
158 2 2 1 0 2 416 549 0 1053 2 
158 2 2 1 0 2 316 83 0 775 2 
158 2 2 1 0 2 449 482 0 516 2 
158 2 2 1 0 2 516 83 0 511 2 
158 2 2 1 0 2 183 149 0 599 3 
158 2 2 1 0 2 349 50 0 634 2 
158 2 2 1 0 2 383 249 1 527 1 
158 2 2 1 0 2 249 383 1 531 1 
158 2 2 1 0 2 83 383 0 286 2 
158 2 2 1 0 2 116 349 1 275 2 
158 2 2 1 0 2 83 216 0 597 3 
158 2 2 1 0 2 283 316 1 593 2 
158 2 2 1 0 2 216 116 0 649 3 
158 2 2 1 0 2 216 249 1 650 2 
158 2 2 1 0 2 516 516 0 618 1 
158 2 2 1 0 2 216 516 1 775 2 
158 2 2 1 0 2 449 283 0 687 1 
158 2 2 1 0 2 149 416 1 488 2 
158 2 2 1 0 2 549 249 0 603 1 
158 2 2 1 0 2 383 482 1 542 2 
158 2 2 1 0 2 516 416 0 655 3 
158 2 2 1 0 2 549 549 0 605 2 
158 2 2 1 0 2 416 283 1 637 3 
158 2 2 1 0 2 283 516 0 1244 1 
158 2 2 1 0 2 149 449 1 651 2 
158 2 2 1 0 2 216 216 0 906 3 
158 2 2 1 0 2 449 249 1 846 2 
158 2 2 1 0 2 516 316 0 566 1 
158 2 2 1 0 2 416 383 1 579 2 
158 2 2 1 0 2 116 183 0 644 1 
158 2 2 1 0 2 283 283 0 743 2 
158 2 2 1 0 1 414 303 1 885 
158 2 2 1 0 1 313 391 0 745 
158 2 2 1 0 1 302 409 0 681 
158 2 2 1 0 1 249 336 0 594 
158 2 2 1 0 1 379 273 1 937 
158 2 2 1 0 1 382 294 1 777 
158 2 2 1 0 1 375 467 0 1001 
158 2 2 1 0 1 253 381 0 728 
158 2 2 1 0 1 237 325 0 712 
158 2 2 1 0 1 408 505 0 721 
158 2 2 1 0 1 319 195 1 801 
158 2 2 1 0 1 203 306 0 791 
158 2 2 1 0 1 266 169 1 745 
158 2 2 1 0 1 279 173 1 680 
158 2 2 1 0 1 160 265 0 848 
158 2 2 1 0 1 170 288 0 616 
158 2 2 1 0 2 183 316 0 1588 2 
158 2 2 1 0 2 349 349 0 1708 1 
158 2 2 1 0 2 116 516 1 862 2 
158 2 2 1 0 2 482 482 0 762 1 
158 2 2 1 0 2 183 516 1 874 2 
158 2 2 1 0 2 482 83 0 667 3 
158 2 2 1 0 2 416 83 1 1209 2 
158 2 2 1 0 2 116 216 0 551 1 
158 2 2 1 0 2 416 50 0 545 1 
158 2 2 1 0 2 283 449 0 530 1 
158 2 2 1 0 2 116 249 1 658 1 
158 2 2 1 0 2 383 383 1 492 2 
158 2 2 1 0 2 316 50 1 515 1 
158 2 2 1 0 2 549 283 1 441 1 
158 2 2 1 0 2 50 549 0 1256 2 
158 2 2 1 0 2 416 316 1 1354 2 
158 2 2 1 0 2 116 283 0 789 1 
158 2 2 1 0 2 183 183 1 769 2 
158 2 2 1 0 2 216 183 0 694 1 
158 2 2 1 0 2 249 249 0 674 1 
158 2 2 1 0 2 549 116 0 700 1 
158 2 2 1 0 2 216 316 0 675 2 
158 2 2 1 0 2 449 516 1 1142 2 
158 2 2 1 0 2 449 149 1 636 2 
158 2 2 1 0 2 449 383 1 666 3 
158 2 2 1 0 2 316 416 1 1159 2 
158 2 2 1 0 2 83 116 0 618 3 
158 2 2 1 0 2 449 183 1 842 2 
158 2 2 1 0 2 316 383 0 665 1 
158 2 2 1 0 2 249 83 1 596 2 
158 2 2 1 0 2 183 549 0 648 3 
158 2 2 1 0 2 183 416 1 681 2 
158 2 2 1 0 1 406 305 1 925 
158 2 2 1 0 1 397 300 1 824 
158 2 2 1 0 1 213 312 0 729 
158 2 2 1 0 1 369 252 1 937 
158 2 2 1 0 1 275 399 0 888 
158 2 2 1 0 1 193 305 0 873 
158 2 2 1 0 1 378 288 1 769 
158 2 2 1 0 1 292 202 1 728 
158 2 2 1 0 1 262 345 0 737 
158 2 2 1 0 1 340 224 1 776 
158 2 2 1 0 1 94 192 0 896 
158 2 2 1 0 1 414 322 1 737 
158 2 2 1 0 1 308 214 1 633 
158 2 2 1 0 1 252 324 0 977 
158 2 2 1 0 1 289 198 1 801 
158 2 2 1 0 1 291 203 1 794 
158 2 2 1 0 2 50 216 0 1148 1 
158 2 2 1 0 2 349 549 0 371 2 
158 2 2 1 0 2 83 50 1 551 3 
158 2 2 1 0 2 349 316 1 674 2 
158 2 2 1 0 2 349 283 1 676 2 
158 2 2 1 0 2 383 283 0 520 3 
158 2 2 1 0 2 482 416 1 332 2 
158 2 2 1 0 2 316 183 1 503 3 
158 2 2 1 0 2 50 349 0 830 4 
158 2 2 1 0 2 482 283 1 841 3 
158 2 2 1 0 2 116 549 1 1418 2 
158 2 2 1 0 2 50 183 0 827 3 
158 2 2 1 0 2 249 482 1 735 2 
158 2 2 1 0 2 549 349 0 696 1 
158 2 2 1 0 2 349 249 0 673 1 
158 2 2 1 0 2 216 283 0 705 2 
158 2 2 1 0 2 482 549 1 594 2 
158 2 2 1 0 2 516 116 0 743 2 
158 2 2 1 0 2 349 183 1 590 3 
158 2 2 1 0 2 83 283 0 846 2 
158 2 2 1 0 2 183 482 1 876 2 
158 2 2 1 0 2 50 383 1 879 2 
158 2 2 1 0 2 116 50 0 714 2 
158 2 2 1 0 2 283 549 1 638 3 
158 2 2 1 0 2 50 116 1 808 2 
158 2 2 1 0 2 249 449 0 552 3 
158 2 2 1 0 2 116 449 1 602 2 
158 2 2 1 0 2 316 482 0 774 3 
158 2 2 1 0 2 549 482 1 585 2 
158 2 2 1 0 2 549 149 0 1009 2 
158 2 2 1 0 2 149 216 0 756 2 
158 2 2 1 0 2 449 416 1 389 3 
