Subject 162 in condition 2
Training Condition: 2
Task: 1
Rule: [[[250, 350], [[4538, 4463], [4463, 4538]]], [[350, 250], [[4538, 4463], [4463, 4538]]]]
Noise: 0
CATA=1
CATB=0
Sample keys: 120 122
Resp keys: 309 307
Dim direction: 1 1
Dim minimum: 92 46
Test order: [4, 1, 5, 3, 7, 6, 2, 0]
162 2 2 1 0 1 100 207 0 6948 
162 2 2 1 0 1 253 381 0 4792 
162 2 2 1 0 1 233 146 1 2624 
162 2 2 1 0 1 267 364 0 2233 
162 2 2 1 0 1 372 265 1 3232 
162 2 2 1 0 1 112 192 0 2474 
162 2 2 1 0 1 287 379 0 3905 
162 2 2 1 0 1 278 171 1 3464 
162 2 2 1 0 1 234 330 0 3121 
162 2 2 1 0 1 409 525 0 3098 
162 2 2 1 0 1 268 360 0 4409 
162 2 2 1 0 1 279 173 1 3136 
162 2 2 1 0 1 191 302 0 3137 
162 2 2 1 0 1 295 199 1 6322 
162 2 2 1 0 1 213 312 0 2401 
162 2 2 1 0 1 94 192 0 3025 
162 2 2 1 0 2 83 383 0 4044 4 
162 2 2 1 0 2 349 50 1 3837 3 
162 2 2 1 0 2 416 383 1 2534 5 
162 2 2 1 0 2 383 249 0 3999 3 
162 2 2 1 0 2 283 516 0 2418 4 
162 2 2 1 0 2 316 83 1 4046 3 
162 2 2 1 0 2 416 283 1 2808 4 
162 2 2 1 0 2 216 116 0 2999 5 
162 2 2 1 0 2 116 349 0 1993 5 
162 2 2 1 0 2 449 283 1 1791 4 
162 2 2 1 0 2 516 316 1 2998 4 
162 2 2 1 0 2 283 316 0 2125 5 
162 2 2 1 0 2 383 482 1 2078 4 
162 2 2 1 0 2 249 383 0 7033 3 
162 2 2 1 0 2 83 249 0 2563 5 
162 2 2 1 0 2 216 249 0 2443 3 
162 2 2 1 0 2 416 549 1 2208 3 
162 2 2 1 0 2 149 449 0 2051 3 
162 2 2 1 0 2 116 183 1 3903 3 
162 2 2 1 0 2 549 249 1 1574 5 
162 2 2 1 0 2 549 549 1 2201 4 
162 2 2 1 0 2 516 516 1 1992 4 
162 2 2 1 0 2 83 216 0 1558 4 
162 2 2 1 0 2 283 283 0 4047 4 
162 2 2 1 0 2 149 416 1 1875 3 
162 2 2 1 0 2 216 216 0 2570 4 
162 2 2 1 0 2 516 83 1 2214 4 
162 2 2 1 0 2 183 149 0 2380 3 
162 2 2 1 0 2 216 516 1 1720 2 
162 2 2 1 0 2 449 249 1 3255 3 
162 2 2 1 0 2 449 482 0 8751 3 
162 2 2 1 0 2 516 416 1 2546 4 
162 2 2 1 0 1 266 169 1 3548 
162 2 2 1 0 1 378 288 1 1912 
162 2 2 1 0 1 286 393 0 3522 
162 2 2 1 0 1 275 399 0 1562 
162 2 2 1 0 1 439 350 1 2000 
162 2 2 1 0 1 375 467 0 2841 
162 2 2 1 0 1 258 172 1 1370 
162 2 2 1 0 1 350 443 0 1072 
162 2 2 1 0 1 203 306 0 4584 
162 2 2 1 0 1 278 177 1 2049 
162 2 2 1 0 1 242 331 0 2514 
162 2 2 1 0 1 213 316 0 2902 
162 2 2 1 0 1 469 366 1 5455 
162 2 2 1 0 1 361 261 1 1552 
162 2 2 1 0 1 350 270 1 1233 
162 2 2 1 0 1 340 224 1 3465 
162 2 2 1 0 2 416 449 0 4540 4 
162 2 2 1 0 2 149 516 0 4720 5 
162 2 2 1 0 2 482 249 1 2507 5 
162 2 2 1 0 2 449 549 1 2653 5 
162 2 2 1 0 2 249 349 0 1828 4 
162 2 2 1 0 2 283 116 1 2030 5 
162 2 2 1 0 2 516 482 0 3363 3 
162 2 2 1 0 2 416 216 1 1818 5 
162 2 2 1 0 2 416 183 1 1431 5 
162 2 2 1 0 2 383 183 1 1762 5 
162 2 2 1 0 2 316 349 0 8059 4 
162 2 2 1 0 2 482 516 1 2992 4 
162 2 2 1 0 2 50 249 0 6639 3 
162 2 2 1 0 2 50 316 0 2110 3 
162 2 2 1 0 2 216 482 0 2306 4 
162 2 2 1 0 2 516 549 1 4549 5 
162 2 2 1 0 2 216 416 0 3056 5 
162 2 2 1 0 2 216 50 1 1528 5 
162 2 2 1 0 2 149 316 0 1827 4 
162 2 2 1 0 2 183 116 1 1539 5 
162 2 2 1 0 2 349 116 1 1280 5 
162 2 2 1 0 2 416 516 1 7833 2 
162 2 2 1 0 2 316 216 1 2310 4 
162 2 2 1 0 2 249 149 1 2665 5 
162 2 2 1 0 2 50 482 0 2150 5 
162 2 2 1 0 2 249 516 0 2177 3 
162 2 2 1 0 2 516 183 1 1938 5 
162 2 2 1 0 2 183 50 1 1749 5 
162 2 2 1 0 2 316 316 1 4632 3 
162 2 2 1 0 2 149 50 1 9632 3 
162 2 2 1 0 2 383 216 1 15642 4 
162 2 2 1 0 2 283 249 1 2451 4 
162 2 2 1 0 1 239 136 1 4077 
162 2 2 1 0 1 335 236 1 2767 
162 2 2 1 0 1 239 345 0 2640 
162 2 2 1 0 1 193 305 0 1183 
162 2 2 1 0 1 251 345 0 1673 
162 2 2 1 0 1 313 391 0 1167 
162 2 2 1 0 1 340 449 0 1866 
162 2 2 1 0 1 170 288 0 4096 
162 2 2 1 0 1 339 226 1 2426 
162 2 2 1 0 1 265 158 1 1281 
162 2 2 1 0 1 431 307 1 9362 
162 2 2 1 0 1 217 286 0 2706 
162 2 2 1 0 1 320 215 1 2441 
162 2 2 1 0 1 406 305 1 3128 
162 2 2 1 0 1 288 184 1 2296 
162 2 2 1 0 1 291 182 1 1905 
162 2 2 1 0 2 116 216 1 7089 3 
162 2 2 1 0 2 316 50 1 2695 5 
162 2 2 1 0 2 449 383 0 1627 5 
162 2 2 1 0 2 183 549 0 2477 4 
162 2 2 1 0 2 349 349 0 4058 4 
162 2 2 1 0 2 383 383 0 1202 4 
162 2 2 1 0 2 416 83 1 1143 5 
162 2 2 1 0 2 316 416 0 1176 5 
162 2 2 1 0 2 183 316 0 2676 5 
162 2 2 1 0 2 449 149 1 1823 5 
162 2 2 1 0 2 50 549 0 3179 5 
162 2 2 1 0 2 116 283 0 2565 5 
162 2 2 1 0 2 416 50 1 1484 5 
162 2 2 1 0 2 283 449 0 3979 5 
162 2 2 1 0 2 216 316 0 4882 3 
162 2 2 1 0 2 183 183 1 2190 4 
162 2 2 1 0 2 549 116 1 1156 5 
162 2 2 1 0 2 549 283 1 3301 5 
162 2 2 1 0 2 83 116 1 3439 3 
162 2 2 1 0 2 482 83 1 1898 5 
162 2 2 1 0 2 316 383 0 1406 5 
162 2 2 1 0 2 216 183 1 3458 3 
162 2 2 1 0 2 416 316 1 7820 2 
162 2 2 1 0 2 116 516 0 2142 4 
162 2 2 1 0 2 183 416 0 1412 5 
162 2 2 1 0 2 116 249 1 2966 4 
162 2 2 1 0 2 449 183 1 1514 5 
162 2 2 1 0 2 183 516 0 2814 3 
162 2 2 1 0 2 249 83 1 3574 5 
162 2 2 1 0 2 482 482 0 2785 4 
162 2 2 1 0 2 449 516 0 1317 4 
162 2 2 1 0 2 249 249 1 2537 4 
162 2 2 1 0 1 264 378 0 5566 
162 2 2 1 0 1 222 310 0 1674 
162 2 2 1 0 1 384 291 1 4569 
162 2 2 1 0 1 361 269 1 2913 
162 2 2 1 0 1 297 382 0 2537 
162 2 2 1 0 1 371 273 1 2239 
162 2 2 1 0 1 289 386 0 1593 
162 2 2 1 0 1 352 442 0 1360 
162 2 2 1 0 1 262 345 0 1294 
162 2 2 1 0 1 354 242 1 1360 
162 2 2 1 0 1 212 318 0 2368 
162 2 2 1 0 1 318 222 1 1392 
162 2 2 1 0 1 301 214 1 1090 
162 2 2 1 0 1 269 361 0 3192 
162 2 2 1 0 1 363 264 1 946 
162 2 2 1 0 1 292 202 1 1033 
162 2 2 1 0 2 449 316 1 4317 3 
162 2 2 1 0 2 349 482 0 1620 5 
162 2 2 1 0 2 50 416 0 1010 5 
162 2 2 1 0 2 283 149 1 1862 4 
162 2 2 1 0 2 383 416 0 948 5 
162 2 2 1 0 2 283 482 0 2268 5 
162 2 2 1 0 2 249 549 0 2027 3 
162 2 2 1 0 2 283 83 1 1723 5 
162 2 2 1 0 2 383 149 1 1623 5 
162 2 2 1 0 2 549 183 1 1114 5 
162 2 2 1 0 2 50 516 0 1686 5 
162 2 2 1 0 2 316 449 0 1001 5 
162 2 2 1 0 2 116 383 0 841 5 
162 2 2 1 0 2 383 449 0 940 5 
162 2 2 1 0 2 549 416 0 1375 5 
162 2 2 1 0 2 449 50 1 1223 5 
162 2 2 1 0 2 149 482 0 1235 5 
162 2 2 1 0 2 183 83 1 993 5 
162 2 2 1 0 2 216 83 1 982 5 
162 2 2 1 0 2 149 149 1 1430 5 
162 2 2 1 0 2 549 83 1 890 5 
162 2 2 1 0 2 383 50 1 868 5 
162 2 2 1 0 2 149 283 0 4584 3 
162 2 2 1 0 2 50 50 1 1418 5 
162 2 2 1 0 2 383 516 1 5000 2 
162 2 2 1 0 2 83 183 1 2350 4 
162 2 2 1 0 2 449 216 1 1593 5 
162 2 2 1 0 2 349 216 1 1330 5 
162 2 2 1 0 2 516 149 1 1021 5 
162 2 2 1 0 2 482 349 1 5652 3 
162 2 2 1 0 2 183 449 0 1006 5 
162 2 2 1 0 2 283 416 0 901 5 
162 2 2 1 0 1 249 336 0 4861 
162 2 2 1 0 1 451 362 1 3993 
162 2 2 1 0 1 440 343 1 1346 
162 2 2 1 0 1 369 252 1 1280 
162 2 2 1 0 1 100 200 0 5601 
162 2 2 1 0 1 310 209 1 3248 
162 2 2 1 0 1 302 409 0 913 
162 2 2 1 0 1 248 341 0 1362 
162 2 2 1 0 1 289 198 1 937 
162 2 2 1 0 1 245 347 0 1224 
162 2 2 1 0 1 265 146 1 1000 
162 2 2 1 0 1 464 356 1 4737 
162 2 2 1 0 1 289 367 0 3809 
162 2 2 1 0 1 163 255 0 1705 
162 2 2 1 0 1 356 453 0 937 
162 2 2 1 0 1 413 327 1 3553 
162 2 2 1 0 2 482 383 0 3647 4 
162 2 2 1 0 2 349 449 0 1053 5 
162 2 2 1 0 2 316 116 1 2362 5 
162 2 2 1 0 2 116 482 0 1364 5 
162 2 2 1 0 2 383 316 1 4140 3 
162 2 2 1 0 2 283 349 0 2123 4 
162 2 2 1 0 2 549 50 1 1131 5 
162 2 2 1 0 2 316 149 1 1381 5 
162 2 2 1 0 2 149 183 1 7043 4 
162 2 2 1 0 2 149 549 0 1679 5 
162 2 2 1 0 2 549 516 1 2840 3 
162 2 2 1 0 2 383 116 1 2599 5 
162 2 2 1 0 2 516 216 1 2341 5 
162 2 2 1 0 2 183 249 0 1766 5 
162 2 2 1 0 2 482 216 1 1431 5 
162 2 2 1 0 2 516 249 1 1355 5 
162 2 2 1 0 2 116 116 1 3640 3 
162 2 2 1 0 2 249 316 0 5478 4 
162 2 2 1 0 2 383 349 1 2890 3 
162 2 2 1 0 2 349 149 1 2046 4 
162 2 2 1 0 2 50 83 1 3108 5 
162 2 2 1 0 2 50 283 0 2476 5 
162 2 2 1 0 2 249 50 1 1484 5 
162 2 2 1 0 2 249 416 0 1183 5 
162 2 2 1 0 2 516 349 1 3487 3 
162 2 2 1 0 2 116 416 0 1042 5 
162 2 2 1 0 2 216 149 1 10741 5 
162 2 2 1 0 2 149 383 0 1883 5 
162 2 2 1 0 2 249 216 0 4770 3 
162 2 2 1 0 2 516 449 0 2883 4 
162 2 2 1 0 2 149 349 0 1236 5 
162 2 2 1 0 2 549 449 0 1745 5 
162 2 2 1 0 1 414 303 1 10924 
162 2 2 1 0 1 408 505 0 1905 
162 2 2 1 0 1 271 368 0 1386 
162 2 2 1 0 1 298 172 1 1169 
162 2 2 1 0 1 379 273 1 978 
162 2 2 1 0 1 383 306 1 881 
162 2 2 1 0 1 249 347 0 2256 
162 2 2 1 0 1 239 133 1 1129 
162 2 2 1 0 1 315 420 0 922 
162 2 2 1 0 1 394 291 1 1616 
162 2 2 1 0 1 479 395 1 3793 
162 2 2 1 0 1 310 411 0 3025 
162 2 2 1 0 1 308 214 1 985 
162 2 2 1 0 1 219 317 0 1385 
162 2 2 1 0 1 376 278 1 4080 
162 2 2 1 0 1 178 286 0 888 
162 2 2 1 0 2 349 249 1 6193 5 
162 2 2 1 0 2 449 416 0 1265 5 
162 2 2 1 0 2 482 549 1 3620 4 
162 2 2 1 0 2 316 183 1 1464 5 
162 2 2 1 0 2 116 549 0 1713 5 
162 2 2 1 0 2 83 50 1 1187 5 
162 2 2 1 0 2 116 449 0 927 5 
162 2 2 1 0 2 183 482 0 1002 5 
162 2 2 1 0 2 50 116 1 1308 5 
162 2 2 1 0 2 50 383 0 1954 5 
162 2 2 1 0 2 349 183 1 2416 5 
162 2 2 1 0 2 549 349 1 3738 4 
162 2 2 1 0 2 116 50 1 1194 5 
162 2 2 1 0 2 349 549 1 4094 3 
162 2 2 1 0 2 482 416 0 955 5 
162 2 2 1 0 2 283 549 1 2921 4 
162 2 2 1 0 2 383 283 1 1972 4 
162 2 2 1 0 2 316 482 0 1120 5 
162 2 2 1 0 2 50 216 0 1203 5 
162 2 2 1 0 2 482 283 1 1255 5 
162 2 2 1 0 2 549 482 0 2058 3 
162 2 2 1 0 2 249 482 0 1305 5 
162 2 2 1 0 2 349 283 0 3867 3 
162 2 2 1 0 2 50 349 0 953 5 
162 2 2 1 0 2 549 149 1 1878 5 
162 2 2 1 0 2 516 116 1 905 5 
162 2 2 1 0 2 50 183 0 7853 2 
162 2 2 1 0 2 249 449 0 3133 5 
162 2 2 1 0 2 83 283 0 1683 5 
162 2 2 1 0 2 216 283 1 4996 3 
162 2 2 1 0 2 149 216 1 1814 5 
162 2 2 1 0 2 349 316 1 3390 3 
162 2 2 1 0 1 160 265 0 4853 
162 2 2 1 0 1 323 231 1 1674 
162 2 2 1 0 1 414 322 1 1449 
162 2 2 1 0 1 168 267 0 1792 
162 2 2 1 0 1 340 456 0 1536 
162 2 2 1 0 1 380 305 1 3553 
162 2 2 1 0 1 252 324 0 1303 
162 2 2 1 0 1 353 263 1 2567 
162 2 2 1 0 1 318 224 1 985 
162 2 2 1 0 1 530 420 1 3394 
162 2 2 1 0 1 382 294 1 2554 
162 2 2 1 0 1 291 203 1 857 
162 2 2 1 0 1 283 387 0 1344 
162 2 2 1 0 1 132 225 0 1176 
162 2 2 1 0 1 316 246 1 1713 
162 2 2 1 0 1 182 284 0 2383 
162 2 2 1 0 2 149 116 1 2396 5 
162 2 2 1 0 2 83 449 0 1823 5 
162 2 2 1 0 2 482 149 1 2110 5 
162 2 2 1 0 2 449 449 0 1098 5 
162 2 2 1 0 2 50 149 1 3921 4 
162 2 2 1 0 2 416 482 0 2160 3 
162 2 2 1 0 2 349 383 0 2733 5 
162 2 2 1 0 2 416 349 1 3447 3 
162 2 2 1 0 2 149 83 1 2086 5 
162 2 2 1 0 2 283 383 0 2258 4 
162 2 2 1 0 2 316 283 1 3803 4 
162 2 2 1 0 2 449 83 1 1136 5 
162 2 2 1 0 2 549 383 1 3066 3 
162 2 2 1 0 2 349 516 1 9803 3 
162 2 2 1 0 2 549 316 1 3790 4 
162 2 2 1 0 2 83 149 1 6912 3 
162 2 2 1 0 2 183 349 0 4455 5 
162 2 2 1 0 2 83 83 1 2323 5 
162 2 2 1 0 2 149 249 0 1436 5 
162 2 2 1 0 2 349 83 1 1083 5 
162 2 2 1 0 2 216 349 0 1870 4 
162 2 2 1 0 2 416 249 1 3122 5 
162 2 2 1 0 2 383 83 1 1042 5 
162 2 2 1 0 2 283 216 1 2705 4 
162 2 2 1 0 2 249 183 1 4500 4 
162 2 2 1 0 2 183 383 0 1324 5 
162 2 2 1 0 2 216 449 0 947 5 
162 2 2 1 0 2 116 316 0 2052 4 
162 2 2 1 0 2 516 383 1 3955 3 
162 2 2 1 0 2 449 116 1 1635 5 
162 2 2 1 0 2 482 50 1 1263 5 
162 2 2 1 0 2 83 349 0 1852 5 
162 2 2 1 0 1 397 300 1 6286 
162 2 2 1 0 1 330 432 0 799 
162 2 2 1 0 1 336 233 1 3184 
162 2 2 1 0 1 217 322 0 1111 
162 2 2 1 0 1 319 195 1 1456 
162 2 2 1 0 1 500 405 1 3392 
162 2 2 1 0 1 322 219 1 1897 
162 2 2 1 0 1 420 511 0 1327 
162 2 2 1 0 1 232 339 0 1217 
162 2 2 1 0 1 237 325 0 1024 
162 2 2 1 0 1 374 249 1 1921 
162 2 2 1 0 1 151 257 0 2169 
162 2 2 1 0 1 420 314 1 1242 
162 2 2 1 0 1 204 299 0 2137 
162 2 2 1 0 1 232 328 0 1136 
162 2 2 1 0 1 310 395 0 938 
162 2 2 1 0 2 449 349 1 3305 5 
162 2 2 1 0 2 283 50 1 1003 5 
162 2 2 1 0 2 83 482 0 2109 5 
162 2 2 1 0 2 183 216 1 3211 3 
162 2 2 1 0 2 116 149 1 1620 4 
162 2 2 1 0 2 482 116 1 1284 5 
162 2 2 1 0 2 316 516 0 2787 3 
162 2 2 1 0 2 516 283 1 2237 5 
162 2 2 1 0 2 216 549 0 2503 4 
162 2 2 1 0 2 216 383 0 1093 5 
162 2 2 1 0 2 549 216 1 1740 5 
162 2 2 1 0 2 349 416 0 1150 5 
162 2 2 1 0 2 383 549 1 3185 4 
162 2 2 1 0 2 482 316 1 3004 4 
162 2 2 1 0 2 316 249 0 1534 4 
162 2 2 1 0 2 482 183 1 1992 5 
162 2 2 1 0 2 50 449 0 1045 5 
162 2 2 1 0 2 482 449 0 927 5 
162 2 2 1 0 2 249 116 1 2858 5 
162 2 2 1 0 2 83 549 0 2196 5 
162 2 2 1 0 2 83 416 0 1046 5 
162 2 2 1 0 2 416 149 1 1239 5 
162 2 2 1 0 2 116 83 1 1072 5 
162 2 2 1 0 2 283 183 1 2774 4 
162 2 2 1 0 2 83 516 0 1578 5 
162 2 2 1 0 2 516 50 1 1235 5 
162 2 2 1 0 2 316 549 1 4847 3 
162 2 2 1 0 2 249 283 0 2030 4 
162 2 2 1 0 2 183 283 0 2715 4 
162 2 2 1 0 2 416 416 0 1126 5 
162 2 2 1 0 2 83 316 0 1610 5 
162 2 2 1 0 2 416 116 1 1185 5 
