Subject 175 in condition 3
Training Condition: 2
Task: 1
Rule: [[[250, 250], [[4538, -4463], [-4463, 4538]]], [[350, 350], [[4538, -4463], [-4463, 4538]]]]
Noise: 0
CATA=1
CATB=0
Sample keys: 122 120
Resp keys: 309 307
Dim direction: 1 0
Dim minimum: 47 72
Test order: [4, 6, 1, 7, 0, 5, 2, 3]
175 3 2 1 1 1 205 295 0 5141 
175 3 2 1 1 1 492 224 1 3080 
175 3 2 1 1 1 312 376 1 4832 
175 3 2 1 1 1 315 378 1 2025 
175 3 2 1 1 1 219 265 0 2000 
175 3 2 1 1 1 493 223 1 2049 
175 3 2 1 1 1 348 348 1 2226 
175 3 2 1 1 1 419 277 1 1161 
175 3 2 1 1 1 229 261 0 1120 
175 3 2 1 1 1 246 276 0 1369 
175 3 2 1 1 1 89 378 0 1226 
175 3 2 1 1 1 202 294 0 1073 
175 3 2 1 1 1 470 228 1 1176 
175 3 2 1 1 1 190 311 0 1272 
175 3 2 1 1 1 311 368 1 937 
175 3 2 1 1 1 388 311 1 751 
175 3 2 1 1 2 116 349 0 4825 5 
175 3 2 1 1 2 183 149 0 5769 2 
175 3 2 1 1 2 83 383 0 4292 4 
175 3 2 1 1 2 216 249 0 6127 3 
175 3 2 1 1 2 316 83 1 2313 4 
175 3 2 1 1 2 216 516 1 8940 2 
175 3 2 1 1 2 83 216 0 2045 5 
175 3 2 1 1 2 516 516 1 2761 5 
175 3 2 1 1 2 216 216 0 5160 4 
175 3 2 1 1 2 283 516 1 2448 4 
175 3 2 1 1 2 416 383 1 1786 3 
175 3 2 1 1 2 549 549 1 2141 5 
175 3 2 1 1 2 283 283 0 3986 2 
175 3 2 1 1 2 149 449 0 2581 4 
175 3 2 1 1 2 516 316 1 3026 5 
175 3 2 1 1 2 516 416 1 3674 5 
175 3 2 1 1 2 349 50 1 2390 4 
175 3 2 1 1 2 249 383 1 3522 4 
175 3 2 1 1 2 416 549 1 2815 3 
175 3 2 1 1 2 149 416 0 2678 4 
175 3 2 1 1 2 549 249 1 3226 5 
175 3 2 1 1 2 416 283 1 1719 5 
175 3 2 1 1 2 216 116 0 2537 4 
175 3 2 1 1 2 516 83 1 2660 5 
175 3 2 1 1 2 83 249 0 1986 5 
175 3 2 1 1 2 449 249 1 2593 5 
175 3 2 1 1 2 449 482 1 1852 4 
175 3 2 1 1 2 116 183 0 5202 5 
175 3 2 1 1 2 283 316 0 2898 5 
175 3 2 1 1 2 383 249 1 1885 4 
175 3 2 1 1 2 383 482 1 1745 4 
175 3 2 1 1 2 449 283 1 2599 5 
175 3 2 1 1 1 288 406 1 2838 
175 3 2 1 1 1 208 278 0 2097 
175 3 2 1 1 1 251 250 0 1968 
175 3 2 1 1 1 315 181 0 1263 
175 3 2 1 1 1 404 281 1 3864 
175 3 2 1 1 1 125 359 0 1968 
175 3 2 1 1 1 373 323 1 1569 
175 3 2 1 1 1 281 416 1 2170 
175 3 2 1 1 1 401 298 1 1248 
175 3 2 1 1 1 187 296 0 3088 
175 3 2 1 1 1 396 314 1 1592 
175 3 2 1 1 1 296 411 1 1984 
175 3 2 1 1 1 290 192 0 1000 
175 3 2 1 1 1 418 304 1 1129 
175 3 2 1 1 1 242 460 1 1064 
175 3 2 1 1 1 259 236 0 928 
175 3 2 1 1 2 482 283 1 4309 4 
175 3 2 1 1 2 50 216 0 2671 5 
175 3 2 1 1 2 383 283 1 2278 4 
175 3 2 1 1 2 116 549 0 1989 4 
175 3 2 1 1 2 183 482 0 1930 4 
175 3 2 1 1 2 249 482 0 1575 4 
175 3 2 1 1 2 116 50 0 4597 3 
175 3 2 1 1 2 50 383 0 7705 2 
175 3 2 1 1 2 50 116 0 2236 2 
175 3 2 1 1 2 216 283 0 2726 3 
175 3 2 1 1 2 83 50 0 4154 4 
175 3 2 1 1 2 449 416 1 2640 3 
175 3 2 1 1 2 549 349 1 2060 4 
175 3 2 1 1 2 283 549 0 1990 4 
175 3 2 1 1 2 482 416 1 902 3 
175 3 2 1 1 2 50 349 0 1500 5 
175 3 2 1 1 2 149 216 0 974 5 
175 3 2 1 1 2 50 183 0 1003 5 
175 3 2 1 1 2 349 283 1 2178 4 
175 3 2 1 1 2 482 549 1 1261 5 
175 3 2 1 1 2 249 449 1 2297 4 
175 3 2 1 1 2 516 116 1 2119 5 
175 3 2 1 1 2 349 183 1 2272 4 
175 3 2 1 1 2 349 316 1 897 4 
175 3 2 1 1 2 349 249 1 908 4 
175 3 2 1 1 2 549 149 1 1258 5 
175 3 2 1 1 2 83 283 0 1300 5 
175 3 2 1 1 2 549 482 1 1056 4 
175 3 2 1 1 2 116 449 0 1630 5 
175 3 2 1 1 2 349 549 1 1126 4 
175 3 2 1 1 2 316 183 1 3364 4 
175 3 2 1 1 2 316 482 1 1461 4 
175 3 2 1 1 1 450 258 1 3149 
175 3 2 1 1 1 293 196 0 1818 
175 3 2 1 1 1 381 311 1 1376 
175 3 2 1 1 1 273 257 0 1816 
175 3 2 1 1 1 332 374 1 1977 
175 3 2 1 1 1 110 388 0 1290 
175 3 2 1 1 1 387 316 1 1490 
175 3 2 1 1 1 252 251 0 810 
175 3 2 1 1 1 366 310 1 967 
175 3 2 1 1 1 327 352 1 2231 
175 3 2 1 1 1 415 300 1 1217 
175 3 2 1 1 1 290 206 0 825 
175 3 2 1 1 1 230 279 0 841 
175 3 2 1 1 1 382 318 1 753 
175 3 2 1 1 1 298 187 0 777 
175 3 2 1 1 1 167 326 0 777 
175 3 2 1 1 2 482 249 1 1611 4 
175 3 2 1 1 2 216 482 0 2075 4 
175 3 2 1 1 2 416 216 1 1444 4 
175 3 2 1 1 2 50 249 0 1204 5 
175 3 2 1 1 2 316 349 1 3069 3 
175 3 2 1 1 2 416 449 1 1710 4 
175 3 2 1 1 2 183 116 0 3363 4 
175 3 2 1 1 2 349 116 1 3733 3 
175 3 2 1 1 2 50 482 0 1205 5 
175 3 2 1 1 2 149 516 0 1042 5 
175 3 2 1 1 2 249 149 0 1944 4 
175 3 2 1 1 2 316 316 0 3939 3 
175 3 2 1 1 2 416 516 1 3214 4 
175 3 2 1 1 2 516 549 1 874 5 
175 3 2 1 1 2 449 549 1 867 5 
175 3 2 1 1 2 216 416 0 1078 4 
175 3 2 1 1 2 149 316 0 930 5 
175 3 2 1 1 2 249 516 0 853 5 
175 3 2 1 1 2 283 249 0 746 5 
175 3 2 1 1 2 383 183 1 1367 4 
175 3 2 1 1 2 149 50 0 995 5 
175 3 2 1 1 2 50 316 0 999 5 
175 3 2 1 1 2 183 50 0 848 5 
175 3 2 1 1 2 216 50 0 788 5 
175 3 2 1 1 2 416 183 1 1115 4 
175 3 2 1 1 2 482 516 1 1161 5 
175 3 2 1 1 2 516 183 1 1308 5 
175 3 2 1 1 2 316 216 1 2890 3 
175 3 2 1 1 2 383 216 1 1840 4 
175 3 2 1 1 2 283 116 1 3385 2 
175 3 2 1 1 2 516 482 1 2041 5 
175 3 2 1 1 2 249 349 0 1844 3 
175 3 2 1 1 1 434 280 1 5478 
175 3 2 1 1 1 282 216 0 904 
175 3 2 1 1 1 172 331 0 864 
175 3 2 1 1 1 263 229 0 697 
175 3 2 1 1 1 276 442 1 2337 
175 3 2 1 1 1 375 326 1 1209 
175 3 2 1 1 1 323 346 1 1376 
175 3 2 1 1 1 327 164 0 1616 
175 3 2 1 1 1 261 253 0 865 
175 3 2 1 1 1 244 246 0 761 
175 3 2 1 1 1 265 433 1 936 
175 3 2 1 1 1 277 234 0 2761 
175 3 2 1 1 1 463 237 1 865 
175 3 2 1 1 1 356 344 1 1961 
175 3 2 1 1 1 225 270 0 1281 
175 3 2 1 1 1 216 293 0 1225 
175 3 2 1 1 2 482 216 1 3019 5 
175 3 2 1 1 2 116 482 0 1979 5 
175 3 2 1 1 2 316 149 1 1652 4 
175 3 2 1 1 2 516 216 1 1323 5 
175 3 2 1 1 2 50 83 0 1129 5 
175 3 2 1 1 2 216 149 0 1076 5 
175 3 2 1 1 2 516 349 1 1924 5 
175 3 2 1 1 2 383 316 1 1551 4 
175 3 2 1 1 2 249 316 1 2527 3 
175 3 2 1 1 2 149 183 0 1244 5 
175 3 2 1 1 2 283 349 1 2116 4 
175 3 2 1 1 2 116 116 0 929 5 
175 3 2 1 1 2 549 516 1 1523 5 
175 3 2 1 1 2 316 116 1 1920 5 
175 3 2 1 1 2 383 116 1 1026 5 
175 3 2 1 1 2 516 249 1 853 5 
175 3 2 1 1 2 149 549 0 1429 5 
175 3 2 1 1 2 249 50 0 1968 5 
175 3 2 1 1 2 349 149 1 1183 4 
175 3 2 1 1 2 549 449 1 1937 5 
175 3 2 1 1 2 516 449 1 903 5 
175 3 2 1 1 2 249 216 0 1753 3 
175 3 2 1 1 2 116 416 1 3123 1 
175 3 2 1 1 2 149 383 0 2410 5 
175 3 2 1 1 2 50 283 0 1819 5 
175 3 2 1 1 2 183 249 0 1370 5 
175 3 2 1 1 2 249 416 1 3810 3 
175 3 2 1 1 2 383 349 1 2716 4 
175 3 2 1 1 2 549 50 1 2592 5 
175 3 2 1 1 2 482 383 1 2138 5 
175 3 2 1 1 2 349 449 1 1640 4 
175 3 2 1 1 2 149 349 0 1470 5 
175 3 2 1 1 1 279 243 0 3452 
175 3 2 1 1 1 246 456 1 1993 
175 3 2 1 1 1 191 303 0 1322 
175 3 2 1 1 1 262 418 1 1650 
175 3 2 1 1 1 223 475 1 1298 
175 3 2 1 1 1 244 238 0 953 
175 3 2 1 1 1 255 236 0 1519 
175 3 2 1 1 1 344 357 1 3009 
175 3 2 1 1 1 99 402 0 1417 
175 3 2 1 1 1 285 215 0 1017 
175 3 2 1 1 1 187 316 0 953 
175 3 2 1 1 1 385 323 1 1841 
175 3 2 1 1 1 275 433 1 3304 
175 3 2 1 1 1 425 271 1 944 
175 3 2 1 1 1 157 355 0 1303 
175 3 2 1 1 1 367 136 0 2760 
175 3 2 1 1 2 482 449 1 4053 4 
175 3 2 1 1 2 316 516 1 5520 3 
175 3 2 1 1 2 183 283 0 3758 4 
175 3 2 1 1 2 316 249 0 1217 4 
175 3 2 1 1 2 83 549 0 3003 3 
175 3 2 1 1 2 516 50 1 2025 4 
175 3 2 1 1 2 50 449 0 2565 4 
175 3 2 1 1 2 516 283 1 1773 4 
175 3 2 1 1 2 283 183 0 4236 4 
175 3 2 1 1 2 416 416 1 1708 4 
175 3 2 1 1 2 383 549 1 1602 4 
175 3 2 1 1 2 449 349 1 3348 4 
175 3 2 1 1 2 183 216 0 1836 3 
175 3 2 1 1 2 416 116 1 2126 4 
175 3 2 1 1 2 249 116 1 6270 3 
175 3 2 1 1 2 83 482 0 2117 4 
175 3 2 1 1 2 83 516 0 3208 4 
175 3 2 1 1 2 482 316 1 1922 4 
175 3 2 1 1 2 283 50 0 5340 2 
175 3 2 1 1 2 349 416 1 5667 3 
175 3 2 1 1 2 249 283 1 6063 2 
175 3 2 1 1 2 83 416 0 2512 3 
175 3 2 1 1 2 83 316 0 1932 3 
175 3 2 1 1 2 482 183 1 1541 4 
175 3 2 1 1 2 116 83 0 2140 4 
175 3 2 1 1 2 216 549 1 4904 2 
175 3 2 1 1 2 416 149 1 1989 4 
175 3 2 1 1 2 316 549 0 3690 3 
175 3 2 1 1 2 549 216 1 2686 4 
175 3 2 1 1 2 216 383 0 2368 3 
175 3 2 1 1 2 482 116 1 1636 4 
175 3 2 1 1 2 116 149 0 1578 3 
175 3 2 1 1 1 349 345 1 1604 
175 3 2 1 1 1 431 87 0 1224 
175 3 2 1 1 1 239 242 0 2376 
175 3 2 1 1 1 139 363 0 1616 
175 3 2 1 1 1 202 276 0 1041 
175 3 2 1 1 1 283 198 0 1025 
175 3 2 1 1 1 246 236 0 1488 
175 3 2 1 1 1 282 418 1 1703 
175 3 2 1 1 1 294 413 1 1295 
175 3 2 1 1 1 311 180 0 977 
175 3 2 1 1 1 305 182 0 1071 
175 3 2 1 1 1 336 369 1 2121 
175 3 2 1 1 1 294 418 1 1200 
175 3 2 1 1 1 210 298 0 953 
175 3 2 1 1 1 264 235 0 1008 
175 3 2 1 1 1 252 456 1 2009 
175 3 2 1 1 2 216 183 0 3673 4 
175 3 2 1 1 2 482 83 1 1967 3 
175 3 2 1 1 2 416 83 1 3079 3 
175 3 2 1 1 2 249 249 0 1742 4 
175 3 2 1 1 2 316 50 1 19126 4 
175 3 2 1 1 2 416 50 1 3361 4 
175 3 2 1 1 2 482 482 1 1606 4 
175 3 2 1 1 2 116 516 0 3254 4 
175 3 2 1 1 2 116 283 0 1428 4 
175 3 2 1 1 2 50 549 0 1971 4 
175 3 2 1 1 2 383 383 0 2758 4 
175 3 2 1 1 2 349 349 0 1334 4 
175 3 2 1 1 2 316 383 0 1956 4 
175 3 2 1 1 2 183 416 1 5126 2 
175 3 2 1 1 2 183 549 1 1735 2 
175 3 2 1 1 2 116 249 0 1493 4 
175 3 2 1 1 2 283 449 1 4386 3 
175 3 2 1 1 2 183 516 1 5077 3 
175 3 2 1 1 2 216 316 0 2995 4 
175 3 2 1 1 2 449 516 1 1775 4 
175 3 2 1 1 2 449 383 1 1914 3 
175 3 2 1 1 2 549 116 1 1580 4 
175 3 2 1 1 2 183 183 0 2822 4 
175 3 2 1 1 2 116 216 0 762 4 
175 3 2 1 1 2 416 316 0 2565 2 
175 3 2 1 1 2 449 183 1 2899 3 
175 3 2 1 1 2 449 149 1 800 3 
175 3 2 1 1 2 316 416 1 2317 3 
175 3 2 1 1 2 249 83 1 1887 3 
175 3 2 1 1 2 183 316 0 1547 4 
175 3 2 1 1 2 549 283 1 1924 3 
175 3 2 1 1 2 83 116 0 1548 4 
175 3 2 1 1 1 160 336 0 3141 
175 3 2 1 1 1 264 240 0 697 
175 3 2 1 1 1 351 153 0 778 
175 3 2 1 1 1 264 448 1 912 
175 3 2 1 1 1 198 282 0 729 
175 3 2 1 1 1 389 315 1 1570 
175 3 2 1 1 1 411 261 1 617 
175 3 2 1 1 1 278 418 1 1033 
175 3 2 1 1 1 406 297 1 808 
175 3 2 1 1 1 165 355 0 1169 
175 3 2 1 1 1 337 324 1 1032 
175 3 2 1 1 1 258 250 0 1008 
175 3 2 1 1 1 223 484 1 912 
175 3 2 1 1 1 482 227 1 1249 
175 3 2 1 1 1 306 193 0 1089 
175 3 2 1 1 1 395 291 1 2032 
175 3 2 1 1 2 216 449 1 2999 3 
175 3 2 1 1 2 83 349 0 1555 4 
175 3 2 1 1 2 349 516 1 1412 3 
175 3 2 1 1 2 416 349 1 4808 2 
175 3 2 1 1 2 349 383 1 4300 2 
175 3 2 1 1 2 283 216 0 2437 4 
175 3 2 1 1 2 449 83 1 1923 3 
175 3 2 1 1 2 416 249 0 3076 2 
175 3 2 1 1 2 416 482 1 3552 4 
175 3 2 1 1 2 482 50 1 2061 4 
175 3 2 1 1 2 149 116 0 1349 4 
175 3 2 1 1 2 149 83 0 1057 4 
175 3 2 1 1 2 516 383 1 2544 4 
175 3 2 1 1 2 383 83 1 1200 4 
175 3 2 1 1 2 249 183 0 1432 4 
175 3 2 1 1 2 83 83 0 3642 5 
175 3 2 1 1 2 549 383 1 2084 5 
175 3 2 1 1 2 216 349 0 2540 5 
175 3 2 1 1 2 50 149 0 1166 5 
175 3 2 1 1 2 316 283 0 1837 5 
175 3 2 1 1 2 116 316 0 1189 5 
175 3 2 1 1 2 183 349 0 1063 5 
175 3 2 1 1 2 283 383 0 2111 5 
175 3 2 1 1 2 83 149 0 1419 5 
175 3 2 1 1 2 449 449 1 2353 5 
175 3 2 1 1 2 149 249 0 1983 5 
175 3 2 1 1 2 349 83 1 5616 3 
175 3 2 1 1 2 449 116 1 2211 4 
175 3 2 1 1 2 83 449 0 3725 4 
175 3 2 1 1 2 183 383 0 2407 4 
175 3 2 1 1 2 482 149 1 1583 3 
175 3 2 1 1 2 549 316 1 1821 5 
175 3 2 1 1 1 242 251 0 1734 
175 3 2 1 1 1 405 301 1 1274 
175 3 2 1 1 1 364 358 1 1927 
175 3 2 1 1 1 358 327 1 1680 
175 3 2 1 1 1 330 155 0 2288 
175 3 2 1 1 1 205 282 0 2305 
175 3 2 1 1 1 316 387 1 2506 
175 3 2 1 1 1 220 493 1 2145 
175 3 2 1 1 1 411 293 1 1786 
175 3 2 1 1 1 287 194 0 2673 
175 3 2 1 1 1 363 327 1 1575 
175 3 2 1 1 1 201 293 0 1257 
175 3 2 1 1 1 341 357 1 1583 
175 3 2 1 1 1 256 437 1 2297 
175 3 2 1 1 1 194 336 0 2106 
175 3 2 1 1 1 441 65 0 2297 
175 3 2 1 1 2 383 50 0 10419 3 
175 3 2 1 1 2 116 383 0 2837 4 
175 3 2 1 1 2 216 83 0 2984 4 
175 3 2 1 1 2 283 482 1 8784 3 
175 3 2 1 1 2 549 83 1 1496 4 
175 3 2 1 1 2 449 316 1 1084 4 
175 3 2 1 1 2 149 283 0 1382 4 
175 3 2 1 1 2 549 416 1 1291 4 
175 3 2 1 1 2 482 349 1 1326 4 
175 3 2 1 1 2 383 516 1 2709 4 
175 3 2 1 1 2 283 83 0 3972 2 
175 3 2 1 1 2 50 516 0 2196 4 
175 3 2 1 1 2 383 416 1 4007 5 
175 3 2 1 1 2 149 482 1 4775 2 
175 3 2 1 1 2 283 149 0 2923 4 
175 3 2 1 1 2 383 149 1 2863 3 
175 3 2 1 1 2 449 216 1 2063 4 
175 3 2 1 1 2 383 449 1 1237 4 
175 3 2 1 1 2 183 83 0 2664 3 
175 3 2 1 1 2 183 449 1 2562 2 
175 3 2 1 1 2 50 416 0 2914 3 
175 3 2 1 1 2 249 549 1 2868 3 
175 3 2 1 1 2 283 416 1 2477 4 
175 3 2 1 1 2 149 149 0 2481 5 
175 3 2 1 1 2 516 149 1 1493 4 
175 3 2 1 1 2 549 183 1 1038 4 
175 3 2 1 1 2 449 50 1 976 5 
175 3 2 1 1 2 349 216 0 2005 4 
175 3 2 1 1 2 349 482 1 1573 4 
175 3 2 1 1 2 316 449 1 1702 5 
175 3 2 1 1 2 83 183 0 1314 5 
175 3 2 1 1 2 50 50 0 2237 3 
