Subject 179 in condition 3
Training Condition: 2
Task: 1
Rule: [[[250, 250], [[4538, -4463], [-4463, 4538]]], [[350, 350], [[4538, -4463], [-4463, 4538]]]]
Noise: 0
CATA=0
CATB=1
Sample keys: 120 122
Resp keys: 309 307
Dim direction: 1 0
Dim minimum: 35 87
Test order: [3, 0, 6, 4, 2, 1, 5, 7]
179 3 2 1 1 1 157 355 0 2100 
179 3 2 1 1 1 89 378 0 2144 
179 3 2 1 1 1 330 155 0 874 
179 3 2 1 1 1 406 297 1 2561 
179 3 2 1 1 1 323 346 1 1112 
179 3 2 1 1 1 395 291 1 1321 
179 3 2 1 1 1 316 387 1 937 
179 3 2 1 1 1 273 257 0 1320 
179 3 2 1 1 1 282 216 0 841 
179 3 2 1 1 1 190 311 0 818 
179 3 2 1 1 1 198 282 0 696 
179 3 2 1 1 1 264 448 1 848 
179 3 2 1 1 1 244 246 0 809 
179 3 2 1 1 1 256 437 1 680 
179 3 2 1 1 1 276 442 1 648 
179 3 2 1 1 1 296 411 1 600 
179 3 2 1 1 2 383 449 1 2763 4 
179 3 2 1 1 2 183 449 1 2284 4 
179 3 2 1 1 2 349 482 1 1506 5 
179 3 2 1 1 2 83 183 0 2340 2 
179 3 2 1 1 2 549 83 0 2739 1 
179 3 2 1 1 2 316 449 1 1903 4 
179 3 2 1 1 2 449 50 0 3883 2 
179 3 2 1 1 2 283 482 1 2036 4 
179 3 2 1 1 2 149 482 1 1849 4 
179 3 2 1 1 2 149 149 0 1735 3 
179 3 2 1 1 2 283 149 0 1892 4 
179 3 2 1 1 2 249 549 1 2432 3 
179 3 2 1 1 2 482 349 0 10224 1 
179 3 2 1 1 2 516 149 0 4314 4 
179 3 2 1 1 2 50 516 1 2679 4 
179 3 2 1 1 2 549 416 1 1975 3 
179 3 2 1 1 2 183 83 0 1781 2 
179 3 2 1 1 2 383 516 1 1613 4 
179 3 2 1 1 2 549 183 0 1358 2 
179 3 2 1 1 2 383 416 1 3568 4 
179 3 2 1 1 2 50 50 0 2076 2 
179 3 2 1 1 2 283 83 0 1855 2 
179 3 2 1 1 2 349 216 0 3552 2 
179 3 2 1 1 2 116 383 0 5776 1 
179 3 2 1 1 2 149 283 0 2088 1 
179 3 2 1 1 2 383 149 0 2070 4 
179 3 2 1 1 2 283 416 1 2665 3 
179 3 2 1 1 2 449 216 0 3065 2 
179 3 2 1 1 2 449 316 1 5073 1 
179 3 2 1 1 2 216 83 0 4482 4 
179 3 2 1 1 2 383 50 0 2010 3 
179 3 2 1 1 2 50 416 1 2069 2 
179 3 2 1 1 1 205 295 0 2604 
179 3 2 1 1 1 194 336 0 770 
179 3 2 1 1 1 404 281 1 1906 
179 3 2 1 1 1 281 416 1 1089 
179 3 2 1 1 1 259 236 0 938 
179 3 2 1 1 1 411 261 1 1385 
179 3 2 1 1 1 252 456 1 1033 
179 3 2 1 1 1 482 227 1 912 
179 3 2 1 1 1 290 206 0 824 
179 3 2 1 1 1 275 433 1 809 
179 3 2 1 1 1 470 228 1 1169 
179 3 2 1 1 1 434 280 1 1463 
179 3 2 1 1 1 492 224 1 921 
179 3 2 1 1 1 396 314 1 745 
179 3 2 1 1 1 246 276 0 1409 
179 3 2 1 1 1 419 277 1 791 
179 3 2 1 1 2 416 116 1 2771 4 
179 3 2 1 1 2 316 549 0 4570 2 
179 3 2 1 1 2 516 50 1 2871 3 
179 3 2 1 1 2 83 316 0 2727 3 
179 3 2 1 1 2 316 516 1 1842 4 
179 3 2 1 1 2 83 516 1 2481 4 
179 3 2 1 1 2 50 449 1 1461 3 
179 3 2 1 1 2 482 183 1 3829 2 
179 3 2 1 1 2 116 83 0 3238 4 
179 3 2 1 1 2 183 283 0 1254 3 
179 3 2 1 1 2 349 416 1 1670 3 
179 3 2 1 1 2 83 416 1 4399 3 
179 3 2 1 1 2 216 549 0 2267 3 
179 3 2 1 1 2 416 149 0 2194 2 
179 3 2 1 1 2 83 549 1 2437 3 
179 3 2 1 1 2 449 349 0 4529 2 
179 3 2 1 1 2 383 549 1 4022 3 
179 3 2 1 1 2 83 482 0 7985 4 
179 3 2 1 1 2 516 283 1 2489 4 
179 3 2 1 1 2 482 116 1 1490 4 
179 3 2 1 1 2 283 183 1 2693 4 
179 3 2 1 1 2 416 416 1 5921 3 
179 3 2 1 1 2 249 116 0 1807 3 
179 3 2 1 1 2 482 316 1 2179 4 
179 3 2 1 1 2 183 216 0 1638 3 
179 3 2 1 1 2 549 216 1 1723 4 
179 3 2 1 1 2 283 50 0 2099 1 
179 3 2 1 1 2 216 383 0 2174 2 
179 3 2 1 1 2 249 283 0 1740 3 
179 3 2 1 1 2 482 449 1 989 3 
179 3 2 1 1 2 116 149 0 1774 4 
179 3 2 1 1 2 316 249 1 4315 4 
179 3 2 1 1 1 264 235 0 4670 
179 3 2 1 1 1 315 378 1 1017 
179 3 2 1 1 1 389 315 1 930 
179 3 2 1 1 1 327 164 0 1057 
179 3 2 1 1 1 336 369 1 792 
179 3 2 1 1 1 201 293 0 1746 
179 3 2 1 1 1 385 323 1 1073 
179 3 2 1 1 1 382 318 1 681 
179 3 2 1 1 1 401 298 1 570 
179 3 2 1 1 1 208 278 0 1033 
179 3 2 1 1 1 366 310 1 720 
179 3 2 1 1 1 356 344 1 649 
179 3 2 1 1 1 223 475 1 905 
179 3 2 1 1 1 230 279 0 1312 
179 3 2 1 1 1 139 363 0 1192 
179 3 2 1 1 1 312 376 1 1072 
179 3 2 1 1 2 116 50 0 3035 3 
179 3 2 1 1 2 449 416 1 2829 4 
179 3 2 1 1 2 482 283 1 2361 4 
179 3 2 1 1 2 316 183 0 5453 1 
179 3 2 1 1 2 383 283 0 3843 2 
179 3 2 1 1 2 216 283 0 4164 3 
179 3 2 1 1 2 50 183 0 2809 4 
179 3 2 1 1 2 549 349 1 1996 4 
179 3 2 1 1 2 83 50 0 1313 1 
179 3 2 1 1 2 249 449 1 2278 2 
179 3 2 1 1 2 482 549 1 3271 3 
179 3 2 1 1 2 50 116 0 5628 4 
179 3 2 1 1 2 149 216 0 1247 3 
179 3 2 1 1 2 116 449 0 1751 2 
179 3 2 1 1 2 183 482 1 2486 3 
179 3 2 1 1 2 349 183 0 15250 1 
179 3 2 1 1 2 50 383 0 1993 1 
179 3 2 1 1 2 249 482 0 968 3 
179 3 2 1 1 2 349 283 1 3727 3 
179 3 2 1 1 2 549 482 1 1491 4 
179 3 2 1 1 2 516 116 1 1124 4 
179 3 2 1 1 2 349 249 1 1719 3 
179 3 2 1 1 2 283 549 1 1542 3 
179 3 2 1 1 2 116 549 0 1407 1 
179 3 2 1 1 2 83 283 0 1414 4 
179 3 2 1 1 2 549 149 0 1012 3 
179 3 2 1 1 2 316 482 1 1818 4 
179 3 2 1 1 2 482 416 1 1506 3 
179 3 2 1 1 2 349 316 0 1471 1 
179 3 2 1 1 2 50 216 0 1844 2 
179 3 2 1 1 2 349 549 1 2872 3 
179 3 2 1 1 2 50 349 0 2020 4 
179 3 2 1 1 1 277 234 0 2229 
179 3 2 1 1 1 258 250 0 817 
179 3 2 1 1 1 493 223 1 1264 
179 3 2 1 1 1 225 270 0 977 
179 3 2 1 1 1 315 181 0 969 
179 3 2 1 1 1 351 153 0 791 
179 3 2 1 1 1 311 180 0 873 
179 3 2 1 1 1 405 301 1 865 
179 3 2 1 1 1 282 418 1 1505 
179 3 2 1 1 1 242 460 1 687 
179 3 2 1 1 1 418 304 1 2129 
179 3 2 1 1 1 261 253 0 744 
179 3 2 1 1 1 244 238 0 591 
179 3 2 1 1 1 381 311 1 1113 
179 3 2 1 1 1 411 293 1 696 
179 3 2 1 1 1 327 352 1 1280 
179 3 2 1 1 2 383 249 1 2196 3 
179 3 2 1 1 2 116 183 0 1814 4 
179 3 2 1 1 2 249 383 1 5040 2 
179 3 2 1 1 2 516 83 1 1758 3 
179 3 2 1 1 2 549 549 0 3844 2 
179 3 2 1 1 2 349 50 0 7146 2 
179 3 2 1 1 2 183 149 0 1286 3 
179 3 2 1 1 2 149 449 0 2435 4 
179 3 2 1 1 2 516 316 1 1768 3 
179 3 2 1 1 2 449 283 1 1491 4 
179 3 2 1 1 2 216 116 0 2077 4 
179 3 2 1 1 2 116 349 0 1334 3 
179 3 2 1 1 2 83 216 0 864 4 
179 3 2 1 1 2 549 249 1 1435 4 
179 3 2 1 1 2 416 283 1 1255 4 
179 3 2 1 1 2 83 383 0 1820 3 
179 3 2 1 1 2 283 316 0 1029 3 
179 3 2 1 1 2 516 416 1 1293 3 
179 3 2 1 1 2 416 383 1 1982 4 
179 3 2 1 1 2 316 83 1 1244 4 
179 3 2 1 1 2 216 216 0 1570 1 
179 3 2 1 1 2 216 249 0 6434 2 
179 3 2 1 1 2 83 249 0 1196 1 
179 3 2 1 1 2 383 482 1 1590 3 
179 3 2 1 1 2 449 482 1 897 4 
179 3 2 1 1 2 449 249 1 984 4 
179 3 2 1 1 2 516 516 1 852 4 
179 3 2 1 1 2 416 549 1 813 4 
179 3 2 1 1 2 149 416 0 1153 2 
179 3 2 1 1 2 283 283 1 1166 4 
179 3 2 1 1 2 216 516 0 1077 3 
179 3 2 1 1 2 283 516 0 1337 3 
179 3 2 1 1 1 187 296 0 1782 
179 3 2 1 1 1 187 316 0 649 
179 3 2 1 1 1 242 251 0 664 
179 3 2 1 1 1 264 240 0 696 
179 3 2 1 1 1 99 402 0 704 
179 3 2 1 1 1 262 418 1 1617 
179 3 2 1 1 1 255 236 0 793 
179 3 2 1 1 1 165 355 0 799 
179 3 2 1 1 1 285 215 0 720 
179 3 2 1 1 1 332 374 1 681 
179 3 2 1 1 1 348 348 1 672 
179 3 2 1 1 1 441 65 0 792 
179 3 2 1 1 1 172 331 0 848 
179 3 2 1 1 1 205 282 0 641 
179 3 2 1 1 1 246 456 1 1040 
179 3 2 1 1 1 341 357 1 713 
179 3 2 1 1 2 283 216 0 2537 1 
179 3 2 1 1 2 283 383 1 1292 2 
179 3 2 1 1 2 216 449 1 1367 4 
179 3 2 1 1 2 83 449 0 1398 4 
179 3 2 1 1 2 449 116 1 2115 4 
179 3 2 1 1 2 549 383 1 1443 3 
179 3 2 1 1 2 83 83 0 1652 2 
179 3 2 1 1 2 416 482 0 1412 3 
179 3 2 1 1 2 50 149 0 1268 4 
179 3 2 1 1 2 349 83 0 2256 3 
179 3 2 1 1 2 316 283 0 896 3 
179 3 2 1 1 2 183 349 1 1364 3 
179 3 2 1 1 2 383 83 0 1416 4 
179 3 2 1 1 2 216 349 0 2432 3 
179 3 2 1 1 2 83 349 1 1066 4 
179 3 2 1 1 2 449 83 1 1413 3 
179 3 2 1 1 2 116 316 1 8110 3 
179 3 2 1 1 2 449 449 0 5172 2 
179 3 2 1 1 2 482 50 0 1715 3 
179 3 2 1 1 2 249 183 0 1091 4 
179 3 2 1 1 2 349 516 1 1190 4 
179 3 2 1 1 2 482 149 1 1433 3 
179 3 2 1 1 2 416 349 1 1052 3 
179 3 2 1 1 2 349 383 1 751 3 
179 3 2 1 1 2 149 249 0 1440 2 
179 3 2 1 1 2 149 116 0 1435 4 
179 3 2 1 1 2 516 383 1 1395 4 
179 3 2 1 1 2 416 249 0 1542 3 
179 3 2 1 1 2 149 83 0 1271 3 
179 3 2 1 1 2 183 383 1 1107 4 
179 3 2 1 1 2 83 149 0 1960 2 
179 3 2 1 1 2 549 316 0 1500 3 
179 3 2 1 1 1 239 242 0 2046 
179 3 2 1 1 1 294 413 1 809 
179 3 2 1 1 1 283 198 0 698 
179 3 2 1 1 1 375 326 1 920 
179 3 2 1 1 1 387 316 1 720 
179 3 2 1 1 1 388 311 1 618 
179 3 2 1 1 1 223 484 1 689 
179 3 2 1 1 1 229 261 0 672 
179 3 2 1 1 1 251 250 0 559 
179 3 2 1 1 1 160 336 0 1121 
179 3 2 1 1 1 210 298 0 702 
179 3 2 1 1 1 294 418 1 671 
179 3 2 1 1 1 246 236 0 633 
179 3 2 1 1 1 110 388 0 808 
179 3 2 1 1 1 290 192 0 657 
179 3 2 1 1 1 293 196 0 560 
179 3 2 1 1 2 216 482 1 1878 4 
179 3 2 1 1 2 316 316 1 1110 3 
179 3 2 1 1 2 416 216 0 1510 2 
179 3 2 1 1 2 416 183 0 932 2 
179 3 2 1 1 2 516 549 1 1119 3 
179 3 2 1 1 2 416 516 1 1011 4 
179 3 2 1 1 2 482 249 0 1159 3 
179 3 2 1 1 2 216 50 0 1048 4 
179 3 2 1 1 2 149 50 0 1015 4 
179 3 2 1 1 2 50 316 0 976 3 
179 3 2 1 1 2 482 516 1 1200 2 
179 3 2 1 1 2 183 116 1 3058 2 
179 3 2 1 1 2 383 216 0 1663 2 
179 3 2 1 1 2 249 516 1 1122 4 
179 3 2 1 1 2 283 249 0 1198 3 
179 3 2 1 1 2 516 183 0 1220 3 
179 3 2 1 1 2 249 349 0 2090 2 
179 3 2 1 1 2 149 516 1 1122 3 
179 3 2 1 1 2 383 183 0 1019 3 
179 3 2 1 1 2 249 149 0 974 4 
179 3 2 1 1 2 349 116 0 895 3 
179 3 2 1 1 2 50 482 1 1676 4 
179 3 2 1 1 2 316 216 0 1392 3 
179 3 2 1 1 2 216 416 0 806 4 
179 3 2 1 1 2 416 449 0 1280 3 
179 3 2 1 1 2 183 50 0 2810 3 
179 3 2 1 1 2 449 549 1 1077 3 
179 3 2 1 1 2 283 116 0 1131 2 
179 3 2 1 1 2 50 249 0 1054 3 
179 3 2 1 1 2 149 316 1 3769 3 
179 3 2 1 1 2 316 349 1 2157 3 
179 3 2 1 1 2 516 482 1 982 4 
179 3 2 1 1 1 373 323 1 1829 
179 3 2 1 1 1 311 368 1 864 
179 3 2 1 1 1 202 294 0 1120 
179 3 2 1 1 1 337 324 1 738 
179 3 2 1 1 1 278 418 1 743 
179 3 2 1 1 1 358 327 1 808 
179 3 2 1 1 1 450 258 1 1656 
179 3 2 1 1 1 349 345 1 800 
179 3 2 1 1 1 306 193 0 984 
179 3 2 1 1 1 265 433 1 752 
179 3 2 1 1 1 263 229 0 592 
179 3 2 1 1 1 367 136 0 679 
179 3 2 1 1 1 288 406 1 664 
179 3 2 1 1 1 252 251 0 616 
179 3 2 1 1 1 463 237 1 1079 
179 3 2 1 1 1 287 194 0 817 
179 3 2 1 1 2 116 249 0 2230 2 
179 3 2 1 1 2 116 283 0 917 3 
179 3 2 1 1 2 183 183 0 1015 4 
179 3 2 1 1 2 416 316 0 1019 3 
179 3 2 1 1 2 183 316 0 826 3 
179 3 2 1 1 2 316 50 0 1061 4 
179 3 2 1 1 2 449 149 0 827 3 
179 3 2 1 1 2 349 349 0 850 4 
179 3 2 1 1 2 183 549 1 1048 3 
179 3 2 1 1 2 249 249 0 966 4 
179 3 2 1 1 2 549 116 0 810 3 
179 3 2 1 1 2 316 383 1 901 4 
179 3 2 1 1 2 83 116 0 1003 3 
179 3 2 1 1 2 183 516 1 1035 4 
179 3 2 1 1 2 549 283 0 1605 3 
179 3 2 1 1 2 482 482 1 979 4 
179 3 2 1 1 2 449 516 1 788 4 
179 3 2 1 1 2 183 416 1 1255 3 
179 3 2 1 1 2 449 383 1 821 4 
179 3 2 1 1 2 383 383 1 748 4 
179 3 2 1 1 2 283 449 1 727 4 
179 3 2 1 1 2 482 83 0 1310 2 
179 3 2 1 1 2 116 216 0 927 2 
179 3 2 1 1 2 316 416 0 1847 4 
179 3 2 1 1 2 416 50 0 3472 3 
179 3 2 1 1 2 249 83 0 948 3 
179 3 2 1 1 2 416 83 0 757 3 
179 3 2 1 1 2 216 316 0 1924 3 
179 3 2 1 1 2 449 183 0 1006 2 
179 3 2 1 1 2 216 183 0 1133 1 
179 3 2 1 1 2 116 516 1 1142 4 
179 3 2 1 1 2 50 549 1 865 3 
179 3 2 1 1 1 364 358 1 6870 
179 3 2 1 1 1 279 243 0 913 
179 3 2 1 1 1 363 327 1 1336 
179 3 2 1 1 1 305 182 0 762 
179 3 2 1 1 1 125 359 0 1217 
179 3 2 1 1 1 219 265 0 816 
179 3 2 1 1 1 425 271 1 14537 
179 3 2 1 1 1 191 303 0 808 
179 3 2 1 1 1 220 493 1 864 
179 3 2 1 1 1 216 293 0 745 
179 3 2 1 1 1 202 276 0 658 
179 3 2 1 1 1 344 357 1 656 
179 3 2 1 1 1 167 326 0 632 
179 3 2 1 1 1 298 187 0 1184 
179 3 2 1 1 1 431 87 0 600 
179 3 2 1 1 1 415 300 1 960 
179 3 2 1 1 2 549 516 0 1772 3 
179 3 2 1 1 2 383 316 0 872 4 
179 3 2 1 1 2 482 383 1 890 3 
179 3 2 1 1 2 50 283 0 995 2 
179 3 2 1 1 2 216 149 0 836 3 
179 3 2 1 1 2 249 50 0 623 4 
179 3 2 1 1 2 316 149 0 731 4 
179 3 2 1 1 2 516 216 0 739 3 
179 3 2 1 1 2 149 183 0 743 3 
179 3 2 1 1 2 149 383 1 851 4 
179 3 2 1 1 2 383 349 1 756 4 
179 3 2 1 1 2 516 449 1 619 4 
179 3 2 1 1 2 50 83 0 1386 4 
179 3 2 1 1 2 149 349 0 770 4 
179 3 2 1 1 2 349 149 0 740 3 
179 3 2 1 1 2 116 416 1 884 4 
179 3 2 1 1 2 516 249 0 929 3 
179 3 2 1 1 2 183 249 0 863 3 
179 3 2 1 1 2 349 449 1 976 4 
179 3 2 1 1 2 516 349 1 1354 4 
179 3 2 1 1 2 283 349 1 1160 3 
179 3 2 1 1 2 249 316 1 903 3 
179 3 2 1 1 2 116 482 1 1186 3 
179 3 2 1 1 2 249 216 1 1062 4 
179 3 2 1 1 2 549 449 1 837 4 
179 3 2 1 1 2 149 549 1 877 4 
179 3 2 1 1 2 549 50 0 1438 1 
179 3 2 1 1 2 316 116 0 762 3 
179 3 2 1 1 2 383 116 0 901 4 
179 3 2 1 1 2 116 116 0 974 3 
179 3 2 1 1 2 482 216 0 918 3 
179 3 2 1 1 2 249 416 0 4984 3 
