Subject 10 in condition 2
Training Condition: 3
Task: 1
Rule: [[[250, 350], [[4538, 4463], [4463, 4538]]], [[350, 250], [[4538, 4463], [4463, 4538]]]]
Noise: 0
CATA=1
CATB=0
Sample keys: 122 120
Resp keys: 307 309
Dim direction: 0 1
Dim minimum: 69 78
Test order: [4, 5, 2, 1, 7, 3, 6, 0]
10 2 3 1 0 1 555 240 1 4022 
10 2 3 1 0 1 329 593 0 1881 
10 2 3 1 0 1 97 235 0 2145 
10 2 3 1 0 1 430 236 1 1665 
10 2 3 1 0 1 599 234 1 1913 
10 2 3 1 0 1 599 595 1 1690 
10 2 3 1 0 1 0 463 0 2370 
10 2 3 1 0 1 0 176 0 906 
10 2 3 1 0 1 599 599 1 3961 
10 2 3 1 0 1 558 239 1 2857 
10 2 3 1 0 1 187 333 0 4312 
10 2 3 1 0 1 463 111 1 1355 
10 2 3 1 0 1 588 109 1 825 
10 2 3 1 0 1 538 454 1 1472 
10 2 3 1 0 1 500 2 1 816 
10 2 3 1 0 1 465 586 0 1714 
10 2 3 1 0 2 449 482 1 5669 4 
10 2 3 1 0 2 316 83 0 3576 3 
10 2 3 1 0 2 449 249 1 3969 3 
10 2 3 1 0 2 216 516 0 2564 4 
10 2 3 1 0 2 383 482 1 2282 3 
10 2 3 1 0 2 349 50 1 2982 4 
10 2 3 1 0 2 549 249 1 3049 5 
10 2 3 1 0 2 83 249 0 3208 3 
10 2 3 1 0 2 516 83 1 1805 4 
10 2 3 1 0 2 416 549 0 2883 3 
10 2 3 1 0 2 449 283 1 2080 5 
10 2 3 1 0 2 283 283 0 2494 2 
10 2 3 1 0 2 216 216 0 2345 3 
10 2 3 1 0 2 183 149 0 1753 3 
10 2 3 1 0 2 283 316 1 3153 3 
10 2 3 1 0 2 416 383 1 1869 4 
10 2 3 1 0 2 416 283 1 1972 4 
10 2 3 1 0 2 549 549 1 1532 5 
10 2 3 1 0 2 516 516 1 1405 5 
10 2 3 1 0 2 149 449 0 1862 2 
10 2 3 1 0 2 149 416 0 1636 4 
10 2 3 1 0 2 383 249 1 1834 3 
10 2 3 1 0 2 283 516 1 2899 3 
10 2 3 1 0 2 216 249 0 2293 4 
10 2 3 1 0 2 516 416 1 1636 5 
10 2 3 1 0 2 83 383 0 1810 4 
10 2 3 1 0 2 516 316 1 1809 5 
10 2 3 1 0 2 249 383 0 5212 2 
10 2 3 1 0 2 216 116 1 2651 3 
10 2 3 1 0 2 83 216 1 3283 2 
10 2 3 1 0 2 116 183 0 6820 2 
10 2 3 1 0 2 116 349 0 5146 3 
10 2 3 1 0 1 40 290 0 4613 
10 2 3 1 0 1 340 418 0 2297 
10 2 3 1 0 1 599 30 1 2090 
10 2 3 1 0 1 416 587 0 1929 
10 2 3 1 0 1 548 599 0 1042 
10 2 3 1 0 1 599 599 1 2617 
10 2 3 1 0 1 154 233 0 3058 
10 2 3 1 0 1 429 236 1 1553 
10 2 3 1 0 1 362 469 0 2145 
10 2 3 1 0 1 97 283 0 1737 
10 2 3 1 0 1 203 599 0 913 
10 2 3 1 0 1 235 235 0 3809 
10 2 3 1 0 1 128 235 0 2192 
10 2 3 1 0 1 522 161 1 3761 
10 2 3 1 0 1 164 313 0 1480 
10 2 3 1 0 1 599 415 1 1104 
10 2 3 1 0 2 83 116 0 2113 3 
10 2 3 1 0 2 482 83 0 3820 3 
10 2 3 1 0 2 449 183 0 3174 4 
10 2 3 1 0 2 183 516 0 1736 3 
10 2 3 1 0 2 416 83 1 3127 3 
10 2 3 1 0 2 383 383 0 2597 3 
10 2 3 1 0 2 183 549 0 2347 4 
10 2 3 1 0 2 316 50 0 1110 4 
10 2 3 1 0 2 549 283 1 2554 3 
10 2 3 1 0 2 283 449 0 1034 3 
10 2 3 1 0 2 249 83 0 1676 2 
10 2 3 1 0 2 549 116 1 2445 3 
10 2 3 1 0 2 482 482 1 4792 1 
10 2 3 1 0 2 183 183 0 3030 3 
10 2 3 1 0 2 316 416 0 1685 3 
10 2 3 1 0 2 416 50 0 1106 3 
10 2 3 1 0 2 249 249 0 1886 4 
10 2 3 1 0 2 50 549 1 2713 1 
10 2 3 1 0 2 116 216 0 2815 4 
10 2 3 1 0 2 183 316 0 1470 5 
10 2 3 1 0 2 116 249 0 1221 5 
10 2 3 1 0 2 183 416 0 1300 5 
10 2 3 1 0 2 349 349 0 1245 5 
10 2 3 1 0 2 316 383 0 1018 5 
10 2 3 1 0 2 449 383 0 1551 4 
10 2 3 1 0 2 116 516 0 4811 3 
10 2 3 1 0 2 216 316 0 5044 4 
10 2 3 1 0 2 449 516 1 2978 3 
10 2 3 1 0 2 216 183 0 1390 4 
10 2 3 1 0 2 416 316 0 2056 4 
10 2 3 1 0 2 449 149 0 1638 5 
10 2 3 1 0 2 116 283 0 1486 2 
10 2 3 1 0 1 490 240 1 10174 
10 2 3 1 0 1 599 526 1 2344 
10 2 3 1 0 1 0 173 0 2249 
10 2 3 1 0 1 293 240 1 2569 
10 2 3 1 0 1 356 232 1 953 
10 2 3 1 0 1 374 593 0 1570 
10 2 3 1 0 1 569 598 0 1105 
10 2 3 1 0 1 599 190 1 1745 
10 2 3 1 0 1 0 241 0 1545 
10 2 3 1 0 1 0 515 0 1241 
10 2 3 1 0 1 0 599 1 1504 
10 2 3 1 0 1 599 306 1 945 
10 2 3 1 0 1 308 248 1 689 
10 2 3 1 0 1 229 193 1 1194 
10 2 3 1 0 1 162 526 0 1953 
10 2 3 1 0 1 335 206 1 1825 
10 2 3 1 0 2 549 316 1 2944 5 
10 2 3 1 0 2 83 449 0 1520 4 
10 2 3 1 0 2 316 283 1 1569 5 
10 2 3 1 0 2 283 383 1 1376 4 
10 2 3 1 0 2 83 83 1 3266 3 
10 2 3 1 0 2 449 83 0 2667 4 
10 2 3 1 0 2 216 449 0 3605 3 
10 2 3 1 0 2 249 183 1 2892 3 
10 2 3 1 0 2 549 383 1 2235 5 
10 2 3 1 0 2 449 449 1 1185 5 
10 2 3 1 0 2 349 516 0 3959 2 
10 2 3 1 0 2 449 116 0 2212 3 
10 2 3 1 0 2 149 116 1 2360 2 
10 2 3 1 0 2 516 383 1 2034 4 
10 2 3 1 0 2 283 216 1 1812 4 
10 2 3 1 0 2 183 383 1 1679 4 
10 2 3 1 0 2 416 482 1 1094 4 
10 2 3 1 0 2 83 349 0 1661 2 
10 2 3 1 0 2 216 349 0 2232 4 
10 2 3 1 0 2 482 149 0 4437 3 
10 2 3 1 0 2 149 83 1 2056 3 
10 2 3 1 0 2 349 383 1 1884 4 
10 2 3 1 0 2 83 149 0 3139 1 
10 2 3 1 0 2 482 50 0 3329 4 
10 2 3 1 0 2 349 83 0 1309 4 
10 2 3 1 0 2 149 249 0 5247 2 
10 2 3 1 0 2 416 249 1 4365 4 
10 2 3 1 0 2 50 149 1 2010 4 
10 2 3 1 0 2 183 349 0 1895 4 
10 2 3 1 0 2 383 83 0 3739 3 
10 2 3 1 0 2 116 316 0 6569 4 
10 2 3 1 0 2 416 349 1 3813 4 
10 2 3 1 0 1 315 186 1 9527 
10 2 3 1 0 1 45 73 0 8642 
10 2 3 1 0 1 599 599 0 1266 
10 2 3 1 0 1 599 599 1 2730 
10 2 3 1 0 1 0 593 0 5977 
10 2 3 1 0 1 141 594 0 977 
10 2 3 1 0 1 0 599 0 841 
10 2 3 1 0 1 239 304 0 1017 
10 2 3 1 0 1 468 242 1 2482 
10 2 3 1 0 1 599 86 1 1265 
10 2 3 1 0 1 51 451 0 1425 
10 2 3 1 0 1 321 599 0 906 
10 2 3 1 0 1 471 338 1 1307 
10 2 3 1 0 1 38 373 0 1136 
10 2 3 1 0 1 599 0 0 1336 
10 2 3 1 0 1 244 137 1 2392 
10 2 3 1 0 2 216 50 0 2244 4 
10 2 3 1 0 2 449 549 0 3054 3 
10 2 3 1 0 2 216 416 0 4048 4 
10 2 3 1 0 2 349 116 1 2078 3 
10 2 3 1 0 2 416 449 0 2487 4 
10 2 3 1 0 2 283 249 1 2470 4 
10 2 3 1 0 2 50 316 0 4387 4 
10 2 3 1 0 2 383 216 1 2657 3 
10 2 3 1 0 2 416 216 1 1242 4 
10 2 3 1 0 2 482 516 0 1856 5 
10 2 3 1 0 2 516 549 0 1356 5 
10 2 3 1 0 2 516 183 1 1869 5 
10 2 3 1 0 2 149 316 0 4654 3 
10 2 3 1 0 2 316 316 0 1274 4 
10 2 3 1 0 2 216 482 0 1775 5 
10 2 3 1 0 2 183 116 1 2441 3 
10 2 3 1 0 2 183 50 0 8360 4 
10 2 3 1 0 2 482 249 1 1996 5 
10 2 3 1 0 2 383 183 1 1483 4 
10 2 3 1 0 2 249 516 0 1267 4 
10 2 3 1 0 2 416 183 1 2408 4 
10 2 3 1 0 2 50 482 0 2376 5 
10 2 3 1 0 2 516 482 0 1305 5 
10 2 3 1 0 2 149 516 0 1279 4 
10 2 3 1 0 2 416 516 0 905 4 
10 2 3 1 0 2 283 116 0 3364 4 
10 2 3 1 0 2 249 149 0 8669 4 
10 2 3 1 0 2 50 249 1 3047 3 
10 2 3 1 0 2 149 50 0 2785 3 
10 2 3 1 0 2 316 349 1 5730 4 
10 2 3 1 0 2 316 216 1 1350 5 
10 2 3 1 0 2 249 349 0 2613 3 
10 2 3 1 0 1 592 239 1 4797 
10 2 3 1 0 1 287 319 0 1153 
10 2 3 1 0 1 58 362 0 784 
10 2 3 1 0 1 599 340 1 3515 
10 2 3 1 0 1 161 31 1 1033 
10 2 3 1 0 1 599 321 1 1608 
10 2 3 1 0 1 574 0 1 1536 
10 2 3 1 0 1 232 117 1 849 
10 2 3 1 0 1 445 326 1 1025 
10 2 3 1 0 1 533 65 1 849 
10 2 3 1 0 1 28 491 0 1658 
10 2 3 1 0 1 599 0 0 954 
10 2 3 1 0 1 57 0 1 1833 
10 2 3 1 0 1 599 1 0 1634 
10 2 3 1 0 1 444 388 1 841 
10 2 3 1 0 1 475 372 1 672 
10 2 3 1 0 2 316 116 1 4563 3 
10 2 3 1 0 2 149 383 1 5219 5 
10 2 3 1 0 2 349 449 1 1314 5 
10 2 3 1 0 2 149 349 1 1165 5 
10 2 3 1 0 2 482 216 1 1436 4 
10 2 3 1 0 2 383 316 1 1733 5 
10 2 3 1 0 2 383 349 1 10622 5 
10 2 3 1 0 2 549 50 0 2137 4 
10 2 3 1 0 2 549 516 1 3966 3 
10 2 3 1 0 2 249 50 1 5607 4 
10 2 3 1 0 2 516 216 1 1576 4 
10 2 3 1 0 2 516 449 1 1097 5 
10 2 3 1 0 2 50 283 1 1856 3 
10 2 3 1 0 2 516 249 1 1534 5 
10 2 3 1 0 2 50 83 0 2633 4 
10 2 3 1 0 2 249 316 1 3235 4 
10 2 3 1 0 2 249 216 1 995 4 
10 2 3 1 0 2 249 416 1 1300 5 
10 2 3 1 0 2 349 149 1 3650 3 
10 2 3 1 0 2 383 116 0 3077 3 
10 2 3 1 0 2 183 249 1 2155 4 
10 2 3 1 0 2 149 183 1 2313 4 
10 2 3 1 0 2 316 149 1 3615 4 
10 2 3 1 0 2 283 349 1 1517 5 
10 2 3 1 0 2 116 416 0 4374 4 
10 2 3 1 0 2 549 449 1 1816 5 
10 2 3 1 0 2 149 549 0 1957 3 
10 2 3 1 0 2 216 149 1 7359 3 
10 2 3 1 0 2 116 482 0 3142 3 
10 2 3 1 0 2 516 349 1 2610 3 
10 2 3 1 0 2 116 116 0 2065 3 
10 2 3 1 0 2 482 383 1 962 5 
10 2 3 1 0 1 0 380 0 7511 
10 2 3 1 0 1 599 11 0 1714 
10 2 3 1 0 1 595 41 1 3041 
10 2 3 1 0 1 351 127 1 1297 
10 2 3 1 0 1 238 108 1 818 
10 2 3 1 0 1 0 241 0 1273 
10 2 3 1 0 1 0 125 0 985 
10 2 3 1 0 1 599 576 1 7170 
10 2 3 1 0 1 599 0 0 1569 
10 2 3 1 0 1 599 526 1 841 
10 2 3 1 0 1 599 69 1 960 
10 2 3 1 0 1 599 281 1 642 
10 2 3 1 0 1 530 502 1 2953 
10 2 3 1 0 1 420 149 1 736 
10 2 3 1 0 1 293 446 0 1746 
10 2 3 1 0 1 365 26 1 1015 
10 2 3 1 0 2 516 149 0 1379 2 
10 2 3 1 0 2 50 50 0 1282 3 
10 2 3 1 0 2 283 416 1 1658 2 
10 2 3 1 0 2 149 149 0 1814 3 
10 2 3 1 0 2 216 83 0 2038 1 
10 2 3 1 0 2 549 183 1 1237 3 
10 2 3 1 0 2 316 449 0 1509 2 
10 2 3 1 0 2 183 83 1 817 1 
10 2 3 1 0 2 149 482 0 494 2 
10 2 3 1 0 2 383 149 1 324 3 
10 2 3 1 0 2 449 50 0 517 2 
10 2 3 1 0 2 383 516 1 490 1 
10 2 3 1 0 2 449 216 0 252 3 
10 2 3 1 0 2 249 549 1 512 2 
10 2 3 1 0 2 116 383 0 542 1 
10 2 3 1 0 2 383 449 1 451 3 
10 2 3 1 0 2 183 449 0 512 2 
10 2 3 1 0 2 283 149 1 498 1 
10 2 3 1 0 2 383 50 0 329 3 
10 2 3 1 0 2 349 482 1 414 2 
10 2 3 1 0 2 549 416 0 728 1 
10 2 3 1 0 2 283 482 1 613 1 
10 2 3 1 0 2 482 349 1 394 2 
10 2 3 1 0 2 283 83 1 479 3 
10 2 3 1 0 2 50 416 1 2850 3 
10 2 3 1 0 2 383 416 1 1208 3 
10 2 3 1 0 2 83 183 0 3472 2 
10 2 3 1 0 2 349 216 0 2933 4 
10 2 3 1 0 2 149 283 1 1576 4 
10 2 3 1 0 2 449 316 1 2216 3 
10 2 3 1 0 2 549 83 0 1934 1 
10 2 3 1 0 2 50 516 0 2349 2 
10 2 3 1 0 1 599 550 1 10237 
10 2 3 1 0 1 588 20 1 2970 
10 2 3 1 0 1 87 86 1 1913 
10 2 3 1 0 1 0 175 0 3312 
10 2 3 1 0 1 379 248 1 2497 
10 2 3 1 0 1 336 92 1 2210 
10 2 3 1 0 1 0 98 0 2977 
10 2 3 1 0 1 240 186 1 2232 
10 2 3 1 0 1 199 350 0 2809 
10 2 3 1 0 1 182 32 1 1664 
10 2 3 1 0 1 0 22 0 2473 
10 2 3 1 0 1 0 84 0 946 
10 2 3 1 0 1 599 0 0 3016 
10 2 3 1 0 1 580 434 1 1209 
10 2 3 1 0 1 283 391 0 1456 
10 2 3 1 0 1 448 356 1 1248 
10 2 3 1 0 2 482 416 1 3641 5 
10 2 3 1 0 2 316 183 0 6304 2 
10 2 3 1 0 2 50 349 0 2657 3 
10 2 3 1 0 2 216 283 0 1754 3 
10 2 3 1 0 2 449 416 1 1492 4 
10 2 3 1 0 2 116 549 1 6139 4 
10 2 3 1 0 2 383 283 1 1380 5 
10 2 3 1 0 2 549 349 1 1256 5 
10 2 3 1 0 2 50 216 0 1573 4 
10 2 3 1 0 2 116 50 0 1665 4 
10 2 3 1 0 2 50 183 0 2671 5 
10 2 3 1 0 2 349 316 0 2345 4 
10 2 3 1 0 2 349 183 0 2607 3 
10 2 3 1 0 2 549 482 1 1328 5 
10 2 3 1 0 2 116 449 0 1480 4 
10 2 3 1 0 2 283 549 1 2070 5 
10 2 3 1 0 2 349 549 1 1240 4 
10 2 3 1 0 2 183 482 0 2748 4 
10 2 3 1 0 2 349 249 0 14696 4 
10 2 3 1 0 2 249 482 0 7572 3 
10 2 3 1 0 2 549 149 1 2153 5 
10 2 3 1 0 2 83 50 0 1221 3 
10 2 3 1 0 2 249 449 0 1857 4 
10 2 3 1 0 2 149 216 0 1360 4 
10 2 3 1 0 2 83 283 0 1237 4 
10 2 3 1 0 2 50 383 0 953 5 
10 2 3 1 0 2 482 283 1 1181 4 
10 2 3 1 0 2 516 116 1 1846 4 
10 2 3 1 0 2 50 116 0 1378 4 
10 2 3 1 0 2 349 283 0 3889 3 
10 2 3 1 0 2 482 549 1 1423 5 
10 2 3 1 0 2 316 482 1 2087 4 
10 2 3 1 0 1 97 433 0 14638 
10 2 3 1 0 1 599 0 0 2936 
10 2 3 1 0 1 0 381 0 1138 
10 2 3 1 0 1 0 0 0 1497 
10 2 3 1 0 1 599 196 1 1905 
10 2 3 1 0 1 599 0 0 1169 
10 2 3 1 0 1 599 489 1 18112 
10 2 3 1 0 1 120 229 0 2385 
10 2 3 1 0 1 121 0 1 769 
10 2 3 1 0 1 272 452 0 840 
10 2 3 1 0 1 599 443 1 866 
10 2 3 1 0 1 444 170 1 1266 
10 2 3 1 0 1 503 426 1 873 
10 2 3 1 0 1 395 151 1 849 
10 2 3 1 0 1 250 556 0 865 
10 2 3 1 0 1 58 441 0 665 
10 2 3 1 0 2 349 416 0 3068 3 
10 2 3 1 0 2 416 149 0 2401 3 
10 2 3 1 0 2 50 449 0 1327 3 
10 2 3 1 0 2 383 549 1 2707 5 
10 2 3 1 0 2 516 283 0 3746 3 
10 2 3 1 0 2 249 283 0 1175 4 
10 2 3 1 0 2 283 183 1 1321 5 
10 2 3 1 0 2 83 549 1 1968 5 
10 2 3 1 0 2 516 50 0 2587 4 
10 2 3 1 0 2 216 549 1 1185 5 
10 2 3 1 0 2 316 549 1 1022 4 
10 2 3 1 0 2 449 349 0 1372 3 
10 2 3 1 0 2 283 50 0 1717 5 
10 2 3 1 0 2 183 283 0 1903 4 
10 2 3 1 0 2 316 249 0 981 4 
10 2 3 1 0 2 416 116 0 7633 4 
10 2 3 1 0 2 249 116 0 1331 4 
10 2 3 1 0 2 116 83 0 678 4 
10 2 3 1 0 2 316 516 1 1157 5 
10 2 3 1 0 2 549 216 0 3483 4 
10 2 3 1 0 2 482 183 0 1299 5 
10 2 3 1 0 2 482 316 0 1190 4 
10 2 3 1 0 2 183 216 0 1138 4 
10 2 3 1 0 2 83 516 0 1870 4 
10 2 3 1 0 2 216 383 0 1249 4 
10 2 3 1 0 2 116 149 0 1324 4 
10 2 3 1 0 2 416 416 0 1998 5 
10 2 3 1 0 2 83 416 0 6663 4 
10 2 3 1 0 2 83 482 0 854 4 
10 2 3 1 0 2 83 316 0 1117 4 
10 2 3 1 0 2 482 449 1 1430 4 
10 2 3 1 0 2 482 116 0 2782 3 
