Subject 22 in condition 2
Training Condition: 3
Task: 1
Rule: [[[250, 350], [[4538, 4463], [4463, 4538]]], [[350, 250], [[4538, 4463], [4463, 4538]]]]
Noise: 0
CATA=1
CATB=0
Sample keys: 122 120
Resp keys: 309 307
Dim direction: 1 0
Dim minimum: 24 36
Test order: [2, 1, 5, 7, 3, 4, 6, 0]
22 2 3 1 0 1 599 599 1 2462 
22 2 3 1 0 1 0 599 0 2505 
22 2 3 1 0 1 599 0 0 2184 
22 2 3 1 0 1 0 0 0 2311 
22 2 3 1 0 1 0 545 0 2496 
22 2 3 1 0 1 599 546 1 2519 
22 2 3 1 0 1 149 599 0 2777 
22 2 3 1 0 1 322 0 1 2673 
22 2 3 1 0 1 88 599 0 3425 
22 2 3 1 0 1 577 599 0 3273 
22 2 3 1 0 1 599 459 1 2136 
22 2 3 1 0 1 547 0 1 3225 
22 2 3 1 0 1 523 599 0 2873 
22 2 3 1 0 1 515 599 0 2447 
22 2 3 1 0 1 461 495 0 2769 
22 2 3 1 0 1 599 292 1 2785 
22 2 3 1 0 2 50 149 0 3165 3 
22 2 3 1 0 2 449 449 0 3919 2 
22 2 3 1 0 2 216 349 0 3405 3 
22 2 3 1 0 2 183 349 0 3442 3 
22 2 3 1 0 2 83 349 0 2544 3 
22 2 3 1 0 2 449 83 0 3227 2 
22 2 3 1 0 2 116 316 1 5590 1 
22 2 3 1 0 2 249 183 1 2895 2 
22 2 3 1 0 2 549 383 1 3351 3 
22 2 3 1 0 2 383 83 0 2019 3 
22 2 3 1 0 2 349 516 0 3171 2 
22 2 3 1 0 2 482 149 1 3085 3 
22 2 3 1 0 2 149 83 0 1919 3 
22 2 3 1 0 2 83 449 0 2550 3 
22 2 3 1 0 2 216 449 0 2727 3 
22 2 3 1 0 2 283 383 0 1688 3 
22 2 3 1 0 2 183 383 0 2332 3 
22 2 3 1 0 2 316 283 0 2265 2 
22 2 3 1 0 2 349 383 0 1597 2 
22 2 3 1 0 2 349 83 1 2922 2 
22 2 3 1 0 2 83 149 0 2754 2 
22 2 3 1 0 2 149 116 0 1860 2 
22 2 3 1 0 2 416 349 1 3049 2 
22 2 3 1 0 2 516 383 1 1751 3 
22 2 3 1 0 2 283 216 1 3217 1 
22 2 3 1 0 2 416 482 0 2983 2 
22 2 3 1 0 2 449 116 0 4246 1 
22 2 3 1 0 2 549 316 1 1871 3 
22 2 3 1 0 2 482 50 0 2676 2 
22 2 3 1 0 2 416 249 0 3582 2 
22 2 3 1 0 2 83 83 0 1719 3 
22 2 3 1 0 2 149 249 0 2327 3 
22 2 3 1 0 1 114 449 0 19862 
22 2 3 1 0 1 400 442 0 7264 
22 2 3 1 0 1 598 451 1 5009 
22 2 3 1 0 1 561 443 1 9001 
22 2 3 1 0 1 97 0 1 12506 
22 2 3 1 0 1 250 0 1 3289 
22 2 3 1 0 1 8 0 1 4248 
22 2 3 1 0 1 599 519 1 12937 
22 2 3 1 0 1 76 250 0 3832 
22 2 3 1 0 1 422 254 1 4193 
22 2 3 1 0 1 351 477 0 5016 
22 2 3 1 0 1 205 371 0 2849 
22 2 3 1 0 1 136 240 0 2354 
22 2 3 1 0 1 226 11 1 2331 
22 2 3 1 0 1 599 599 1 3649 
22 2 3 1 0 1 0 597 0 7458 
22 2 3 1 0 2 50 482 0 6159 4 
22 2 3 1 0 2 183 116 1 7468 2 
22 2 3 1 0 2 216 416 0 3819 3 
22 2 3 1 0 2 416 216 1 6091 3 
22 2 3 1 0 2 482 249 1 4125 2 
22 2 3 1 0 2 449 549 1 4304 2 
22 2 3 1 0 2 316 349 0 3703 3 
22 2 3 1 0 2 183 50 0 4067 2 
22 2 3 1 0 2 516 482 1 3234 2 
22 2 3 1 0 2 516 549 1 2482 2 
22 2 3 1 0 2 283 249 0 2571 2 
22 2 3 1 0 2 149 50 1 8893 2 
22 2 3 1 0 2 216 482 0 4236 3 
22 2 3 1 0 2 249 149 1 2336 3 
22 2 3 1 0 2 149 316 0 3301 2 
22 2 3 1 0 2 249 349 0 1676 3 
22 2 3 1 0 2 416 449 1 3010 3 
22 2 3 1 0 2 416 183 1 3002 2 
22 2 3 1 0 2 349 116 0 1928 2 
22 2 3 1 0 2 216 50 1 2710 2 
22 2 3 1 0 2 50 249 1 3741 2 
22 2 3 1 0 2 50 316 0 3236 3 
22 2 3 1 0 2 416 516 0 4599 2 
22 2 3 1 0 2 482 516 1 2444 2 
22 2 3 1 0 2 383 216 1 2679 2 
22 2 3 1 0 2 516 183 1 5065 1 
22 2 3 1 0 2 383 183 0 2352 1 
22 2 3 1 0 2 249 516 1 8430 1 
22 2 3 1 0 2 283 116 1 4214 1 
22 2 3 1 0 2 149 516 0 5709 2 
22 2 3 1 0 2 316 316 0 3132 2 
22 2 3 1 0 2 316 216 1 2833 1 
22 2 3 1 0 1 599 598 1 24166 
22 2 3 1 0 1 0 599 0 21888 
22 2 3 1 0 1 599 0 1 8320 
22 2 3 1 0 1 0 0 0 5264 
22 2 3 1 0 1 182 0 1 10074 
22 2 3 1 0 1 0 599 1 4872 
22 2 3 1 0 1 306 599 0 6529 
22 2 3 1 0 1 599 599 0 3841 
22 2 3 1 0 1 599 0 0 5353 
22 2 3 1 0 1 599 0 1 5824 
22 2 3 1 0 1 599 0 1 4160 
22 2 3 1 0 1 599 595 1 1282 
22 2 3 1 0 1 173 168 1 5280 
22 2 3 1 0 1 44 62 0 3376 
22 2 3 1 0 1 388 300 1 9728 
22 2 3 1 0 1 547 374 1 1648 
22 2 3 1 0 2 449 383 1 1973 2 
22 2 3 1 0 2 482 482 1 1574 2 
22 2 3 1 0 2 183 183 0 1969 2 
22 2 3 1 0 2 183 316 1 1989 2 
22 2 3 1 0 2 183 416 1 2506 1 
22 2 3 1 0 2 416 316 1 1803 3 
22 2 3 1 0 2 549 283 1 3735 2 
22 2 3 1 0 2 216 316 1 1792 2 
22 2 3 1 0 2 50 549 1 3613 2 
22 2 3 1 0 2 249 249 1 3961 2 
22 2 3 1 0 2 383 383 1 2148 2 
22 2 3 1 0 2 316 416 1 1492 2 
22 2 3 1 0 2 449 149 0 2008 2 
22 2 3 1 0 2 116 249 1 3390 2 
22 2 3 1 0 2 416 50 0 1548 2 
22 2 3 1 0 2 249 83 0 1316 2 
22 2 3 1 0 2 449 516 1 1920 2 
22 2 3 1 0 2 449 183 0 2238 2 
22 2 3 1 0 2 316 50 0 1530 2 
22 2 3 1 0 2 183 516 1 1781 2 
22 2 3 1 0 2 116 216 0 2796 2 
22 2 3 1 0 2 416 83 0 1782 3 
22 2 3 1 0 2 482 83 0 1793 2 
22 2 3 1 0 2 316 383 1 1682 2 
22 2 3 1 0 2 216 183 0 2242 3 
22 2 3 1 0 2 183 549 1 1662 3 
22 2 3 1 0 2 549 116 0 2567 3 
22 2 3 1 0 2 349 349 1 1331 3 
22 2 3 1 0 2 116 283 1 1606 3 
22 2 3 1 0 2 83 116 0 1335 3 
22 2 3 1 0 2 283 449 1 1204 3 
22 2 3 1 0 2 116 516 1 1942 3 
22 2 3 1 0 1 0 0 1 9189 
22 2 3 1 0 1 599 599 0 12258 
22 2 3 1 0 1 0 597 1 5745 
22 2 3 1 0 1 599 0 0 5864 
22 2 3 1 0 1 417 0 1 3840 
22 2 3 1 0 1 0 0 0 11474 
22 2 3 1 0 1 272 0 1 2857 
22 2 3 1 0 1 1 599 0 3321 
22 2 3 1 0 1 599 599 1 3203 
22 2 3 1 0 1 151 177 0 2930 
22 2 3 1 0 1 170 89 1 5503 
22 2 3 1 0 1 279 29 1 1353 
22 2 3 1 0 1 0 43 0 2090 
22 2 3 1 0 1 70 56 1 3112 
22 2 3 1 0 1 599 599 0 1583 
22 2 3 1 0 1 0 0 1 3929 
22 2 3 1 0 2 116 416 0 3644 2 
22 2 3 1 0 2 50 283 1 3136 2 
22 2 3 1 0 2 516 349 0 2362 2 
22 2 3 1 0 2 283 349 1 2068 2 
22 2 3 1 0 2 383 349 1 1457 2 
22 2 3 1 0 2 549 449 0 1031 2 
22 2 3 1 0 2 116 482 0 1961 2 
22 2 3 1 0 2 482 383 1 1643 2 
22 2 3 1 0 2 216 149 0 1632 2 
22 2 3 1 0 2 549 516 0 2044 2 
22 2 3 1 0 2 349 449 1 1439 2 
22 2 3 1 0 2 149 349 0 4127 2 
22 2 3 1 0 2 383 116 1 1359 2 
22 2 3 1 0 2 549 50 0 1569 2 
22 2 3 1 0 2 516 249 1 2654 2 
22 2 3 1 0 2 249 50 0 1441 2 
22 2 3 1 0 2 149 383 1 1997 2 
22 2 3 1 0 2 516 449 0 1925 2 
22 2 3 1 0 2 383 316 0 1568 2 
22 2 3 1 0 2 249 416 0 1634 2 
22 2 3 1 0 2 316 149 0 1879 2 
22 2 3 1 0 2 149 549 0 3078 2 
22 2 3 1 0 2 116 116 1 1579 2 
22 2 3 1 0 2 249 216 0 2049 2 
22 2 3 1 0 2 50 83 0 2160 2 
22 2 3 1 0 2 516 216 0 3035 2 
22 2 3 1 0 2 482 216 0 1300 2 
22 2 3 1 0 2 249 316 1 1346 2 
22 2 3 1 0 2 183 249 1 1326 2 
22 2 3 1 0 2 149 183 1 1610 2 
22 2 3 1 0 2 316 116 0 1074 2 
22 2 3 1 0 2 349 149 0 1113 2 
22 2 3 1 0 1 411 513 0 15965 
22 2 3 1 0 1 546 479 1 13577 
22 2 3 1 0 1 518 463 1 3064 
22 2 3 1 0 1 599 381 1 2168 
22 2 3 1 0 1 563 329 1 1266 
22 2 3 1 0 1 366 386 0 2905 
22 2 3 1 0 1 112 3 1 2503 
22 2 3 1 0 1 0 73 0 3527 
22 2 3 1 0 1 192 9 1 2351 
22 2 3 1 0 1 218 332 0 3424 
22 2 3 1 0 1 534 330 1 2559 
22 2 3 1 0 1 306 6 1 1376 
22 2 3 1 0 1 126 1 1 1033 
22 2 3 1 0 1 0 41 0 962 
22 2 3 1 0 1 460 418 1 1009 
22 2 3 1 0 1 314 382 0 1065 
22 2 3 1 0 2 149 283 0 3024 1 
22 2 3 1 0 2 383 516 1 1572 1 
22 2 3 1 0 2 283 416 1 1390 1 
22 2 3 1 0 2 50 416 0 1979 1 
22 2 3 1 0 2 283 482 1 1691 2 
22 2 3 1 0 2 549 416 1 1629 2 
22 2 3 1 0 2 249 549 0 2196 2 
22 2 3 1 0 2 83 183 0 1500 2 
22 2 3 1 0 2 216 83 1 1506 2 
22 2 3 1 0 2 383 449 1 1395 2 
22 2 3 1 0 2 116 383 0 1250 2 
22 2 3 1 0 2 516 149 1 1542 2 
22 2 3 1 0 2 449 50 1 1326 2 
22 2 3 1 0 2 349 216 0 1311 2 
22 2 3 1 0 2 50 516 0 1348 2 
22 2 3 1 0 2 449 216 1 1394 2 
22 2 3 1 0 2 383 50 0 1444 2 
22 2 3 1 0 2 50 50 0 1029 2 
22 2 3 1 0 2 183 83 0 1051 2 
22 2 3 1 0 2 316 449 1 2183 1 
22 2 3 1 0 2 149 482 1 1732 1 
22 2 3 1 0 2 383 416 0 1112 1 
22 2 3 1 0 2 149 149 1 1036 1 
22 2 3 1 0 2 283 83 1 1125 1 
22 2 3 1 0 2 183 449 1 1439 1 
22 2 3 1 0 2 383 149 0 1006 1 
22 2 3 1 0 2 549 83 1 1888 1 
22 2 3 1 0 2 549 183 1 1057 1 
22 2 3 1 0 2 283 149 0 1296 1 
22 2 3 1 0 2 449 316 0 1115 1 
22 2 3 1 0 2 349 482 1 1188 1 
22 2 3 1 0 2 482 349 1 1318 1 
22 2 3 1 0 1 414 599 0 17580 
22 2 3 1 0 1 532 599 0 6008 
22 2 3 1 0 1 557 599 0 2256 
22 2 3 1 0 1 599 599 1 3463 
22 2 3 1 0 1 578 599 0 1447 
22 2 3 1 0 1 374 183 1 5072 
22 2 3 1 0 1 47 0 1 1872 
22 2 3 1 0 1 0 0 0 2200 
22 2 3 1 0 1 282 175 1 7320 
22 2 3 1 0 1 202 186 1 6393 
22 2 3 1 0 1 80 205 0 7401 
22 2 3 1 0 1 229 241 0 1329 
22 2 3 1 0 1 414 599 0 1207 
22 2 3 1 0 1 80 0 1 1736 
22 2 3 1 0 1 228 239 0 2498 
22 2 3 1 0 1 100 92 1 1088 
22 2 3 1 0 2 449 482 0 5939 2 
22 2 3 1 0 2 283 283 0 6338 1 
22 2 3 1 0 2 216 249 1 1972 1 
22 2 3 1 0 2 149 449 0 15654 2 
22 2 3 1 0 2 383 249 0 3406 2 
22 2 3 1 0 2 416 383 0 1338 2 
22 2 3 1 0 2 183 149 1 1300 1 
22 2 3 1 0 2 349 50 1 1141 1 
22 2 3 1 0 2 283 316 0 1488 2 
22 2 3 1 0 2 216 216 0 2049 2 
22 2 3 1 0 2 116 349 0 1804 2 
22 2 3 1 0 2 516 83 1 963 1 
22 2 3 1 0 2 249 383 0 1167 2 
22 2 3 1 0 2 549 249 1 1003 1 
22 2 3 1 0 2 316 83 1 1589 1 
22 2 3 1 0 2 416 283 0 1171 2 
22 2 3 1 0 2 116 183 0 946 2 
22 2 3 1 0 2 383 482 0 1149 2 
22 2 3 1 0 2 449 249 0 1119 2 
22 2 3 1 0 2 216 516 1 1026 1 
22 2 3 1 0 2 416 549 0 1168 2 
22 2 3 1 0 2 83 216 1 879 1 
22 2 3 1 0 2 549 549 1 1484 1 
22 2 3 1 0 2 516 416 1 1006 1 
22 2 3 1 0 2 83 249 1 1008 1 
22 2 3 1 0 2 216 116 0 1135 2 
22 2 3 1 0 2 516 516 1 1021 1 
22 2 3 1 0 2 449 283 0 945 2 
22 2 3 1 0 2 516 316 0 802 2 
22 2 3 1 0 2 83 383 1 1058 1 
22 2 3 1 0 2 283 516 0 998 2 
22 2 3 1 0 2 149 416 1 868 1 
22 2 3 1 0 1 345 186 1 33886 
22 2 3 1 0 1 148 184 0 5879 
22 2 3 1 0 1 278 192 1 5602 
22 2 3 1 0 1 263 188 1 3378 
22 2 3 1 0 1 411 309 1 2561 
22 2 3 1 0 1 434 509 0 1344 
22 2 3 1 0 1 121 102 1 1800 
22 2 3 1 0 1 118 67 1 1385 
22 2 3 1 0 1 68 88 0 1233 
22 2 3 1 0 1 81 143 0 1040 
22 2 3 1 0 1 458 260 1 1144 
22 2 3 1 0 1 195 272 0 1049 
22 2 3 1 0 1 549 266 1 1128 
22 2 3 1 0 1 265 227 1 961 
22 2 3 1 0 1 109 237 0 841 
22 2 3 1 0 1 103 128 0 777 
22 2 3 1 0 2 50 183 1 2463 1 
22 2 3 1 0 2 116 50 1 675 1 
22 2 3 1 0 2 349 249 0 1186 1 
22 2 3 1 0 2 482 549 1 778 1 
22 2 3 1 0 2 183 482 1 1169 1 
22 2 3 1 0 2 216 283 1 779 1 
22 2 3 1 0 2 149 216 1 1131 1 
22 2 3 1 0 2 50 349 1 924 1 
22 2 3 1 0 2 349 549 0 802 2 
22 2 3 1 0 2 549 349 0 1364 2 
22 2 3 1 0 2 316 482 1 738 1 
22 2 3 1 0 2 349 183 1 916 1 
22 2 3 1 0 2 116 449 1 1178 1 
22 2 3 1 0 2 116 549 1 759 1 
22 2 3 1 0 2 482 416 0 867 2 
22 2 3 1 0 2 482 283 0 847 2 
22 2 3 1 0 2 283 549 1 1435 1 
22 2 3 1 0 2 516 116 0 921 2 
22 2 3 1 0 2 50 116 1 891 1 
22 2 3 1 0 2 249 449 0 1672 2 
22 2 3 1 0 2 83 50 1 815 1 
22 2 3 1 0 2 549 149 0 1102 2 
22 2 3 1 0 2 249 482 1 834 1 
22 2 3 1 0 2 50 216 1 761 1 
22 2 3 1 0 2 383 283 0 976 2 
22 2 3 1 0 2 50 383 1 827 1 
22 2 3 1 0 2 83 283 1 854 1 
22 2 3 1 0 2 316 183 0 893 2 
22 2 3 1 0 2 349 316 0 907 2 
22 2 3 1 0 2 449 416 0 1370 2 
22 2 3 1 0 2 549 482 1 1086 1 
22 2 3 1 0 2 349 283 1 753 1 
22 2 3 1 0 1 451 426 1 17326 
22 2 3 1 0 1 174 316 0 4240 
22 2 3 1 0 1 439 0 1 5864 
22 2 3 1 0 1 286 0 1 5417 
22 2 3 1 0 1 300 141 1 1849 
22 2 3 1 0 1 350 1 1 912 
22 2 3 1 0 1 515 379 1 3896 
22 2 3 1 0 1 278 113 1 1130 
22 2 3 1 0 1 218 347 0 2834 
22 2 3 1 0 1 354 407 0 1545 
22 2 3 1 0 1 108 593 0 1599 
22 2 3 1 0 1 431 0 1 1306 
22 2 3 1 0 1 581 0 1 977 
22 2 3 1 0 1 84 457 0 1056 
22 2 3 1 0 1 18 472 0 816 
22 2 3 1 0 1 515 447 1 1057 
22 2 3 1 0 2 83 482 0 1826 3 
22 2 3 1 0 2 249 116 1 3232 2 
22 2 3 1 0 2 416 149 1 1228 2 
22 2 3 1 0 2 482 183 0 959 2 
22 2 3 1 0 2 249 283 1 1406 2 
22 2 3 1 0 2 83 316 0 965 2 
22 2 3 1 0 2 316 516 1 1126 2 
22 2 3 1 0 2 116 149 0 1008 2 
22 2 3 1 0 2 216 383 1 1083 3 
22 2 3 1 0 2 516 50 1 1597 2 
22 2 3 1 0 2 449 349 1 1475 2 
22 2 3 1 0 2 316 249 1 1559 1 
22 2 3 1 0 2 549 216 1 1083 2 
22 2 3 1 0 2 216 549 0 1092 2 
22 2 3 1 0 2 83 416 0 1438 3 
22 2 3 1 0 2 183 283 0 972 3 
22 2 3 1 0 2 416 416 1 924 2 
22 2 3 1 0 2 50 449 0 954 2 
22 2 3 1 0 2 482 449 1 935 2 
22 2 3 1 0 2 383 549 0 1060 3 
22 2 3 1 0 2 116 83 0 1082 3 
22 2 3 1 0 2 482 316 0 1142 2 
22 2 3 1 0 2 349 416 1 1094 2 
22 2 3 1 0 2 283 50 1 1037 2 
22 2 3 1 0 2 183 216 0 1354 2 
22 2 3 1 0 2 516 283 1 1080 2 
22 2 3 1 0 2 83 516 0 865 2 
22 2 3 1 0 2 83 549 0 876 2 
22 2 3 1 0 2 283 183 1 1179 2 
22 2 3 1 0 2 482 116 1 968 2 
22 2 3 1 0 2 416 116 1 901 2 
22 2 3 1 0 2 316 549 1 839 2 
