Subject 31 in condition 3
Training Condition: 3
Task: 1
Rule: [[[250, 250], [[4538, -4463], [-4463, 4538]]], [[350, 350], [[4538, -4463], [-4463, 4538]]]]
Noise: 0
CATA=0
CATB=1
Sample keys: 122 120
Resp keys: 307 309
Dim direction: 0 1
Dim minimum: 66 87
Test order: [7, 0, 3, 2, 5, 4, 6, 1]
31 3 3 1 1 1 205 599 1 9026 
31 3 3 1 1 1 349 269 1 3955 
31 3 3 1 1 1 254 268 0 3098 
31 3 3 1 1 1 157 98 0 2779 
31 3 3 1 1 1 178 209 0 2089 
31 3 3 1 1 1 42 551 0 2465 
31 3 3 1 1 1 275 206 0 2746 
31 3 3 1 1 1 383 599 1 2034 
31 3 3 1 1 1 194 584 1 1937 
31 3 3 1 1 1 91 333 0 3377 
31 3 3 1 1 1 367 0 0 3417 
31 3 3 1 1 1 78 422 0 2106 
31 3 3 1 1 1 71 242 0 2131 
31 3 3 1 1 1 0 187 0 1555 
31 3 3 1 1 1 15 593 1 2771 
31 3 3 1 1 1 55 588 1 3362 
31 3 3 1 1 2 516 216 1 6845 3 
31 3 3 1 1 2 249 50 0 5091 3 
31 3 3 1 1 2 516 449 1 6075 3 
31 3 3 1 1 2 50 283 0 3605 4 
31 3 3 1 1 2 482 216 1 4903 3 
31 3 3 1 1 2 516 249 0 6985 3 
31 3 3 1 1 2 149 349 0 4690 3 
31 3 3 1 1 2 383 116 0 3166 4 
31 3 3 1 1 2 349 449 0 3502 4 
31 3 3 1 1 2 316 149 0 2905 4 
31 3 3 1 1 2 50 83 0 4222 3 
31 3 3 1 1 2 249 216 0 3469 3 
31 3 3 1 1 2 116 482 0 1619 3 
31 3 3 1 1 2 283 349 0 2922 3 
31 3 3 1 1 2 249 316 0 1511 3 
31 3 3 1 1 2 482 383 0 4915 4 
31 3 3 1 1 2 549 516 1 4606 3 
31 3 3 1 1 2 149 549 0 1508 3 
31 3 3 1 1 2 116 416 0 1591 4 
31 3 3 1 1 2 249 416 0 1846 4 
31 3 3 1 1 2 116 116 0 1659 4 
31 3 3 1 1 2 183 249 0 1296 4 
31 3 3 1 1 2 516 349 1 4534 2 
31 3 3 1 1 2 149 183 0 1698 3 
31 3 3 1 1 2 383 316 0 1977 3 
31 3 3 1 1 2 216 149 0 1292 3 
31 3 3 1 1 2 349 149 0 3167 3 
31 3 3 1 1 2 549 50 1 2032 4 
31 3 3 1 1 2 549 449 1 2884 4 
31 3 3 1 1 2 316 116 0 2211 3 
31 3 3 1 1 2 149 383 0 2392 4 
31 3 3 1 1 2 383 349 0 7031 3 
31 3 3 1 1 1 599 536 1 5386 
31 3 3 1 1 1 346 234 0 2266 
31 3 3 1 1 1 429 46 0 2323 
31 3 3 1 1 1 123 419 0 3531 
31 3 3 1 1 1 591 581 1 2306 
31 3 3 1 1 1 175 154 0 1266 
31 3 3 1 1 1 291 434 1 3498 
31 3 3 1 1 1 74 46 0 3234 
31 3 3 1 1 1 414 357 1 1209 
31 3 3 1 1 1 594 475 1 1034 
31 3 3 1 1 1 353 261 1 2098 
31 3 3 1 1 1 110 155 0 2211 
31 3 3 1 1 1 130 226 0 1722 
31 3 3 1 1 1 325 432 1 2530 
31 3 3 1 1 1 156 359 0 1818 
31 3 3 1 1 1 411 275 1 1018 
31 3 3 1 1 2 482 116 0 5032 3 
31 3 3 1 1 2 449 349 0 3000 3 
31 3 3 1 1 2 116 149 0 2106 4 
31 3 3 1 1 2 116 83 0 1871 4 
31 3 3 1 1 2 316 516 0 2602 4 
31 3 3 1 1 2 316 549 1 4581 3 
31 3 3 1 1 2 516 50 1 2760 5 
31 3 3 1 1 2 183 216 0 1722 4 
31 3 3 1 1 2 249 116 0 1755 4 
31 3 3 1 1 2 83 416 0 2846 3 
31 3 3 1 1 2 416 416 1 3608 5 
31 3 3 1 1 2 183 283 0 9386 4 
31 3 3 1 1 2 50 449 0 1825 5 
31 3 3 1 1 2 482 183 1 2037 4 
31 3 3 1 1 2 416 149 1 1879 4 
31 3 3 1 1 2 83 482 0 2477 4 
31 3 3 1 1 2 516 283 1 1901 5 
31 3 3 1 1 2 83 549 0 7361 4 
31 3 3 1 1 2 416 116 0 2672 4 
31 3 3 1 1 2 283 183 0 5545 4 
31 3 3 1 1 2 349 416 1 2810 4 
31 3 3 1 1 2 216 549 0 2751 4 
31 3 3 1 1 2 383 549 1 4077 3 
31 3 3 1 1 2 83 516 0 1412 4 
31 3 3 1 1 2 482 449 1 4517 4 
31 3 3 1 1 2 216 383 0 2488 3 
31 3 3 1 1 2 549 216 1 2477 5 
31 3 3 1 1 2 316 249 0 3903 3 
31 3 3 1 1 2 283 50 0 3786 3 
31 3 3 1 1 2 249 283 0 11548 3 
31 3 3 1 1 2 482 316 1 2488 4 
31 3 3 1 1 2 83 316 0 1813 4 
31 3 3 1 1 1 255 416 1 3885 
31 3 3 1 1 1 200 346 0 2698 
31 3 3 1 1 1 271 362 1 2905 
31 3 3 1 1 1 339 337 1 1970 
31 3 3 1 1 1 444 343 1 1002 
31 3 3 1 1 1 547 296 1 2954 
31 3 3 1 1 1 307 281 0 1866 
31 3 3 1 1 1 154 314 0 2402 
31 3 3 1 1 1 537 519 1 1562 
31 3 3 1 1 1 125 503 1 1651 
31 3 3 1 1 1 348 303 1 5370 
31 3 3 1 1 1 591 315 1 882 
31 3 3 1 1 1 315 77 0 1138 
31 3 3 1 1 1 348 424 1 1466 
31 3 3 1 1 1 470 263 1 1242 
31 3 3 1 1 1 105 80 0 1290 
31 3 3 1 1 2 349 216 0 7054 3 
31 3 3 1 1 2 549 416 1 3933 5 
31 3 3 1 1 2 283 83 0 4734 4 
31 3 3 1 1 2 50 50 0 2013 4 
31 3 3 1 1 2 316 449 1 2719 4 
31 3 3 1 1 2 283 482 1 1310 4 
31 3 3 1 1 2 383 50 0 1861 3 
31 3 3 1 1 2 50 516 1 3655 3 
31 3 3 1 1 2 383 449 1 3872 4 
31 3 3 1 1 2 249 549 1 3945 4 
31 3 3 1 1 2 549 183 0 4412 3 
31 3 3 1 1 2 283 149 0 2174 3 
31 3 3 1 1 2 383 416 1 3922 4 
31 3 3 1 1 2 116 383 1 1667 4 
31 3 3 1 1 2 183 83 0 2088 4 
31 3 3 1 1 2 549 83 0 3052 4 
31 3 3 1 1 2 482 349 1 3462 4 
31 3 3 1 1 2 149 149 0 1882 3 
31 3 3 1 1 2 516 149 0 6715 3 
31 3 3 1 1 2 183 449 1 2396 4 
31 3 3 1 1 2 383 149 0 2590 3 
31 3 3 1 1 2 149 283 1 9389 3 
31 3 3 1 1 2 449 50 0 1680 3 
31 3 3 1 1 2 349 482 1 3714 4 
31 3 3 1 1 2 83 183 0 1746 3 
31 3 3 1 1 2 149 482 1 2865 3 
31 3 3 1 1 2 283 416 1 1250 4 
31 3 3 1 1 2 50 416 1 1077 4 
31 3 3 1 1 2 216 83 0 2039 4 
31 3 3 1 1 2 383 516 1 2949 4 
31 3 3 1 1 2 449 316 1 2839 4 
31 3 3 1 1 2 449 216 0 2760 3 
31 3 3 1 1 1 422 356 1 7515 
31 3 3 1 1 1 122 539 1 1610 
31 3 3 1 1 1 294 52 0 2514 
31 3 3 1 1 1 52 154 0 1347 
31 3 3 1 1 1 240 105 0 1274 
31 3 3 1 1 1 339 182 0 1034 
31 3 3 1 1 1 405 98 0 1177 
31 3 3 1 1 1 1 81 0 1122 
31 3 3 1 1 1 526 407 1 1177 
31 3 3 1 1 1 327 599 1 2681 
31 3 3 1 1 1 504 315 1 978 
31 3 3 1 1 1 261 245 0 3073 
31 3 3 1 1 1 546 228 1 4618 
31 3 3 1 1 1 399 286 1 3361 
31 3 3 1 1 1 295 249 0 4716 
31 3 3 1 1 1 357 241 0 2746 
31 3 3 1 1 2 383 83 0 2231 4 
31 3 3 1 1 2 349 383 1 2348 5 
31 3 3 1 1 2 549 316 1 1937 5 
31 3 3 1 1 2 482 50 0 2151 5 
31 3 3 1 1 2 50 149 0 1752 5 
31 3 3 1 1 2 116 316 1 2276 5 
31 3 3 1 1 2 149 249 0 5731 4 
31 3 3 1 1 2 349 516 1 2277 5 
31 3 3 1 1 2 216 449 1 1428 5 
31 3 3 1 1 2 149 116 0 5148 4 
31 3 3 1 1 2 416 482 1 2804 5 
31 3 3 1 1 2 516 383 1 1354 5 
31 3 3 1 1 2 249 183 0 1610 4 
31 3 3 1 1 2 83 449 1 1298 5 
31 3 3 1 1 2 149 83 0 1140 4 
31 3 3 1 1 2 83 149 0 1244 5 
31 3 3 1 1 2 316 283 1 1749 5 
31 3 3 1 1 2 349 83 0 1918 5 
31 3 3 1 1 2 183 383 1 1069 5 
31 3 3 1 1 2 83 83 0 3295 5 
31 3 3 1 1 2 449 449 1 1431 5 
31 3 3 1 1 2 183 349 1 967 5 
31 3 3 1 1 2 449 116 0 5045 5 
31 3 3 1 1 2 83 349 1 2752 5 
31 3 3 1 1 2 449 83 0 2202 5 
31 3 3 1 1 2 216 349 1 8655 4 
31 3 3 1 1 2 283 383 1 1843 3 
31 3 3 1 1 2 416 349 0 10889 3 
31 3 3 1 1 2 416 249 0 3902 3 
31 3 3 1 1 2 482 149 1 3337 4 
31 3 3 1 1 2 283 216 0 2317 3 
31 3 3 1 1 2 549 383 1 1875 4 
31 3 3 1 1 1 501 40 0 14333 
31 3 3 1 1 1 86 0 0 1378 
31 3 3 1 1 1 470 60 0 1482 
31 3 3 1 1 1 414 599 1 1266 
31 3 3 1 1 1 585 0 0 1569 
31 3 3 1 1 1 218 0 0 1010 
31 3 3 1 1 1 463 239 1 850 
31 3 3 1 1 1 457 269 1 834 
31 3 3 1 1 1 502 158 1 753 
31 3 3 1 1 1 558 217 1 882 
31 3 3 1 1 1 343 3 0 1088 
31 3 3 1 1 1 364 116 0 953 
31 3 3 1 1 1 347 174 0 1682 
31 3 3 1 1 1 520 203 1 1017 
31 3 3 1 1 1 144 203 0 1328 
31 3 3 1 1 1 25 210 0 1298 
31 3 3 1 1 2 116 283 0 13098 3 
31 3 3 1 1 2 249 83 0 6774 3 
31 3 3 1 1 2 482 83 1 2382 4 
31 3 3 1 1 2 116 516 0 2562 4 
31 3 3 1 1 2 449 516 1 2585 4 
31 3 3 1 1 2 449 383 1 1396 4 
31 3 3 1 1 2 116 216 0 3350 3 
31 3 3 1 1 2 116 249 0 1572 3 
31 3 3 1 1 2 449 183 1 2304 3 
31 3 3 1 1 2 449 149 1 1084 4 
31 3 3 1 1 2 416 316 0 4982 3 
31 3 3 1 1 2 183 516 0 1941 3 
31 3 3 1 1 2 416 83 0 3132 3 
31 3 3 1 1 2 549 283 1 3763 4 
31 3 3 1 1 2 50 549 0 1316 4 
31 3 3 1 1 2 216 183 0 1346 4 
31 3 3 1 1 2 216 316 0 991 4 
31 3 3 1 1 2 416 50 1 3139 3 
31 3 3 1 1 2 283 449 0 1984 3 
31 3 3 1 1 2 183 549 0 1200 4 
31 3 3 1 1 2 183 416 0 2060 4 
31 3 3 1 1 2 249 249 0 1401 4 
31 3 3 1 1 2 316 50 0 2661 3 
31 3 3 1 1 2 383 383 0 2401 3 
31 3 3 1 1 2 183 183 0 1224 3 
31 3 3 1 1 2 183 316 0 1275 3 
31 3 3 1 1 2 482 482 1 3496 4 
31 3 3 1 1 2 349 349 0 1910 3 
31 3 3 1 1 2 549 116 1 1615 5 
31 3 3 1 1 2 83 116 0 2229 4 
31 3 3 1 1 2 316 383 0 2869 4 
31 3 3 1 1 2 316 416 0 1268 4 
31 3 3 1 1 1 383 599 1 2681 
31 3 3 1 1 1 70 252 0 1706 
31 3 3 1 1 1 91 458 0 1122 
31 3 3 1 1 1 459 488 1 994 
31 3 3 1 1 1 152 388 0 1322 
31 3 3 1 1 1 116 473 0 881 
31 3 3 1 1 1 311 464 1 1970 
31 3 3 1 1 1 594 202 1 2243 
31 3 3 1 1 1 443 205 1 970 
31 3 3 1 1 1 580 133 1 3113 
31 3 3 1 1 1 500 86 0 2826 
31 3 3 1 1 1 151 108 0 697 
31 3 3 1 1 1 98 156 0 803 
31 3 3 1 1 1 463 118 0 2610 
31 3 3 1 1 1 386 599 1 1243 
31 3 3 1 1 1 90 599 1 1922 
31 3 3 1 1 2 83 249 0 3052 4 
31 3 3 1 1 2 449 249 1 4084 4 
31 3 3 1 1 2 516 316 1 2168 4 
31 3 3 1 1 2 249 383 0 6376 3 
31 3 3 1 1 2 549 549 1 4545 4 
31 3 3 1 1 2 349 50 0 7847 3 
31 3 3 1 1 2 149 416 0 2021 3 
31 3 3 1 1 2 283 516 0 4684 3 
31 3 3 1 1 2 449 482 0 13068 3 
31 3 3 1 1 2 216 249 0 6665 3 
31 3 3 1 1 2 116 349 0 1208 3 
31 3 3 1 1 2 116 183 0 855 4 
31 3 3 1 1 2 283 316 1 10929 3 
31 3 3 1 1 2 416 283 1 2036 3 
31 3 3 1 1 2 283 283 1 2152 3 
31 3 3 1 1 2 149 449 0 2982 3 
31 3 3 1 1 2 83 383 0 9252 3 
31 3 3 1 1 2 383 249 0 5341 3 
31 3 3 1 1 2 516 416 1 2037 4 
31 3 3 1 1 2 216 516 1 2479 3 
31 3 3 1 1 2 516 516 1 1369 3 
31 3 3 1 1 2 416 383 1 2491 3 
31 3 3 1 1 2 416 549 1 2011 4 
31 3 3 1 1 2 449 283 0 4503 3 
31 3 3 1 1 2 83 216 0 1740 4 
31 3 3 1 1 2 516 83 1 4740 3 
31 3 3 1 1 2 316 83 1 3377 3 
31 3 3 1 1 2 549 249 0 3109 3 
31 3 3 1 1 2 216 116 0 3153 3 
31 3 3 1 1 2 183 149 0 1508 3 
31 3 3 1 1 2 216 216 0 1638 3 
31 3 3 1 1 2 383 482 1 3169 3 
31 3 3 1 1 1 223 130 0 3922 
31 3 3 1 1 1 297 425 1 1650 
31 3 3 1 1 1 145 257 0 1978 
31 3 3 1 1 1 500 371 1 1298 
31 3 3 1 1 1 0 80 0 1410 
31 3 3 1 1 1 599 476 1 1170 
31 3 3 1 1 1 3 133 0 946 
31 3 3 1 1 1 292 580 1 1290 
31 3 3 1 1 1 240 203 0 1138 
31 3 3 1 1 1 233 246 0 1002 
31 3 3 1 1 1 0 120 0 1514 
31 3 3 1 1 1 599 25 1 1994 
31 3 3 1 1 1 550 283 1 1434 
31 3 3 1 1 1 269 541 1 5195 
31 3 3 1 1 1 131 509 1 1451 
31 3 3 1 1 1 1 222 0 954 
31 3 3 1 1 2 83 50 0 5726 4 
31 3 3 1 1 2 482 416 1 3709 4 
31 3 3 1 1 2 349 316 1 1869 4 
31 3 3 1 1 2 249 449 1 1472 4 
31 3 3 1 1 2 116 50 0 6001 4 
31 3 3 1 1 2 83 283 0 4594 4 
31 3 3 1 1 2 549 349 1 2646 4 
31 3 3 1 1 2 482 549 1 2215 4 
31 3 3 1 1 2 116 549 1 1427 4 
31 3 3 1 1 2 349 183 0 2585 4 
31 3 3 1 1 2 349 283 0 2196 4 
31 3 3 1 1 2 249 482 1 2006 4 
31 3 3 1 1 2 316 183 0 2359 4 
31 3 3 1 1 2 149 216 0 1032 4 
31 3 3 1 1 2 316 482 1 2988 4 
31 3 3 1 1 2 349 549 1 4531 4 
31 3 3 1 1 2 449 416 1 4022 4 
31 3 3 1 1 2 283 549 1 3229 4 
31 3 3 1 1 2 50 216 0 2161 4 
31 3 3 1 1 2 383 283 1 3895 4 
31 3 3 1 1 2 482 283 1 1561 4 
31 3 3 1 1 2 50 383 1 950 4 
31 3 3 1 1 2 216 283 0 6595 3 
31 3 3 1 1 2 50 116 0 12780 4 
31 3 3 1 1 2 349 249 0 1653 4 
31 3 3 1 1 2 549 482 1 1393 4 
31 3 3 1 1 2 549 149 0 1297 4 
31 3 3 1 1 2 116 449 1 7847 4 
31 3 3 1 1 2 183 482 1 1006 4 
31 3 3 1 1 2 516 116 1 2693 4 
31 3 3 1 1 2 50 349 1 1616 4 
31 3 3 1 1 2 50 183 0 2256 4 
31 3 3 1 1 1 137 599 1 3315 
31 3 3 1 1 1 399 465 1 2186 
31 3 3 1 1 1 322 323 1 5978 
31 3 3 1 1 1 413 86 0 1050 
31 3 3 1 1 1 112 439 0 1306 
31 3 3 1 1 1 237 585 1 1450 
31 3 3 1 1 1 224 536 1 922 
31 3 3 1 1 1 483 442 1 939 
31 3 3 1 1 1 506 305 1 882 
31 3 3 1 1 1 300 33 0 1433 
31 3 3 1 1 1 599 223 1 1505 
31 3 3 1 1 1 261 352 1 3249 
31 3 3 1 1 1 148 223 0 1058 
31 3 3 1 1 1 531 11 0 1242 
31 3 3 1 1 1 0 407 0 2225 
31 3 3 1 1 1 284 352 1 1018 
31 3 3 1 1 2 283 116 0 2133 4 
31 3 3 1 1 2 183 50 0 1403 4 
31 3 3 1 1 2 216 50 0 1061 4 
31 3 3 1 1 2 50 249 0 3581 4 
31 3 3 1 1 2 316 349 1 2885 4 
31 3 3 1 1 2 516 549 1 1349 4 
31 3 3 1 1 2 449 549 1 967 4 
31 3 3 1 1 2 249 516 1 1028 4 
31 3 3 1 1 2 149 316 1 1448 4 
31 3 3 1 1 2 283 249 1 5258 4 
31 3 3 1 1 2 149 516 1 1230 4 
31 3 3 1 1 2 416 516 1 988 4 
31 3 3 1 1 2 149 50 0 1218 4 
31 3 3 1 1 2 216 416 1 1350 4 
31 3 3 1 1 2 50 316 1 1311 4 
31 3 3 1 1 2 50 482 1 1335 4 
31 3 3 1 1 2 383 216 1 2806 4 
31 3 3 1 1 2 383 183 0 2077 4 
31 3 3 1 1 2 349 116 0 1036 4 
31 3 3 1 1 2 516 482 1 1151 4 
31 3 3 1 1 2 482 249 1 1843 4 
31 3 3 1 1 2 516 183 0 1171 4 
31 3 3 1 1 2 482 516 1 1433 4 
31 3 3 1 1 2 416 449 1 1129 4 
31 3 3 1 1 2 316 216 0 2491 4 
31 3 3 1 1 2 216 482 1 1098 4 
31 3 3 1 1 2 183 116 0 2188 4 
31 3 3 1 1 2 416 183 0 1253 4 
31 3 3 1 1 2 316 316 1 1011 4 
31 3 3 1 1 2 249 349 1 802 4 
31 3 3 1 1 2 249 149 0 1149 4 
31 3 3 1 1 2 416 216 0 2119 4 
